   0.0000000000000000e+00	   1.1300203594138996e+00	   1.0563144929453345e+00	   6.9920546857041666e-01	   8.5539320829309662e-01	   6.8964699243141292e-01	   9.0914564727055769e-01	   7.4015836964776438e-01	   1.0396962682106674e+00	   8.2798722071242636e-01	   1.0901753338550062e+00	   9.9216499981797668e-01	   1.0172136823206215e+00	   8.0150273741024236e-01	   9.4273108868630306e-01	   8.4285164689035696e-01	   4.2207221165954129e-01	   4.6769335767180387e-01	   1.2355272963969879e+00	   9.3290512834135408e-01	   8.6631350211624700e-02	   3.4970464561796044e-01	   6.5111703259742559e-01	   6.6898403291427355e-01	   3.8213241510629348e-01	   3.3248657521074099e-01	   5.4218259970314908e-01	   4.9342025102879128e-01	   2.0407462045039626e-01	   3.5623014950064136e-01	   2.3943180312336387e-01	   2.3066713545342016e-01	   6.6165161462134092e-01	   5.7204521865760571e-01	   3.7874879458580102e-01	   4.5636348446238550e-01	  -1.3145357224718104e-01	  -1.9642283830266627e-01	   1.6501011140565247e-01	   8.0892210550595395e-02	  -3.0007374487385089e-03	   1.4024451590667422e-02	   4.4605155085809323e-01	   1.1606963294483463e-01	   1.0352651398158087e-01	   2.1497914096123544e-01	   5.7186422480685539e-01	   3.0709627896847569e-01	   9.7870088470558902e-01	   6.5104355265710512e-01	   9.3060913572168946e-01	   7.1554902574467372e-01	   1.0678174683609865e+00	   1.0226053313450385e+00	   9.4004172238161210e-01	   8.4302020376557940e-01	   1.3026331384015970e+00	   9.6572413222428932e-01	   1.1487092262542504e+00	   1.1820239207040795e+00	   1.1056728669369214e+00	   7.7682856564028968e-01	   6.0199692650685011e-01	   5.0722959255099642e-01	   4.8929639930821422e-01	   4.1693053706630145e-01	   8.4140785148502928e-01	   4.1045446279898595e-01	   1.0757544893202449e+00	   6.2482947156850921e-01	   2.1237813694470450e-01	   3.7745019760813209e-01	   8.8130774388440491e-01	   7.7312880386066407e-01	   7.0008959563895912e-01	   8.2594637959323580e-01	   7.0196827722728139e-01	   5.7986544042571142e-01	   2.6595473368083827e-01	   7.0276091680724317e-01	   6.2265270817320328e-01	   7.6785248667610706e-01	   5.1534621659856406e-01	   4.1512163313455508e-01	   1.0093771581198545e+00	   6.3500221908414334e-01	   1.7050207396512956e-01	   3.1898354032770038e-01	   1.1197854765234661e+00	   1.1258309958839545e+00	   6.3958097907581579e-01	   6.6314649832816075e-01	   5.3786877720194970e-01	   5.9900321099809295e-01	  -3.0524609424991800e-01	  -1.5494132970647145e-01	   3.8821556509880603e-02	   3.5339233776042245e-01	   7.5769826931466888e-01	   7.9384423099217749e-01	   5.4077101573570907e-01	   8.8019990794633141e-01	   4.0482006149772148e-01	   6.4549968922255829e-01	  -1.4067051526146052e-01	   1.5946356266025236e-01	   1.3246511133430328e-01	   1.7326605938701198e-01	  -4.2033753265821711e-01	  -3.2606377571075695e-01	   3.3360278126393389e-01	   4.6196133286275465e-01	   6.5476460607289377e-01	   4.1483078635410237e-01	   5.5643389490658050e-02	  -2.8633516895558903e-01	
   1.1300203594138996e+00	   0.0000000000000000e+00	   6.3918864486858484e-01	   5.1835776009345869e-01	   5.4147677802302141e-01	   5.4038377656017844e-01	   5.3128727188219749e-01	   5.5026873395343012e-01	   6.7365685434146616e-01	   5.9621516391015528e-01	   9.2742583545308388e-01	   8.7164642569390949e-01	   9.1759868861586535e-01	   7.8663390550409307e-01	   8.2427368276386526e-01	   8.9170818222351667e-01	   5.3215343837905948e-01	   7.3087952841411752e-01	   1.0986586813590000e+00	   1.1163803961079690e+00	   2.7610817525210068e-01	   5.1134526856524898e-01	   4.9576208777979131e-01	   6.0400256919305706e-01	   3.1559762638903777e-01	   3.4371482669494746e-01	   4.6035079645756227e-01	   4.8973027975047978e-01	   4.0795163801472323e-01	   6.2138814029131273e-01	   2.3091574445355084e-01	   2.5600148675927276e-01	   6.1979803636701225e-01	   5.4573912315190776e-01	   9.3483546122060418e-02	   6.1243440282375126e-02	  -9.9778291566780572e-02	  -2.4271876619334154e-01	   1.5059946693177453e-01	   2.7548763600294589e-02	  -1.5115112801763866e-01	  -1.2377186744817917e-01	   4.7029880977618271e-01	   2.3244198389986290e-01	   7.2683987454105370e-02	   1.7730852632547767e-01	   5.3921524653956054e-01	   3.1946429981550334e-01	   7.0000790371774835e-01	   4.1622550923961343e-01	   5.5670153900366559e-01	   4.2659039241235619e-01	   6.7895551526013198e-01	   6.0168320017596522e-01	   7.8486797698202182e-01	   6.8954420114150805e-01	   1.1387653034944061e+00	   1.0857866363447308e+00	   6.2881346973297836e-01	   6.5929655942206977e-01	   5.8765850993018898e-01	   4.2223664461231181e-01	   5.3943704145882032e-01	   5.4372789766552310e-01	   1.2275530920966143e-01	   8.4170278714018526e-02	   4.0574149180380603e-01	   1.2869015169719131e-01	   7.9922426872987939e-01	   4.2909777620922229e-01	   5.1012238784624589e-02	   3.3022961724237615e-01	   8.0550550729095616e-01	   8.0851983439002262e-01	   6.2839224337917066e-01	   6.5463505790362275e-01	   4.9203021798846036e-01	   3.9021188513477839e-01	   3.6987181089502419e-01	   8.9397133646357563e-01	   7.1650131064068479e-01	   7.9998556749081973e-01	   4.5795257809838952e-01	   5.1327308837839269e-01	   7.4942206468113837e-01	   4.0795979507935543e-01	   1.0914802362146291e-01	   3.3398123580209443e-01	   7.0442300460005380e-01	   6.6174297854427688e-01	   3.1395551062338056e-01	   3.6152159265547351e-01	   3.3113500904005388e-01	   3.8224286154295978e-01	  -1.3778212225785819e-01	  -1.7097231431155041e-01	   5.5215587123810736e-02	   3.1688631383982580e-01	   7.1311806899560337e-01	   6.8233933316336426e-01	   4.0679878997167740e-01	   5.4297516920624589e-01	   3.3750584485572344e-01	   5.5544232019266093e-01	  -1.1520434633922425e-01	   2.6055787334185634e-02	   8.4677917958166052e-02	   6.5159592687689519e-02	  -2.2082567381013643e-01	  -2.3791179626433021e-01	   1.6818579125331529e-01	   5.0251747662181678e-01	   7.8589365079957951e-01	   4.4608244253083706e-01	   2.1510411226257320e-01	  -7.8239683097305127e-02	
   1.0563144929453345e+00	   6.3918864486858484e-01	   0.0000000000000000e+00	   7.8920697683591601e-01	   8.3043894446361000e-01	   5.1181774985365780e-01	   1.2387553810689165e+00	   7.0177543951805466e-01	   9.4635394529334826e-01	   6.0185672564719217e-01	   6.1398772110161448e-01	   4.4072467790200431e-01	   7.6884955345499195e-01	   4.9357225635598478e-01	   9.1249125736377912e-01	   6.7563643903858139e-01	   3.4433910841014143e-01	   3.1636921133422524e-01	   1.0277928054124512e+00	   8.4714671873833125e-01	   1.7859973958605080e-01	   3.1788592393314047e-01	   1.0305975619648429e+00	   8.0128855286419065e-01	   6.0178037954880825e-01	   4.3882541964061572e-01	   5.3843450707865903e-01	   4.6861227649492287e-01	   1.2622276775899108e-01	   1.2264762293852273e-01	   2.1910304433931443e-01	   1.4384451131271123e-01	   6.7711090544476660e-01	   5.2172246954205526e-01	   6.6939393890580201e-01	   6.2810635916356938e-01	  -2.2102368193330033e-01	  -2.9738485907938261e-01	   2.4378435878541449e-01	   1.0630736565179097e-01	  -9.2201305065738648e-02	  -6.3503663959873832e-03	   5.7658720489403326e-01	   2.3258584473841037e-01	   3.1069947033530687e-01	   3.4614759508243020e-01	   5.9614156297018306e-01	   3.6806196540216918e-01	   7.1860076809843465e-01	   7.0286042222942313e-01	   7.5620243613025051e-01	   6.0274820123739303e-01	   6.7139632248602465e-01	   7.6856259151375772e-01	   6.8573443005800305e-01	   6.6796738019191870e-01	   6.7300724293509939e-01	   5.9733240495223583e-01	   7.2709557006646264e-01	   7.7182131126610809e-01	   7.5265133493055525e-01	   3.6992866935217728e-01	   4.4365521873654323e-01	   3.0842122888449303e-01	   6.6456320379988099e-01	   5.2592379477398532e-01	   1.0726609078715341e+00	   6.6750717151399863e-01	   8.7808022120886686e-01	   7.6120858323662588e-01	   1.7845667819748209e-01	   1.9572976503239906e-01	   5.9629112582711297e-01	   5.1452448273157469e-01	   4.5742383899191352e-01	   4.5192521875743752e-01	   3.1536260068832561e-01	   2.7371976297209544e-01	   2.4917004577077090e-01	   4.9769126124056406e-01	   4.7465104017870607e-01	   5.2416116764676901e-01	   4.7799124490891332e-01	   2.7385209309514191e-01	   9.9066820967131553e-01	   6.5215603381631804e-01	   3.5284354968464809e-01	   2.8757646125226183e-01	   9.6019041599877419e-01	   9.4759076318730306e-01	   7.3333408303138692e-01	   8.8847472223654878e-01	   5.9349341933963984e-01	   9.9297605115101151e-01	  -1.1571025991015405e-01	  -2.7785139673349446e-01	   1.1859682466853291e-01	   2.6328376660699943e-01	   5.8444971209659968e-01	   6.4926071621969306e-01	   4.1528924051059446e-01	   8.4428554455329385e-01	   4.0301715372134345e-01	   5.7530375481703688e-01	  -1.7223967666808056e-02	   2.8415261749101239e-01	   1.2267580058000735e-01	   3.0261029725167748e-01	  -1.7573266896855533e-01	  -1.5368177572253197e-01	   3.9793218757623083e-01	   4.5481056243088436e-01	   5.0805673537029228e-01	   3.7356251402624718e-01	   1.4429910457146045e-01	  -3.2532607392070367e-01	
   6.9920546857041666e-01	   5.1835776009345869e-01	   7.8920697683591601e-01	   0.0000000000000000e+00	   6.5338594957067364e-01	   8.6388318477533332e-01	   1.0295876831445938e+00	   1.5965579611636873e+00	   7.8445304832529050e-01	   9.3187402561547039e-01	   4.9276094090945993e-01	   6.7074255961111073e-01	   4.6132080927155467e-01	   6.4612608903937507e-01	   5.7386336525846682e-01	   6.4034970858486762e-01	   5.9744979378135765e-01	   5.9810398981555479e-01	   7.7487032832640468e-01	   8.6548449905834068e-01	   3.6026870456173143e-01	   5.4322779030401902e-01	   5.5820494029584300e-01	   1.0615364297560979e+00	   2.9908817213283045e-01	   5.0866055153980883e-01	   5.1555320329961019e-01	   5.5805264091254059e-01	   4.1902585814174148e-01	   5.6068783305633740e-01	   6.2957075193950662e-01	   6.5365066449696552e-01	   9.8324884298722393e-01	   9.2732695974077017e-01	   1.5472631164733536e-01	   4.3102581701977755e-01	  -3.1041047540015670e-02	  -1.1309584056914887e-01	   2.9278219893300922e-01	   2.5024725355962935e-01	   1.6575710326675117e-01	   1.6481037560647487e-02	   7.8778828195471318e-01	   5.0287298503516409e-01	   4.1861811882593719e-01	   5.8833516183601453e-01	   8.7905223063754934e-01	   6.2590331515787645e-01	   5.2014449809786578e-01	   6.5645412782138368e-01	   5.5529564401148046e-01	   5.0617015034746049e-01	   3.5990704086531794e-01	   4.4294137915906084e-01	   5.7134115945578745e-01	   5.9270812872706569e-01	   6.5865502778479745e-01	   5.2544888191821526e-01	   4.0153783553728817e-01	   5.7635466324418072e-01	   6.0054467477172624e-01	   6.1651441969588339e-01	   6.7392835137305585e-01	   7.0051846726243494e-01	   3.5383342750027230e-01	   4.8262331859882501e-01	   9.2658105222053755e-01	   8.2779980639854389e-01	   5.4712419550757219e-01	   4.2927272311243309e-01	   4.5052713377079268e-01	   5.3578950020412319e-01	   6.8123201631379482e-01	   8.1383215820843047e-01	   4.7990743291606175e-01	   6.7266389656542858e-01	   5.0376786733357271e-01	   5.8276746985977168e-01	   5.7612476527943168e-01	   7.9587099137028039e-01	   7.9742871201901522e-01	   8.3795143876318146e-01	   4.9956118396932853e-01	   6.1585448644164220e-01	   5.8602970929237885e-01	   7.9192082531977470e-01	   1.5392696753928575e-01	   2.4584253751770940e-01	   5.5716463821743323e-01	   6.7966877800016079e-01	   6.6578869219492076e-01	   6.4846754943135898e-01	   1.0369045104228081e+00	   6.7945620505701276e-01	  -1.5114713007309749e-01	  -1.7187481405991190e-01	   2.9412549931701781e-01	   2.9891444690143848e-01	   9.4090765578581559e-01	   7.6312377348498894e-01	   6.4624287724014118e-01	   7.4161493947680768e-01	   5.7112282753779797e-01	   6.4604468444356700e-01	   2.7355874606953912e-01	   3.9281882227566906e-01	   1.5135744338938098e-01	   2.9982703541745470e-01	  -3.3272323684103755e-01	  -2.0795999255275829e-01	   2.8895362284344900e-01	   7.8959881336871818e-01	   6.6166714982680930e-01	   2.5427480679360204e-01	   4.7621341572408528e-02	  -2.2123795363009069e-01	
   8.5539320829309662e-01	   5.4147677802302141e-01	   8.3043894446361000e-01	   6.5338594957067364e-01	   0.0000000000000000e+00	   1.0826142539032320e+00	   9.8898031372264616e-01	   7.3745731804441428e-01	   1.3818423273404308e+00	   1.1922960627959240e+00	   5.5123088686472299e-01	   5.3397327584332410e-01	   5.2774756542234691e-01	   5.2995245509031119e-01	   8.1528885849947508e-01	   6.8793492784909782e-01	   4.2026428838520513e-01	   2.7804076460539651e-01	   8.7501304718242112e-01	   6.6850400415592082e-01	   2.1475055557331810e-01	   3.7059490055958622e-01	   7.2699652865939723e-01	   6.4293073544124335e-01	   3.7569505038666701e-01	   4.1200217311639054e-01	   8.2486802311391338e-01	   7.3485470892000870e-01	   1.1080023604995670e-01	   1.9378887073195561e-01	   1.5675043306143227e-01	   1.0097377734497487e-01	   3.9652282424641910e-01	   3.1448455504697503e-01	   2.1340247397923623e-01	   4.1928989461384497e-01	  -1.2232064715760288e-01	  -1.6346105586263671e-01	   1.3064362232411089e-01	   1.0238786832957954e-01	  -1.3850585705681612e-01	  -2.3726879694233852e-01	   5.7428041047909739e-01	   3.1900257757482747e-01	   4.2830631044491113e-01	   5.0337521228345750e-01	   6.2211696278989426e-01	   4.6160894614153258e-01	   7.2116026708558101e-01	   7.5066828957713638e-01	   6.2008458843835834e-01	   5.3250015838473708e-01	   6.0755081100315766e-01	   6.5105064508671273e-01	   7.1171211274788460e-01	   7.7023641317127622e-01	   5.6913624304082122e-01	   4.5745996847751136e-01	   5.5710251946619127e-01	   6.1760882168738129e-01	   5.8083631411814685e-01	   4.5135591042679390e-01	   5.3332334073516652e-01	   4.3447867458105416e-01	   2.0663200425336661e-01	   1.7908626212171921e-01	   7.6654273068472356e-01	   5.6513124088831435e-01	   5.9356389051712732e-01	   4.9477461099112291e-01	   2.5737085391133319e-01	   2.8124930913758800e-01	   4.8196735231467702e-01	   4.5896631978342517e-01	   3.3484290970325814e-01	   4.8711921493714588e-01	   4.7210726198781511e-01	   3.4862943451855755e-01	   3.1905019166265924e-01	   4.6308533759347614e-01	   4.2500032536774129e-01	   4.7052667142372090e-01	   2.3349168210183885e-01	   2.4383700994138641e-01	   5.6013316671286417e-01	   4.6504105516875205e-01	   2.3925693875831139e-01	   1.8933543580126849e-01	   8.3094480150682370e-01	   9.3025537306396910e-01	   7.5342379778457347e-01	   9.0504298381005122e-01	   7.2688447168752424e-01	   1.0092189747869142e+00	  -2.4973193844921049e-01	  -4.0901164647983795e-01	  -1.1099003426052194e-01	   2.4853278067422008e-02	   7.4821430280906998e-01	   9.1515007564011686e-01	   4.2608460633461698e-01	   8.6362309975627327e-01	   4.0228017954041106e-01	   5.3039456217543945e-01	  -4.5303167063621683e-02	   1.7524273091749154e-01	   7.3136541897763446e-02	   3.5172997433832065e-01	  -2.2326462448802248e-01	  -2.4637703438682365e-01	   1.7500108342225859e-01	   5.9170189462365019e-01	   7.2478939783040663e-01	   5.1384092176167839e-01	   1.6820149734918166e-01	  -3.0603861541761662e-01	
   6.8964699243141292e-01	   5.4038377656017844e-01	   5.1181774985365780e-01	   8.6388318477533332e-01	   1.0826142539032320e+00	   0.0000000000000000e+00	   8.1314891352130947e-01	   1.0385215714155338e+00	   1.1039727076842603e+00	   1.4597510708945722e+00	   6.2218614149174500e-01	   7.2080125863683686e-01	   4.8165113615118232e-01	   6.6983895629133938e-01	   5.6904650969245740e-01	   6.9698106490655409e-01	   7.0747380379370506e-01	   4.9280083161289934e-01	   7.8024942603334702e-01	   7.4655562313495616e-01	   2.7814001077027917e-01	   5.3468341842635192e-01	   3.6404130383108413e-01	   5.9317478077072061e-01	   3.3054922324027158e-01	   5.3769148771443509e-01	   9.5847805968580124e-01	   9.2100779786192444e-01	   3.0586950211270375e-01	   4.4489241394218298e-01	   3.6703488489635244e-01	   3.4664065292166973e-01	   5.7329288354929964e-01	   5.9422367126509001e-01	   2.6494858145533098e-03	   3.9194557086479237e-01	   9.0254257436891389e-02	  -5.2935602226370004e-02	   1.8869958333665579e-01	   2.6437853514483844e-01	   6.1111035956092109e-02	  -3.2117320288475359e-01	   7.2414120352561229e-01	   5.2298594104901019e-01	   4.8347024563092073e-01	   6.6427365400599880e-01	   8.1817198648708800e-01	   6.4920734387762724e-01	   6.2605923044515743e-01	   6.9155534130619656e-01	   4.7911928582574470e-01	   4.0048316498966774e-01	   4.0484626889857112e-01	   4.4969092835990904e-01	   7.2118186305040577e-01	   8.3039856042477000e-01	   6.7632888875793395e-01	   4.6971625614290718e-01	   3.3211236289505131e-01	   4.2976876548346393e-01	   4.8828236701768357e-01	   5.7383938249947586e-01	   6.7524558832579551e-01	   6.7614935013609312e-01	   4.3302570143918660e-02	   1.7137364897766436e-01	   5.2682885565513216e-01	   5.1006410138309555e-01	   4.0202226374528049e-01	   2.6545357737255593e-01	   3.6003799281427529e-01	   4.6181236586448227e-01	   5.7222672508658257e-01	   6.3753311122352552e-01	   4.7004849421417677e-01	   7.6065979474761836e-01	   5.5676288796338314e-01	   5.6367830775076178e-01	   5.5818763566564256e-01	   6.1678535155102965e-01	   5.9631877189760008e-01	   5.3641526263102446e-01	   1.7232599499153681e-01	   4.1234102151951707e-01	   2.7864643815884382e-01	   3.6759671582843595e-01	   1.7290909088217149e-01	   1.9895476474764767e-01	   6.3411018249056350e-01	   7.1726129126140825e-01	   5.4384921579914480e-01	   5.8648846164623625e-01	   7.1749106031583021e-01	   5.9210441070212971e-01	  -3.9363136074519645e-01	  -2.8464613185420873e-01	  -2.3657540534978153e-02	   3.8550931995761798e-03	   9.2178726948041434e-01	   9.6292758388233146e-01	   4.7257833652516595e-01	   7.2106610374366331e-01	   4.9350636301558637e-01	   6.1746568186703799e-01	   6.8633151251673186e-02	   1.5805436945443851e-01	   1.0639179187467265e-01	   3.0145411319937188e-01	  -4.2427139112972700e-01	  -4.2280154240731749e-01	   1.0983018324154251e-01	   7.1755752975658071e-01	   6.6436133403361031e-01	   5.6158123320621534e-01	   9.5163854966319808e-02	  -2.4202855757478436e-01	
   9.0914564727055769e-01	   5.3128727188219749e-01	   1.2387553810689165e+00	   1.0295876831445938e+00	   9.8898031372264616e-01	   8.1314891352130947e-01	   0.0000000000000000e+00	   1.2217417504433128e+00	   1.1056865135723413e+00	   9.1855413624079862e-01	   6.7956826016507632e-01	   6.7688822452683928e-01	   6.8380115728523716e-01	   6.7565919609692593e-01	   7.1474518084325922e-01	   5.4809217251084985e-01	   5.8237555554088372e-01	   5.2864461657024520e-01	   8.8913126891859273e-01	   7.7548047837350842e-01	   1.1879517360379943e-01	   2.3861261020333158e-01	   7.3772392889790350e-01	   7.8279111479451291e-01	   2.9144804694321125e-01	   3.1160968718958615e-01	   4.5505844909070348e-01	   3.9085861989760950e-01	   3.7218234092200203e-01	   3.9467338017663833e-01	   4.2024201075785483e-01	   3.6214406185805492e-01	   1.0148887676839327e+00	   8.1903312235815462e-01	   3.2126836034376488e-01	   6.7114607648288682e-01	  -2.3225840745196680e-01	  -2.8297506740022615e-01	   1.8052198555078439e-01	   1.1017795758145274e-01	   7.0207518748959226e-03	   1.7209252481936950e-02	   8.3452898528417074e-01	   4.6069123427026631e-01	   5.8765046865525483e-01	   6.7601667140799426e-01	   7.9293365922210768e-01	   6.2512563838866020e-01	   6.8210483543442579e-01	   9.0602521805050307e-01	   8.1070666694367000e-01	   6.8558020317729329e-01	   6.2822660487694737e-01	   7.2834862874658790e-01	   6.9312007077182580e-01	   7.3525226931389431e-01	   5.9808229841269656e-01	   4.5293815499188372e-01	   5.2655528103068749e-01	   6.2742691732945988e-01	   9.0649584043965781e-01	   6.3586904058304650e-01	   8.4469933027746535e-01	   6.9846402303986510e-01	   5.8570248826076832e-01	   5.7635962602749091e-01	   1.4058565204943698e+00	   1.0157375524836334e+00	   6.8076910997427220e-01	   5.9574886157149065e-01	   4.1435711153461402e-01	   4.0214316571688324e-01	   7.6975606039744515e-01	   7.5196221346320002e-01	   5.8647585081459064e-01	   5.9196403433285405e-01	   5.1098668477055997e-01	   4.9049803478179599e-01	   4.7034900334478197e-01	   6.4128731499062475e-01	   6.9741211074953924e-01	   7.5856134651908613e-01	   4.5938332051775083e-01	   4.6351143663703781e-01	   7.9225967704163591e-01	   7.4160264120347985e-01	   1.6784956592626038e-01	   1.8236196015578846e-01	   7.3570544257793913e-01	   8.6168873128072310e-01	   7.1435891201110080e-01	   8.9081398833946901e-01	   7.7996003254299473e-01	   8.8265996912570177e-01	  -9.8661045017209292e-02	  -2.9388451862472031e-01	   1.7770028334755600e-01	   2.2708274171976880e-01	   7.8470701799275022e-01	   8.3285445775868661e-01	   5.6340721376534875e-01	   9.4961655546936097e-01	   4.9461541579442964e-01	   6.2393449232972931e-01	   1.3489919361521776e-02	   2.7667541664911510e-01	   2.9126790076411949e-02	   2.7828914986785575e-01	  -2.4371009687623144e-01	  -1.9833336226247178e-01	   3.7848494955393075e-01	   6.6411797218817348e-01	   6.0138578558325539e-01	   3.5235339627274093e-01	   7.5311078830944594e-02	  -3.2500272784185991e-01	
   7.4015836964776438e-01	   5.5026873395343012e-01	   7.0177543951805466e-01	   1.5965579611636873e+00	   7.3745731804441428e-01	   1.0385215714155338e+00	   1.2217417504433128e+00	   0.0000000000000000e+00	   8.8380691008248025e-01	   1.0611275992543505e+00	   6.4020909066019505e-01	   8.4778477015225362e-01	   5.4954109807578233e-01	   7.9992192059893918e-01	   5.8678349611936098e-01	   6.0846236411623156e-01	   7.1719450379160077e-01	   6.6919450173971662e-01	   7.8802968302299647e-01	   8.0966280849338468e-01	   1.9086287990373652e-01	   4.0755329778227051e-01	   4.6129721883132879e-01	   8.1572738304391790e-01	   1.4334535593328221e-01	   3.4679903799302109e-01	   4.6080499165709615e-01	   4.6589168588451468e-01	   5.5926352128788792e-01	   7.1140085811190568e-01	   5.8676189340746321e-01	   6.4365236779150059e-01	   1.0488321016660196e+00	   1.0238784318069136e+00	   3.0793919048906201e-02	   4.3415575817015684e-01	  -5.6256782452998401e-02	  -1.4473832264196587e-01	   2.0697135976179107e-01	   1.6887763431390496e-01	   1.1605189181396426e-01	   1.1299266236067558e-02	   8.7717636107392449e-01	   5.7888457202867549e-01	   5.2626979391201512e-01	   7.2815616939888494e-01	   9.3831805938023649e-01	   7.2082636771098885e-01	   5.7880600069715282e-01	   7.1604517852443161e-01	   6.2103753443645893e-01	   5.6981756764285285e-01	   4.5295323081689937e-01	   5.0071435706876999e-01	   6.6572248729903372e-01	   6.7119713608358955e-01	   6.5715732988137776e-01	   4.7806657932020419e-01	   3.7139993893561724e-01	   5.2175686265759746e-01	   7.1873642688503769e-01	   7.7887307381245230e-01	   9.0360829105271190e-01	   9.9237750947932069e-01	   3.5426188374938639e-01	   4.8067681974606025e-01	   9.3709156432133334e-01	   8.4502350826546246e-01	   4.7360011494211179e-01	   3.1750937025416315e-01	   5.5670366988245579e-01	   6.5802207796966439e-01	   8.1802964547111401e-01	   9.9643169445422419e-01	   6.1256105600087907e-01	   8.3496519887512211e-01	   6.5533114012646398e-01	   7.3264700671281924e-01	   6.0948091562301632e-01	   8.0833845610508281e-01	   8.9449421042367883e-01	   9.0522149692706377e-01	   5.3178559623546351e-01	   6.8580582289235104e-01	   5.8756735879497102e-01	   7.1948335924058859e-01	   7.0503767433878706e-02	   1.7828612994399959e-01	   5.7637374756162529e-01	   6.5346205699042836e-01	   5.5881912753305996e-01	   5.9504972225808195e-01	   8.7929745536769377e-01	   5.9721615644673598e-01	  -1.8417383690749320e-01	  -1.7295449757734033e-01	   2.0836296402039886e-01	   1.8584788025746773e-01	   1.0047803839096039e+00	   8.2354590240241377e-01	   6.3450138862212335e-01	   7.5269061842046314e-01	   5.2916363477561923e-01	   5.9231245259887944e-01	   8.2651622413161346e-02	   2.7581738479332241e-01	   3.1215140196456551e-02	   2.0531092735143519e-01	  -4.4109147532113702e-01	  -3.3047036909511468e-01	   2.4288334853148744e-01	   8.2746699084594810e-01	   6.2673205060942960e-01	   2.1784501802920953e-01	  -3.4606907618580589e-02	  -2.2697569860816733e-01	
   1.0396962682106674e+00	   6.7365685434146616e-01	   9.4635394529334826e-01	   7.8445304832529050e-01	   1.3818423273404308e+00	   1.1039727076842603e+00	   1.1056865135723413e+00	   8.8380691008248025e-01	   0.0000000000000000e+00	   1.2251656490099450e+00	   8.5796192910533420e-01	   8.0399634376480567e-01	   8.9333666521051680e-01	   8.4210724972636553e-01	   1.0546188233720277e+00	   8.4287070893556892e-01	   5.0126258699798698e-01	   4.1914839871387877e-01	   9.9542443670373515e-01	   8.4526258169980606e-01	   2.7525170218972445e-01	   4.5724251112209557e-01	   5.2214418834373788e-01	   5.9065235566921759e-01	   4.9298412361161681e-01	   4.9513197177466850e-01	   8.3896843009844757e-01	   7.2855358428712835e-01	   2.1945811131478926e-01	   3.2245546102528577e-01	   1.7473251193033784e-01	   1.1351979201752008e-01	   5.8852463615881778e-01	   5.3023408636715208e-01	   2.8164948851691607e-01	   4.5222907403110491e-01	  -7.8398120410097250e-02	  -1.4047063174795107e-01	   1.9763106849893733e-01	   1.1367262118865785e-01	  -6.9626599943174744e-02	  -1.9889969938138516e-01	   6.7485543219749966e-01	   3.4763730243674962e-01	   4.0354120766086443e-01	   4.5266335135302616e-01	   6.9608872496811836e-01	   5.1617670040386199e-01	   6.6705258470227191e-01	   6.8373577757912551e-01	   6.7648290599272520e-01	   5.6276185243469778e-01	   6.6087268422506651e-01	   7.6364319379182577e-01	   7.8987926601254665e-01	   8.8149940840400554e-01	   6.5896976039364530e-01	   5.7916788106129136e-01	   5.5749014395694652e-01	   6.1078228522990918e-01	   7.8319982897520612e-01	   6.1346929586270305e-01	   6.4865234706917219e-01	   6.2837163125298445e-01	   3.1834434255760946e-01	   3.6835367738393654e-01	   8.1247877949310143e-01	   5.7676547156965707e-01	   6.3683257309398733e-01	   5.2120182431019313e-01	   3.3616211635904703e-01	   4.0072835149670849e-01	   7.1787499398927612e-01	   6.6833542199173090e-01	   4.8848731362694003e-01	   7.1718642211563810e-01	   5.5009235730693562e-01	   4.8548138337171443e-01	   3.7862222973955822e-01	   6.2111719094109774e-01	   6.0096569102240760e-01	   6.6877041526366210e-01	   3.6704974503248394e-01	   3.5204672047695368e-01	   6.8267343720282980e-01	   5.8782276903564101e-01	   1.1899957927923688e-01	   2.0471997035493503e-01	   8.1863618685152484e-01	   8.6859503560128881e-01	   5.9021597025616068e-01	   7.7283876094802928e-01	   6.4266839754265848e-01	   8.6230159887183411e-01	  -2.6656290811744349e-01	  -3.2937920104577556e-01	   1.1680223378650429e-02	   1.9140525673666134e-01	   7.8031839063887853e-01	   9.5472245386563370e-01	   4.4694597038638983e-01	   8.1348381823742244e-01	   3.8763072073160670e-01	   5.3968469514063644e-01	  -2.6832383903648720e-02	   1.4097601515390104e-01	  -7.0691011030864399e-03	   2.7543649478565491e-01	  -3.0562010351394220e-01	  -2.5022240635626924e-01	   2.7327687495682967e-01	   5.7909484670410172e-01	   7.3613472638887623e-01	   5.6419548835762234e-01	   1.8502520084323168e-01	  -3.1990032629789877e-01	
   8.2798722071242636e-01	   5.9621516391015528e-01	   6.0185672564719217e-01	   9.3187402561547039e-01	   1.1922960627959240e+00	   1.4597510708945722e+00	   9.1855413624079862e-01	   1.0611275992543505e+00	   1.2251656490099450e+00	   0.0000000000000000e+00	   6.3131833486274758e-01	   8.2495799777287282e-01	   5.4445262200422284e-01	   7.0532371942569172e-01	   6.6353357200217733e-01	   7.5439064203961825e-01	   5.4891482661216340e-01	   5.0445104530487850e-01	   8.2449223185003540e-01	   7.9711535840289671e-01	   3.3243807032075839e-01	   5.2999341099714647e-01	   4.0037558384998911e-01	   6.4591161840523159e-01	   2.4522171732920955e-01	   4.3622057006398796e-01	   7.6737897685368672e-01	   7.3255279555249975e-01	   2.5700961267282491e-01	   4.6991176137348623e-01	   3.3644397511424284e-01	   3.0468946699621868e-01	   5.6466902903014371e-01	   5.4030614627852058e-01	  -2.6861386972045969e-02	   3.0025306587755757e-01	  -1.7057688138283015e-02	  -1.2856265640727579e-01	   1.4609009069912113e-01	   1.0106736476901809e-01	  -7.3103786764303680e-02	  -2.6377991505283160e-01	   6.5951565365070175e-01	   4.4176850113828486e-01	   3.7392459045109339e-01	   5.2924195502304461e-01	   7.4876058421989522e-01	   5.8352482214167223e-01	   6.1265658511712195e-01	   6.7494643031624557e-01	   5.7938692310606077e-01	   4.8661619596430283e-01	   5.4955453137649646e-01	   6.1183305099452912e-01	   7.4062634242636805e-01	   7.6825513828563730e-01	   6.8510076128700370e-01	   4.7365971716042993e-01	   4.8690591606145062e-01	   5.8257724120119558e-01	   6.6129879449854467e-01	   7.2103735419367732e-01	   6.9485546425224987e-01	   6.8821693587793820e-01	   1.9176396982909516e-01	   2.3757520789129974e-01	   5.9015940903195430e-01	   4.4430059257578752e-01	   5.2960116314711603e-01	   3.3506629947655203e-01	   3.3537868125738485e-01	   4.5499473766688825e-01	   5.7088896858439553e-01	   6.5138784797813920e-01	   3.8559444618873984e-01	   6.5236598365455456e-01	   5.6822535419529252e-01	   4.6499799118314294e-01	   5.4268439545971425e-01	   6.4392592736335075e-01	   6.0227265176910694e-01	   6.4969275864044929e-01	   1.8698158399861634e-01	   4.5239669054754045e-01	   4.1344037751078894e-01	   4.4417724676518860e-01	   1.8409980962990201e-02	   1.0422900644743303e-01	   6.3653402507968559e-01	   7.5092733880348117e-01	   5.9931351680847456e-01	   6.2255243838431373e-01	   7.9807589633644105e-01	   6.7627535036663267e-01	  -2.7525070407518420e-01	  -3.4949757506230117e-01	  -3.0987119752753034e-02	   1.0691489260482968e-01	   9.2228410736984712e-01	   9.8770563882613116e-01	   5.8308960803025012e-01	   7.9169645806632771e-01	   4.3890230744435954e-01	   5.3513696495408014e-01	   4.7929011738554780e-02	   9.6869875561839777e-02	   5.6853685232497196e-02	   2.3968910927729214e-01	  -3.2100867221384677e-01	  -2.8968985869871100e-01	   6.3846120036150991e-02	   6.6037113492305333e-01	   8.0695186269929353e-01	   5.0734968010238457e-01	   1.2616301363769505e-01	  -1.7571506879906620e-01	
   1.0901753338550062e+00	   9.2742583545308388e-01	   6.1398772110161448e-01	   4.9276094090945993e-01	   5.5123088686472299e-01	   6.2218614149174500e-01	   6.7956826016507632e-01	   6.4020909066019505e-01	   8.5796192910533420e-01	   6.3131833486274758e-01	   0.0000000000000000e+00	   1.1112606553760014e+00	   1.3143364618529541e+00	   9.5194492522624319e-01	   8.9884542288051317e-01	   7.3412818050516204e-01	   6.7790086818508055e-01	   7.0663442261411769e-01	   8.5494865865594749e-01	   7.4739507819601236e-01	  -5.0577682609617293e-02	   1.3805892932770483e-01	   3.2035120841395576e-01	   4.1887916099250383e-01	   2.1814391061938282e-01	   1.3975739098045251e-01	   3.9029864241383633e-01	   3.2230847873155100e-01	   4.3270036049590443e-01	   5.6765796126255597e-01	   1.6155041882981550e-01	   1.9446309278903362e-01	   6.4370443938925093e-01	   6.0835931880183236e-01	   1.9822200671580945e-01	   2.8373450696230990e-01	  -7.6447843533054130e-02	  -1.2219365424622258e-01	   1.5981905024806176e-01	   1.5308948883466423e-02	   1.0541660507280515e-01	  -3.3018788089131480e-02	   3.7444655991712228e-01	   6.2037682593918453e-02	   4.1701395597579224e-02	   1.0779060459386497e-01	   4.3201654239354242e-01	   2.4338327468722776e-01	   6.2443499994804375e-01	   3.8858200679766941e-01	   6.6956395475354946e-01	   4.2757233768793490e-01	   7.8497181904181179e-01	   7.2832367672565712e-01	   6.9485840731650750e-01	   6.2841604853015220e-01	   9.8838336028990637e-01	   7.6416791262502937e-01	   6.3263602630675131e-01	   6.5006381225871779e-01	   9.0354097649596632e-01	   7.8150250640289720e-01	   8.5552286635952668e-01	   8.7929392853780308e-01	   3.3875834067961236e-01	   3.1735254164217208e-01	   5.0193328402431814e-01	   2.1714355061709689e-01	   5.9568841908544912e-01	   2.9578720029757910e-01	   2.3154823033556282e-01	   4.3460960928546932e-01	   1.0404992642064914e+00	   9.4822508934116256e-01	   8.4094610917403112e-01	   9.0109866123297400e-01	   7.1136441842801912e-01	   5.5903298076686359e-01	   3.1937322937570745e-01	   7.2281311913215784e-01	   7.9084018568889825e-01	   8.1228886569928460e-01	   5.4544100423200659e-01	   4.5679129618419595e-01	   8.3053958763134839e-01	   4.4321311068258634e-01	   6.3109184978672475e-02	   1.6947286542848961e-01	   7.4682057359454757e-01	   6.7510409093688140e-01	   3.4706512796366834e-01	   4.0653384858502722e-01	   3.9097311704394394e-01	   3.3319100810609847e-01	  -2.4503218711603036e-01	  -1.0062559837851835e-01	   3.5741361330245240e-02	   2.1994876380609366e-01	   6.3905805494704138e-01	   6.1419654554561687e-01	   5.0786057773976401e-01	   5.6338130336002756e-01	   3.9517246018622137e-01	   5.5443135319105297e-01	  -1.3803460677091545e-01	   6.3903064270319693e-02	  -2.7511445191514373e-02	   3.4793399939218095e-02	  -4.3561831969892295e-01	  -2.4667584565337439e-01	   2.7525978861516642e-01	   4.4528720857815107e-01	   5.7751611063026598e-01	   4.5855611303040278e-01	   9.7320046910811767e-02	  -2.3599770006044407e-01	
   9.9216499981797668e-01	   8.7164642569390949e-01	   4.4072467790200431e-01	   6.7074255961111073e-01	   5.3397327584332410e-01	   7.2080125863683686e-01	   6.7688822452683928e-01	   8.4778477015225362e-01	   8.0399634376480567e-01	   8.2495799777287282e-01	   1.1112606553760014e+00	   0.0000000000000000e+00	   9.0517283912925861e-01	   1.1916677441170667e+00	   6.8033000669602273e-01	   7.2470836655789972e-01	   4.3196017076044885e-01	   6.0597716271763713e-01	   7.1625304282232438e-01	   6.6973480054659928e-01	   9.0634028726242905e-02	   2.2555140029244308e-01	   2.4047749500041871e-01	   5.2085171126068375e-01	   7.2396235976439835e-02	   1.4403156215940693e-01	   2.9426096410586050e-01	   2.9664432666970497e-01	   3.9915019509346344e-01	   7.3804618898953922e-01	   2.6206827844742020e-01	   3.4634215512673805e-01	   6.7420141359944230e-01	   6.5942672791974533e-01	  -1.3004639849671715e-02	   2.0826259989218143e-01	   1.2749149879418883e-02	  -3.8312190099448434e-03	   1.1335254283701442e-01	   3.1278305160586495e-02	   7.2100770253118993e-02	  -3.0451498762995421e-02	   4.7430015644837464e-01	   2.6271034062390808e-01	   1.5987504696852939e-01	   3.2078990508214550e-01	   6.2996008992646768e-01	   4.1043688145786084e-01	   7.3797855499411491e-01	   5.9298835253355020e-01	   7.7750818276325628e-01	   6.3149003049484331e-01	   7.0846195668017775e-01	   6.8776259935843120e-01	   8.6379816466305992e-01	   7.7258909011650034e-01	   7.8756228540839768e-01	   5.8120941852751451e-01	   5.8777818719096608e-01	   6.7680810780467304e-01	   9.5452166571365471e-01	   1.0387150224042168e+00	   9.1615229004230858e-01	   1.0782341206530024e+00	   2.5767962881514872e-01	   3.3268532904585241e-01	   5.8052890827046044e-01	   3.1430219008289140e-01	   5.0521812787648068e-01	   2.5026440554346480e-01	   3.3526212773286507e-01	   5.6433197712240624e-01	   8.4189867353416248e-01	   8.9527485952699071e-01	   6.9712927585324358e-01	   9.0557669890836323e-01	   8.1282817119513173e-01	   7.7773564441027487e-01	   2.9457524708471738e-01	   6.5169397269336093e-01	   6.5785975446127143e-01	   8.5182671622953521e-01	   4.8879985794491865e-01	   6.1352184310057534e-01	   6.4370783868400561e-01	   6.5629276106747214e-01	  -5.9747510961735403e-02	   2.0173908050296002e-01	   6.3024758922246837e-01	   6.8503735940081079e-01	   3.6530149555452213e-01	   3.4511585470502343e-01	   4.2628137360352991e-01	   2.5204604542176867e-01	  -2.5494710348738969e-01	  -1.5101399706610089e-01	   1.8318089230315221e-01	   3.6311702288568598e-01	   8.5293989667659986e-01	   7.6264581921044239e-01	   6.2286063732958996e-01	   6.4241711273820779e-01	   3.8013325769391942e-01	   5.1928536349396270e-01	  -7.2941026068432294e-02	   3.8731693956018257e-03	   1.8453077504588872e-02	   4.0856716989371149e-02	  -5.1362537711837908e-01	  -2.7487302600461505e-01	   2.4760322915577321e-01	   5.4469391885675711e-01	   6.9170328526716618e-01	   3.2468882992460835e-01	   2.9608496752541000e-02	  -2.3356881785106232e-01	
   1.0172136823206215e+00	   9.1759868861586535e-01	   7.6884955345499195e-01	   4.6132080927155467e-01	   5.2774756542234691e-01	   4.8165113615118232e-01	   6.8380115728523716e-01	   5.4954109807578233e-01	   8.9333666521051680e-01	   5.4445262200422284e-01	   1.3143364618529541e+00	   9.0517283912925861e-01	   0.0000000000000000e+00	   1.0202290435945534e+00	   1.1769791485218619e+00	   8.4784523948966806e-01	   5.1795524116301628e-01	   5.5042990698481686e-01	   8.4056708063458063e-01	   7.9358092367844046e-01	   7.0855657115672835e-02	   2.2420650174278003e-01	   3.9102253991184177e-01	   4.6745998986028392e-01	   3.6515595023093528e-01	   2.3191382495551000e-01	   3.6043357869687176e-01	   3.1154927524689913e-01	   3.4376330242546665e-01	   4.6890396103096182e-01	   6.6802681672061229e-02	   8.5987915685388730e-02	   6.0093771406409180e-01	   5.2666826759369545e-01	   2.9834849509426842e-01	   2.6891413771105405e-01	  -1.1863509596295249e-01	  -1.3921152003195889e-01	   1.9152019898779732e-01	   4.0356483595775277e-03	  -6.9868257958296001e-02	  -9.6135327632309742e-03	   4.3738752888542981e-01	   1.1312735872111133e-01	   1.0801478632476189e-01	   1.0817146863229525e-01	   4.6534143073920392e-01	   2.8736007985692547e-01	   6.4690951389043161e-01	   3.8513045444262428e-01	   7.3665865683435339e-01	   4.9659211230888978e-01	   8.3203417062033824e-01	   7.9428940083618194e-01	   8.0953288412226931e-01	   6.7633400149329914e-01	   8.4499327168032345e-01	   7.7107218163170821e-01	   6.0268866360132167e-01	   5.7253790127077808e-01	   8.3498253267528588e-01	   5.7757389322642727e-01	   6.3388776632936761e-01	   6.4326175436739319e-01	   4.0472390654775686e-01	   3.0850226651249452e-01	   5.3456165329615590e-01	   2.2488774063269573e-01	   7.3405183778722805e-01	   5.3351537497212020e-01	   8.1146638535432386e-02	   2.6514509234301165e-01	   8.8676578568302133e-01	   7.3725637014122547e-01	   7.0918445788497164e-01	   6.4018528063106073e-01	   4.9829156359653670e-01	   3.9361082570315536e-01	   2.2583621876987242e-01	   6.8752388545485565e-01	   6.8234657699187473e-01	   7.9517976171804916e-01	   6.0265603274446100e-01	   4.7203608180427337e-01	   9.7678778676770595e-01	   4.9674468099260827e-01	   6.4895928180953827e-02	   2.4346695960538334e-01	   7.4968347555781589e-01	   6.0607814507681335e-01	   3.7640092412084791e-01	   4.7957014310471335e-01	   3.5893750015027831e-01	   4.5076415433568451e-01	  -1.1698112913371958e-01	  -1.2399673892144875e-01	   1.0451967024464746e-01	   2.9949598145147194e-01	   5.8847838089753857e-01	   6.3098730047294760e-01	   4.5808058691013642e-01	   5.7791761727821223e-01	   3.4372120337261586e-01	   4.9916085073596744e-01	  -1.0182390284654831e-01	   5.0144055893579620e-02	  -7.1683391472269611e-02	   4.8911915532631071e-02	  -2.3158664002653884e-01	  -9.0398447537237456e-02	   3.4689461598288923e-01	   4.1017746085573070e-01	   5.2476454563496266e-01	   3.7328782646356823e-01	   1.0356629703689796e-01	  -2.8406350820136883e-01	
