   0.0000000000000000e+00	   1.3865716083188695e+00	   6.3714773679211401e-01	   3.4998187982654616e-01	   2.3639583341516990e-01	   3.1045063877354684e-01	   7.3264058594678316e-01	   2.5230328536753932e-01	   6.6274057462723177e-02	   2.4059639592473564e-01	   7.0229671002300731e-01	   5.2600333531681831e-01	   5.9247433271382022e-01	   6.3536125926734199e-01	   3.1293194211154607e-01	   2.6503421491652024e-01	   4.4421111528058055e-01	   5.0544633734876443e-01	   7.5343428321582862e-01	   8.2283063957017943e-01	  -1.4359203179864632e-01	  -2.2516577078087449e-01	   3.3947958201396522e-01	   2.1029316619045027e-01	   9.3524513380797425e-02	   2.0058169759732319e-01	   8.3749067643185668e-02	   4.8677126263608456e-02	   6.5835373017504883e-01	   6.2455878061598202e-01	  -3.1280219168846608e-02	  -4.6225611813844450e-02	   3.9467016367437241e-01	   3.1588274568287805e-01	   6.0444341983275869e-02	   3.0798539809132518e-02	  -2.8097121294600097e-01	  -2.3113784423005926e-01	  -1.9211789050321303e-02	   1.5902400582742343e-01	   7.1657755288159791e-02	   6.2153383874333987e-02	   5.3721925252451197e-01	   4.8072992075601195e-01	   4.3915215659305440e-01	   4.1300225625499820e-01	   5.6695710818091571e-01	   4.9614547087527094e-01	   5.5977153297529747e-01	   5.2015772545606864e-01	   7.0960292945667125e-01	   6.2083261916090826e-01	   6.9309657661700486e-01	   5.7715961050014086e-01	   6.6850040258964050e-01	   7.0011484697570725e-01	   7.8092170311138975e-01	   9.0070194575883344e-01	   7.8607587121434819e-01	   7.8976303910360746e-01	   8.1216826730267566e-01	   6.5262866369902250e-01	   4.6943394332635907e-01	   4.5761295026097537e-01	   4.6322043300531336e-02	   1.3938046369304541e-01	   4.9611147720593557e-01	   4.2334221666623045e-01	   3.7855032584829967e-01	   2.2272270976578165e-01	  -2.1141288175437276e-01	   5.1529324574132479e-02	   5.8499497688599134e-01	   5.1417791770066712e-01	   2.2017048168150610e-01	   3.1340160772776521e-01	   4.4225934167883407e-01	   3.9292623779165475e-01	   4.1355096647974199e-01	   4.0036871933341339e-01	   4.1896711281199539e-01	   3.9691195814572500e-01	   3.6441825821753593e-01	   2.9087351813711604e-01	   6.8657733484722561e-01	   4.4128322356882538e-01	   1.1395424921890634e-01	  -3.2860841885713830e-02	   4.8196427588044888e-01	   7.8545828437493515e-01	   4.4261908051120380e-01	   3.2104114021804037e-01	  -1.7205281810163790e-02	   2.7669706563886787e-01	   3.4025102626480885e-01	   4.3089242881621431e-01	   6.3767976401776638e-01	   6.4784668902838216e-01	   6.7019797451092966e-01	   6.5191977492690845e-01	   2.7708702334439744e-01	   4.0247315152541202e-01	   2.3765533948285011e-01	   2.7735828657394135e-01	   2.9842267269156009e-01	   6.6995698435392506e-02	   9.7289060097058636e-02	   2.9194565788672788e-01	   2.3892466328121836e-01	   3.6468874886931513e-01	   4.0633488006749524e-01	   3.3440439388456039e-01	   3.5669157139437146e-01	   2.0627587718852686e-01	  -4.3136893926323430e-02	  -2.6118722839511399e-01	
   1.3865716083188695e+00	   0.0000000000000000e+00	   4.5804255252425274e-01	   4.0857945382421007e-01	   1.6948594226090224e-01	   3.1253229084608403e-01	   6.9586747702455631e-01	   3.4392903625479293e-01	   6.1922662140865906e-02	   2.2708119290789741e-01	   6.0950167778468500e-01	   6.3945698220689273e-01	   5.3207947831838009e-01	   7.0752924111897086e-01	   2.4703850385044240e-01	   2.4904987476516111e-01	   3.6914630723531533e-01	   5.0126848892828690e-01	   7.2665779064153035e-01	   8.5208199955673014e-01	  -2.5743629807526858e-01	  -3.3130604528648122e-01	   1.3273053245412753e-01	   1.3949259602007699e-01	   1.4492673486043609e-02	   1.5238402116566904e-01	  -3.2791264943700174e-02	  -2.2947018781994614e-02	   6.8551157539351948e-01	   6.6943165133195548e-01	  -8.0305641806908773e-02	  -5.6512848084312874e-02	   4.3563804037503379e-01	   3.3324893514504406e-01	  -4.8465597944333055e-02	  -5.5957488657797122e-02	  -2.9194061395553239e-01	  -3.1944535891073250e-01	  -5.4932859460294803e-02	   1.1598667914007911e-01	   1.4018899173218877e-01	   5.6222991038861650e-02	   6.8822394862008285e-01	   6.4621369063300216e-01	   5.3833290577676529e-01	   5.3245593284116899e-01	   6.9635854379664008e-01	   6.8068401695485237e-01	   6.9832898962129852e-01	   6.2695847550541473e-01	   7.5358128405591063e-01	   7.1131501091106564e-01	   6.9704747342348572e-01	   6.3829943735720807e-01	   6.6185823321937276e-01	   7.0627785794551379e-01	   6.8729902179856839e-01	   9.1376618813207067e-01	   9.8759404042312415e-01	   9.2375962127839872e-01	   8.7392619713458264e-01	   8.1094027193030138e-01	   4.9854071290060697e-01	   5.2123995116672084e-01	   1.0159944932184790e-02	   2.3381457805433989e-01	   5.6580591769978728e-01	   4.8974747197500468e-01	   3.7463004513271109e-01	   2.3127269278203927e-01	  -1.0127293188727528e-01	   8.5855446632929239e-02	   5.6614268349280450e-01	   5.8032607953696980e-01	   2.8538753286595919e-01	   4.4608899534106439e-01	   4.8919851270994474e-01	   4.8553119393763888e-01	   3.8313836931588868e-01	   3.9447832411979822e-01	   4.7878928457184833e-01	   4.3870285055219582e-01	   3.1187314122231202e-01	   2.7383945547157629e-01	   5.9435508924618707e-01	   4.6536332890096455e-01	   2.5959193535770843e-02	  -1.6208597593685653e-01	   3.7849474802682997e-01	   6.8993581333500353e-01	   5.1497787571213505e-01	   2.8885431839480036e-01	   1.7893399938259599e-03	   1.5676756887444965e-01	   1.6029363008293254e-01	   3.0054105551452626e-01	   6.4344815305780900e-01	   5.2108653848369335e-01	   8.1266683779860827e-01	   7.2676300536286975e-01	   3.1680734741351080e-01	   3.7252861869089593e-01	   2.3717625040721374e-01	   2.6069903084138879e-01	   2.8265660594865016e-01	  -5.0665971658237031e-02	   1.3335533092051278e-02	   1.6342903999382508e-01	   9.2549180736825096e-02	   2.5714438653695088e-01	   4.2268431950141672e-01	   4.8436731995472215e-01	   4.6009885616113022e-01	   1.9459550707089324e-01	  -2.7298199941624291e-02	  -1.9498346527816063e-01	
   6.3714773679211401e-01	   4.5804255252425274e-01	   0.0000000000000000e+00	   5.9513923421479076e-01	   3.4175097716398778e-01	   2.0472164209323290e-01	   9.1517054335339398e-01	   5.2787195992442371e-01	   2.0012142861820814e-01	   1.8314910668507214e-01	   3.3327610781678296e-01	   7.6749389083011474e-02	   1.5671620481061771e-01	   1.9074667254156324e-01	   1.5244130338308390e-01	   2.1712987176515607e-02	   2.0717513570613724e-01	   2.1371107983170057e-01	   5.6143877664723096e-01	   5.7233577028722404e-01	   2.4536445259072959e-01	   1.6381587714025581e-01	   7.0325667184428076e-01	   5.5918106848661064e-01	   3.4891631743493745e-01	   3.9709200592638527e-01	   3.5740229516632882e-01	   2.7249562317867443e-01	   1.2657945610569288e-01	   2.3382229561122514e-02	   1.2317026150019311e-01	   1.3425424209728534e-01	   2.0308288502921029e-01	   2.6750342934932142e-01	   5.4986178676764053e-01	   4.5725830271850038e-01	  -1.4938882809359036e-01	  -9.9085750047650828e-02	   1.5619534026471110e-01	   2.0749995817313852e-01	   5.0092909015943904e-02	   2.3173371595952708e-01	   2.9354280846656128e-01	   2.3200823214048605e-01	   2.9396814321260745e-01	   2.9359304210455606e-01	   2.9347068846433355e-01	   2.5162723643869872e-01	   1.7639298649011298e-01	   1.3444280096210831e-01	   3.7162387181023854e-01	   3.2918693928983628e-01	   3.9800632928638580e-01	   5.1272043603780926e-01	   3.4684464389113911e-01	   3.9724365104033499e-01	   2.8211822075732373e-01	   3.1435715351386201e-01	   1.5251237851169111e-01	   2.0934209052498981e-01	   2.2272934269454914e-01	   9.3877084843235370e-02	   4.8086072232455299e-02	  -6.4670352648771648e-02	   2.0642940733894460e-01	   2.2185803523801162e-01	   3.9828753697409003e-01	   3.2903119953037052e-01	   5.6246200911836108e-01	   3.2093862874435219e-01	  -4.2729252379532900e-02	   3.5810769572634397e-02	   4.9828910499136725e-01	   2.7814985726817421e-01	   2.2792880540842514e-01	   2.0340458641775030e-01	   1.4788564709293830e-01	   1.0243266290393276e-01	   1.6917475157926257e-01	   2.1236785749855680e-01	   7.4261141234261654e-02	   2.0432805889698868e-01	   2.0071334227559123e-01	   1.4973012411843670e-01	   4.5451230746539378e-01	   3.5134227481181712e-01	  -1.1816024215381913e-02	   1.3804420336814976e-01	   3.4506694390817444e-01	   3.8337377843272852e-01	   5.1678523178115565e-01	   5.3113949250068260e-01	   1.7437682900494103e-01	   2.9498277075856549e-01	   2.6221693842668514e-01	   1.6671409762423176e-01	   3.5743549214929693e-01	   2.2579473447750104e-01	   4.0481478920142749e-01	   3.7115601264029363e-01	   1.3904792693939089e-01	   1.5792133066906183e-01	   2.8251932205538139e-02	   9.0039407390978779e-02	   7.9970809513551077e-03	   8.3642759237752509e-02	   1.3862044669861767e-01	   1.3587535673492240e-01	   2.8693210653594403e-01	   3.2011498535205091e-01	   4.2540513040112160e-01	   3.1710935541950064e-01	   2.1220952237814564e-01	   1.8392611834212536e-01	   7.1822171344881600e-02	  -2.5269206879120198e-01	
   3.4998187982654616e-01	   4.0857945382421007e-01	   5.9513923421479076e-01	   0.0000000000000000e+00	   1.8989466331495564e-01	   2.1682289491185258e-01	   5.6373755710112783e-01	   7.5624203713553073e-01	   1.7376718734637392e-01	   2.9798651619832961e-01	   1.5598226970817133e-02	   4.3896352502609801e-02	  -1.7993610527581272e-01	   8.4421735231704126e-02	   8.6484125059370864e-02	   2.4729079128524115e-01	  -1.8820690545351892e-01	  -1.2753936131115176e-01	   5.5137665972131744e-01	   6.6039404040346539e-01	   3.6296779865756906e-01	   2.0220449677840477e-01	   4.5886505906063024e-01	   8.5924733957772181e-01	   1.2909716104821714e-01	   1.5061766746859773e-01	   2.6100710307343766e-01	   3.8381869662264634e-01	  -6.3722959279914962e-02	  -1.4282043587674747e-02	   1.4428331148233692e-01	   2.6590434136517532e-01	   3.6633078999334517e-01	   4.0344162899208008e-01	   3.6206737629489039e-01	   2.9058935665315777e-01	  -2.2380105093716324e-01	  -1.7943378623870593e-01	   3.6192211733373832e-03	   1.5167465378871767e-01	  -1.1812752626747501e-01	  -8.8004056457835298e-03	   3.5626391264920360e-01	   2.6796825205728869e-01	   2.8529385843343641e-01	   3.3710923814112492e-01	   3.1203351687438158e-01	   3.0179447655049552e-01	   3.2721115221997021e-01	   3.2973228406585664e-01	   4.0335204604480496e-01	   5.2137228407257752e-01	   4.4184844214382085e-01	   5.3019227130214097e-01	   4.8014291153786715e-01	   4.6725570541571626e-01	  -3.7450733091056371e-02	   1.0044162044317612e-01	   3.2758278275192831e-01	   4.1736557740583502e-01	   8.1711660686640902e-02	   1.5508082755678809e-01	  -5.8559062987239997e-03	  -9.2291508345963377e-02	   1.0195126842805519e-01	   4.3007486996212069e-01	   6.2987905895110596e-01	   5.8370131582892326e-01	   7.4117613750139621e-01	   5.3626174831055695e-01	   3.8852059027860805e-02	  -3.6010850142802635e-02	   3.3371603236884895e-01	   1.4192489507411632e-01	   2.2458635095669113e-01	   1.0593722258625286e-01	   2.7248726607217711e-02	  -3.0377377377763269e-02	  -2.3273635348973698e-01	  -1.0300477197980525e-01	  -9.6447361518191332e-02	  -6.3567254130759671e-02	  -4.7437060227348130e-02	   1.8203297049813677e-01	   3.2844155770191391e-01	   4.7103722517170654e-01	   5.2432135477512409e-02	   3.1613524003735455e-01	   2.7469926435549713e-01	   4.4491166960406242e-01	   7.1922603132766416e-01	   4.6583460221448086e-01	   4.5799016508101298e-01	   3.0507402323558719e-01	  -1.7462630967658999e-01	  -1.5568269207645008e-01	   2.3879054595277072e-01	   6.8624857883126653e-02	   3.8278649741085602e-01	   2.7987757601077012e-01	   5.4432536752082739e-01	   3.3172878449478382e-01	   3.7087266852978795e-01	   2.9829604809633270e-01	   1.9352075534769317e-01	   2.1896736305499309e-01	   1.3854729846656777e-01	   2.6778596082687467e-01	  -1.5480334912140459e-02	   1.7222201291377109e-01	   4.4864310729392587e-01	   3.9282717002269629e-01	   5.5709488368413151e-01	   4.4893715526296435e-01	   2.0492642777880288e-01	  -1.5111644228355051e-01	
   2.3639583341516990e-01	   1.6948594226090224e-01	   3.4175097716398778e-01	   1.8989466331495564e-01	   0.0000000000000000e+00	   1.3970293524984623e+00	   2.4191423645486260e-01	   4.0429274982757429e-01	   1.5620081905931409e+00	   1.4001198648085655e+00	   2.5563130740383089e-01	   1.0391578187210626e-01	   4.0829496779652424e-01	   4.2786042700766164e-01	   1.2167031811146680e+00	   9.6983511486174945e-01	  -4.8295201679879295e-02	   1.0233537407680898e-01	   2.1803507077149908e-01	   2.4626876445513710e-01	  -7.8722543644395987e-03	  -2.2273434396274962e-02	   3.5025140542592542e-01	   2.5153898200522340e-01	   6.8381032013056597e-01	   4.4660425015887090e-01	   8.9260619341037262e-01	   7.4669762412168939e-01	  -8.2499379101645690e-02	   5.2664052456457201e-02	  -2.6944868261041182e-02	  -1.0255753361639235e-01	   1.8569615352053895e-01	   2.0899865310210561e-01	   1.7104426789118671e-01	   1.9119344139416211e-01	  -1.7721068117920191e-01	  -4.7382952008975694e-02	   1.9234160705924253e-01	   3.3199648540294019e-01	  -6.8209047846992485e-02	   7.1443858020587905e-02	  -4.0551211193960823e-02	  -1.2243312375570266e-01	  -2.2347839890423785e-02	  -1.0809962535788707e-01	   2.9646374707224744e-02	  -4.0673412103212365e-03	  -4.7589735897538926e-02	  -5.1422503812232803e-02	   8.5632422160035054e-02	   6.3653203964303087e-02	   1.8779561072024437e-01	   1.6741269625346661e-01	   4.2768783213819389e-01	   3.1539000256111910e-01	   2.4487311194362149e-01	   2.3693617857411048e-01	  -6.8020752651684474e-02	  -5.4866835428208971e-02	   3.0148666144590641e-01	   1.9225964391759343e-01	   4.3918551974471169e-03	  -7.0372007077613805e-02	   2.4342662678084645e-01	   9.7629543389905218e-02	   3.9876279279880827e-02	   5.1267015678099409e-02	   8.9327979706105051e-02	   1.5184460654982257e-01	  -7.0604951235832682e-04	   1.0014795705203963e-01	   2.6414383990794055e-01	   2.1456408087089981e-01	  -1.0176616897769068e-01	   1.7695202127988623e-02	   3.0976684883074864e-02	   8.4436933967830030e-02	   1.5673388019662682e-01	   2.1920467820110798e-01	   9.8440239796654116e-02	   1.5496033753767577e-01	   3.1446054678909502e-01	   2.6734152448162335e-01	   4.8872290475778485e-01	   4.6048876875469247e-01	   3.9468647136322160e-01	   1.5704820137189077e-01	   7.0070955315589400e-01	   6.3781085575565732e-01	   3.5173166793289801e-01	   4.1613426606320458e-01	   4.2942906240028783e-01	   3.2557010701942579e-01	   3.1123604521668391e-01	   1.7709695490922434e-01	   3.0292726500298767e-01	   2.5628095667152639e-01	   1.9995920727261995e-01	   1.2485996783895170e-01	   5.9897329376945502e-02	   1.2594858863053565e-01	  -8.5925379923105907e-02	  -1.3337717600374039e-02	   5.9882557733063342e-02	   5.3101917611747367e-02	  -6.2059585130263981e-02	   1.6756357269128368e-02	   5.3057200688996595e-02	   2.2056060211235592e-01	   1.3070699130258248e-01	   1.2913689410474477e-01	   5.4693462712440868e-02	   3.5173168377967490e-01	   2.9468319192307985e-01	  -2.3955380924325781e-01	
   3.1045063877354684e-01	   3.1253229084608403e-01	   2.0472164209323290e-01	   2.1682289491185258e-01	   1.3970293524984623e+00	   0.0000000000000000e+00	   2.2603852438542546e-01	   3.8866013645990782e-01	   1.0012292551852371e+00	   1.5773584240373599e+00	   1.6475009929374046e-01	   1.2639397194648858e-01	   4.0970728652151556e-01	   5.0039417977505762e-01	   9.6129799451362485e-01	   1.2019860133677081e+00	  -2.0186815258737778e-02	   1.4753385620450174e-01	   1.9012687286358798e-01	   3.5377627314077237e-01	  -9.2140665553383988e-02	  -8.8078417737346940e-02	   1.7864048186409942e-01	   1.6685761557062223e-01	   5.9800189419247407e-01	   5.4233279514090893e-01	   8.4330737192956451e-01	   7.6478986002684712e-01	   1.4396125355454209e-02	   1.8291154414899397e-01	  -1.1144263062031280e-01	  -1.7941381963519581e-01	   2.4792906955239685e-01	   2.3964689035044906e-01	   8.1039486419548043e-02	   1.1730174173318594e-01	  -2.0466099897373313e-01	  -1.5866067305623724e-01	   1.9868860718514808e-01	   3.2578129228220309e-01	  -4.5188057852527254e-02	   1.0394751330097050e-01	   5.7669475151549750e-02	  -1.7329796242872054e-02	   7.5418553347661621e-02	  -5.9167827884127923e-03	   1.4789751125648748e-01	   1.5280502995175019e-01	   6.3898289877755698e-02	   2.6456288448741084e-02	   1.7972497384023922e-01	   1.5034403752587744e-01	   2.7836589229706199e-01	   2.7840441347324191e-01	   5.6143428603952872e-01	   4.2912954228766514e-01	   3.5392767043820733e-01	   3.7561542053247560e-01	   8.2282993912446936e-02	   7.4061911272078340e-02	   3.2767812381320099e-01	   3.0381561260057804e-01	   1.0141121979247837e-01	   6.2188282539991938e-02	   1.3015369143993977e-01	   1.5491439859054901e-01	   1.7121473242358828e-01	   1.9935305782607071e-01	   6.0369670094392078e-02	   9.5545577079326524e-02	   1.0384874856886020e-01	   2.8336538362790881e-01	   3.0460274873909154e-01	   3.3398145536356605e-01	  -1.2909282384695388e-02	   1.8904416090298376e-01	   8.2176729552703609e-02	   1.9559970097182511e-01	   2.3775706963123674e-01	   2.5367083714163785e-01	   1.9944348978687351e-01	   2.4037487322651224e-01	   2.8630298628278600e-01	   3.1505312158538124e-01	   4.3659059279471590e-01	   5.9058865390485038e-01	   3.5849345021958184e-01	   6.3805666462835781e-02	   6.8958391842147315e-01	   7.6236396082387803e-01	   4.2426099951871843e-01	   3.1724366140850385e-01	   4.6060969368804883e-01	   1.8957525140438350e-01	   3.1206660019393656e-01	   1.6148290495232664e-01	   4.2713222599560335e-01	   3.2891612682973992e-01	   3.4493728056242534e-01	   2.1901284768381057e-01	   1.9210155164924489e-01	   1.1368490712589291e-01	  -2.2405684831232720e-02	  -9.5909964247975401e-03	   1.9144760468212257e-01	   5.8395338640296328e-02	  -1.0782127992049470e-01	  -7.1203606337995912e-02	  -6.9749813644517933e-03	   3.0663953166700320e-01	   2.4723515876689170e-01	   2.1927023919691835e-01	   1.5107558025250056e-01	   3.9869886973247859e-01	   3.0714972131503571e-01	  -3.6167316613805361e-01	
   7.3264058594678316e-01	   6.9586747702455631e-01	   9.1517054335339398e-01	   5.6373755710112783e-01	   2.4191423645486260e-01	   2.2603852438542546e-01	   0.0000000000000000e+00	   7.9098240874538284e-01	   1.0204546500937338e-01	   1.3162642396775218e-01	   6.6831969515451817e-01	   3.2936007705889664e-01	   3.3173121863872324e-01	   4.3779125230517324e-01	   1.1532413365653291e-01	   6.1916698490229544e-02	   1.4665993933978641e-01	   2.1862301975837534e-01	   5.6893089962930532e-01	   5.8558865077212341e-01	  -2.8091793027457294e-02	  -1.6072958783205438e-01	   4.4444321203752407e-01	   3.8388913712660072e-01	   7.2843763982598897e-02	   2.2070796487076916e-01	   9.3404480416140329e-02	   4.4883557606721441e-02	   3.2863255123854118e-01	   2.5861450713823758e-01	   1.4490543947441914e-01	   1.5926982198772838e-01	   3.5577273314186753e-01	   4.1248968415883069e-01	   1.0993234034620425e-01	   4.4533189481730413e-02	  -3.5273561316302715e-01	  -3.1539820901859394e-01	  -8.0129524533261873e-02	  -4.2803543467072741e-02	   3.7312893707474047e-04	  -2.9583120309112532e-02	   4.2044787803318562e-01	   3.7703183448598182e-01	   4.5241645748616849e-01	   4.3831774229645781e-01	   4.1944969503965890e-01	   4.3477635100404699e-01	   5.3028416836826442e-01	   4.5208257074854441e-01	   5.6553089711167592e-01	   4.8821279090949293e-01	   4.2271428816967249e-01	   5.6370594150230557e-01	   4.1515447651084919e-01	   4.5564759166974944e-01	   2.6135786166202390e-01	   3.4164159211999845e-01	   3.3421841341496855e-01	   3.3726366810747366e-01	   5.2118895388377295e-01	   4.5157430685991251e-01	   1.9957196105631600e-01	   1.1116745980552409e-01	   2.9676964320918414e-01	   4.0409524604879188e-01	   4.1851950959107337e-01	   3.4884326048178049e-01	   4.4471991268560229e-01	   3.2203309587222123e-01	   2.3396381736816425e-02	   1.1757797017522034e-01	   6.0394082713110553e-01	   3.7971403962356037e-01	   3.3471228517987978e-01	   3.1093348761861184e-01	   1.8565602544855092e-01	   1.5153171577574337e-01	   1.8317359803118835e-01	   2.1494335426509653e-01	   1.4041278020136277e-01	   1.8926398587164536e-01	   1.2651365476927690e-01	  -1.8653967575484698e-03	   4.4350362038800328e-01	   2.7210429271715358e-01	  -5.6296960777293681e-03	  -4.8997566153885140e-02	   2.6677018572158345e-01	   3.5854262036132412e-01	   5.5561007298102494e-01	   5.4494297003394587e-01	   1.0484500059262981e-01	   3.2416254691178781e-01	   1.7974366788433399e-01	   2.1561316393817087e-01	   3.3711845839187399e-01	   3.3335781711793433e-01	   4.7061550681631964e-01	   4.2649086833778060e-01	   1.6540247610523390e-01	   3.5369054487417967e-01	   4.8387030616698225e-02	   1.6553002862273772e-01	   7.0501497433838017e-02	   1.1515690520133470e-01	   2.5024249245846919e-01	   2.0765143659024826e-01	   2.8992774093977014e-01	   2.4655057161257429e-01	   2.6699062796875150e-01	   3.4116914527880643e-01	   2.9904463904398038e-01	   1.2879894660702940e-01	  -1.0101122869005329e-01	  -3.2706565360289913e-01	
   2.5230328536753932e-01	   3.4392903625479293e-01	   5.2787195992442371e-01	   7.5624203713553073e-01	   4.0429274982757429e-01	   3.8866013645990782e-01	   7.9098240874538284e-01	   0.0000000000000000e+00	   3.4888159865815432e-01	   4.0804069015657346e-01	   2.5865188195591554e-01	   2.3212038371146035e-01	   9.7531360264100420e-02	   5.0374046342210033e-01	   1.1475515289299823e-01	   2.1277820231763392e-01	  -6.4398609962825204e-02	  -1.0243103186109491e-02	   2.5582227337542673e-01	   3.2849625650225928e-01	   1.2899433725328249e-01	  -6.1353869212461953e-03	   3.4563771291432233e-01	   5.5834104830978848e-01	   3.1070592854962581e-01	   3.7937630892333973e-01	   2.3154611767738192e-01	   2.6896478270621760e-01	  -6.6271581835945823e-02	  -1.1014793886871872e-01	   1.6237544346065780e-01	   2.3832179518128505e-01	   4.4665328882475186e-01	   5.6630335308960977e-01	   2.2282606151710105e-01	   2.1328565298853044e-01	  -2.4544147487571194e-01	  -2.5712869825770468e-01	  -4.1675205693492692e-03	   3.1802135066212572e-02	  -2.3450670539728546e-01	  -1.6715052310569750e-01	   2.8370295620934610e-01	   2.0170938759736601e-01	   4.1186854900520892e-01	   4.2275084828389214e-01	   2.5559735007848861e-01	   2.8549864033903405e-01	   3.5862835818795952e-01	   2.9536587294585415e-01	   3.5857470343784098e-01	   3.7132279844842686e-01	   1.9274674090077920e-01	   2.8284167921512321e-01	   3.0306138239604286e-01	   2.6657449987291010e-01	  -1.9714838382630565e-02	   5.3465810135709821e-02	   5.2817625119063745e-02	   7.3196040387410538e-02	   2.9350639830995767e-01	   4.0001415234223620e-01	   7.6420424651149649e-02	  -1.1214410170639336e-01	   4.7149455212246438e-01	   9.8065063200610669e-01	   4.5904741642324537e-01	   4.9593781868468972e-01	   3.1772805204826449e-01	   2.1793218043835844e-01	   8.6597172024383537e-02	   5.8616132405878901e-02	   4.3638146196317995e-01	   3.6200389517675857e-01	   2.4242981263838356e-01	   2.5690994089976055e-01	   1.0888868246571612e-01	   1.4398336529129266e-01	  -2.0020050450525493e-02	   1.6356230636770289e-02	  -5.7928058263568553e-02	   5.2366826725272347e-02	  -1.1149470847523449e-01	  -3.4456889210922027e-02	   3.5522663734039628e-01	   5.0917560523151895e-01	  -6.3383859248344735e-04	  -8.2040156847254745e-03	   2.2468645739265491e-01	   2.4522722695452603e-01	   5.7965395049103230e-01	   4.4677736400710960e-01	   4.3173573150279887e-01	   2.2090759197907184e-01	  -1.1221146655152972e-01	  -7.5631621240300234e-02	   2.3133811199937926e-01	  -4.0397609838875130e-02	   3.3889456056753070e-01	   1.9480036048539684e-01	   2.0238286075053458e-01	   2.2889162928699794e-01	   1.8696731179831439e-02	   1.2826762224607216e-01	   1.1551434093092690e-01	   1.9491466718515202e-01	   6.1721865006369815e-02	  -3.2504873824690826e-02	   3.2068907697497005e-02	   6.7242008861629357e-02	   3.0176392309877892e-01	   4.2670162052373728e-01	   4.4542519063859226e-01	   3.3280009444200304e-01	   1.2186807091204650e-01	  -2.1125536793670577e-01	
   6.6274057462723177e-02	   6.1922662140865906e-02	   2.0012142861820814e-01	   1.7376718734637392e-01	   1.5620081905931409e+00	   1.0012292551852371e+00	   1.0204546500937338e-01	   3.4888159865815432e-01	   0.0000000000000000e+00	   1.2354077298823589e+00	   1.7540779592627095e-01	   1.0584868868597029e-01	   2.7929520616821701e-01	   3.1152348745264641e-01	   1.0624216163228117e+00	   8.2606481206826021e-01	  -6.7854773776169997e-02	   3.1712902374757858e-02	   1.7862241566134435e-01	   2.1113085672916321e-01	  -1.3798071719222989e-02	  -1.1384892603131974e-02	   1.8702813236197632e-01	   1.8788577760291153e-01	   4.9406908502329344e-01	   2.1969509948658356e-01	   7.3921611003049426e-01	   6.8569696554980364e-01	  -1.4648588316167266e-01	  -7.6596952416152549e-03	  -4.2164580340576095e-02	  -6.8765389732073912e-02	   1.4732204661813747e-01	   1.8576029701192751e-01	   1.2546950039956994e-01	   1.4454014432612836e-01	  -1.3115147747729095e-01	  -4.7890482600985978e-03	   1.4962143801810740e-01	   2.9668589781108773e-01	  -1.7320873562331571e-01	   3.7081324915250707e-02	  -1.2493252774734208e-01	  -1.9279556439285148e-01	  -1.1819675961235919e-01	  -1.8680682827541695e-01	  -5.2167547251444714e-02	  -8.8934383690924559e-02	  -1.0191214247544750e-01	  -8.9326305918259810e-02	  -4.2269505922135783e-02	  -1.5118452238441446e-02	   5.6852124158934002e-02	   1.4912391202837763e-02	   3.4188492861874320e-01	   2.3897843864611401e-01	   1.0807703670918123e-01	   8.6201951812466412e-02	  -8.3771418872792880e-02	  -8.2680566824519200e-02	   1.9653667251873794e-01	   1.6239292774250152e-01	   2.0107698475022275e-02	  -8.0389406615273842e-02	   1.4075968386790363e-01	   9.5500628642758739e-02	  -1.0313195938368314e-02	   1.5655633646820905e-02	   8.2431215766863172e-02	   1.7453104927633253e-01	   7.2949687755459805e-02	   9.9497589570811215e-02	   1.2824848478313680e-01	   1.8553754450462664e-01	  -1.6791882132599206e-01	  -1.0066397203651288e-01	   1.9823654542568476e-02	   3.9710764512215099e-02	   4.0054078736399330e-02	   1.3639471280365281e-01	   4.3624643758780765e-02	   4.3644271168276988e-02	   2.1185442889005615e-01	   1.6692961018198388e-01	   3.4653642308521015e-01	   3.3832863647537303e-01	   3.7745040478938607e-01	   1.7990418692854546e-01	   5.5151506808712136e-01	   5.0102200292309695e-01	   2.7841609155453917e-01	   3.2954205043196316e-01	   3.5394082335071286e-01	   2.7458049377613447e-01	   1.5910492982188595e-01	   7.0212941008189672e-02	   2.3138778379975400e-01	   1.8915406442276478e-01	   1.5522547330470410e-01	   1.0950401209068640e-01	   1.0155561205677702e-01	   1.6962260120240119e-01	   1.5936784244015831e-02	   1.0498744097007263e-01	   8.0818936671386440e-02	   5.9288252575596993e-02	  -3.8498749715049435e-02	   5.9100989028538220e-02	  -1.4974860454303218e-02	   9.2625397276521443e-02	   6.3401016043974023e-02	   1.0772423021310341e-01	   2.0687255960784794e-02	   2.9034638910758842e-01	   2.5724830812675514e-01	  -1.0921388502676704e-01	
   2.4059639592473564e-01	   2.2708119290789741e-01	   1.8314910668507214e-01	   2.9798651619832961e-01	   1.4001198648085655e+00	   1.5773584240373599e+00	   1.3162642396775218e-01	   4.0804069015657346e-01	   1.2354077298823589e+00	   0.0000000000000000e+00	   9.0947751290661821e-02	   2.4089401342964965e-02	   2.5930720061901813e-01	   4.1434586791666683e-01	   1.0952074855403171e+00	   1.2559264780132935e+00	  -1.1203816516944387e-01	  -2.0503537825889026e-02	   2.3525749591838607e-01	   3.0093710316971578e-01	  -2.8955454756787437e-02	  -7.5116775163384150e-02	   1.8727926225743277e-01	   2.3726758342039939e-01	   5.8732398998687474e-01	   3.8203304780645680e-01	   8.3759635292750523e-01	   8.2729884475578586e-01	  -1.2409240541944598e-01	   1.3705345255811543e-02	  -1.7117890137264152e-01	  -2.2727200028292852e-01	   1.9213582586253289e-01	   1.9261045890247583e-01	   1.2244280248942191e-01	   1.6181661656471236e-01	  -2.3659837806730266e-01	  -1.5090910610499855e-01	   1.1870809434993161e-01	   2.8544124806317994e-01	  -1.6380421307343762e-01	  -1.9737910693792514e-02	   3.3289366668513412e-02	  -5.1050299483812872e-02	   3.7145994788864226e-03	  -4.1118279184427189e-02	   9.0004285786051116e-02	   6.5123838184374852e-02	   4.5846831716641064e-02	   5.0047239141125729e-02	   1.6151375808614055e-01	   1.9296570711077213e-01	   2.4139529536619253e-01	   2.1750594128657535e-01	   5.1979212581407785e-01	   3.9175304759873886e-01	   2.0556949167239727e-01	   2.2741713110564518e-01	   1.0276936976900543e-01	   1.0938559724857672e-01	   3.2169995035362609e-01	   3.2740575506723191e-01	   3.1562573482879566e-02	  -6.8324914613577412e-02	   1.5986255755713918e-01	   2.1062647557125180e-01	   1.8140082001209684e-01	   2.1520385904008771e-01	   1.4162334454851111e-01	   1.9584093361774824e-01	  -1.8211459677092545e-02	   9.5964501624040244e-02	   1.6840353356326354e-01	   2.2664041484656769e-01	  -1.4920859031546149e-01	  -2.2840824261466493e-02	   4.7037104788626619e-02	   9.1412878260107508e-02	   3.9893123174405826e-02	   4.4378686331811058e-02	   4.7745615160532731e-02	   5.1085564000261069e-02	   2.1230653511639089e-01	   2.6397700200068408e-01	   5.0797558732551285e-01	   6.2521765206227342e-01	   3.9772895979752532e-01	   1.2198159453868603e-01	   6.8857442663082968e-01	   7.2230245232287194e-01	   4.7627916995985009e-01	   3.6860319816569465e-01	   6.0180244011795359e-01	   2.6576183156739513e-01	   2.2000640057973606e-01	   1.5300306068826264e-01	   3.8027939711034425e-01	   2.8511933578883136e-01	   2.9855269134355800e-01	   2.2834421436410501e-01	   2.4265622396802344e-01	   1.6992666452367633e-01	   6.5142445999348000e-02	   8.6825946471668802e-02	   2.1701470324763739e-01	   8.8962554911010183e-02	  -1.1116409714838722e-01	  -4.6397468301865108e-03	   1.5076571990390008e-02	   2.8967779620522871e-01	   2.5672859025699446e-01	   2.2137067012582751e-01	   2.1817002524153167e-01	   3.9661341562894287e-01	   2.3020856502797199e-01	  -3.1986100308756554e-01	
   7.0229671002300731e-01	   6.0950167778468500e-01	   3.3327610781678296e-01	   1.5598226970817133e-02	   2.5563130740383089e-01	   1.6475009929374046e-01	   6.6831969515451817e-01	   2.5865188195591554e-01	   1.7540779592627095e-01	   9.0947751290661821e-02	   0.0000000000000000e+00	   5.9866245728488554e-01	   7.9903302980499769e-01	   5.6526411670305166e-01	   3.2413121663618222e-01	   9.3592406251827048e-02	   3.3797046600572878e-01	   4.8797554866040938e-01	   4.5280434284282273e-01	   4.3403191657508955e-01	  -2.3845850285356437e-01	  -3.4634142317585287e-01	   2.7663540910965484e-01	   5.3324178341503325e-02	   2.3345705580104587e-02	   7.7717496258361676e-02	   1.8369480336742246e-02	  -8.3727117948955973e-02	   6.0137347641237671e-01	   4.7933359401875641e-01	   2.2692775826981726e-01	   1.9185954158971230e-01	   3.9446628264291161e-01	   4.0978861821962798e-01	  -2.0309223435307906e-02	  -9.4869152258143241e-02	  -3.1840321903044111e-01	  -2.7646606010733921e-01	  -1.8415026409885676e-01	  -9.4023638072883359e-02	   7.8955337000431464e-03	  -1.1881286898314458e-01	   2.4146279480116731e-01	   2.3582832539706186e-01	   3.3514732606927777e-01	   2.5135611782681089e-01	   2.7620064828868968e-01	   2.1821303583625190e-01	   4.0044110829267104e-01	   3.3016288330265064e-01	   3.7576836358333982e-01	   2.7740646648945433e-01	   2.8724276416864114e-01	   1.6571920973525006e-01	   2.4949187762240571e-01	   2.3343619915715835e-01	   3.0077786363299835e-01	   3.4581396043509599e-01	   2.9412288243602691e-01	   2.8797465437782743e-01	   7.5487807176546262e-01	   5.4155257631740750e-01	   4.9113334741057291e-01	   3.6982139819015669e-01	   3.0692888889907466e-01	   2.1370636035170229e-01	   1.6778065736058009e-01	   1.5210633547038130e-01	   2.6291046584212791e-02	  -3.8242221874849228e-02	  -1.5688638048188414e-01	   6.2955482095241488e-02	   5.3441524553769448e-01	   3.4841167670999268e-01	   2.4069320489358961e-01	   2.0021219715286698e-01	   4.7461947982279096e-01	   3.8158709102119548e-01	   3.0502137821064174e-01	   4.1522058447538901e-01	   2.9686478485695922e-01	   3.1253940505422007e-01	   2.9421460294793084e-01	   6.3112666162462513e-02	   4.7278181638113304e-01	   1.3386024806102242e-01	   8.7094432519491699e-02	  -9.8405515487814524e-02	   2.2285157604488315e-01	   2.8379616611595060e-01	   7.3368189151265278e-02	   1.8236784336871534e-01	  -3.0523107675455174e-01	   1.6358208418811365e-01	   1.6340872263464384e-01	   2.6194592072307010e-01	   2.3817932289539170e-01	   3.3872607065241539e-01	   2.5640959479702385e-01	   1.9380770008524903e-01	  -6.4702761647906656e-02	   3.1136743530377459e-01	   2.2078263260755428e-02	   1.5813913292922727e-01	   4.9831430847861402e-02	  -6.1519624814836155e-03	   8.9128214435396924e-02	   1.7224782437961128e-01	   2.3152093939596269e-01	   8.8253188981848502e-02	   5.6787926619796723e-02	   1.1164464351174341e-01	   4.1106600359098390e-02	  -1.0437344473736267e-01	  -2.0433846685032878e-01	  -9.0386005067000369e-02	
   5.2600333531681831e-01	   6.3945698220689273e-01	   7.6749389083011474e-02	   4.3896352502609801e-02	   1.0391578187210626e-01	   1.2639397194648858e-01	   3.2936007705889664e-01	   2.3212038371146035e-01	   1.0584868868597029e-01	   2.4089401342964965e-02	   5.9866245728488554e-01	   0.0000000000000000e+00	   7.0903940632149953e-01	   9.2925984205654077e-01	   1.1308860002049573e-01	   1.6703096938915934e-01	   5.2119299222455950e-01	   7.1830094232209518e-01	   1.0960495321070360e-01	   4.2407530484093708e-01	  -4.2140190395056165e-01	  -3.9997268217043869e-01	  -1.1109187705434254e-02	  -2.6390825752668046e-02	   5.1767470573905482e-02	   2.0238377400843982e-01	  -1.7352743190860603e-01	  -1.9916428646403314e-01	   7.2922656548218234e-01	   7.2994372880927227e-01	  -1.1055575677010265e-02	   1.3036077965269738e-01	   4.4244088946442189e-01	   3.9365506498982089e-01	  -5.3043771774785040e-03	  -4.6032479134863555e-03	  -1.5393810145257586e-01	  -2.1354459153795016e-01	  -1.2881784377312411e-01	  -1.2766041333852129e-01	  -2.1049550197086594e-02	  -5.7269240969442560e-02	   2.2270212931533243e-01	   2.2354323818416183e-01	   2.4125292485888189e-01	   2.0406623254166170e-01	   2.4154770655542229e-01	   2.0418516251222232e-01	   3.2456544222979505e-01	   2.5314861561080304e-01	   2.9658997345996629e-01	   2.1337456002943617e-01	   2.5420382765604627e-01	   9.2584099331757430e-02	   2.4858121532382965e-01	   2.0857732872274343e-01	   4.0269849633251581e-01	   4.9838293796683858e-01	   4.4782015825661253e-01	   3.9299054988334814e-01	   5.6791883676045796e-01	   4.5254690767252126e-01	   8.6730695417475734e-01	   7.8522189504399653e-01	  -2.7829821818351369e-04	   7.6592667757899330e-02	   3.7733720960613065e-01	   3.1675017038710623e-01	  -3.7050442347066267e-02	  -2.3974906715460670e-01	   2.3313364517563454e-02	   2.5751357426527677e-01	   5.3141670919251083e-01	   6.3615048240054872e-01	   2.3029123692530284e-01	   5.0825590418093958e-01	   4.7924350942848043e-01	   6.7327954841301951e-01	   5.0513286397748225e-01	   4.2516934400328754e-01	   6.6370017413299842e-01	   5.9976289981143693e-01	   1.8097283178603368e-01	   2.3610705148808908e-01	   2.6088644235122943e-01	   1.2212454501529324e-01	   7.1216125798954782e-03	  -7.4014474025798790e-02	   6.3628043607300205e-02	   2.8472542495513692e-01	   1.3674179269117501e-01	   3.6076651857359435e-02	  -2.1163675952518080e-01	   1.0196197868680175e-01	   3.3788918325976788e-02	   9.8215119269849938e-02	   1.9325160071622011e-01	   1.5403286673979971e-01	   3.6006387623421854e-01	   2.1182774873088922e-01	   1.6795985332090879e-01	   2.8806540968286382e-01	   2.1766316071937694e-01	   2.8566213876191410e-01	   1.4485757322655163e-01	  -2.6767878098609268e-02	  -7.1925227995317019e-03	   8.7779105711826677e-02	  -1.1779207413175475e-02	  -3.9059113909427186e-02	   8.0143289574438767e-02	   1.7263523352096088e-01	   1.1057807218364245e-01	   8.9484546054105996e-02	  -1.1734118781408086e-01	   9.0448506493223928e-03	
   5.9247433271382022e-01	   5.3207947831838009e-01	   1.5671620481061771e-01	  -1.7993610527581272e-01	   4.0829496779652424e-01	   4.0970728652151556e-01	   3.3173121863872324e-01	   9.7531360264100420e-02	   2.7929520616821701e-01	   2.5930720061901813e-01	   7.9903302980499769e-01	   7.0903940632149953e-01	   0.0000000000000000e+00	   8.2639679177854586e-01	   3.9935654674987214e-01	   2.7347501039732608e-01	   3.0497167152689114e-01	   5.5034437369310929e-01	   1.0535582678398900e-01	   2.7164532263397267e-01	  -4.2983988719451632e-01	  -4.2008581321646377e-01	   7.6553816830611424e-02	  -1.5515833376151669e-01	   2.4176529782204181e-01	   2.8266637796759464e-01	   2.2097093543738362e-02	  -1.2337112466206004e-01	   5.3622110345577467e-01	   5.6336275075197273e-01	   6.5742892621434325e-03	  -6.6262440978835366e-02	   2.6219141250431005e-01	   2.9487925127813963e-01	  -1.3872645885438969e-01	  -1.0547212287072007e-01	  -1.5239977162458397e-02	  -4.2108634743029075e-02	  -5.4631700430735767e-03	   7.2771002903512585e-02	   1.5003979197359482e-01	   6.0607170844835169e-02	   1.1979313629571867e-01	   8.4924937177710158e-02	   1.7496687573590283e-01	   6.6904502800835514e-02	   1.8911533305873923e-01	   1.1184288012621998e-01	   2.0456747510679230e-01	   1.2195525698892135e-01	   3.2405616732617926e-01	   1.2316722776644555e-01	   3.4281090589893093e-01	   1.1415965928642949e-01	   2.2362172723204640e-01	   1.3547179029453599e-01	   4.3755528790994508e-01	   4.8395567216332647e-01	   1.9866343956985516e-01	   1.6708748326389714e-01	   6.3015030812876160e-01	   5.2855088006973172e-01	   4.1740431613605983e-01	   4.5551036083802099e-01	   1.3086964744980711e-01	  -3.1548364142488759e-02	   7.9206752922941118e-02	   9.1910709597593648e-02	  -1.4436458791494547e-01	  -2.0107460451749590e-01	   4.4654121273617085e-02	   3.3829302866516808e-01	   5.3627605434417425e-01	   4.1536578406798186e-01	   2.9266983951844405e-01	   4.4356805934208166e-01	   4.3804090047865207e-01	   5.4631816865868865e-01	   5.7454106921293069e-01	   6.0463257908435608e-01	   4.2909412490913706e-01	   4.3416459334287361e-01	   2.7114383361440464e-01	   1.7610154943958514e-01	   3.6792727137103687e-01	   1.3324444194484195e-01	  -1.8458862709564688e-02	  -3.2319063822219229e-01	   2.6493394710065266e-01	   3.6680853512402434e-01	   3.8475966694211839e-03	   9.6183941460046635e-02	  -2.6541100575047066e-01	   1.2715640569765327e-01	   3.2623247411253609e-01	   2.1032481163262540e-01	   2.7470454077510420e-01	   2.9637143115325759e-01	   1.6601609040462317e-01	   8.5322463916879296e-02	  -1.3461436486172454e-01	   5.3347954714559852e-02	  -1.7563773876511213e-01	  -1.1045326483419211e-01	   7.1762421829345793e-02	  -1.5294973232744297e-01	  -1.3946939441306669e-01	  -7.0207750540128955e-02	   7.5766298736043375e-02	   8.9159797765268570e-02	   1.0990992586582736e-01	   4.1618620641316786e-02	  -3.8345348539513380e-02	  -3.4295458340277751e-02	  -8.1278623921448301e-02	  -2.1505670302246230e-01	
