   0.0000000000000000e+00	   1.5376256132410275e+00	   1.1499921371413502e+00	   8.3024930181386936e-01	   3.4105540880976559e-01	   1.5832285265378224e-01	   1.0334551808098207e+00	   5.0589164582965807e-01	   4.0962092190349131e-01	   5.6449229888474672e-02	   8.1244523815504954e-01	   8.5963008176848565e-01	   8.6244276787548169e-01	   6.2016984983056567e-01	   6.3329526430907923e-01	   6.7294206932707101e-01	   1.0060412191632668e+00	   8.7642584767399712e-01	   1.5705553029911510e+00	   1.3871031265977116e+00	   4.6509124025268805e-01	   2.9617673106061160e-01	   1.0455384799727052e+00	   8.9445498293261672e-01	   7.0887904593418338e-01	   4.4171379202138195e-01	   3.3166598854132245e-01	   3.5316135687495159e-01	   8.7524489978777020e-01	   9.2847501109889807e-01	   7.2486267753766875e-01	   7.7125095029416002e-01	   1.2113329319733801e+00	   1.0093376749199579e+00	   8.1371932891265275e-01	   7.2427038415768918e-01	   8.9984827063532544e-02	   3.1145034610926542e-01	   6.3620465913043844e-01	   5.5224145858776552e-01	   6.0678014810042913e-01	   5.9932518619376429e-01	   9.2926879261833184e-01	   8.4195132430968500e-01	   9.8427827600597695e-01	   8.6335668491632789e-01	   9.3417150741476618e-01	   9.2605317087139083e-01	   8.7152229038598494e-01	   8.9908296397816700e-01	   9.8906113447710353e-01	   9.2705187326274585e-01	   7.1449421435476679e-01	   6.5172190259409624e-01	   9.7288027694645662e-01	   8.6448314987223007e-01	   1.3897032505655547e+00	   1.1750294548939508e+00	   1.0702935363666175e+00	   8.7810438980173156e-01	   1.1133466296858183e+00	   7.4340310297472867e-01	   1.0457553626519909e+00	   1.3627942704896592e+00	   4.9496422444327581e-01	   5.4487808485183842e-01	   1.1800011072668912e+00	   1.0847957622303381e+00	   9.1068432319143011e-01	   1.0104789842771547e+00	   5.0146529227903747e-01	   3.9986119420065558e-01	   9.2924970334308343e-01	   9.6487797906021588e-01	   9.7811185201683337e-01	   8.9025528190101777e-01	   5.6599009183313498e-01	   5.5976017356047070e-01	   1.0547675572645159e+00	   7.7490643389628922e-01	   1.1114599788922592e+00	   1.1049034927035395e+00	   9.9740785810718746e-01	   9.0548445405290434e-01	   9.4093836031903888e-01	   1.0332339594867834e+00	   7.6962385627644447e-01	   6.1401474591417959e-01	   6.4001671219565792e-01	   8.3348400985644922e-01	   7.4203379240091016e-01	   8.7109793842233585e-01	   4.3133784992611268e-01	   7.3284059368023735e-01	   1.6380443652685200e-01	   6.9336269999875133e-02	   7.2426903393842612e-01	   7.3835271244946088e-01	   8.7788058248672773e-01	   9.2034051496310210e-01	   1.8984469563768158e-01	   5.0152247335511313e-01	   4.8501039550845626e-01	   6.0116286827650534e-01	   1.7111235668011332e-01	   3.6626479807743301e-01	   2.0155001704417780e-01	   1.4314474830888049e-01	   9.3274670633100937e-02	   4.6594751675010265e-01	   5.4885993478194095e-01	   1.0426236316767157e+00	   8.2575686633499612e-01	   5.6678359351144536e-01	   7.6620117663776954e-01	   2.8095656626490750e-01	
   1.5376256132410275e+00	   0.0000000000000000e+00	   1.0409107484653253e+00	   9.8664248453528991e-01	   2.8465126765969229e-01	   1.8031999458700604e-01	   9.2965488253172968e-01	   5.5327407302888365e-01	   3.3226358186790417e-01	   4.7522521943049095e-02	   8.0166029834469721e-01	   8.4243434766751446e-01	   7.6496940221749465e-01	   6.7857421186482092e-01	   5.6986179585683294e-01	   6.7217186157910935e-01	   8.7418800188824419e-01	   7.3172745865977573e-01	   1.3072344233300828e+00	   1.3939763765051225e+00	   3.5046664841855912e-01	   1.9978211498045914e-01	   1.0285826218097645e+00	   8.7818256557129426e-01	   5.7568081044111907e-01	   4.0254468151460804e-01	   2.7832010344348163e-01	   2.9895688408191001e-01	   7.1185694347571071e-01	   7.4300812258994253e-01	   7.1320307264928895e-01	   7.8393387024108641e-01	   1.0246371016384261e+00	   9.2673017536389402e-01	   8.4796811728852672e-01	   7.6046704026544232e-01	   7.4885823306627561e-02	   3.0280485753568381e-01	   5.4759809287529448e-01	   5.4091842894416575e-01	   5.0570362215377307e-01	   6.3480173613395807e-01	   7.6141798898898716e-01	   6.7421303676011790e-01	   8.8984437413763051e-01	   7.6968040800460180e-01	   8.0486301053066378e-01	   7.8597243974249453e-01	   7.8890244157531864e-01	   8.8493737265721895e-01	   1.0500102935346765e+00	   1.0250772356446893e+00	   8.0068059732823016e-01	   7.6340638714959896e-01	   9.3853453006976073e-01	   8.1157977117467817e-01	   1.2435871864406396e+00	   1.5840200175372561e+00	   1.3069782381476303e+00	   1.1208960905518002e+00	   1.1642380530700485e+00	   9.6841264675724681e-01	   7.8269673623024760e-01	   1.2853108301568974e+00	   6.3107025910045955e-01	   7.3730152985135600e-01	   1.1785543298798224e+00	   1.0598122825658012e+00	   1.0341835315532668e+00	   1.1135089535713965e+00	   5.6836564524745281e-01	   3.6352862234645489e-01	   9.6907663165574720e-01	   8.1067398971686311e-01	   9.2953350801933854e-01	   8.7911931927304077e-01	   4.5991295538925020e-01	   5.0933337722972860e-01	   1.0574836629441662e+00	   7.3365174175995285e-01	   1.0453431406710079e+00	   1.1163039682263194e+00	   8.9348041350307372e-01	   8.1613781060143309e-01	   1.0892879556470820e+00	   1.0663538778945840e+00	   7.8216734580919323e-01	   6.7522167626607621e-01	   7.5672209680463332e-01	   9.7450984198214574e-01	   7.2215873323289126e-01	   7.6088620189566947e-01	   4.0411831503498907e-01	   7.0819644638103330e-01	   6.7590740881522685e-02	   6.1413363225954511e-02	   5.9488828805060923e-01	   6.3163729401880109e-01	   7.9403916700851673e-01	   7.8048119310053587e-01	   1.5084352202218709e-01	   5.1336341247275286e-01	   4.7974430052844497e-01	   5.7005185267412906e-01	   1.9591879810777310e-01	   3.9572937541515280e-01	   2.2508885719190003e-01	   1.3044628433774191e-01	  -3.7354529350060839e-02	   3.3577583056865151e-01	   5.4501069183738149e-01	   9.3261433236820446e-01	   7.4197318362865894e-01	   5.3224720025336747e-01	   6.6728491939774381e-01	   2.5428004112939545e-01	
   1.1499921371413502e+00	   1.0409107484653253e+00	   0.0000000000000000e+00	   9.6875859411949194e-01	   5.4347047448923602e-01	   2.5519195961663921e-01	   1.2788282128863453e+00	   5.4229668397879749e-01	   4.8829525480446156e-01	   1.1523027847469779e-01	   5.6060325218614571e-01	   4.9489542069575698e-01	   6.0887340534025269e-01	   4.7796035250018426e-01	   8.8746713767789742e-01	   6.6386541817341738e-01	   7.1198715263544055e-01	   6.0585513950185144e-01	   1.0573939043092471e+00	   1.0120661722070681e+00	   6.6443635940600221e-01	   5.0646916429830513e-01	   1.4211165839122282e+00	   1.1751985427817011e+00	   7.9189521471812085e-01	   5.5842394179741717e-01	   7.1898410201044127e-01	   7.1005121509007429e-01	   6.2737530664978625e-01	   5.6080564027225233e-01	   7.1710502600104720e-01	   7.5893788073210522e-01	   8.6330272712128597e-01	   8.1044999324552547e-01	   1.1511260258221685e+00	   9.7437735677581983e-01	   5.9570446149686949e-02	   4.3431367384741493e-01	   8.0618969916599281e-01	   6.3114090892516173e-01	   4.9142125745163323e-01	   6.8715021421528333e-01	   8.1835815616753971e-01	   6.6156784070790020e-01	   6.8100513964246412e-01	   5.7880315806743121e-01	   8.1597623448864587e-01	   7.7358269295922244e-01	   6.9601091214600008e-01	   5.9258317672186256e-01	   9.2945605305466827e-01	   7.5164757865959919e-01	   6.9247447673367157e-01	   6.1526794657544237e-01	   8.5208399668244117e-01	   7.0891064853016328e-01	   1.1328340236220937e+00	   1.0162482745108394e+00	   9.3720574574672977e-01	   6.5723261091728569e-01	   9.7729452219123147e-01	   5.1459648313224926e-01	   7.6849116516217653e-01	   8.9005053344348806e-01	   7.7128336917010942e-01	   5.9985892593040369e-01	   1.0315169975150025e+00	   8.7207365148651672e-01	   9.1433126994328062e-01	   9.6497275997521115e-01	   6.3350709771277280e-01	   4.6203034973081997e-01	   6.1396662731253160e-01	   6.4725141259599850e-01	   7.8713621747065310e-01	   7.4725031142503306e-01	   3.6786127127478563e-01	   4.8959899495714410e-01	   8.8656899713638015e-01	   6.9518757485258886e-01	   9.1482526482692916e-01	   9.7292855979142756e-01	   8.8133789077421210e-01	   7.3144524351276563e-01	   1.0751971367428017e+00	   9.0099920320527049e-01	   8.1327060681480812e-01	   7.3716531933802643e-01	   8.8111846248197723e-01	   8.8844108382996689e-01	   7.8779314604356432e-01	   9.1089943313132782e-01	   5.7557034189814771e-01	   9.0854237557102613e-01	   8.8084417097483145e-02	  -8.1851408013011481e-02	   5.9737376911731210e-01	   6.5618997896204567e-01	   7.0349933536833409e-01	   7.5916103449186023e-01	   1.3567084060315002e-01	   4.7394723209958028e-01	   3.6806935591064061e-01	   5.6511184083400445e-01	   1.8389884437812618e-01	   4.6413992570937718e-01	   9.5994045526419325e-02	   1.3757126252404250e-01	  -7.3799433226612851e-02	   4.3615569145024174e-01	   6.1682338582543017e-01	   8.2378893851165180e-01	   6.6900342701863524e-01	   4.8427132433239917e-01	   6.1656208788493194e-01	   8.9710053638514461e-02	
   8.3024930181386936e-01	   9.8664248453528991e-01	   9.6875859411949194e-01	   0.0000000000000000e+00	   7.2700746162245466e-01	   6.9046403040894511e-01	   9.8761377370540204e-01	   1.1437910155508413e+00	   5.8648260898427740e-01	   4.5861550009150731e-01	   7.1773790139646620e-01	   7.9004212937069362e-01	   4.3839408649609279e-01	   7.6806641341232018e-01	   7.3259975641902353e-01	   1.1061306294507378e+00	   6.8858421029706651e-01	   4.1885057181846608e-01	   9.6310864394657159e-01	   1.1326349017101809e+00	   4.1574027626045651e-01	   4.0544984041732385e-01	   9.7866290685477852e-01	   1.2228379097013726e+00	   4.1760985005911611e-01	   5.8584083830153411e-01	   4.8064338547827434e-01	   5.6291542097076253e-01	   5.7329988042764812e-01	   5.4302552640837387e-01	   6.2301413167289532e-01	   8.1593748315152059e-01	   6.9376986248766037e-01	   7.6280266811715491e-01	   7.4880572133945988e-01	   8.3807576926214378e-01	   1.4245253085496651e-01	   4.3882069713607569e-01	   6.9702520912575583e-01	   6.4602330390662022e-01	   4.7245255413252241e-01	   6.2172289963046978e-01	   7.3781950201723057e-01	   5.5833957667190759e-01	   6.8550711060416281e-01	   6.3903437599236379e-01	   7.7529792031260614e-01	   7.5435557946908216e-01	   5.9217891473915651e-01	   6.9399073957227397e-01	   8.2192360679531240e-01	   8.6489759870983951e-01	   9.2779196089500671e-01	   6.7286800686415027e-01	   1.0242737822197459e+00	   8.9253063862598236e-01	   8.3634355656260884e-01	   8.9354696534430200e-01	   9.2205998390209509e-01	   1.0220062397166492e+00	   9.8720602722495598e-01	   9.4842412471416693e-01	   5.5376666774010053e-01	   7.1592254959394652e-01	   6.3762637103732522e-01	   9.3634158941450962e-01	   9.6101485276159548e-01	   9.4960757625924064e-01	   9.5355757911861816e-01	   1.0524585059400353e+00	   5.7592218411751595e-01	   4.7560056081060548e-01	   6.2047518842988125e-01	   6.1453673731748060e-01	   8.1674362066204909e-01	   8.5967264012087685e-01	   3.4214279989768720e-01	   6.0568246171782658e-01	   8.4218462709169017e-01	   5.0983240118109718e-01	   1.0369054494989915e+00	   9.7446295791815185e-01	   8.4152972834969275e-01	   8.1516985660928698e-01	   1.1402466345203273e+00	   1.3071926195174188e+00	   6.8489836888503064e-01	   7.3359028572721874e-01	   1.0152080022108239e+00	   1.4934786826832509e+00	   1.1333833915594274e+00	   9.8726975186920540e-01	   8.8778547638052574e-01	   9.7725552618926148e-01	   1.1264423466580734e-01	   1.0147259111029550e-01	   6.0016763529878570e-01	   7.3327403182894990e-01	   8.2644822992139177e-01	   8.1710253047794013e-01	   2.0971557984943062e-01	   6.0607240621989544e-01	   4.6630780986124881e-01	   5.8559999319134193e-01	   2.2011564387297328e-01	   4.6530013796230008e-01	   3.1263438283278699e-01	   1.6684853630473973e-01	  -3.3625756872634992e-02	   4.2849261068353606e-01	   8.0370287704179388e-01	   1.0738734033640227e+00	   8.6857429779610162e-01	   6.4238350795623356e-01	   6.6098025246971703e-01	   1.2764606468403866e-01	
   3.4105540880976559e-01	   2.8465126765969229e-01	   5.4347047448923602e-01	   7.2700746162245466e-01	   0.0000000000000000e+00	   1.1718003099057563e+00	   5.2011176794382563e-01	   6.7015833427230920e-01	   1.2393900297457443e+00	   9.7524453449953508e-01	   2.9046951521425091e-01	   4.0432999563596533e-01	   2.1764233298720709e-01	   3.0369277146911050e-01	   8.3268185801038042e-01	   6.9167460755663723e-01	   4.8225575606265064e-01	   3.9124744050042215e-01	   4.9228735061606654e-01	   4.9090745691454440e-01	   6.6252221140646050e-01	   6.3702588393656900e-01	   5.9211249933989962e-01	   7.0695531967170122e-01	   4.5525412873294685e-01	   7.2264916184333439e-01	   6.4720592206178762e-01	   6.8663489659861709e-01	   5.0343054376879348e-01	   4.3374000920828970e-01	   4.8298608951582112e-01	   5.7607280299377828e-01	   4.2184572633338940e-01	   4.1437816858785753e-01	   3.4741318797627091e-01	   4.9423387101932759e-01	   4.3101649113669017e-02	   3.2467159085026787e-01	   5.2159585507539008e-01	   5.1034912224515838e-01	   2.3705168939583135e-01	   2.2610276482041705e-01	   4.5342389506677100e-01	   3.3786610056651878e-01	   3.5369856332508309e-01	   4.0098823928257815e-01	   4.6790833623732719e-01	   4.4918404507279153e-01	   2.6030581303911604e-01	   3.7017051593647377e-01	   3.3351631049470803e-01	   3.6276300469519152e-01	   4.9906741961156065e-01	   3.6344423216985716e-01	   6.2952491715844860e-01	   6.2043852756418116e-01	   3.2624873819682532e-01	   2.0709104400091016e-01	   2.9611450472473760e-01	   2.8313588765939351e-01	   3.2407575605999805e-01	   2.3899211407727067e-01	   3.3467094815774012e-01	   2.2386477834863275e-01	   2.3084514526855543e-01	   2.8920161651324200e-01	   3.5737330196111000e-01	   4.0366221892734933e-01	   2.8418618840658499e-01	   3.6854332819469321e-01	   3.6540894163993581e-01	   3.8663753535304618e-01	   1.0270529359382442e-01	   4.2817807044758216e-01	   4.7259520235662467e-01	   5.0923136286262560e-01	   4.6631865334160838e-01	   4.6578132586876919e-01	   4.9937274622450195e-01	   3.4571665052692629e-01	   4.8819164667272785e-01	   4.3846956981852225e-01	   4.6285339185328778e-01	   4.8395204537096809e-01	   4.1871626944574580e-01	   5.0383273338300250e-01	   3.8815204532215902e-01	   2.2820879613471412e-01	   4.6374918423783351e-01	   5.4655844444347657e-01	   6.7757086145875844e-01	   6.4256984614457080e-01	   7.4007073421091329e-01	   6.2719054655950179e-01	   6.1315193431797979e-04	  -1.1588863615999086e-01	   3.9659021170572700e-01	   4.3589742083638705e-01	   6.1422643488256701e-01	   6.0889011096902423e-01	   3.1168281166716411e-01	   3.9027458246985880e-01	   3.4097437582991852e-01	   3.8531129833818439e-01	   2.1230053266655477e-01	   4.0640695510131436e-01	   2.4043545927424811e-01	   2.4030197773142095e-01	  -3.2986653050459218e-02	   3.0708996665511262e-01	   5.1097339506670292e-01	   6.4274717648166457e-01	   6.7813699886816370e-01	   4.6316875720264034e-01	   4.2389170888553618e-01	  -5.4982720922661814e-02	
   1.5832285265378224e-01	   1.8031999458700604e-01	   2.5519195961663921e-01	   6.9046403040894511e-01	   1.1718003099057563e+00	   0.0000000000000000e+00	   2.4972332799870445e-01	   8.7123551044561942e-01	   9.4786440210524225e-01	   1.3119062761930349e+00	   2.7986635073237448e-01	   3.4323334327222454e-01	   3.4187546229604099e-02	   3.8012986792104875e-01	   4.7009260637793132e-01	   5.7523427015638906e-01	   4.2895140958226785e-01	   2.6093948746933787e-01	   2.8822164948410833e-01	   3.9315663430937658e-01	   4.0985271719495830e-01	   4.6696907295688683e-01	   3.6015154408344319e-01	   5.5604802739095838e-01	   2.7464276615697725e-01	   7.6603516250695203e-01	   4.7579287665517739e-01	   5.6942448074137830e-01	   3.9972629897551054e-01	   3.3075070854477223e-01	   4.0721536950946485e-01	   5.5327016028197451e-01	   2.8569940922381365e-01	   3.8107484942110043e-01	   2.1062281919937487e-01	   3.2783174340913784e-01	   8.7109691533433148e-02	   2.2652721772364728e-01	   3.1461630267574170e-01	   3.6840835445826026e-01	   7.8318171078759019e-02	   9.7256483641950719e-02	   3.1404351568801198e-01	   2.0202669508884274e-01	   2.4778293750120295e-01	   3.2324186617919770e-01	   2.6162050729334696e-01	   2.7307357229104523e-01	   1.6882947150074407e-01	   3.5293712878253197e-01	   2.6195388239806261e-01	   3.5218053642898212e-01	   4.7044223437083493e-01	   3.3969325208345619e-01	   4.3167486860692411e-01	   4.9408883280252913e-01	   1.7776566522701104e-01	   8.6681712834280542e-02	   1.4093538674757533e-01	   2.2561853827981498e-01	   2.2357694386722018e-01	   2.0185188827134434e-01	   2.3578618699638804e-01	   6.7889839963943030e-02	   1.5082113667089536e-01	   2.0982213010216580e-01	   2.0540915825318110e-01	   2.7964433771803349e-01	   1.9821724370496993e-01	   2.8875340151954715e-01	   3.9257495321046798e-01	   3.0756056354466671e-01	  -8.3320733833771851e-02	   2.8784286164961187e-01	   4.5379714119018844e-01	   4.6294567076303728e-01	   2.8496648195701491e-01	   4.0941049538109253e-01	   3.9625071408795937e-01	   3.2866873203808439e-01	   3.9686876096841334e-01	   3.0129677924057813e-01	   2.2731474363354870e-01	   2.6111183603196764e-01	   2.7600791651140477e-01	   4.1484507161494627e-01	   2.1094444260807849e-01	   1.1474849714910887e-01	   3.5931788501102035e-01	   5.3412182708783018e-01	   5.2519632508347425e-01	   4.3367038515080358e-01	   6.5502249518005429e-01	   3.9566863508236760e-01	  -4.0858216388193841e-02	  -1.4358114588549514e-01	   1.7966019593066707e-01	   2.5079079175925112e-01	   3.7093153334806761e-01	   3.2563611412848459e-01	   1.5973668696747517e-01	   1.7622364744318672e-01	   1.4281112336819188e-01	   1.2606464529699510e-01	   9.5231903474048113e-02	   2.1598739093302208e-01	   1.2610161950740839e-01	   8.7457079322398060e-02	  -7.8250175106257203e-02	   1.5996216102940450e-01	   3.5844944443265858e-01	   4.7696965430022620e-01	   4.7081570532022432e-01	   3.6024382043156228e-01	   3.2020186803815776e-01	  -8.4427667375536308e-02	
   1.0334551808098207e+00	   9.2965488253172968e-01	   1.2788282128863453e+00	   9.8761377370540204e-01	   5.2011176794382563e-01	   2.4972332799870445e-01	   0.0000000000000000e+00	   6.7575249542519100e-01	   4.2582631261983472e-01	   6.4595338559631135e-02	   7.8251091951089613e-01	   7.2297365551088233e-01	   7.1526965109093810e-01	   5.6569308878792790e-01	   6.2856849782733626e-01	   6.4515572852554304e-01	   6.1536844415350878e-01	   5.9882774577341802e-01	   8.7250102750051972e-01	   8.4909775093932227e-01	   4.3549940390164960e-01	   3.2033748949058610e-01	   1.0438400944568651e+00	   1.0194712831139343e+00	   4.8810712318684191e-01	   3.5163691496516208e-01	   5.0032109156817606e-01	   4.5638350497746916e-01	   6.1197696495019560e-01	   5.6556448986543062e-01	   6.6334579971380825e-01	   7.5319824419288339e-01	   9.0499560958700398e-01	   8.2533816893733025e-01	   7.4529431407493429e-01	   7.3747372677384060e-01	   2.6932805400615139e-02	   3.1849671101513538e-01	   7.4825218299527430e-01	   5.1721134575525018e-01	   4.3256488703002249e-01	   5.1464875663643195e-01	   6.8904006148343466e-01	   5.6261650494865567e-01	   6.4758435262701963e-01	   6.0385189641124493e-01	   7.2257483465243877e-01	   6.9204627455531509e-01	   6.5887551443747627e-01	   5.7488800728169742e-01	   6.7293015763242636e-01	   6.3060600005880174e-01	   5.3721371246852379e-01	   3.7449908961310197e-01	   8.1461867027221047e-01	   6.5320913227555377e-01	   9.4105491626247084e-01	   8.6802443240286198e-01	   7.9863930774186531e-01	   6.8721194122843221e-01	   1.2277750077085221e+00	   7.4356366036861765e-01	   8.0100367720672205e-01	   8.7385284507845362e-01	   7.2664307701175757e-01	   8.4857242692699675e-01	   8.7441707864013962e-01	   7.4918303943095343e-01	   6.5086562210823673e-01	   6.7863090497863332e-01	   4.3582344973979648e-01	   3.8917271527170605e-01	   6.7413443133828599e-01	   5.6473138874362072e-01	   8.0595287785066971e-01	   6.9775513132471023e-01	   2.6095390799011209e-01	   3.8106819503882000e-01	   7.1112106433782096e-01	   5.0727046911959350e-01	   7.6700672139762216e-01	   8.3250514552954646e-01	   8.0281383441463516e-01	   6.7771694028804674e-01	   8.7930624893016296e-01	   8.3102064366503237e-01	   8.3904831642049993e-01	   7.2302845520536385e-01	   8.9480583127078805e-01	   8.2999441805947449e-01	   7.9215895123466773e-01	   9.4803469112435745e-01	   6.0138614141961999e-01	   8.4553122856934959e-01	   1.8069536176532494e-01	   8.3604777412109657e-02	   5.6952765008340256e-01	   5.7153389455462744e-01	   6.7114485380406008e-01	   7.0796238430552527e-01	   2.7597093603266221e-01	   6.3150305316860178e-01	   5.7186883957965218e-01	   7.3206136187709758e-01	   3.2834492288110995e-01	   4.6540672676042127e-01	   2.9016230487680617e-01	   2.2119612159194005e-01	   1.3279295209860665e-02	   4.6680608706899218e-01	   5.5574821012535236e-01	   7.6993170403305011e-01	   6.3209060909631898e-01	   5.5816399000395911e-01	   4.3942887234925954e-01	   8.7604091621563379e-02	
   5.0589164582965807e-01	   5.5327407302888365e-01	   5.4229668397879749e-01	   1.1437910155508413e+00	   6.7015833427230920e-01	   8.7123551044561942e-01	   6.7575249542519100e-01	   0.0000000000000000e+00	   5.2750608778247143e-01	   6.0405925401192884e-01	   6.5606995173320415e-01	   6.8693464989066655e-01	   2.7862246358085224e-01	   6.3193938500930091e-01	   4.0732121464551779e-01	   6.6649634800982793e-01	   5.3374096231288093e-01	   3.2232007248923072e-01	   5.7265196645285599e-01	   6.9587148733979076e-01	   2.4767768605681201e-01	   3.1211517610115586e-01	   5.3120313919045947e-01	   7.6394777183853513e-01	   1.2715837920805564e-01	   4.3171550136163445e-01	   2.9428681174047355e-01	   3.7200213061061299e-01	   4.1737200370786548e-01	   4.3899641037784332e-01	   4.1719624659794330e-01	   6.3004010744612848e-01	   5.3667385402669077e-01	   7.0578904804795972e-01	   4.5070662321172034e-01	   5.1838192579667064e-01	   1.4748374534239367e-01	   3.2916476747201273e-01	   4.5762261281673411e-01	   4.1659727616797859e-01	   2.5739668164433882e-01	   3.0545838804151282e-01	   5.6775020278658683e-01	   4.9099733826583269e-01	   5.6364159604629338e-01	   6.1534521607473747e-01	   5.5884722137199361e-01	   5.0917282088502369e-01	   4.8170130253141119e-01	   6.7411803311755936e-01	   5.8708506051888232e-01	   6.6368292187761757e-01	   7.0487379143996309e-01	   4.6768980726327342e-01	   6.5992579780443550e-01	   6.4587223420184170e-01	   4.1849124809996696e-01	   4.1039085377683521e-01	   5.6611240508798866e-01	   6.5745644388980995e-01	   7.5146936760963912e-01	   6.9060749701225477e-01	   5.1709529412303512e-01	   4.2850961335795607e-01	   4.3196792435325970e-01	   5.4071887855038581e-01	   5.3692491952777788e-01	   6.0706021832499579e-01	   3.8092685577442614e-01	   4.9969776930725773e-01	   5.5338967624121427e-01	   5.4051271673700918e-01	   2.4816071418627472e-01	   4.5354077712944479e-01	   6.8953321663643385e-01	   8.0943979500183072e-01	   2.4268358719690894e-01	   5.9428725268041349e-01	   5.4382698059683554e-01	   3.2757763166934806e-01	   6.0485556129067730e-01	   4.5468388166852175e-01	   3.8931329393811265e-01	   4.1898297332317197e-01	   5.8131765424673465e-01	   7.4308535919481633e-01	   3.6368486022494401e-01	   3.2953303340890666e-01	   6.5054103930902563e-01	   9.5798486843787312e-01	   8.8174682186156250e-01	   7.4980127294874188e-01	   8.5091467624211947e-01	   6.5462054998280417e-01	  -3.4640636074150410e-02	  -8.2843116747182172e-02	   2.9017573057631019e-01	   3.4187670152614924e-01	   5.5408191249564631e-01	   4.6893844132398110e-01	   1.1864533528731672e-01	   3.7058975289531371e-01	   2.8495311165632115e-01	   3.3460090572525086e-01	   1.6009094580282551e-01	   2.7261050350433902e-01	   1.8328516927414054e-01	   1.9960015792311811e-02	  -1.8054552084704345e-01	   2.8860197661468379e-01	   4.9234855168982250e-01	   7.1077259286518646e-01	   6.6124182212845273e-01	   5.2679953642499078e-01	   4.8632798242001929e-01	   1.8481839804314983e-02	
   4.0962092190349131e-01	   3.3226358186790417e-01	   4.8829525480446156e-01	   5.8648260898427740e-01	   1.2393900297457443e+00	   9.4786440210524225e-01	   4.2582631261983472e-01	   5.2750608778247143e-01	   0.0000000000000000e+00	   1.1324055123564731e+00	   3.7253786084069762e-01	   4.8213533258323482e-01	   3.4904063498276894e-01	   4.1045144741869111e-01	   8.6752799539647407e-01	   7.1616100346014921e-01	   6.7827560729404901e-01	   4.6774929259218451e-01	   5.8008252146231243e-01	   5.6200221546648710e-01	   5.6474163391883181e-01	   4.5414247740017949e-01	   4.7396996551806969e-01	   5.4474264539063122e-01	   5.1927574677954014e-01	   6.9964703801453598e-01	   3.5809555931671805e-01	   3.8004035707522171e-01	   7.9169765713119167e-01	   6.9449970688345308e-01	   4.7327569007813836e-01	   5.4825767639925027e-01	   4.2184103722530275e-01	   4.1248800920084816e-01	   2.7765119632947916e-01	   3.5508153391144209e-01	   1.2039902617101618e-01	   3.4716426121979976e-01	   4.1688974498597475e-01	   3.8535631313554486e-01	   2.8088792212129454e-01	   2.0317236086988041e-01	   4.5358335081019585e-01	   3.9601481190898358e-01	   3.4616720965743902e-01	   4.0206401862056929e-01	   4.7716167633715295e-01	   4.4977521283728894e-01	   2.8832532444865877e-01	   3.8642747456979160e-01	   3.8330507766937816e-01	   3.5720091143881222e-01	   5.0524029513519697e-01	   3.7543264572680607e-01	   5.6452645364823395e-01	   5.9241622140501005e-01	   3.3082729146086121e-01	   2.0451873711528215e-01	   2.6476204090024286e-01	   2.4634934636297895e-01	   2.9249313838650820e-01	   2.3182190888744625e-01	   3.5486811718434524e-01	   2.4547631013414212e-01	   1.5733962630510781e-01	   1.8621566914998350e-01	   3.8130135549478639e-01	   4.2695404514579388e-01	   3.0193779613646676e-01	   3.8105010644476056e-01	   4.3531566583043552e-01	   4.6132565208484277e-01	   9.5142310409676620e-02	   5.0243279640893235e-01	   5.6398569438151280e-01	   5.0195784545528555e-01	   7.1820889209003136e-01	   6.5193087988498011e-01	   6.6209610314358969e-01	   4.1530599205227881e-01	   5.5933480542266267e-01	   5.3152345912957655e-01	   5.2143108435817376e-01	   5.8084317069757274e-01	   4.0006825012443459e-01	   5.3560691220524226e-01	   3.0945349404357020e-01	   1.6454950504789836e-01	   4.0408081644614169e-01	   4.3304611681960248e-01	   5.3529152775524114e-01	   5.4405122158463670e-01	   4.9394193968418743e-01	   5.2861773656683797e-01	  -3.9115725710384054e-02	  -7.2371068343271019e-02	   3.2052920106063648e-01	   4.0699788954259042e-01	   5.7969945411240309e-01	   6.1474950935407857e-01	   3.1705007311342626e-01	   3.3765482417107479e-01	   3.3133132641217544e-01	   3.6253915149558036e-01	   1.0980899874211515e-01	   3.3274573722992073e-01	   1.0207607453052114e-01	   1.6853223780074980e-01	   7.0959146014365607e-02	   1.9563101866103486e-01	   3.9968307249096574e-01	   6.1422544566288284e-01	   6.4344665761730369e-01	   4.4122433885135659e-01	   4.9923930577200615e-01	   1.4896225258150930e-01	
   5.6449229888474672e-02	   4.7522521943049095e-02	   1.1523027847469779e-01	   4.5861550009150731e-01	   9.7524453449953508e-01	   1.3119062761930349e+00	   6.4595338559631135e-02	   6.0405925401192884e-01	   1.1324055123564731e+00	   0.0000000000000000e+00	   2.0473795553692778e-01	   2.9246076031426277e-01	  -3.2114732188250159e-02	   2.8280885236573122e-01	   4.5268357425390127e-01	   5.5080542490572559e-01	   4.1837886397629193e-01	   1.6749898542655989e-01	   2.4843681848020868e-01	   2.9099281938911992e-01	   3.2591446038097838e-01	   3.2695665536235241e-01	   1.7849111944141172e-01	   3.2638764250915314e-01	   2.3813734186942878e-01	   6.3443537286752294e-01	   2.3359583504968479e-01	   3.1480115001862130e-01	   3.7355797016589148e-01	   3.5146583346168386e-01	   2.4698278624448994e-01	   3.6849961157071476e-01	   1.3988065434309727e-01	   2.1778562033786500e-01	   6.7610434079516515e-02	   1.8254049553281576e-01	   9.7096249273175908e-02	   2.3870957175524687e-01	   1.9427331520043262e-01	   2.8807819317902805e-01	   1.0415168412009218e-01	   1.7093504495007253e-02	   2.4002055126515187e-01	   2.0555149237702508e-01	   1.6892667137087133e-01	   2.3445130701229627e-01	   2.4026788326666032e-01	   2.3211243262253795e-01	   6.4246493420155121e-02	   2.1622194428005997e-01	   1.4004055326537232e-01	   1.6595701661754422e-01	   3.4462331903374449e-01	   2.0530039475519662e-01	   3.3284448499298691e-01	   3.8373306296176646e-01	   2.2759411216136949e-02	  -4.8915363379733276e-02	   2.0692363662143578e-02	   9.7606430617815279e-02	   7.9523320615826648e-02	   1.4249599986740025e-01	   1.1555738869420584e-01	  -3.1814008529250995e-02	  -3.5761983940866833e-02	   5.3530591723414851e-02	   1.0698057166758299e-01	   1.8686162381410590e-01	   9.0703708025395596e-02	   1.5423646598608795e-01	   3.0897703140571831e-01	   3.0501107992109455e-01	  -1.2017206308923557e-01	   2.8459324638729350e-01	   3.6039126645669733e-01	   3.5727279070154444e-01	   4.4787280457077316e-01	   5.2982465505471432e-01	   3.6551501490742083e-01	   1.9586721763850995e-01	   3.2367121395075771e-01	   2.1955282906083717e-01	   1.9309425209493555e-01	   3.0918403465177186e-01	   1.6319522737730180e-01	   3.0522818453867268e-01	   1.2422689976424772e-02	  -1.3116543885018945e-03	   1.9353696154449523e-01	   3.2125389174211161e-01	   3.5110600956711185e-01	   2.7338707888684999e-01	   4.1189644049411100e-01	   2.8090832917363417e-01	  -1.3727862622192885e-01	  -9.4524473896505937e-02	   9.6669760188458992e-02	   1.9710326229128780e-01	   3.5490041320981081e-01	   3.1833846565128832e-01	   1.7993967502849073e-01	   1.7238760232212105e-01	   1.5979797764041687e-01	   1.4079682136162591e-01	   1.1772839124648547e-01	   2.2347711018696476e-01	   1.1605323738177410e-01	   9.2208724727482524e-02	  -8.9822751060145336e-03	   9.5250514374455916e-03	   2.7787780089626940e-01	   3.9387707949769890e-01	   4.3613769659814983e-01	   2.8808324421969672e-01	   3.6265979662193382e-01	   6.8595606156229269e-02	
   8.1244523815504954e-01	   8.0166029834469721e-01	   5.6060325218614571e-01	   7.1773790139646620e-01	   2.9046951521425091e-01	   2.7986635073237448e-01	   7.8251091951089613e-01	   6.5606995173320415e-01	   3.7253786084069762e-01	   2.0473795553692778e-01	   0.0000000000000000e+00	   1.3049947752589501e+00	   7.3604448099942599e-01	   1.2344486937415688e+00	   2.7264529479792854e-01	   7.1952661001400808e-01	   8.4455825196466927e-01	   6.6557051386566923e-01	   7.6638617921605090e-01	   8.8544657305721119e-01	   1.6817710213707086e-02	  -3.5899202635078106e-02	   6.8567677868462085e-01	   7.0698843843808834e-01	   3.3846328415880506e-01	   2.5144337021247298e-01	   1.9019840877307036e-02	   4.5702928912160256e-03	   7.7604576907811484e-01	   8.5822904829432889e-01	   5.7832216930920077e-01	   7.9925613134216145e-01	   7.8655222729165564e-01	   8.0053976609537136e-01	   5.4184196802442908e-01	   5.7527986870745551e-01	   4.0993049729328010e-03	   1.0515749366423528e-01	   3.1783570468974764e-01	   2.0345041650768167e-01	   2.3186122270450923e-01	   1.7848227225074464e-01	   5.9329940456790009e-01	   4.8154859619095136e-01	   6.0845644211387317e-01	   6.9161402760699375e-01	   5.3898374387155790e-01	   5.3599454171207928e-01	   6.1322917165123014e-01	   7.3688088485821646e-01	   6.7897165267369108e-01	   8.0700325816214913e-01	   6.1088846976241151e-01	   4.7198549272740953e-01	   6.5241353782331946e-01	   5.8692422776870024e-01	   5.0024918740819913e-01	   5.8769151985241430e-01	   6.7153995324399984e-01	   5.9864005508571994e-01	   8.8417139861629801e-01	   7.3541315285759057e-01	   7.3944455716609647e-01	   7.9603911756769841e-01	   5.7633703383103052e-01	   6.5243714050774182e-01	   7.3141434275768480e-01	   6.9915114583327620e-01	   6.1837035658557316e-01	   6.2076318063320524e-01	   3.7357478591680188e-01	   4.6743446905662922e-01	   6.6138212872654711e-01	   5.9278904802800669e-01	   8.8770842831383190e-01	   8.9951373494988029e-01	   2.6752836771288030e-01	   6.1254642185879526e-01	   7.0709035049673907e-01	   5.7210898205079841e-01	   7.4464126121384477e-01	   8.0884768919641614e-01	   6.4845698792019235e-01	   6.5769695453436738e-01	   6.8262507574539710e-01	   8.1351293501030009e-01	   4.7177466914980654e-01	   4.6733666384829264e-01	   6.3339621526464907e-01	   7.1217260710154395e-01	   6.7700161451337137e-01	   8.0314507745745845e-01	   4.0718775684786657e-01	   5.2823751827433751e-01	   9.1583097443134337e-02	  -5.5977609569549205e-05	   3.6479313101442251e-01	   4.0857091311389948e-01	   5.2488039162662781e-01	   5.2075466789553104e-01	   1.1609310575442437e-01	   3.7126575567655806e-01	   4.0269345690090164e-01	   4.3488037391821965e-01	   2.7673859119442856e-01	   2.8773654904896628e-01	   2.3922253318654269e-01	   6.2879407140659024e-02	   1.6865555389786177e-01	   5.5639865308424663e-01	   4.3222614073275517e-01	   7.1001271530818288e-01	   5.7927043330263706e-01	   6.1393017621536505e-01	   4.8486212979298954e-01	  -6.4796183979452596e-03	
   8.5963008176848565e-01	   8.4243434766751446e-01	   4.9489542069575698e-01	   7.9004212937069362e-01	   4.0432999563596533e-01	   3.4323334327222454e-01	   7.2297365551088233e-01	   6.8693464989066655e-01	   4.8213533258323482e-01	   2.9246076031426277e-01	   1.3049947752589501e+00	   0.0000000000000000e+00	   6.8691908165359472e-01	   1.1818630862021624e+00	   3.7124453818452735e-01	   8.4671636746577372e-01	   8.7890330008588657e-01	   7.6319019169301561e-01	   8.4513025993701552e-01	   9.3105604354407845e-01	   1.5226669663868267e-01	   9.4566525662109907e-02	   6.7856020271475814e-01	   7.8543276589256350e-01	   3.6265532409547618e-01	   3.2465837285031240e-01	   3.2918759872536486e-02	   4.6121791177965943e-02	   7.9828862623591634e-01	   9.1065651429978067e-01	   6.4313677568244443e-01	   8.0902238526285475e-01	   8.5016681792298465e-01	   8.0349081450687188e-01	   4.2883923649818173e-01	   5.3245284146436611e-01	   1.4370014269350542e-01	   2.7581853593834343e-01	   4.4534286452819505e-01	   3.7822309287710271e-01	   4.6382988067837461e-01	   3.1686097258614920e-01	   6.2272999346399283e-01	   5.4358383746516470e-01	   7.0405003103968289e-01	   7.5702273930454267e-01	   7.0365007809492874e-01	   6.7093014568278875e-01	   6.1663978954561727e-01	   7.8690920632589678e-01	   5.8253427221363574e-01	   7.0675225430104327e-01	   6.0446106219135420e-01	   4.2730291894872807e-01	   7.8423095116583119e-01	   7.4924267137311040e-01	   5.2855686904351595e-01	   5.6829365065303794e-01	   7.3879033397172489e-01	   7.3235355844694805e-01	   8.5793857602441581e-01	   9.1732118784861627e-01	   6.8668897932206463e-01	   8.5970122407207117e-01	   3.9609241855332022e-01	   6.9052287453382932e-01	   8.3374127223747674e-01	   8.2966626748135730e-01	   5.8755219254657309e-01	   6.8136775111402448e-01	   3.6412947492057413e-01	   4.7479280017243169e-01	   7.4452209592314000e-01	   7.1001686649541140e-01	   9.5926772168236563e-01	   8.2584076603714207e-01	   4.8723716975768705e-01	   5.9563997504035904e-01	   7.7663727238366220e-01	   5.2554435514323328e-01	   7.8070508262660854e-01	   8.1874533530598470e-01	   8.2402937377741581e-01	   9.2659869968273023e-01	   6.3193631445994147e-01	   9.3110149900273387e-01	   5.5149535730440613e-01	   5.1955428396824210e-01	   6.4750340314994859e-01	   7.7166564004876481e-01	   7.6387458172087142e-01	   7.8148676866891653e-01	   5.1119985949277746e-01	   6.0890185353427773e-01	   1.1409788237735255e-01	   1.0673428145100058e-01	   5.3348390656267808e-01	   5.5525824616950614e-01	   7.2385639069981789e-01	   6.9108861446838532e-01	   3.2697119764694144e-01	   5.4110789976037899e-01	   6.0800927144074401e-01	   6.2784240366724831e-01	   3.6175317359917308e-01	   3.8914249628640002e-01	   4.5396559333826797e-01	   2.0956445145785679e-01	   7.4967389571000007e-02	   4.6142297512159414e-01	   6.2102360176617633e-01	   8.1779894851976698e-01	   7.5578936299746502e-01	   6.3556328802771800e-01	   5.3365677238560827e-01	   8.9605787805914827e-02	
   8.6244276787548169e-01	   7.6496940221749465e-01	   6.0887340534025269e-01	   4.3839408649609279e-01	   2.1764233298720709e-01	   3.4187546229604099e-02	   7.1526965109093810e-01	   2.7862246358085224e-01	   3.4904063498276894e-01	  -3.2114732188250159e-02	   7.3604448099942599e-01	   6.8691908165359472e-01	   0.0000000000000000e+00	   6.2841602587342138e-01	   5.2173568630182054e-01	   4.8772606114432954e-01	   6.0522861592457433e-01	   6.9364076806354680e-01	   7.6639922429761709e-01	   7.9119234751126921e-01	   8.7162794253644454e-02	  -1.2517117245238385e-02	   6.7318892281545883e-01	   5.5243761661659097e-01	   3.7382982278185850e-01	   1.1750234477774466e-01	   7.1151178728298847e-02	  -2.9394386281645277e-03	   6.4533948393220619e-01	   7.2119736403933621e-01	   4.5021543847452494e-01	   5.3178271927204268e-01	   6.6769226502773293e-01	   5.6287098234044963e-01	   4.6054225657706804e-01	   3.8252934856953141e-01	  -1.9375459421445987e-01	  -2.8862404677747262e-02	   1.8727439392714057e-01	   4.8016997236044467e-02	   1.0806591518309942e-01	   2.3013502363613264e-01	   3.8845016856334108e-01	   3.0836925424438771e-01	   4.3626905190937282e-01	   4.1812388916379362e-01	   3.7553756832308705e-01	   3.2746931190492762e-01	   4.0668193168507083e-01	   4.6227727441521255e-01	   5.2922607482544037e-01	   6.0878248376576838e-01	   4.4241093201124987e-01	   4.7479122129640650e-01	   3.7991925523342207e-01	   3.6432061828980428e-01	   6.7131694724041513e-01	   6.5718323436125325e-01	   5.2282413588933008e-01	   3.8934770837084426e-01	   6.6846791988782217e-01	   4.9548041448117103e-01	   6.9606041310587663e-01	   7.3693834461150731e-01	   6.0337151946823686e-01	   5.3473359170632406e-01	   5.6066421554703605e-01	   4.9087634203773300e-01	   5.8588006311754648e-01	   5.8554684540416613e-01	   2.2732025294235819e-01	   1.9256997292714403e-01	   5.1635896712653429e-01	   6.1024833205721085e-01	   5.2242628576384820e-01	   6.5820764177218016e-01	   3.1591927007820436e-01	   2.7382497616667895e-01	   6.9155343913975742e-01	   6.2936930283676584e-01	   5.3910391108822520e-01	   6.5697336012659424e-01	   5.9154953964513679e-01	   5.1073466199132533e-01	   6.2498645059824365e-01	   6.2620175959619218e-01	   5.4929511046723956e-01	   3.5995236995434454e-01	   4.7605582545670705e-01	   3.9838535249159424e-01	   4.8324220226914605e-01	   6.0480608364655719e-01	   3.4985865985080578e-01	   5.5132306434545653e-01	  -1.3684632714122080e-02	  -9.9703444744106529e-02	   2.3990180439114678e-01	   2.4634781651229326e-01	   3.2284200809721297e-01	   4.3199027475996382e-01	   2.1557574998432558e-01	   3.3651219039865671e-01	   2.8705384023929176e-01	   3.5752315701801257e-01	   9.1299001088163384e-02	   1.9631067256457010e-01	   6.7231712606070776e-02	   1.2773809603281222e-01	   1.2008738983715583e-01	   2.3646531213607516e-01	   1.8135948963772747e-01	   4.5008937933996707e-01	   3.9504753508920526e-01	   3.3485502730041389e-01	   2.5170072868741600e-01	   4.2662305853848267e-02	
