   0.0000000000000000e+00	   1.3285464397694138e+00	   9.9717953051603458e-01	   8.5952413927080584e-01	   7.2400303398817678e-01	   5.3325967424882659e-01	   1.2390331117805147e+00	   1.0433239296865457e+00	   9.4281639385185889e-01	   6.3966092705596955e-01	   1.2660634922005995e+00	   9.5885078170154037e-01	   1.0462388128403672e+00	   9.2510460564400854e-01	   1.1064088606080167e+00	   8.8438456636126195e-01	   6.4043344841761940e-01	   4.8580508855265225e-01	   1.1249755765879548e+00	   1.0663150941232993e+00	   7.8739697490359939e-01	   6.6005690521036353e-01	   7.3103221902875892e-01	   6.3429935466000920e-01	   5.7773372959940938e-01	   5.2624544875920454e-01	   5.5480389232145688e-01	   5.0540090105361979e-01	   5.9962243114630254e-01	   6.4099836048976588e-01	   7.9909146031415212e-01	   5.9708146006049878e-01	   9.2810594490252751e-01	   8.8147230820666922e-01	   3.9229714415134254e-01	   2.7048471879631875e-01	  -1.0093800188133580e-01	  -1.8891054236527774e-01	   6.4268259810129391e-01	   5.1915204177248697e-01	   2.2681081108124035e-01	   7.8499881977941988e-01	   6.6833754844140980e-01	   7.1822285020730892e-01	   6.6564836767787516e-01	   6.6989470249849037e-01	   8.3585463358297329e-01	   7.4844490128462848e-01	   6.7723100575504080e-01	   5.8674923758103048e-01	   8.1895931890145457e-01	   7.3023917805204552e-01	   8.1411641490739406e-01	   7.6398034531811110e-01	   9.6415864680790231e-01	   9.3292194906022452e-01	   1.5501794584364283e+00	   1.2893429387646267e+00	   1.0901466206938029e+00	   9.6872975489878654e-01	   1.2164336255154473e+00	   8.4943379659317864e-01	   8.4608773765247336e-01	   9.0271454712945376e-01	   3.5980788159089050e-01	   5.4787230136009235e-01	   8.8144710797300874e-01	   7.3259503101266799e-01	   6.0192381762799918e-01	   8.1968365104888075e-01	   8.6375314628979183e-01	   6.2710548329834248e-01	   5.7439390119946454e-01	   6.7573156399760748e-01	   6.7039999623278024e-01	   6.5974913783609379e-01	   8.9904745958311749e-01	   6.1218786557867877e-01	   7.3251723697581306e-01	   5.1538812047391713e-01	   9.2276585616955920e-01	   8.1999655353061374e-01	   1.0587567543060958e+00	   1.0643687059517948e+00	   1.1195563632201824e+00	   1.0316464400369891e+00	   5.4704284493980593e-01	   5.6424242785918410e-01	   1.0549530083412706e+00	   8.9085204939023110e-01	   7.6709440306507959e-01	   8.1338019041617893e-01	   5.8282922268957216e-01	   8.1816527324910882e-01	   2.0818232606485751e-01	  -8.0896414974772915e-02	   8.0510519742877873e-01	   6.6302107016587775e-01	   9.3536024311070920e-01	   1.0494831195556580e+00	   5.6660139075286375e-01	   9.9426909380462447e-01	   6.4916178488184262e-01	   7.8278599798441806e-01	   2.9377909338135066e-01	   3.0656180734200178e-01	  -3.1682631057280963e-01	   2.6340355605819776e-01	  -8.2897989984472426e-02	   2.6221554542561520e-01	   4.3651371387691390e-01	   5.0469921200143841e-01	   6.1697055250279931e-01	   5.8470210513489151e-01	   2.1422423922510467e-01	  -3.9195622873664043e-01	
   1.3285464397694138e+00	   0.0000000000000000e+00	   7.1422600997926089e-01	   6.5339497719278294e-01	   4.7638797610642813e-01	   3.6355698936642272e-01	   9.5415559151710194e-01	   9.3188552776300138e-01	   6.8174575393894143e-01	   4.5061310442332991e-01	   1.0224837193566039e+00	   9.5461893890380911e-01	   9.5007536958299721e-01	   8.6218854455053084e-01	   9.0740850582396970e-01	   6.8697159374080263e-01	   8.2542314701921793e-01	   7.7774324540770123e-01	   1.0288728588122831e+00	   1.1224390193728049e+00	   5.9244854117617596e-01	   4.4202945876662914e-01	   5.5798813459240837e-01	   4.6354721475662153e-01	   4.1642797901939632e-01	   3.5950367839428554e-01	   4.0419907538539823e-01	   3.3887830773414768e-01	   7.0501680664912914e-01	   7.4663935882826249e-01	   6.3903968554773261e-01	   4.4674821712143054e-01	   8.2025161081007325e-01	   8.1539467293748380e-01	   2.3680535218882942e-01	   1.4181286069597346e-01	  -6.7325467657157564e-02	  -1.8682487292080960e-01	   4.9473318009340778e-01	   3.7384389553844061e-01	   3.5436354177682816e-01	   8.0465638374690651e-01	   5.3393185246333785e-01	   5.9755774804175976e-01	   5.4176379529408669e-01	   5.0762793238095272e-01	   6.5522509284562680e-01	   5.9017453712179124e-01	   5.7829537850197910e-01	   4.7465336442353800e-01	   7.2401019173427539e-01	   5.5063069799947295e-01	   7.9147822367375897e-01	   7.2445184937157858e-01	   7.5341248663486438e-01	   7.5478755153819987e-01	   1.2511341531430600e+00	   1.5210460648395845e+00	   8.2160541059319647e-01	   7.4268259939519199e-01	   9.0879055983597135e-01	   6.3671936589650258e-01	   9.2278684174480619e-01	   9.9301520615118888e-01	   1.9061854513768256e-01	   3.2367548569058463e-01	   6.4565055569169050e-01	   5.3030201411598554e-01	   5.2461838133322169e-01	   8.3277549261317652e-01	   8.9709012788053000e-01	   6.7546776711047885e-01	   6.1592288853544452e-01	   7.3797002522847466e-01	   6.8799453621002815e-01	   7.1197844818607214e-01	   1.0149112158382230e+00	   8.5428895109499814e-01	   8.2040885027316435e-01	   7.0684343101576896e-01	   9.7746092784491456e-01	   9.1989888011613830e-01	   1.0177671216113293e+00	   1.0340707898181176e+00	   8.4628496854029556e-01	   7.8948188702765498e-01	   4.2748041532368863e-01	   4.1653678765748714e-01	   7.9872702524928074e-01	   6.9069235133594764e-01	   5.9998540451516702e-01	   6.2074122911641305e-01	   4.3697276554648318e-01	   6.4439526218858101e-01	   7.4032894945284713e-02	  -1.5842804354111534e-01	   6.9091669490266672e-01	   5.3926076891607821e-01	   7.8767351906292249e-01	   9.0060037502157186e-01	   4.2491080938652309e-01	   8.2229506297591215e-01	   5.8266143457371711e-01	   6.8550671610703540e-01	   1.3363758881641055e-01	   1.9453632666592768e-01	  -3.6311607681625929e-01	   1.8836700057950356e-01	  -2.4167368253410509e-01	   2.0812168280574742e-01	   4.8280732765722212e-01	   5.6904108409028809e-01	   5.4969920911899139e-01	   5.2026292452828038e-01	   1.1322419603070620e-01	  -4.2907740051253052e-01	
   9.9717953051603458e-01	   7.1422600997926089e-01	   0.0000000000000000e+00	   1.4113536988038859e+00	   1.0919072414205682e+00	   8.0891332478980704e-01	   1.4819433842643750e+00	   9.6543279141433336e-01	   1.0344166733825364e+00	   7.2754357855443696e-01	   9.1197086303822883e-01	   5.8461016124451715e-01	   7.7063888217828502e-01	   7.0104881780961259e-01	   1.0137835689661443e+00	   7.9247498805082839e-01	   3.8134067588753068e-01	   1.4972428354403272e-01	   1.0653137621311359e+00	   9.4783065156796464e-01	   7.8418545323543387e-01	   6.3348242087388951e-01	   1.2905726664474610e+00	   1.1811509245604279e+00	   1.0154173438358383e+00	   9.6103196053192508e-01	   7.8799631348005383e-01	   7.3536166376267009e-01	   3.0814552869354228e-01	   3.9829114143744965e-01	   1.2049323678898447e+00	   1.0104755902058291e+00	   1.1813176634972502e+00	   1.0707829275499052e+00	   7.8299681009486133e-01	   6.6398746295648958e-01	  -1.6131918190262678e-01	  -1.5771831853033036e-01	   6.0943484636880174e-01	   5.3862096269873638e-01	  -6.9156870773722873e-02	   5.7209863818223139e-01	   6.5175477016497596e-01	   6.0959745975104718e-01	   7.3937331624522784e-01	   8.1584691142560317e-01	   8.2470917695026258e-01	   6.2773591887881219e-01	   6.7542502940992644e-01	   6.5663065650716324e-01	   9.3075547391839020e-01	   7.6026852511778875e-01	   8.3385056640292565e-01	   6.9246202146031421e-01	   9.2444581139639115e-01	   8.5737055889939584e-01	   7.5798560721760433e-01	   7.4737510577914246e-01	   8.1812306068697582e-01	   8.3451855763952465e-01	   9.8973639359124244e-01	   9.7860094335341852e-01	   4.6838523027587081e-01	   5.6112653192241502e-01	   8.3346191989437290e-01	   1.0197506652062889e+00	   1.2080991288624712e+00	   1.0205208409467703e+00	   8.8115929239701540e-01	   9.0336847201092918e-01	   7.9436011773505710e-01	   6.5030330867283581e-01	   3.7397687052849954e-01	   4.5978043972761312e-01	   4.2730613302273934e-01	   4.4140797329921055e-01	   6.3801104901216277e-01	   3.7703615544246799e-01	   5.6694947175212673e-01	   4.4688136886388585e-01	   7.3851784767555217e-01	   7.3535651476434682e-01	   8.2361572373512604e-01	   8.4941724552405107e-01	   1.4613447533997226e+00	   1.4974407190545771e+00	   5.9405572218470326e-01	   8.7360609892309504e-01	   9.4242901764891918e-01	   9.4628412447676236e-01	   8.0285720307785002e-01	   9.5648694888816299e-01	   6.8206964451210506e-01	   9.0255506034114119e-01	   2.5671575041868749e-01	  -9.9248931778789073e-02	   7.9887720691328845e-01	   6.3937703914527033e-01	   7.6140111503453023e-01	   8.1327726947057444e-01	   5.2332372181312281e-01	   7.1095549161819338e-01	   5.6351761388551203e-01	   5.8895598097084778e-01	   4.0070241325214773e-01	   4.2469124426811239e-01	  -3.1086228300030616e-01	   3.0499513868129979e-01	   3.8302517005885258e-03	   2.4460697135808809e-01	   4.3950875562998798e-01	   3.2129558923240714e-01	   5.0593536474496803e-01	   5.8471071531464336e-01	   4.1536736365606064e-01	  -2.5870730716523871e-01	
   8.5952413927080584e-01	   6.5339497719278294e-01	   1.4113536988038859e+00	   0.0000000000000000e+00	   1.2368656084875411e+00	   1.2243651589940707e+00	   1.1818619475206453e+00	   1.2838752659090811e+00	   1.1281694623348821e+00	   1.0476636089091496e+00	   7.8703318062026806e-01	   7.3454628808401567e-01	   7.0116480286244875e-01	   7.8410619402931270e-01	   9.2451437179855223e-01	   9.3343134592008437e-01	   3.2724395802265299e-01	   1.0447726187459676e-01	   9.2511365934358125e-01	   9.3480989902748379e-01	   7.1084706615889215e-01	   6.4037858966409078e-01	   1.0692282113987388e+00	   1.3052478868760644e+00	   7.6349574512972529e-01	   9.9229916206896440e-01	   7.3304304972609258e-01	   7.8486051078630614e-01	   2.9528243604288290e-01	   4.6061206852956260e-01	   9.6055366617689519e-01	   9.4434555789549279e-01	   9.8706512851238393e-01	   1.0471191462133635e+00	   6.2819056756741520e-01	   6.3884838209842010e-01	  -2.1015088705120624e-01	  -2.2808141977741009e-01	   5.4574755744605619e-01	   5.2362798048863834e-01	  -4.8777869762611392e-02	   5.3461474807274623e-01	   7.6313242338900023e-01	   7.1486884387876781e-01	   8.3545464416761206e-01	   9.4525833775729340e-01	   8.7173692721983542e-01	   7.2247477418746997e-01	   8.2822945316206731e-01	   7.9467642667627103e-01	   1.0886121583552564e+00	   8.9311547644576472e-01	   8.7756431199697849e-01	   6.7737977430976359e-01	   9.7190580233872170e-01	   8.9786605866566838e-01	   6.4128895123090468e-01	   6.7286792372662929e-01	   8.3758782917978414e-01	   8.9773082092841461e-01	   8.5595478910723477e-01	   1.1459396585696549e+00	   3.8483931485787398e-01	   5.5061236191612706e-01	   6.6223101234256965e-01	   1.0797451729194143e+00	   1.1708988091491594e+00	   1.1201777660939212e+00	   8.3368607562857067e-01	   8.8201659816032540e-01	   6.9157676404194479e-01	   6.2976588320017002e-01	   3.3933341179398280e-01	   4.1678930727592889e-01	   4.0719555914243943e-01	   4.5107010127056468e-01	   6.0306685274615224e-01	   4.2316584625194081e-01	   5.1469766769539294e-01	   3.5905304885807499e-01	   6.6993394311870480e-01	   6.9237888197058306e-01	   7.8729934733665996e-01	   8.5992959846394701e-01	   1.2708555933851078e+00	   1.3909599364433023e+00	   5.8519137421017031e-01	   8.5246535774248167e-01	   9.2058064775634063e-01	   9.4798496113933362e-01	   9.0960318494371017e-01	   8.7749876883501576e-01	   8.0899229532637762e-01	   8.0783312842100974e-01	   2.4888318561139375e-01	  -8.9197970034076035e-02	   7.5984324965440764e-01	   7.1273591494737953e-01	   8.4181684700984527e-01	   7.8248772773428654e-01	   5.6873906506981298e-01	   7.3688543833672382e-01	   5.9370086541592271e-01	   6.1564240324729191e-01	   3.5139297897957900e-01	   3.3756713490094725e-01	  -2.9408099601409693e-01	   2.1459952790724512e-01	   1.9458534549930608e-02	   2.7887438693973710e-01	   4.2375551595442545e-01	   2.9738379210795041e-01	   5.6503342283682279e-01	   6.4019642981154767e-01	   2.8144581740670249e-01	  -4.6550969877525372e-01	
   7.2400303398817678e-01	   4.7638797610642813e-01	   1.0919072414205682e+00	   1.2368656084875411e+00	   0.0000000000000000e+00	   1.1990447040791947e+00	   9.8767073444937092e-01	   9.3673666822665214e-01	   1.5853344397345428e+00	   1.1315293504823374e+00	   6.4072573992367177e-01	   5.7182254899452967e-01	   5.8994565798338916e-01	   6.8760046980281431e-01	   7.9319253379590726e-01	   9.6550444255566414e-01	   2.5380873735849918e-01	   6.2750617479659765e-02	   7.5306249451219531e-01	   7.2758501431295575e-01	   8.2240860227607193e-01	   8.3197389968200963e-01	   8.0068311113838531e-01	   9.1373382600984132e-01	   7.5083456137421578e-01	   9.5948941598170412e-01	   9.0136934496285703e-01	   9.5553120685598814e-01	   2.0748971871318556e-01	   3.7318892413451549e-01	   7.2419915514434974e-01	   6.6406550960461941e-01	   6.7923455074195016e-01	   6.3833625875113298e-01	   5.1656330690938190e-01	   5.6601815014469836e-01	   4.5317678840728605e-02	  -1.9222926385929283e-02	   6.9171730885230254e-01	   7.9875392031503822e-01	  -2.2440265603419683e-02	   6.8732763514435680e-01	   5.8748876410807116e-01	   5.0521944976639177e-01	   5.5443928582984370e-01	   6.9245262102464777e-01	   8.3428585080374096e-01	   6.5955737290902949e-01	   6.1774646081990636e-01	   5.9386267950935712e-01	   8.2760565364246608e-01	   7.4446012801879824e-01	   8.6838270087807845e-01	   6.6201130380001250e-01	   9.9701039138976422e-01	   9.0305631469408476e-01	   6.1035894377901934e-01	   6.5425753274730780e-01	   8.2931123449485611e-01	   9.2548871882341577e-01	   7.9775239083870741e-01	   8.8378828579626068e-01	   3.4971547286789106e-01	   4.0987540248954435e-01	   5.5611812362856838e-01	   8.8170220004442268e-01	   1.1257799859758908e+00	   1.1376506071448282e+00	   6.9706656487100427e-01	   8.9473464643638545e-01	   5.9437972799309036e-01	   6.2813779459095054e-01	   2.1156480116461424e-01	   3.7087186575066899e-01	   3.0730312735967913e-01	   3.3329073596010628e-01	   5.2094243731734791e-01	   3.7700624746909667e-01	   5.5477999178766590e-01	   3.2357541724692002e-01	   5.8301719867316737e-01	   5.4232650024016937e-01	   5.9369116088929341e-01	   6.3375720254926771e-01	   1.0145562653544447e+00	   1.0658955160885335e+00	   5.4241515692640041e-01	   7.5173045158273122e-01	   9.5745781706374700e-01	   1.0066797679422148e+00	   8.7978128629879904e-01	   9.1481482566142147e-01	   7.4588653118405979e-01	   7.9113204697267303e-01	   2.1161378052392316e-01	  -4.6972965018881867e-02	   6.8635000894980724e-01	   6.4108511950165747e-01	   7.4354039310541731e-01	   7.4450742890448507e-01	   5.3640738474423744e-01	   6.6911250913154263e-01	   5.1332373662305952e-01	   5.6752190071201425e-01	   5.7783470744287602e-01	   4.1282108324094074e-01	  -1.7095538182141526e-01	   3.8323473939782571e-01	   6.5736915438361770e-02	   2.2169556331877593e-01	   2.7865645523723237e-01	   1.6737261962405439e-01	   4.9254598223468649e-01	   4.6722427688981683e-01	   3.4321085989814443e-01	  -3.2822020860252277e-01	
   5.3325967424882659e-01	   3.6355698936642272e-01	   8.0891332478980704e-01	   1.2243651589940707e+00	   1.1990447040791947e+00	   0.0000000000000000e+00	   7.0714378903955200e-01	   8.0434159355890245e-01	   9.8824945173671253e-01	   1.5152051848495081e+00	   4.0249819450829510e-01	   4.4966579777826837e-01	   3.6931420603688059e-01	   5.3824211053353621e-01	   6.1959491272043843e-01	   8.6654214428648901e-01	   8.9249451324883627e-02	  -9.0662858072128275e-02	   5.3920036633989099e-01	   5.2987532734003273e-01	   6.8580395738391875e-01	   6.9772967913495976e-01	   6.0463452734510958e-01	   8.6151125028273035e-01	   5.6853186728572236e-01	   8.7879031638504856e-01	   9.6974730271493015e-01	   1.1707139553801009e+00	   6.8070635355738651e-02	   2.6573126655790008e-01	   5.7555602165615283e-01	   5.8910539607481871e-01	   5.2546097726963215e-01	   5.5188924350179325e-01	   4.0997666926357118e-01	   4.7872276872451158e-01	  -1.6490432251234713e-01	  -2.0303552392778668e-01	   5.5251519406944594e-01	   5.6923179289704484e-01	  -1.2517411264120729e-01	   3.7095749845593334e-01	   6.1081680483953327e-01	   5.2782554520143843e-01	   5.7022490103519163e-01	   6.8892382001826524e-01	   7.2139165080064815e-01	   5.8802895692378987e-01	   6.1047563459990428e-01	   6.8169806775326380e-01	   7.5746829557717288e-01	   7.7385227979885363e-01	   7.7055353280981420e-01	   5.8272985835573732e-01	   8.6608962304499637e-01	   8.2107995086874308e-01	   4.3837363454310341e-01	   4.7405433632369842e-01	   7.2030754805000874e-01	   8.2389348656525729e-01	   5.5278339621521022e-01	   7.0508638191989470e-01	   1.5288936606090103e-01	   2.6929532910512588e-01	   3.7820968674079208e-01	   6.8372076749298560e-01	   8.2277511927342362e-01	   8.2325450617161910e-01	   6.0134216892784531e-01	   5.8801074653304408e-01	   4.1343219419185856e-01	   3.9521027542225079e-01	   1.2664591740659809e-01	   1.5099243993330158e-01	   1.9365491516476585e-01	   2.2262101213764326e-01	   3.3447119088232097e-01	   2.1971425235479888e-01	   3.3715416599325970e-01	   1.6121415252473026e-01	   3.6598289514039245e-01	   3.5566463643954038e-01	   4.0630670143955228e-01	   5.1588766163354649e-01	   7.2509032064256773e-01	   7.9532470070133332e-01	   5.7357141886869223e-01	   7.0238137137234224e-01	   8.5507720649562602e-01	   8.6220036136452993e-01	   7.6347356852327841e-01	   6.4542967927736739e-01	   5.7456741954088320e-01	   4.8598398199257087e-01	   2.0872106146248312e-01	   4.0781332755983321e-02	   5.7400169635652531e-01	   5.9544155496636653e-01	   7.0712385748618956e-01	   6.0021520767270775e-01	   5.9738178326079427e-01	   5.4107720409985494e-01	   5.7173961197384671e-01	   5.4065005922924703e-01	   3.7400602992722981e-01	   2.7314593992871256e-01	  -1.1400354349376290e-01	   1.6059446481073578e-01	   8.5776569740173322e-02	   1.8623723908450820e-01	   1.6620878168694481e-01	   4.3957175303786594e-02	   3.9557449364696362e-01	   4.4716997971909483e-01	   1.3875216546485888e-01	  -4.1546969092881264e-01	
   1.2390331117805147e+00	   9.5415559151710194e-01	   1.4819433842643750e+00	   1.1818619475206453e+00	   9.8767073444937092e-01	   7.0714378903955200e-01	   0.0000000000000000e+00	   1.4669365045583447e+00	   1.2112805579096613e+00	   7.4049458976857629e-01	   1.2638528279761490e+00	   9.7501471808979023e-01	   1.1867255223506159e+00	   1.0578385825729208e+00	   1.1251502181360828e+00	   9.3760997094598830e-01	   5.7408506779092161e-01	   3.9879009521199826e-01	   1.2445819311571913e+00	   1.1349548013716197e+00	   7.5083404528890074e-01	   5.8618843389340425e-01	   9.1168426348133991e-01	   8.2392172501340433e-01	   6.3802759818534960e-01	   6.5828773632510817e-01	   6.3030734529544663e-01	   5.8561471446977376e-01	   5.8337842826537567e-01	   6.5768644193809678e-01	   1.0643502053802851e+00	   8.5791756827774879e-01	   1.3295905337192724e+00	   1.2834420351581894e+00	   4.6751594164575028e-01	   4.0320962652892484e-01	  -2.2001388766181157e-01	  -2.7996004371258831e-01	   5.7866096553695634e-01	   5.3346701729056234e-01	   8.9713677122672753e-02	   6.2850210391526196e-01	   6.4438376768638173e-01	   6.5145235663950540e-01	   7.8991599350532182e-01	   8.1888026820379423e-01	   8.3646538280378269e-01	   6.7583571385086250e-01	   7.8995758064050281e-01	   6.2602940172874033e-01	   9.6345866121919754e-01	   7.4155962824217236e-01	   8.1700747944789698e-01	   6.9623420790848722e-01	   1.0301128485570439e+00	   9.5119404462758983e-01	   9.0735852300199094e-01	   9.8607436877889487e-01	   1.0633859239045294e+00	   9.6835644204811255e-01	   1.5987564730702883e+00	   1.3072478430429817e+00	   7.4866143499542026e-01	   8.4310378937144670e-01	   5.7580577233375907e-01	   8.4443173178601028e-01	   1.1699674920939276e+00	   9.8217460118132960e-01	   7.2442667915650505e-01	   9.8667013485709221e-01	   8.6458629895706740e-01	   6.9187051955825507e-01	   5.7293730206914506e-01	   7.1663476598509745e-01	   6.3024479532954791e-01	   6.3312958307843914e-01	   7.5765677647147478e-01	   4.9083987302002485e-01	   7.2482072041866841e-01	   5.4084011645278929e-01	   9.6758324728827372e-01	   9.0115241901105403e-01	   9.9407464641924659e-01	   1.0957609840081504e+00	   1.2617283132739889e+00	   1.2700824331694847e+00	   5.3218128521550501e-01	   6.0716353079222163e-01	   1.0684755069954741e+00	   8.9129752068966284e-01	   8.3601789328651055e-01	   8.7713747395048847e-01	   7.0817588492999428e-01	   9.2736776786343422e-01	   2.0595917443094292e-01	  -1.0907641136031679e-01	   7.9648642928917490e-01	   7.2314941238882890e-01	   9.3834404613897060e-01	   9.9718605873916011e-01	   5.7294854443963927e-01	   9.2659653987004453e-01	   6.3498218223732850e-01	   7.2315982184175509e-01	   3.8333812627461911e-01	   2.9188054279789488e-01	  -3.8878561749408136e-01	   2.8203998806835484e-01	  -6.9803147623105022e-02	   2.2941063368719822e-01	   4.5834707944332520e-01	   4.7381274137834950e-01	   6.3677290291236688e-01	   6.3390624648815386e-01	   4.1104929582724092e-01	  -3.7057404062041360e-01	
   1.0433239296865457e+00	   9.3188552776300138e-01	   9.6543279141433336e-01	   1.2838752659090811e+00	   9.3673666822665214e-01	   8.0434159355890245e-01	   1.4669365045583447e+00	   0.0000000000000000e+00	   1.2190118853022114e+00	   8.9547439605134072e-01	   1.0385837564843547e+00	   1.2732945635027069e+00	   1.1303066232170729e+00	   1.2943056850209071e+00	   9.8691038667627451e-01	   1.0902583255154792e+00	   5.7083850487898902e-01	   4.3640838082397293e-01	   1.0560980930660713e+00	   1.1165790160559308e+00	   6.9520469885516367e-01	   5.9641090008197883e-01	   7.0180566007631695e-01	   7.5167621411443464e-01	   4.3439078840417522e-01	   5.8647215324719559e-01	   5.1843358686166829e-01	   5.3693208820967875e-01	   6.1618969332110285e-01	   7.6176346230024006e-01	   7.6642548511496544e-01	   6.9273326925964995e-01	   1.0353685189721278e+00	   1.1604637129293158e+00	   3.0315266896847126e-01	   3.4202447656341423e-01	  -2.2366306987278123e-01	  -3.1684607003348653e-01	   5.1761672978593465e-01	   5.0157148170107302e-01	   1.6096214561238542e-01	   6.2736429363420076e-01	   7.8315548530984436e-01	   7.4341502428918049e-01	   8.6957705988696288e-01	   9.2592809657959096e-01	   8.6698720358432468e-01	   7.8682417675025462e-01	   9.3842544965003383e-01	   7.0837151947878674e-01	   1.0354740615900877e+00	   7.8802226020068400e-01	   7.7391274852933201e-01	   6.0944805630119958e-01	   1.0590968938095864e+00	   9.8901531994882197e-01	   7.9842247225439134e-01	   9.2683506186413200e-01	   1.0480892736162808e+00	   1.0039782347649697e+00	   1.2737181861361766e+00	   1.4342024343982351e+00	   7.3285692860944729e-01	   8.6261205766004090e-01	   3.7993678883306020e-01	   7.8214179368708048e-01	   1.1178389669111948e+00	   1.0525391376031570e+00	   6.4552137704787993e-01	   9.9767224006527599e-01	   7.0784792108336625e-01	   6.5085446006547720e-01	   5.3535162212450049e-01	   7.0438636539904609e-01	   5.9567665033418904e-01	   6.4264550890521399e-01	   7.8494862933148246e-01	   5.6715150535004599e-01	   7.0690911128310630e-01	   4.6436070080879549e-01	   9.6380378903721242e-01	   9.0162090214251567e-01	   9.9449609962153440e-01	   1.1263800061613978e+00	   1.0668684963319690e+00	   1.1251729159375525e+00	   4.6427267199541977e-01	   5.3562520315684548e-01	   9.7590904235174980e-01	   8.3554089128545561e-01	   9.5574368302769874e-01	   8.1453764966990438e-01	   8.4616613908943772e-01	   8.6466131604948393e-01	   2.2247511333666226e-01	  -7.5920163749640793e-02	   7.9204153154885026e-01	   8.6471233492236876e-01	   1.0762206090024162e+00	   9.9715933707145110e-01	   5.5990503450535101e-01	   1.0210613118100940e+00	   6.4996470225427883e-01	   7.9832740195683494e-01	   3.3058095226518730e-01	   2.4523445175374620e-01	  -3.8920570428164286e-01	   1.9825278510366479e-01	  -1.0703175776845908e-01	   2.5308998017196799e-01	   5.1148465238324192e-01	   5.6010123374723464e-01	   7.6920409772499942e-01	   6.8751203871477462e-01	   2.9927772550760207e-01	  -5.2103696628088125e-01	
   9.4281639385185889e-01	   6.8174575393894143e-01	   1.0344166733825364e+00	   1.1281694623348821e+00	   1.5853344397345428e+00	   9.8824945173671253e-01	   1.2112805579096613e+00	   1.2190118853022114e+00	   0.0000000000000000e+00	   1.1774755121837948e+00	   8.3983856223748399e-01	   8.4863639799767099e-01	   9.2721025735446538e-01	   9.9488540040678941e-01	   9.9966437013781095e-01	   1.1222295221588807e+00	   4.0133832737962877e-01	   2.1212177060368459e-01	   8.5168217404599655e-01	   8.3782809278669557e-01	   9.0388778583145690e-01	   8.4689879879759411e-01	   7.6169051220893380e-01	   8.2175590729952175e-01	   7.2162193846234779e-01	   8.8802141627588083e-01	   7.7510311001668586e-01	   8.1924098490028430e-01	   4.1520163517359904e-01	   5.2163775871722351e-01	   7.2219671660999407e-01	   6.1090675770775593e-01	   7.8825260679255904e-01	   7.5293809386182853e-01	   4.2742682411394495e-01	   4.5364166994160687e-01	  -2.1078643243248645e-02	  -1.0518804995176990e-01	   6.9358175812183520e-01	   7.5865874474620509e-01	   6.0222060838847756e-02	   7.0735317899669936e-01	   7.3791831105350003e-01	   6.4096371316867162e-01	   6.7185657953694156e-01	   7.8270854850647997e-01	   9.2596139788403276e-01	   8.0631582082189146e-01	   7.8353393023972484e-01	   6.7832485504414441e-01	   9.7849167013629101e-01	   8.8834285946422442e-01	   8.7514987246312326e-01	   7.0892782778207108e-01	   1.2724777046567277e+00	   1.1356130700829523e+00	   7.9081565743627880e-01	   8.7016030512459452e-01	   1.1349744483472195e+00	   1.0863458715945371e+00	   1.1573288960344246e+00	   1.0709047379013086e+00	   5.1281503866132061e-01	   5.4700235427965582e-01	   5.0441467994324385e-01	   8.1759749306227547e-01	   1.2046009010267016e+00	   1.1219167833437467e+00	   6.0114634898743535e-01	   9.6004550087966078e-01	   6.1911346302940673e-01	   5.6299735773300119e-01	   4.2882903909052622e-01	   5.3846135251458749e-01	   4.9274197801844022e-01	   4.4429805357293134e-01	   6.7464398786303015e-01	   4.5371169935001654e-01	   7.1867115401103865e-01	   3.9337364862600921e-01	   8.0686474898035754e-01	   7.4344359623162981e-01	   7.0657160907367389e-01	   8.0354717071643900e-01	   1.0644491830776817e+00	   1.1364451435224576e+00	   5.5164086358806097e-01	   6.5924403497576445e-01	   1.0500868469920905e+00	   9.9402808793634956e-01	   9.0940411603282623e-01	   9.0476145491395910e-01	   7.3127630499192986e-01	   8.5214048561624844e-01	   2.8682176175802382e-01	  -2.1745880713333800e-02	   8.7214713411208011e-01	   8.6426018532088800e-01	   9.9088138650087321e-01	   9.2502350496941677e-01	   5.3080455811995519e-01	   9.1016969016475957e-01	   5.9607707425586565e-01	   7.5841281939682859e-01	   4.8705031589797243e-01	   3.3787285281529511e-01	  -2.6917578985092383e-01	   3.0195094372865378e-01	   9.7819697040684491e-04	   3.1138274116114800e-01	   3.8447377968370339e-01	   3.2981375161370757e-01	   6.3181783628574295e-01	   4.9930794573448711e-01	   3.1571497669916859e-01	  -4.8155999481160428e-01	
   6.3966092705596955e-01	   4.5061310442332991e-01	   7.2754357855443696e-01	   1.0476636089091496e+00	   1.1315293504823374e+00	   1.5152051848495081e+00	   7.4049458976857629e-01	   8.9547439605134072e-01	   1.1774755121837948e+00	   0.0000000000000000e+00	   4.5086180194326625e-01	   5.3670396956300670e-01	   4.6907161994481378e-01	   6.2355319669035092e-01	   6.8057971855474375e-01	   1.1165375315661767e+00	   1.7407827116229771e-01	  -2.2365980401974912e-02	   5.6011446773699936e-01	   5.9034764164208409e-01	   7.7614791718033871e-01	   8.0728370618831691e-01	   5.4991329481557893e-01	   7.6074597489534446e-01	   5.4462102701981474e-01	   8.0390261337312707e-01	   9.7183683089239348e-01	   1.1216573769861236e+00	   1.5152199689966453e-01	   3.0527230524134791e-01	   4.7101932428986437e-01	   4.6225514222165709e-01	   4.9068790728335199e-01	   5.1019259426564534e-01	   3.3933569879300979e-01	   3.5397344713781509e-01	  -1.2626069057415162e-01	  -1.9228398537757979e-01	   6.3621734518220130e-01	   6.3501418039371671e-01	  -6.8517961684674403e-02	   4.0749861055041270e-01	   7.4386627747359224e-01	   6.2569911598446160e-01	   5.8707876477359378e-01	   7.1949343659092779e-01	   8.2108277381909289e-01	   7.2866493068500049e-01	   6.6412133064240042e-01	   7.6627672729510765e-01	   8.3375306857193099e-01	   9.1924510458020170e-01	   8.4978949154688710e-01	   7.2344089402808243e-01	   1.0571594364932104e+00	   1.0881603175387620e+00	   5.4017443262208109e-01	   5.9352129823538435e-01	   8.8571131517606982e-01	   1.0472185582341293e+00	   6.3893370414000483e-01	   7.8330118307225838e-01	   2.5895373596086729e-01	   3.3932963343948580e-01	   3.0812807501447892e-01	   6.4200651913007345e-01	   8.8318118592800965e-01	   8.7332143317078781e-01	   5.6530331859075234e-01	   6.7814902651146569e-01	   3.3775825848767749e-01	   2.6965483967588844e-01	   1.2401368507420660e-01	   1.7523668316692467e-01	   1.8690361645614262e-01	   1.6300921860327311e-01	   4.0802415812079534e-01	   2.2044141751209659e-01	   4.3723001368797265e-01	   1.9225812706173148e-01	   4.9736170677018332e-01	   4.4609993613575316e-01	   4.5982365111711010e-01	   6.0353901136595089e-01	   7.5823621719736001e-01	   8.1242750691957710e-01	   6.7013469020362526e-01	   7.3831685264905156e-01	   1.0105651189888800e+00	   9.8398034209302843e-01	   8.9753030037820225e-01	   7.3427200013699978e-01	   6.3318526164292022e-01	   5.6033196815828945e-01	   3.7607671433579037e-01	   1.6216977014694423e-01	   7.6685147882028737e-01	   8.2598409821400565e-01	   9.1804839624843981e-01	   8.1507997353377948e-01	   6.2332308826799476e-01	   7.2074512076295394e-01	   6.6576627739650895e-01	   7.2920758917443884e-01	   4.4424889538750045e-01	   3.7210099447413036e-01	  -1.3675829418824775e-01	   1.3095010972674506e-01	   1.4213036858093112e-01	   3.3789199217555421e-01	   2.5055951328270876e-01	   2.0597901885509373e-01	   5.6234204593713666e-01	   5.1280913267400574e-01	   1.8431139251866904e-01	  -4.8801007965428045e-01	
   1.2660634922005995e+00	   1.0224837193566039e+00	   9.1197086303822883e-01	   7.8703318062026806e-01	   6.4072573992367177e-01	   4.0249819450829510e-01	   1.2638528279761490e+00	   1.0385837564843547e+00	   8.3983856223748399e-01	   4.5086180194326625e-01	   0.0000000000000000e+00	   1.2979798035968733e+00	   1.4728873470949171e+00	   1.1373444835110191e+00	   1.1739078209916380e+00	   6.7754723036924924e-01	   9.0574313734893652e-01	   6.9102375051665765e-01	   1.1569960050860542e+00	   1.0834297080785209e+00	   4.6467145206189053e-01	   3.8037378967746166e-01	   8.2134354720062530e-01	   6.7148400230076177e-01	   4.7977871831336760e-01	   4.3601496543680363e-01	   3.2089246572186503e-01	   2.6481818945649571e-01	   1.0085543450014387e+00	   9.6432747726563872e-01	   1.0610385096674990e+00	   7.8706448903331694e-01	   1.1969366644885668e+00	   1.1193697588014215e+00	   3.7652413638304799e-01	   2.8011097085550873e-01	  -1.1225735884445112e-01	  -1.6881160797074127e-01	   3.7007387357682742e-01	   3.0820453861590480e-01	   2.8093707106449045e-01	   6.4708339052767494e-01	   4.8044558602609144e-01	   5.9817008111099901e-01	   6.1683886167976310e-01	   5.7555649015938448e-01	   6.3104133622549852e-01	   5.9876475862073786e-01	   5.9565198069183412e-01	   4.1687391056524159e-01	   6.9166224373384289e-01	   5.2113817651756844e-01	   5.7702404347976566e-01	   6.2842973047429096e-01	   6.9653659955079705e-01	   6.6976427165277197e-01	   9.3319767198700410e-01	   9.5825423159522760e-01	   7.0914205068453195e-01	   5.8812396269901968e-01	   1.2785850954055442e+00	   8.5861944024509129e-01	   1.0021227387731586e+00	   1.0865976876074950e+00	   4.6393928437083715e-01	   5.2479337223597988e-01	   6.7239115874423983e-01	   5.5106998943212204e-01	   5.3016456094595155e-01	   6.5945473912868346e-01	   9.8940174438922635e-01	   6.6371011128252710e-01	   7.7596600525445114e-01	   9.1036647789840686e-01	   8.8423990732657076e-01	   7.4760850897938236e-01	   9.0611946493546125e-01	   6.9565585305980437e-01	   8.4811328124304197e-01	   7.5036928508422762e-01	   1.2055181436823637e+00	   1.1031846893480388e+00	   1.0925267064413078e+00	   1.1848240220333972e+00	   9.9780992825690329e-01	   9.1444135553846295e-01	   3.3286708565419904e-01	   3.9267912946618388e-01	   6.5426806328895515e-01	   5.4602282863312013e-01	   5.1369457747438463e-01	   5.9496105312532443e-01	   4.7478646171987898e-01	   6.8446535820917898e-01	   1.6939431584800452e-01	  -1.2429917824126648e-01	   6.1289341169051870e-01	   5.4329193391029507e-01	   6.8283939867622900e-01	   7.8014030153181646e-01	   3.8913624296787702e-01	   7.1144469985515568e-01	   4.6114970855407156e-01	   5.3457972912240126e-01	   1.8850723845894848e-01	   1.3227814943438790e-01	  -4.8859036433452430e-01	   1.9878685973010296e-01	  -1.5897487549573250e-01	   2.8873866285863559e-01	   4.8012009070445244e-01	   5.0580190124834035e-01	   5.0482653922036125e-01	   5.3999890598403921e-01	   3.6238391989737390e-01	  -4.2103863742708197e-01	
   9.5885078170154037e-01	   9.5461893890380911e-01	   5.8461016124451715e-01	   7.3454628808401567e-01	   5.7182254899452967e-01	   4.4966579777826837e-01	   9.7501471808979023e-01	   1.2732945635027069e+00	   8.4863639799767099e-01	   5.3670396956300670e-01	   1.2979798035968733e+00	   0.0000000000000000e+00	   1.3772227853760386e+00	   1.5084542901716385e+00	   9.2218654936589228e-01	   7.3063762394293852e-01	   9.2643007755795004e-01	   7.9098469662812221e-01	   9.6387760494560737e-01	   9.9890734556920502e-01	   4.5883828938816484e-01	   3.9044523807808024e-01	   5.6537294698592477e-01	   5.4861765720047484e-01	   2.7140657959553438e-01	   3.7024620138423819e-01	   2.1484965647952026e-01	   2.0345718398263016e-01	   1.1641949753402365e+00	   1.2932969213919232e+00	   7.6073754035103069e-01	   6.6843166273040544e-01	   9.3901041308001354e-01	   1.0051916835072621e+00	   1.3001429892074473e-01	   1.6766558677411619e-01	  -1.7269911251159781e-01	  -2.2456083655131753e-01	   2.9437176562337269e-01	   3.0463748725628448e-01	   3.9155937975241484e-01	   6.1346794533173943e-01	   5.2706158202773190e-01	   7.0949385521293218e-01	   6.9172500227172018e-01	   6.4650119577490139e-01	   6.1356582703121032e-01	   6.8134147107899068e-01	   7.2896823944002098e-01	   4.8318107343242800e-01	   7.1927429193088832e-01	   5.4658549580210813e-01	   4.5947085212530853e-01	   4.9042090265308613e-01	   6.8388749696747275e-01	   6.7560881457988986e-01	   7.5451295272335817e-01	   8.7977753859737651e-01	   6.9183630203519075e-01	   5.5497121123968651e-01	   1.0853113491005115e+00	   9.0828931399807145e-01	   9.3833320007543985e-01	   1.0543387377932796e+00	   2.5305693149047342e-01	   4.5511098277273537e-01	   6.2187041254503761e-01	   5.6460846706583090e-01	   3.5922969468654825e-01	   6.2642978038948582e-01	   8.1954603534312209e-01	   6.3350339744796536e-01	   9.1392978374816036e-01	   1.0926956488849537e+00	   9.9042637207236739e-01	   8.6360986268311812e-01	   9.2396908095697894e-01	   7.8783562301936616e-01	   9.4034382338689504e-01	   7.4248458104511184e-01	   1.1641447202940789e+00	   1.1232128128401284e+00	   9.1129986366900073e-01	   1.0719456313938369e+00	   7.1692608257630119e-01	   7.2569345096791615e-01	   2.6900082268429037e-01	   2.8401648911233873e-01	   5.4419105163230330e-01	   4.4107565364613077e-01	   4.8565653145449583e-01	   4.5414313197991585e-01	   5.0970207802784073e-01	   5.3584046312458489e-01	   1.2844110451636345e-01	  -1.6475255989619625e-01	   5.5634874958271618e-01	   6.0690562800408943e-01	   7.2020600599345896e-01	   6.9073216801203519e-01	   3.8355212551535489e-01	   7.2896297682670208e-01	   4.4231261415333889e-01	   5.7707386586527387e-01	   1.5493753440306030e-01	   3.4783786817002123e-02	  -3.8898943483833426e-01	   1.6165672749925764e-01	  -2.3451165384322212e-01	   2.5219947752944721e-01	   4.4997455388373581e-01	   5.5312066901942691e-01	   5.5869159983860672e-01	   5.1477843118265332e-01	   2.1158344436205290e-01	  -5.6515484154581175e-01	
   1.0462388128403672e+00	   9.5007536958299721e-01	   7.7063888217828502e-01	   7.0116480286244875e-01	   5.8994565798338916e-01	   3.6931420603688059e-01	   1.1867255223506159e+00	   1.1303066232170729e+00	   9.2721025735446538e-01	   4.6907161994481378e-01	   1.4728873470949171e+00	   1.3772227853760386e+00	   0.0000000000000000e+00	   1.4418578622956106e+00	   1.1346851472089527e+00	   7.4614445937323148e-01	   8.2053331315147804e-01	   6.8368946323078239e-01	   9.7256852552363282e-01	   9.5868411288199051e-01	   5.3218929073721488e-01	   4.2799889801810553e-01	   7.1660710494610325e-01	   5.9881956554759774e-01	   4.3248040788130337e-01	   4.3936838148866575e-01	   2.9029248908531857e-01	   2.5485676746419905e-01	   9.8490158328640598e-01	   9.5871877709691766e-01	   7.9320985016400947e-01	   6.6389009524446185e-01	   1.0456761486247395e+00	   1.0539985722911991e+00	   3.2079863077620235e-01	   2.7975182964358780e-01	  -1.1957080353155503e-01	  -1.8512292951838763e-01	   3.6909005489783192e-01	   3.1707430758860139e-01	   3.7530970869835756e-01	   6.2375310497909342e-01	   5.7909953291635041e-01	   6.1321113723767617e-01	   6.8410152967180704e-01	   6.1856610640245779e-01	   6.4154938092824154e-01	   6.1681036833352176e-01	   6.7691669521694298e-01	   4.0119390079335115e-01	   7.0697875136988608e-01	   4.8699341331503365e-01	   4.8954594989986649e-01	   4.9134173816444093e-01	   7.4472672699358788e-01	   6.6346426472907283e-01	   8.0117257674017950e-01	   8.4971025883617379e-01	   7.2688185145776285e-01	   5.5653258175575282e-01	   1.3824805091558774e+00	   9.2788123679193191e-01	   8.9843770694471647e-01	   8.7833735451269102e-01	   4.4627320785172220e-01	   5.5276238275356615e-01	   7.0966440584351509e-01	   5.7500281221455396e-01	   4.2491104442865607e-01	   6.7552415400050680e-01	   8.0318884365924281e-01	   6.1702097729455707e-01	   8.7223106156286456e-01	   1.0260163203300396e+00	   8.8706615801428002e-01	   8.4538412955206610e-01	   9.0702117272006177e-01	   6.7494045212517773e-01	   8.7206365608134284e-01	   6.8450768783337246e-01	   1.1908836654714978e+00	   1.1987394486975034e+00	   9.5753247965948385e-01	   1.0822296394501776e+00	   9.1298343353138012e-01	   8.7864551949986169e-01	   3.2136485244060575e-01	   3.6050040814129108e-01	   6.1247802371599436e-01	   4.7505351498550630e-01	   4.9433117633202628e-01	   5.1769824537072073e-01	   5.2944164501587532e-01	   7.1056016799056021e-01	   2.1713300918976014e-01	  -1.2797995590877623e-01	   6.5189118038324123e-01	   6.4791578280001694e-01	   7.2305980574498274e-01	   7.1022966796214848e-01	   2.9019815624130246e-01	   7.5971349864628490e-01	   4.1324394433627393e-01	   5.5306953289331451e-01	   1.8834841365197053e-01	   4.5519740835600599e-02	  -4.3808251835198386e-01	   1.3970844980027580e-01	  -1.8951749493901462e-01	   2.3409281202533855e-01	   4.7976899565245335e-01	   5.2833104078941306e-01	   4.8909385818279361e-01	   4.8183865696958011e-01	   3.4498873382188849e-01	  -4.2174963214280548e-01	
