   0.0000000000000000e+00	   1.0482477083465511e+00	   8.5863263901221609e-01	   1.1604493158548825e+00	   5.5343654880856474e-01	   5.5291276861580729e-01	   1.0101731031111749e+00	   1.2319983134372197e+00	   6.2703395107788007e-01	   5.1420420006589307e-01	   6.1089268906463245e-01	   4.9193937520259745e-01	   5.0298600978570662e-01	   4.2034440322047750e-01	   7.9598055755215902e-01	   5.2311670647202857e-01	   5.8949978355972088e-01	   3.3648508444812969e-01	   1.0795168080259840e+00	   1.1977618661189890e+00	   2.4593456094990779e-01	   3.0466160854147106e-01	   6.3763145003338906e-01	   6.5567490366610715e-01	   3.0203627107187392e-01	   3.5977964782134064e-01	   4.2986273710438633e-01	   4.7691895608034374e-01	   4.5211432371204546e-01	   3.7086158908948086e-01	   4.8937731320283723e-01	   4.3998191503695389e-01	   1.0061164718591269e+00	   8.6235321613961480e-01	   5.2404618615062948e-01	   4.1603617744487814e-01	  -3.4124235828430338e-01	  -3.8605575624324395e-01	   6.4708296498719148e-02	   1.0311183569661733e-01	  -1.3016429851063283e-01	  -2.0186013118910456e-01	   2.6965984791500297e-01	   2.5474899421437214e-01	   4.1596985697478017e-01	   3.9274865057612168e-01	   2.8243379816055730e-01	   4.5620368800679323e-01	   3.9942568738635453e-01	   2.0695981634883823e-01	   2.0262148735906599e-01	   2.3385425081504441e-01	   3.0864108852310024e-01	   3.3177138682851792e-01	   5.7755446513122588e-01	   5.9445361865953950e-01	   1.2639747360541855e+00	   1.0428411215502211e+00	   7.3015956174447283e-01	   7.7611114420317984e-01	   7.6900039899094985e-01	   9.8662968838474452e-01	   7.8614041287617642e-01	   8.5877303738134536e-01	   5.1363398455636056e-01	   6.2504250990136578e-01	   7.1993712049782344e-01	   5.7568486009324449e-01	   9.9247342195444144e-01	   9.4416879968996403e-01	  -2.2148060805106373e-01	  -2.3161342836296356e-01	   5.7318526701820582e-01	   6.6000457464485784e-01	   3.0536475062606427e-01	   5.3195094578505187e-01	   6.4590195588276400e-01	   5.3033402242880945e-01	   5.0020466850580902e-01	   3.3415794468727511e-01	   7.5747329791337159e-01	   6.7991789680630221e-01	   8.6575140871549028e-01	   5.8165337881358214e-01	   7.8524512056537954e-01	   7.9914165899757061e-01	   6.7099906292436295e-01	   7.2132090876071964e-01	   7.2247752285230016e-01	   8.2002592456560297e-01	   8.1653261283340317e-01	   6.5042711421191757e-01	   6.5214742033855799e-01	   5.9021537488203157e-01	   6.5609246566242996e-01	   5.4433441605956590e-01	   7.4957382218817870e-01	   6.9868839852513054e-01	   8.2229032816880410e-01	   7.8844971856557144e-01	   4.6272072765420341e-01	   3.9250982651564492e-01	   5.3407435477598897e-01	   4.9847847413662588e-01	  -1.9306205369763463e-01	  -1.9105987098201188e-01	   3.0121553752980884e-01	   1.9426857561740174e-01	   5.2688417562293743e-01	   5.3633046834031672e-01	   7.5812068336440452e-01	   6.7572888962064015e-01	   6.7217078199365110e-01	   6.2738690389122487e-01	   2.2745190982417929e-01	  -1.3528639794165850e-01	
   1.0482477083465511e+00	   0.0000000000000000e+00	   4.4182074443719743e-01	   8.4540407063403233e-01	   2.6241137153450211e-01	   3.5918211474597239e-01	   6.2090519649243303e-01	   1.1269419959697919e+00	   2.7961640413321326e-01	   3.7564094367052375e-01	   5.5744041977680880e-01	   5.7212012886833918e-01	   5.3547001004199557e-01	   4.3646450441524964e-01	   6.3560493241258487e-01	   4.4259347351687917e-01	   6.2667318138291062e-01	   6.6455105486321819e-01	   8.0782189960458972e-01	   9.8532021970810346e-01	   1.7791922436128260e-01	   3.2025163845622967e-01	   4.4795402419139918e-01	   5.0876605123110952e-01	   1.5634694200007021e-01	   2.5418128351744368e-01	   4.1607076825365358e-01	   4.4186044010800690e-01	   4.4968052552497928e-01	   5.4534513852759259e-01	   3.7969879519674937e-01	   2.7631907555698532e-01	   7.4643306169022061e-01	   7.1253463439233922e-01	   2.9004265592708522e-01	   3.0828071217301156e-01	  -5.3252385330292085e-01	  -4.7528957154196549e-01	  -4.4697358035245660e-02	   1.8216646025705659e-02	  -2.9755276135326092e-01	  -2.8172752712073312e-01	   1.3448413389512359e-01	   8.2311917513239977e-02	   2.6470805977227163e-01	   2.5981418921330968e-01	   4.3574283903528979e-02	   1.8426686030174547e-01	   2.9936639207757326e-01	   1.2406054229516221e-01	   4.5743934796380420e-02	   3.2638343900906447e-02	   1.3655195985087867e-01	   1.0156645884160141e-01	   3.7390675513114541e-01	   4.1153939631249664e-01	   1.1491727254122748e+00	   1.3282921396408500e+00	   4.7868432207200645e-01	   5.4426663805553954e-01	   6.4340271034223639e-01	   9.7378866760929572e-01	   6.7548002775323035e-01	   8.9646220726237114e-01	   3.6877960761396139e-01	   4.9761235193207387e-01	   3.9185406324745570e-01	   3.1631654374501111e-01	   6.4972211888427300e-01	   7.1895474304540163e-01	  -3.2557974258979272e-01	  -1.7109174547980888e-01	   5.3935486954062739e-01	   8.2230038693023533e-01	   9.5730976743769874e-02	   6.7975231282156667e-01	   3.3758644182540959e-01	   4.2466606751817204e-01	   6.2471851253945399e-01	   5.4742401630539173e-01	   7.3457603658815940e-01	   7.7558312504867855e-01	   6.6397535061539070e-01	   3.8816063660769912e-01	   5.8448824975736946e-01	   5.0980802207767950e-01	   5.4852134492033033e-01	   5.4537746118511632e-01	   5.6477964446936824e-01	   6.3200724160197208e-01	   6.6549666075137959e-01	   4.4355370388893695e-01	   6.0120370714560600e-01	   3.9453534712046084e-01	   4.8675497384344557e-01	   6.8134749895480562e-01	   5.4011162588733796e-01	   7.1528649679962064e-01	   6.2643313995448802e-01	   5.3612413299562567e-01	   6.8976680093074783e-01	   3.8939075019929464e-01	   7.1474251393020272e-01	   4.6620212470622968e-01	  -2.0969376902425921e-01	  -2.6064662473332501e-01	   3.3844088704121950e-01	   1.6712812216876288e-01	   5.4705607480659291e-01	   4.0961252253538738e-01	   4.4015998383126231e-01	   4.6428507844671740e-01	   5.0662013053189003e-01	   5.7510377991182737e-01	   1.5428235182911576e-01	  -3.5810615260091737e-02	
   8.5863263901221609e-01	   4.4182074443719743e-01	   0.0000000000000000e+00	   1.0633311972480497e+00	   7.7542404308216240e-01	   4.5374569704464129e-01	   1.3521188731883740e+00	   7.9570702865282716e-01	   7.9588065005626252e-01	   4.6700375101480895e-01	   4.4138975344693515e-01	   2.0360977867235219e-01	   3.6920389360143768e-01	   3.2614142751731406e-01	   6.8541782268268980e-01	   4.9859749631905498e-01	   2.2201011831666945e-01	   7.0843920217416340e-02	   6.9195262465798724e-01	   6.5496954491016823e-01	   4.3310314581405840e-01	   3.2497610768203367e-01	   1.1764482084112651e+00	   9.5151707592460955e-01	   7.7048479296484040e-01	   6.2005381018578265e-01	   4.2766049408399770e-01	   4.8872478547135267e-01	   8.9447999720531232e-02	  -5.4569150885915470e-02	   7.5107042223560161e-01	   7.8790699905878736e-01	   8.1238246218930166e-01	   8.2840290583423060e-01	   1.0459331959830906e+00	   8.0161513147189667e-01	  -1.1118739919855838e-01	  -1.6816471878393160e-01	   2.2382211796855461e-01	   1.8124050521117271e-01	  -6.6600716386124373e-02	  -8.8339331173269905e-02	   4.3055149277935911e-01	   3.8629666986079436e-01	   4.8117706849177633e-01	   4.8680939006163571e-01	   3.7597568756729705e-01	   6.2230040673732434e-01	   3.5547754895724631e-01	   2.9039174266038420e-01	   2.0275448174226202e-01	   3.2767334322227182e-01	   3.6076239905612167e-01	   4.0463278477765824e-01	   6.1203120248234355e-01	   5.2309493707112198e-01	   4.9614153579256126e-01	   4.5274212327034047e-01	   5.5746120073585803e-01	   5.9852795463490938e-01	   4.9883940952226408e-01	   5.6557285453134831e-01	   5.0277535264232154e-01	   2.9101428127553070e-01	   1.0526164328969927e+00	   1.0954896399745859e+00	   1.1815208426388482e+00	   9.1738050733337184e-01	   8.0039877292389439e-01	   8.3493756161961330e-01	  -1.0654037451693577e-01	  -1.2917300579839122e-01	   3.1591578047290225e-01	   2.4782980917717315e-01	   6.2702707744238750e-02	   2.4020342763910771e-01	   3.7888386873857449e-01	   2.5030963279734791e-01	   6.2177932603170789e-02	  -5.1981735761907601e-02	   2.7497741828896904e-01	   3.8921956309984956e-01	   6.5555975962770718e-01	   6.0895689928326446e-01	   9.7033992237159927e-01	   1.1595149136746898e+00	   6.8135132211953564e-01	   7.9157100893690291e-01	   7.6146702249984632e-01	   9.1530886722276039e-01	   9.2659054164980204e-01	   9.2415048160754498e-01	   8.5876746713386387e-01	   1.0738774973010450e+00	   5.8033458076127586e-01	   3.4196483058564936e-01	   6.8572436692252836e-01	   4.1265360817878038e-01	   7.6329214872956752e-01	   7.3143639604695809e-01	   3.1918400258695734e-01	   5.1781339404609139e-01	   4.4299349109739372e-01	   5.1587314799790307e-01	   2.1483105124226316e-02	   9.3575017853950657e-02	   2.9702629173481632e-01	   1.9062274444045638e-01	   3.7547509649795563e-01	   4.1509461311138129e-01	   8.2757761729818546e-01	   8.4135144109856830e-01	   7.3301909476988358e-01	   5.1937159628916318e-01	   2.7999864901119381e-01	  -1.4360188770862153e-01	
   1.1604493158548825e+00	   8.4540407063403233e-01	   1.0633311972480497e+00	   0.0000000000000000e+00	   6.6832964127058225e-01	   6.4112637030865594e-01	   9.3044350484978600e-01	   1.2749391498204976e+00	   7.1687277846062203e-01	   5.3276187266419495e-01	   3.9567153552960166e-01	   2.7846892121760425e-01	   3.9174490373336945e-01	   2.8352672999165496e-01	   8.8198828239447724e-01	   6.3502394177867683e-01	   5.4535310506150547e-01	   2.7188028687541937e-01	   1.0817666735532196e+00	   1.2255711874160486e+00	   4.1734336199634930e-01	   4.4700258958435479e-01	   8.7202439462547920e-01	   1.0226264349463723e+00	   6.3021668564733835e-01	   6.9814275473265675e-01	   5.1902091968988062e-01	   5.7537605027281380e-01	   3.9644164574349466e-01	   2.8324614782473612e-01	   7.1548975829245165e-01	   6.7720749604702646e-01	   8.1568984642262077e-01	   8.0177254450963631e-01	   7.9327616488017472e-01	   7.1966936184472396e-01	  -3.0881990719077751e-01	  -3.9164447465417335e-01	   4.6660495964884627e-02	   6.4319364996389669e-02	  -2.1756000220544683e-01	  -2.3092634220037395e-01	   1.9694877507740211e-01	   1.4105033241302908e-01	   2.7933021825774745e-01	   2.3883338523291814e-01	   1.2322644901953159e-01	   3.9302805542722768e-01	   2.3050748979339725e-01	   7.4305720996209079e-02	   4.0251684917101641e-02	   2.1334437746764723e-01	   2.3768732113387608e-01	   3.1833842694338949e-01	   4.8189501010573998e-01	   4.0636730352626127e-01	   8.8433315479467978e-01	   8.7965457596374463e-01	   5.4062903992692046e-01	   6.5996924413974756e-01	   5.3124237288612175e-01	   7.3837008339383137e-01	   6.7811949392053439e-01	   5.8137075349668621e-01	   5.7253833360520334e-01	   8.1974346055872627e-01	   8.6308489953140544e-01	   7.2200164910410880e-01	   1.1300574312511686e+00	   1.1545999829650693e+00	  -3.0515220906283558e-01	  -1.7163287409998032e-01	   4.2031529061360062e-01	   5.8887601169218995e-01	   5.2403939736659202e-02	   4.5880879129984120e-01	   4.7310715573981166e-01	   3.5945123260660983e-01	   4.2818152408523402e-01	   2.5668492342432025e-01	   6.8906967767752791e-01	   7.0485229951869455e-01	   8.0986494521852870e-01	   6.8293510097007215e-01	   1.0195866666762865e+00	   1.0932524622596382e+00	   6.5969457046888391e-01	   8.0264129825743824e-01	   7.3269070361213695e-01	   8.7610683128314193e-01	   1.0428626955426037e+00	   9.9026555475015443e-01	   9.4732836645487162e-01	   8.0573479632617750e-01	   7.2463721654407953e-01	   5.4507225768140166e-01	   8.2933713460206349e-01	   6.8271983343237497e-01	   7.8018015890888048e-01	   7.2156126794011222e-01	   4.5672685038084038e-01	   4.2992953814597540e-01	   5.7646471843542246e-01	   4.6415827594028031e-01	  -1.1932365474192334e-01	  -1.1572461737222867e-01	   2.1659677979613567e-01	   9.9351000911714962e-02	   5.6776746693167934e-01	   6.3598780609999783e-01	   8.7891241531485975e-01	   8.8512182463744349e-01	   7.5903181236376316e-01	   6.1269490390349790e-01	   3.0493020837733920e-01	  -1.3891639563047597e-02	
   5.5343654880856474e-01	   2.6241137153450211e-01	   7.7542404308216240e-01	   6.6832964127058225e-01	   0.0000000000000000e+00	   1.0208358464499085e+00	   6.5315557656532608e-01	   4.4735337565448285e-01	   1.0402169936952137e+00	   9.1824140636329110e-01	   1.4268773047134597e-01	   1.3894382945415992e-01	   2.2535445779778990e-01	   8.3675699646583390e-02	   9.0808111744514464e-01	   8.6820121483671719e-01	   7.3368477919743755e-03	   5.6966730597800708e-03	   3.4082872232357087e-01	   3.8410901584313478e-01	   4.3653154650414622e-01	   5.3835625914336704e-01	   5.4056509898883998e-01	   5.7154599298029540e-01	   6.4570647780062695e-01	   7.0437691096076871e-01	   8.1787609339237521e-01	   9.1783647023015147e-01	  -1.0154385025516963e-01	  -1.2561295263581862e-01	   3.1034145293383170e-01	   3.3360316603178181e-01	   3.4255071265849774e-01	   3.7544040709515691e-01	   6.1850687101670565e-01	   5.1945164401549704e-01	  -9.8095781568252979e-02	  -9.6099924987629259e-02	   2.3106705538762840e-01	   2.0592895210548440e-01	  -2.3998842087398542e-01	  -1.4016644060564165e-01	   3.0944392770914181e-01	   2.0655469379318880e-01	   2.6775448542850672e-01	   2.3620781108432437e-01	   3.5906626907402533e-01	   4.9431212327596918e-01	   2.0462419346867189e-01	   6.5361497451858250e-02	   1.6350008764374571e-01	   1.2677088900200725e-01	   2.9231103370345313e-01	   2.8282173039290870e-01	   5.0713291628938439e-01	   4.4012516035627358e-01	   3.2378856939001749e-01	   2.6366577988678097e-01	   3.8108839957223595e-01	   3.7721144337694029e-01	   4.4872368434220217e-01	   4.4835778594817294e-01	   3.2401784958418040e-01	   2.4179877050158408e-01	   5.8501286363323346e-01	   5.5481315978105694e-01	   6.2457223039530818e-01	   4.7047608586303835e-01	   4.8673599620126629e-01	   5.3855038111957998e-01	  -1.0050971825563579e-01	  -2.1136325224261318e-01	   1.4131793402201311e-02	   1.9520427873311652e-01	  -7.3186359096539852e-02	   2.0823531684076541e-01	   2.8638112386614206e-01	   1.4405547703133242e-01	  -3.3715938071386987e-02	  -4.3917825898811012e-02	   1.1299023566808671e-01	   1.7349522985674434e-01	   4.6115857281379669e-01	   4.6998241782531436e-01	   5.8483371692841923e-01	   6.5551518503278572e-01	   4.6990457028370014e-01	   5.5381342416712098e-01	   6.4720017990925982e-01	   6.8794611939001027e-01	   6.0769370338074002e-01	   5.1473403831588227e-01	   6.6607005454137724e-01	   6.1278728392766157e-01	   2.5908704223939560e-01	   1.7665974298030968e-01	   3.7288193398334263e-01	   1.5725561012120184e-01	   5.0060901461849550e-01	   4.8407207375262418e-01	   2.4343554331974043e-01	   3.5382828390572763e-01	   2.4998521172960050e-01	   3.8610452118280264e-01	   1.4642755218388814e-01	   2.0013172595693710e-01	   3.3060293050749023e-01	   2.2440658909828670e-01	   1.8581526745504193e-01	   2.5450499036809154e-01	   5.0016375872817154e-01	   5.4719801767249066e-01	   4.7113466809899313e-01	   2.0044111566053133e-01	   5.6473951781560179e-02	  -2.1653204550462724e-01	
   5.5291276861580729e-01	   3.5918211474597239e-01	   4.5374569704464129e-01	   6.4112637030865594e-01	   1.0208358464499085e+00	   0.0000000000000000e+00	   4.2343075405504926e-01	   5.2489776421597711e-01	   7.5954244114636604e-01	   1.2327550495130626e+00	   1.1036204319007406e-01	   1.1317724379644203e-01	   1.8156512305660316e-02	   1.1646624632088831e-01	   8.0464729092619691e-01	   1.0343000139180631e+00	   1.3070373557129719e-01	   3.8558950362053077e-02	   3.5901019210425156e-01	   4.0072471962790118e-01	   3.9042288662120811e-01	   4.5117944792973608e-01	   3.3615680132478265e-01	   4.2096595639044510e-01	   3.5539096036724388e-01	   4.8135703036422661e-01	   8.2015453509733172e-01	   9.7007123582061161e-01	   5.5651776232757119e-02	   4.7588711463008637e-02	   2.0099865681400408e-01	   1.7674627484981439e-01	   2.0841248146340616e-01	   2.2222319376096872e-01	   4.5881858094928940e-01	   4.2222798695451191e-01	  -1.9267389634916512e-01	  -2.8253367282434627e-01	   8.2448637772660011e-02	   1.4259154155240986e-01	  -2.2660964954064533e-01	  -1.3517864535374904e-01	   1.7311127387847025e-01	   8.9729111389766775e-02	   3.8508605447774499e-02	   3.1451470501702078e-02	   1.8657457848355793e-01	   2.9488646800713542e-01	   4.8396865501278696e-02	  -2.2303850778141659e-02	   1.4521780869547010e-01	   1.0436414303496552e-01	   3.6877786206816265e-01	   3.8129082690990695e-01	   4.0424748540139555e-01	   4.0025136750634183e-01	   3.8259532484146769e-01	   3.8400121103605461e-01	   3.7026246662812790e-01	   4.6711423065578095e-01	   4.0440312559832026e-01	   5.4990034243538677e-01	   2.9413913422097493e-01	   3.4585171752591665e-01	   3.6703102591704417e-01	   3.9739057834060021e-01	   3.3753705234637815e-01	   2.3545215866590344e-01	   4.7221632996822643e-01	   5.1673790735409331e-01	   3.5501518514055683e-02	  -2.4485263358797166e-01	   1.3676288578430401e-01	   1.9281630042667663e-01	   1.3819378673556285e-01	   1.7545357273610829e-01	   4.2936277359075420e-01	   2.0477433679263371e-01	   1.4234804848494387e-01	   2.1262620442326854e-01	   2.6633385009296573e-01	   1.9985062850324231e-01	   4.7464632145518237e-01	   4.2795502117214390e-01	   4.8329414288406786e-01	   4.9464143719684417e-01	   3.5507917160294977e-01	   3.8730634283680049e-01	   5.7213011554511428e-01	   5.9686378559099706e-01	   4.9549436163207783e-01	   3.5928783836115208e-01	   4.8947590042264638e-01	   3.0272482561923669e-01	   2.6126520401796205e-01	   1.5351152957832398e-01	   3.2173898132620082e-01	   2.4581640589014214e-01	   3.8625655698897499e-01	   3.7432256254768975e-01	   2.4493055108253861e-01	   6.3372692270318678e-02	   1.8601283358928350e-01	   1.1473529349062633e-01	  -5.9609894416149362e-02	  -9.4287197573692846e-02	   1.5763989771499440e-01	   9.5275862201582573e-02	   1.8708315456412430e-01	   2.9560809208068051e-01	   3.5764199340979985e-01	   3.6533077233039668e-01	   4.1005480888645307e-01	   3.6587936110125707e-01	   2.6457709087724751e-01	   3.5576856873171220e-02	
   1.0101731031111749e+00	   6.2090519649243303e-01	   1.3521188731883740e+00	   9.3044350484978600e-01	   6.5315557656532608e-01	   4.2343075405504926e-01	   0.0000000000000000e+00	   1.0767806517242131e+00	   7.4360295131514020e-01	   4.4131811959371525e-01	   5.5213575136317872e-01	   3.6253610197967878e-01	   4.8546244120620119e-01	   4.5796573117901052e-01	   6.0354328361524867e-01	   3.5102723000700919e-01	   3.1594316461399025e-01	   1.6693098943355089e-01	   5.9782678840220882e-01	   6.0928420348643542e-01	   1.6569375152135221e-01	   1.8451842435304289e-01	   8.5192339218103652e-01	   7.2907233481270728e-01	   4.7223338394977532e-01	   4.5826518704927272e-01	   3.0952436282858503e-01	   3.5245360095362260e-01	   1.6447945755882881e-01	   5.4533903743486919e-02	   5.8323506810826742e-01	   5.9556431131722987e-01	   1.0078485927051886e+00	   9.7796825564614565e-01	   8.9803088626552074e-01	   7.7172229208431209e-01	  -1.5892014594868148e-01	  -1.9718756430160492e-01	   1.2384164798638400e-01	   7.8141569800246238e-02	  -9.4386163617345975e-02	  -1.5625753492038258e-01	   5.0488390732709532e-01	   5.1809113715815314e-01	   6.3674009503364493e-01	   6.4808629572407828e-01	   4.4484798891444965e-01	   6.1774524379859075e-01	   6.1506032434148505e-01	   4.9013875939629442e-01	   4.3020457155179159e-01	   4.9940450156586969e-01	   5.2588987533623532e-01	   4.9397229894052580e-01	   5.9098718178188658e-01	   5.1677495105300308e-01	   6.6752521311866719e-01	   6.1444156325691379e-01	   7.6773961839407701e-01	   7.0463795780290595e-01	   8.0584719377899039e-01	   8.5397088100257945e-01	   6.3211448837650819e-01	   5.2823804293498433e-01	   9.0429520582580714e-01	   1.0433722834783643e+00	   1.2103535187222267e+00	   1.0177193960158768e+00	   6.9549988673368723e-01	   7.6927590008263969e-01	  -1.2804346594736365e-01	  -1.5696085739087381e-01	   5.1386345800628797e-01	   4.1333033225209725e-01	   1.2615749566056672e-01	   4.1576775172431202e-01	   4.7148904100829625e-01	   3.6278655563137963e-01	   1.8201728061385333e-01	   6.1362414422106493e-02	   3.7325686881159242e-01	   4.5798786467598362e-01	   5.9656080960721303e-01	   4.0686047684539878e-01	   6.7803632635118327e-01	   8.7115901816992602e-01	   5.2021862374076511e-01	   5.4243006350729517e-01	   6.7197787825318356e-01	   7.9218965152478360e-01	   8.9295072677714304e-01	   7.2484128006991899e-01	   7.9897366637907119e-01	   8.6206282472517359e-01	   4.0937825715828813e-01	   3.0332291920124616e-01	   5.1975855079115696e-01	   3.7498458074639729e-01	   7.9740827142393800e-01	   7.2486376721514623e-01	   4.6423183049770894e-01	   6.4624145832537705e-01	   5.2830845780653912e-01	   6.5105890352277040e-01	  -1.5905197124559841e-02	   6.7931651744959271e-02	   2.9366938116539287e-01	   2.1723379222892053e-01	   2.6362123543777455e-01	   2.7003137898558738e-01	   6.8048518847250494e-01	   8.1624881582554198e-01	   6.9455615280893324e-01	   5.3002163185868278e-01	   1.7829533739437603e-01	  -2.0066295618567137e-01	
   1.2319983134372197e+00	   1.1269419959697919e+00	   7.9570702865282716e-01	   1.2749391498204976e+00	   4.4735337565448285e-01	   5.2489776421597711e-01	   1.0767806517242131e+00	   0.0000000000000000e+00	   5.6948598300430564e-01	   4.2552305201200269e-01	   6.3441402141131187e-01	   5.3664700246856689e-01	   5.0014122184171939e-01	   6.2605188178621607e-01	   7.7871536270569253e-01	   4.4742205779112898e-01	   5.6872536059108247e-01	   3.3499455986618021e-01	   9.0789738469451475e-01	   9.9534511764725320e-01	   2.0974689079930217e-01	   2.6235965641863412e-01	   7.9999730628392418e-01	   8.3961640051965258e-01	   3.8033545994734952e-01	   4.5803944808385200e-01	   4.0879683470238543e-01	   4.4076681998247341e-01	   4.0195068411388118e-01	   3.9123446139471857e-01	   6.8386020921314927e-01	   6.1028776072082258e-01	   9.9187718419444038e-01	   9.5133991045924893e-01	   6.8166329589499064e-01	   6.4465858331841019e-01	  -3.5903413208233681e-01	  -4.2426507011874182e-01	  -4.6467312579438362e-02	   3.7086778617283715e-03	  -1.9326718035767715e-01	  -2.1200011152597292e-01	   3.0468681422626398e-01	   2.9217044973370121e-01	   4.2092868237816011e-01	   4.0506347933212417e-01	   1.7868126419158434e-01	   3.6905590843094305e-01	   4.3067863915677923e-01	   3.0363313661833552e-01	   2.4076122059875416e-01	   3.7099048670696222e-01	   3.7752277887074737e-01	   4.0980120505205725e-01	   4.0757843631225088e-01	   4.2065618078755374e-01	   1.0087943839332258e+00	   9.3097667907037218e-01	   6.1205544455429084e-01	   7.1341819791261751e-01	   7.1710396615479510e-01	   1.1089923048891357e+00	   7.0375093240917430e-01	   7.9063331027516370e-01	   5.6952962613136660e-01	   7.9430424005850264e-01	   7.4730919686175401e-01	   6.5854436980254638e-01	   8.7674261510113272e-01	   9.1721770263835078e-01	  -2.5644176180781336e-01	  -1.1948723075373491e-01	   7.0665951498569235e-01	   7.8324294026812880e-01	   1.7690369136354364e-01	   7.5302952765393993e-01	   5.4029721519051643e-01	   4.9947306099736521e-01	   4.5753408428673559e-01	   3.1343959725602949e-01	   6.8276415850401795e-01	   6.8541966193342596e-01	   7.6844741317753640e-01	   5.5690711808965399e-01	   8.3065980621375768e-01	   8.5554052890725230e-01	   4.9509525399581711e-01	   5.6646667806527373e-01	   6.3321099158370320e-01	   7.4929309120921894e-01	   8.4954575134725863e-01	   6.2010956363340719e-01	   7.4835597965144585e-01	   5.9686059714425665e-01	   4.3812481162276379e-01	   4.5105910505167984e-01	   5.1158926574875063e-01	   5.9331005322898611e-01	   6.5424998835778914e-01	   6.1242559174004585e-01	   5.3717958485459505e-01	   3.9998479956208777e-01	   5.6705449372464811e-01	   4.5304123484252773e-01	  -1.6410921458022740e-01	  -1.5973017155223534e-01	   2.3347115145079922e-01	   1.1647735572302974e-01	   3.8306317317631300e-01	   3.6841564752964540e-01	   6.3568081980083835e-01	   6.9490559863503820e-01	   6.1247482799650776e-01	   6.2855892233192090e-01	   2.4358119518354321e-01	  -1.0918919214441392e-01	
   6.2703395107788007e-01	   2.7961640413321326e-01	   7.9588065005626252e-01	   7.1687277846062203e-01	   1.0402169936952137e+00	   7.5954244114636604e-01	   7.4360295131514020e-01	   5.6948598300430564e-01	   0.0000000000000000e+00	   8.9947485395693039e-01	   3.1496822495096533e-01	  -5.7812516402566565e-02	   8.2436495164122159e-02	   6.9390663833111488e-02	   8.7930063605493292e-01	   6.2929220228063354e-01	   1.7080653226855960e-01	  -1.4018643342063933e-03	   4.0148746359995885e-01	   4.0613988218143765e-01	   2.5968103400673359e-01	   3.2740293595644454e-01	   4.8963942148229633e-01	   4.5273943301090019e-01	   4.5529210149780153e-01	   4.8349143850896437e-01	   4.4694039241126138e-01	   5.2186557979056125e-01	   1.2436950383085763e-01	  -3.1290296827369363e-02	   3.2663545670515809e-01	   3.3624483527242244e-01	   3.7754029600258121e-01	   3.9308448606685764e-01	   4.8160895493318551e-01	   4.2168235572531609e-01	  -1.0057680520453234e-01	  -2.0788076721673243e-01	   6.6445580845611432e-02	   5.6099937334355046e-02	  -1.7660486293315908e-01	  -1.7804394527686082e-01	   3.1830634408119857e-01	   2.3677341149759246e-01	   2.2084451006832903e-01	   2.1106284459980298e-01	   2.9052717116938048e-01	   3.7826343988519939e-01	   1.6518798653173508e-01	   6.9762070356353803e-02	   1.3102497190048179e-01	   2.1609104083246353e-01	   3.0186995730806981e-01	   3.7625826472346136e-01	   4.1521547637936645e-01	   3.2573906506697381e-01	   3.8698456609879450e-01	   3.2397997811527190e-01	   4.3837410593851922e-01	   4.4801509822977276e-01	   3.9853211468895833e-01	   5.5636127380721445e-01	   3.3217649520347736e-01	   2.8607277863208824e-01	   5.1953712835236510e-01	   5.0512282321761870e-01	   5.3483427401329053e-01	   4.0313558275489070e-01	   5.0794055340327304e-01	   4.6286215082884941e-01	   7.5285922509348208e-02	  -2.3197547525487938e-01	   2.9770229166076634e-01	   2.9294330489705711e-01	   1.1019393456579196e-01	   1.8500668840957046e-01	   3.6771461723552973e-01	   1.9448521107233627e-01	   7.0299141022523604e-02	   8.9787671383052298e-02	   2.8768056149609567e-01	   2.9969846901030084e-01	   4.7381939023545605e-01	   3.0131413496891624e-01	   5.2776882351698839e-01	   5.8918555435509379e-01	   3.9350076757915481e-01	   4.0875676008000339e-01	   5.2887969006453306e-01	   6.4801132551774587e-01	   5.4410316100491474e-01	   5.9910374536541355e-01	   5.3958892129940594e-01	   5.5209815171831456e-01	   3.6765139774081440e-01	   1.7475101038741070e-01	   4.3958745150094136e-01	   2.8364915310626726e-01	   5.0371283708920234e-01	   5.3453366042457084e-01	   1.0210962917577550e-01	   2.1934762171043887e-01	   1.2067524331493687e-01	   2.2832171796109588e-01	   3.5488745149080581e-04	   1.0187117256007781e-03	   2.0039774856543380e-01	   8.8347029821412848e-02	   2.5290940484583568e-01	   4.1634069806979845e-01	   4.6729816093440985e-01	   6.0385677438128227e-01	   5.2905441528691988e-01	   2.3607692088224919e-01	   1.4156928481307196e-01	  -9.5297107863622138e-02	
   5.1420420006589307e-01	   3.7564094367052375e-01	   4.6700375101480895e-01	   5.3276187266419495e-01	   9.1824140636329110e-01	   1.2327550495130626e+00	   4.4131811959371525e-01	   4.2552305201200269e-01	   8.9947485395693039e-01	   0.0000000000000000e+00	   1.4513764279370622e-01	   8.8690591682401808e-03	   3.9632676413459425e-02	   1.6614250457526902e-02	   8.2158744432158903e-01	   1.0831415505664841e+00	   7.2285698346462989e-03	   1.8654173779946562e-02	   2.9149454469556080e-01	   3.3072941377039899e-01	   3.2858962910221007e-01	   4.7383854383814994e-01	   2.3680450353312543e-01	   2.0145579400306976e-01	   3.3633809187565167e-01	   4.2082193243400434e-01	   7.0884832587182611e-01	   8.3467925304375823e-01	  -7.6829420890825728e-03	  -9.4580955350892212e-02	   9.2240029437022988e-02	   7.1557523536707329e-02	   2.3834611521990079e-01	   2.7301203877633512e-01	   3.3794724525501740e-01	   3.1731248905478726e-01	  -6.9418999377327859e-02	  -9.2849393935076061e-02	   1.9507761920043845e-01	   2.4018062790713679e-01	  -1.3642769109716255e-01	  -3.4412461446202434e-02	   2.5999230749463531e-01	   1.7015012998208040e-01	   2.8829544965305154e-02	   7.5525798547422252e-02	   2.5340041504790956e-01	   3.3791988533767853e-01	   7.5263808995415113e-02	   1.6585998518476692e-03	   9.9041295222583647e-02	   9.7179265886242566e-02	   3.2277111855289553e-01	   3.4064691387334117e-01	   4.6255435872646178e-01	   4.3486339019137454e-01	   3.6610041723904641e-01	   4.3074793618924634e-01	   5.0185241071483233e-01	   5.1445955257532594e-01	   4.7982669713645332e-01	   6.0526887037247923e-01	   2.8755013712999755e-01	   3.4639583760985715e-01	   3.4311557683955402e-01	   3.6227397684649004e-01	   3.4255367448692159e-01	   2.5390671961547567e-01	   4.0692765877767151e-01	   4.5868716100301576e-01	   3.7347239710260521e-02	  -2.9266147395079783e-01	   1.2397428208187081e-01	   1.5187235020680007e-01	   6.5500528221161383e-02	   1.1429643807827665e-01	   3.7385247990751747e-01	   2.5696182474189705e-01	   3.5662276403815997e-03	   1.3820092253732652e-01	   1.5593882450069743e-01	   1.3647020904624230e-01	   4.3730716011958815e-01	   3.4256108284525549e-01	   3.1596431706434674e-01	   4.0085390251012493e-01	   3.2029624194035639e-01	   3.5870235776737558e-01	   5.6482146560744850e-01	   6.6594190347334026e-01	   4.8625402813256857e-01	   3.9199289298573509e-01	   4.9920303541050670e-01	   3.8840001638229521e-01	   2.5073557884417264e-01	   1.4274387609912420e-01	   3.1010113553530894e-01	   1.6721771573237032e-01	   4.3653277438447075e-01	   4.3187000823837252e-01	   2.7814885894933911e-01	   1.9002377827809369e-01	   2.8161943308205895e-01	   2.0614852566970004e-01	   8.0931933202735520e-02	   4.2561149606922862e-03	   3.3530193062244273e-01	   2.4276653785869484e-01	   1.6204499540265227e-01	   2.0595243220722284e-01	   2.9283791657469699e-01	   3.8178492404749914e-01	   4.6847921743223370e-01	   4.4519967185982762e-01	   3.6871463659372339e-01	   1.3270766747209239e-01	
   6.1089268906463245e-01	   5.5744041977680880e-01	   4.4138975344693515e-01	   3.9567153552960166e-01	   1.4268773047134597e-01	   1.1036204319007406e-01	   5.5213575136317872e-01	   6.3441402141131187e-01	   3.1496822495096533e-01	   1.4513764279370622e-01	   0.0000000000000000e+00	   5.2801960981903973e-01	   5.9037721747650163e-01	   6.2333139270827631e-01	   4.6656913807260281e-01	   1.5860397503949172e-01	   6.2333686846244485e-01	   5.9476679123888454e-01	   5.5633048357388870e-01	   5.2434883498011287e-01	   3.1028952457215122e-02	  -3.6115034339351385e-02	   5.1273248271257754e-01	   4.3112773864485621e-01	   1.7883358683905506e-01	   2.0471316594095615e-01	  -4.2110362484299835e-02	  -3.2544815737000833e-02	   5.5870620807737315e-01	   5.4391385210946563e-01	   5.6161288983764091e-01	   5.0116167993278393e-01	   6.8171872392641142e-01	   6.1827674669758204e-01	   3.4503516711980703e-01	   2.5508715029927304e-01	  -1.9784791390314999e-01	  -3.3927880333620558e-01	  -1.9135780535614375e-01	  -2.3110484996820707e-01	  -3.3979671961339893e-02	  -2.4102703118815977e-01	   2.9011054779184275e-01	   3.3122613830361924e-01	   4.3662489412708605e-01	   4.2270088868254924e-01	   2.0234698965455675e-01	   2.4001262328150327e-01	   2.7867144214286627e-01	   2.2256879074518157e-01	   2.2706791484434599e-01	   1.8213784630952376e-01	   2.2944374090006983e-01	   3.4284315372819940e-01	   6.6014228314268453e-02	   1.6670319013752083e-01	   5.7346416893450902e-01	   5.0164764659496464e-01	   1.9558577596377377e-01	   9.8581136419521112e-02	   3.3078425671506939e-01	   5.2413238428508124e-01	   4.6726930062190103e-01	   5.1572317568916703e-01	   5.1349672279413272e-01	   2.9363976261137636e-01	   2.8398866868031369e-01	   2.0605735198493580e-01	   4.5559794259146896e-01	   4.2172809362920949e-01	  -1.3127035101109741e-01	  -2.1066612630900464e-01	   6.9581347218473821e-01	   8.5306807678870145e-01	   3.9226454114617093e-01	   5.2608384806685438e-01	   4.7033013169176929e-01	   4.6814773092669670e-01	   5.3406666919458201e-01	   4.6841747111239213e-01	   5.8951869071980534e-01	   6.9634273762053622e-01	   4.5015422348288492e-01	   3.2656706938033037e-01	   6.0818283939098328e-01	   5.3525772497078927e-01	   1.3227225761380856e-01	   1.4132207601447483e-01	   8.7390725060326357e-02	   1.8363082294796670e-01	   2.6892164928207307e-01	   2.3750913665695217e-01	   1.5606994234647281e-01	   2.1711035052161945e-01	   3.0039137782281378e-01	   4.1613035101652118e-01	   2.3341822044423058e-01	   4.3445195372319667e-01	   3.0863496613738411e-01	   3.4087419226274562e-01	   1.3351130143239737e-01	   6.5036423573427538e-02	   5.8563605637384865e-02	   4.6879331690546727e-02	  -5.2462331121277128e-01	  -3.9348051308188009e-01	  -1.8586655888232378e-01	  -3.0132244151942850e-01	   2.7600912241589726e-01	   2.4843723609926760e-01	   2.2755130781531324e-01	   3.2436195178150323e-01	   2.5275869910305510e-01	   1.8655728977686062e-01	  -2.1368800826490179e-02	  -1.5944008215089908e-01	
   4.9193937520259745e-01	   5.7212012886833918e-01	   2.0360977867235219e-01	   2.7846892121760425e-01	   1.3894382945415992e-01	   1.1317724379644203e-01	   3.6253610197967878e-01	   5.3664700246856689e-01	  -5.7812516402566565e-02	   8.8690591682401808e-03	   5.2801960981903973e-01	   0.0000000000000000e+00	   8.5756758309889314e-01	   9.2453440795596342e-01	   2.7371402784702253e-01	   1.6950651540502817e-01	   1.6120107554762017e-01	   4.6639039816457617e-01	   3.3940071156430590e-01	   4.5371547231817555e-01	  -7.5917374948211186e-02	  -8.3810359144441224e-02	   2.1789873796276241e-01	   3.1518423457030026e-01	  -2.1477347262090565e-02	   4.2559757840301221e-02	   8.2439164198183038e-03	   1.9324139296902815e-02	   1.5236267827160474e-01	   4.7389588786689751e-01	   2.2105851295532411e-01	   2.2441716762828701e-01	   5.3913446942472087e-01	   5.9144750054079021e-01	   2.2072489418412866e-01	   1.5166371607200771e-01	  -2.8077929216696040e-01	  -2.0022883592189050e-01	  -7.4206813955985912e-02	  -6.7982641998262344e-02	  -8.6031838534067123e-02	  -1.1440881298620310e-01	   2.0650944997884682e-01	   2.6818703238921637e-01	   5.0334532781956953e-01	   5.0299732990859769e-01	   1.9986398228892199e-01	   3.1938754342786424e-01	   4.9633240792267030e-01	   4.2746330826550660e-01	   4.1023296633950229e-01	   2.8190327894012035e-01	   3.7844131380302715e-01	   2.6401731472026818e-01	   2.2751248886785691e-01	   3.3538930813051332e-01	   3.8288034823585326e-01	   4.6827595830996377e-01	   3.0207588116497869e-01	   2.1557945073788565e-01	   6.3089089509795615e-01	   5.0404930946101967e-01	   6.2132626683533898e-01	   7.2200511726811445e-01	   2.8500854513719193e-01	   2.5126673000351196e-01	   2.8975972177606468e-01	   2.9474623024620522e-01	   2.1409826704184209e-01	   3.4232046667783483e-01	  -2.9457598624736125e-01	  -8.0258028213188823e-02	   1.6420581837589399e-01	   4.9944680808012520e-01	  -1.6669173504390278e-02	   5.3485988826815878e-01	   2.3209004068422490e-01	   4.9612450149445741e-01	   2.0686854618328665e-01	   1.8659605600259130e-01	   1.1566559825553389e-01	   3.0694689635483230e-01	   2.2650022469336351e-01	   3.1177565554559922e-01	   3.0649589660273696e-01	   3.5252766492285209e-01	   3.2866886678280839e-02	   1.6642338370285950e-01	   1.3513922445510379e-01	   1.9751708271070192e-01	   2.1412599392612300e-01	  -2.5059879038374235e-02	   1.4049854707200840e-01	   6.2986064612560677e-02	   6.1877397129130589e-02	   3.4028832131695058e-01	   6.2780748972202968e-02	   2.3024197797706850e-01	   2.4157622189845132e-01	   1.8130291577805990e-01	   3.4271699971221631e-01	   2.3355424468132180e-01	   3.2308962193334145e-01	   2.7112327569126210e-01	  -1.4304108984890002e-01	  -6.3533929315444562e-02	   2.1536727461825336e-01	   8.4179440447525400e-02	   1.7269057506317512e-01	   1.6026964938010216e-02	   8.2290544248583744e-02	   8.1669553567131320e-02	   1.2838062678814627e-01	   1.2779754982783786e-01	  -1.0629683415246592e-01	  -2.8165076874425998e-01	
   5.0298600978570662e-01	   5.3547001004199557e-01	   3.6920389360143768e-01	   3.9174490373336945e-01	   2.2535445779778990e-01	   1.8156512305660316e-02	   4.8546244120620119e-01	   5.0014122184171939e-01	   8.2436495164122159e-02	   3.9632676413459425e-02	   5.9037721747650163e-01	   8.5756758309889314e-01	   0.0000000000000000e+00	   7.1870434768552538e-01	   3.5250286348989390e-01	   1.8594026370159406e-01	   2.7401747996304282e-01	   4.2313962953713902e-01	   4.6084340746023056e-01	   5.4177413817403930e-01	   1.9435095711164430e-01	   2.6027998967591637e-01	   3.0564166205405868e-01	   3.2608340830138050e-01	   3.2184073155429771e-01	   3.8426791988573589e-01	   9.1718016993632911e-02	   6.8038107773012377e-02	   2.9668438817694931e-01	   3.6657808103972500e-01	   4.2757385001573334e-01	   4.1902484837059817e-01	   6.7650777569971243e-01	   6.0310809786320874e-01	   3.6992825665913681e-01	   2.6006620854653739e-01	  -8.0707906118982362e-02	   6.1046030616096437e-04	   1.8173231918700500e-01	   9.8789388170893278e-02	   4.4944307070808681e-02	  -6.3920648257666052e-02	   4.4603913547813201e-01	   4.6791676634690471e-01	   6.0363305590853089e-01	   5.7634417279108252e-01	   4.1216343663776978e-01	   5.4224196209166586e-01	   4.1913841029128196e-01	   2.6079931845344406e-01	   2.5068101502949341e-01	   1.2272185405836827e-01	   2.6529104188844649e-01	   2.1563349093494852e-01	   4.0699619392077208e-01	   4.5568919610778363e-01	   5.3860778361707351e-01	   5.0163800229683742e-01	   4.3865759188301628e-01	   2.7805889199392442e-01	   5.9140590204255661e-01	   4.3706965565667283e-01	   5.0641194451544580e-01	   4.3185344811225035e-01	   3.8643189067611339e-01	   3.2266898663846150e-01	   4.5704128959214008e-01	   3.8295812197117168e-01	   3.6153760084514763e-01	   4.5091387087789664e-01	  -2.2723394957309789e-01	   1.2211659474017275e-01	   3.4245921441111749e-01	   5.7732406822266702e-01	  -4.4269732047584519e-02	   7.6153256272251257e-01	   3.2579292061955989e-01	   5.2569085986438768e-01	   3.7154067259276796e-01	   2.5920855973895479e-01	   3.0933910978334866e-01	   5.1395829771687906e-01	   3.3400836457778582e-01	   4.1804982131885304e-01	   4.5931214571574097e-01	   5.0366482532359236e-01	   1.8058116144390299e-01	   3.3357455264769781e-01	   2.3001512683572498e-01	   2.9336949931856982e-01	   3.4494526144806587e-01	   1.6384291062972081e-01	   2.5257345259461622e-01	   2.4346725325916446e-01	   2.7504155235586270e-01	   4.2821069674730494e-01	   4.1646572980003271e-01	   3.8302272627327566e-01	   4.8727105145395266e-01	   4.1150007226044050e-01	   3.8318951142689262e-01	   4.3618484807632929e-01	   4.2806741506509477e-01	   3.8228574680870819e-01	  -9.9812727181796970e-02	  -1.3778059579589415e-03	   2.2605205391778704e-01	   5.1244927997883799e-02	   3.2904765318814705e-01	   2.2035898856562411e-01	   4.0742475614947560e-01	   3.6913651864310582e-01	   2.9911845429317307e-01	   1.7292690569679678e-01	  -2.0560628251526403e-01	  -3.4426053336352747e-01	
