   0.0000000000000000e+00	   1.1991108571630604e+00	   9.2607572140714833e-01	   6.5914915728650636e-01	  -7.8822830876021682e-02	  -2.2534817223490738e-02	   9.7855802748644016e-01	   6.7349871161147457e-01	  -1.1576305064282953e-01	  -1.3101460202924750e-01	   9.1029032119359798e-01	   9.7651367184436699e-01	   7.2912066596483416e-01	   5.5787282304942243e-01	   6.6104808263870729e-01	   5.4419175716369461e-01	   6.8697356301441936e-01	   6.8247192412579216e-01	   1.0888003211947053e+00	   8.9301747049314362e-01	   2.4086381795274953e-01	   1.1951179852705221e-01	   7.7431152999358643e-01	   6.5707647715123951e-01	   1.6080917589116051e-02	   1.3425241224601410e-02	   4.0338694846487438e-01	   3.6068742528036318e-01	   5.5741376719215241e-01	   3.7580803252787137e-01	   4.5391523561262859e-01	   4.2391887622354724e-01	   8.2393606905160488e-01	   6.5142854793293326e-01	   3.2275626576029043e-01	   3.6927211087151907e-01	   1.7125008992874816e-01	   8.9027552111206262e-02	   5.3251319456332169e-01	   5.7039820172970035e-01	   4.6820820789370821e-01	   4.4543199544307704e-01	   6.4650110691274276e-01	   5.6422820684846298e-01	   7.5265907555853839e-01	   6.4906397539190186e-01	   6.0123715766655483e-01	   7.1450039894038997e-01	   6.5539448168806347e-01	   7.0653752027787020e-01	   6.1423996720211316e-01	   5.6537237501929871e-01	   5.5217556847871452e-01	   4.5889939746445080e-01	   6.6311956561613083e-01	   7.9762490249592621e-01	   1.3557436615406655e+00	   1.1408754608287957e+00	   6.5125265530179788e-01	   5.7741824069540748e-01	   7.6445862914963258e-01	   6.2999405440547940e-01	   5.6526026115633399e-01	   5.6327092407306456e-01	   3.1955323519603274e-01	   4.6983556909935242e-01	   5.1138618881820830e-01	   4.0784156055567633e-01	   6.5765374376141750e-01	   7.7522064593170159e-01	   2.4916724602865681e-01	  -3.7158388122635069e-02	   4.2266518102905459e-01	   3.7064044245693856e-01	   5.5275908528871009e-01	   3.8422569395109757e-01	   6.3311845944918277e-01	   5.8098625109601376e-01	   4.7466115448649626e-01	   5.8589137620070553e-01	   6.8846312875423887e-01	   7.3512974925024110e-01	   6.4831158147411883e-01	   6.6731214483113932e-01	   6.0212371367719841e-01	   6.4999136742212948e-01	   6.5755872011721994e-01	   5.1528989908042544e-01	   5.5401408693018017e-01	   6.1339703937603374e-01	   5.8768330869070440e-01	   5.3399681074634286e-01	   5.5223258604234260e-01	   6.9556311762106482e-01	   5.6339758811897933e-01	   4.2060485841483708e-01	   7.6311143843356055e-01	   8.3817585694154240e-01	   8.2739431127163510e-01	   9.6752675409697098e-01	   6.4708983010987509e-01	   6.5571745262527670e-01	   5.8249300460050346e-01	   5.2637627580359658e-01	   2.5250978903645405e-01	   5.2656079919045137e-03	   3.3660132897588074e-01	   4.0378766888706596e-01	   2.8951273441783820e-01	   4.5197550294345373e-01	   7.1819758673394174e-01	   9.4277699258568737e-01	   9.3752598598776227e-01	   5.7793200114820309e-01	   2.1602441273060624e-01	   1.7303898824433877e-02	
   1.1991108571630604e+00	   0.0000000000000000e+00	   8.6547515649675688e-01	   8.3309351692252154e-01	   1.0844520989414431e-01	   1.2729280007247426e-01	   7.8581998156940092e-01	   8.8520958298567176e-01	   8.9644093067045780e-02	   2.3190832626903714e-02	   8.9611605588465504e-01	   1.1955635473285169e+00	   7.8728128399270847e-01	   7.7594803269661461e-01	   6.0894452888000550e-01	   5.0258905132733100e-01	   6.5048455039542752e-01	   7.6599958825825676e-01	   1.1675784308774717e+00	   1.1876019206948158e+00	   2.7284737973868778e-01	   2.5707504606730458e-01	   6.8746372965239932e-01	   6.2552549924909895e-01	   2.1208201087580286e-01	   1.9015763132339741e-01	   2.8238219717819513e-01	   2.8868899274861104e-01	   5.8248906384171151e-01	   4.8585455141351619e-01	   3.5038258768655861e-01	   4.5442628321450129e-01	   9.0650348243039935e-01	   9.2776317682678122e-01	   4.0173421948257254e-01	   5.0323025375402919e-01	   2.0350074007895477e-01	   1.2248222956022652e-01	   5.0382157812431749e-01	   6.3037699337073305e-01	   4.1627399267142828e-01	   4.8076107462152617e-01	   8.3598765586258328e-01	   7.7184928979417733e-01	   7.4501462248580719e-01	   7.4915132270679508e-01	   7.9159426406222699e-01	   9.0673587172809844e-01	   6.9103836591333412e-01	   8.1048867239599076e-01	   7.5655920721059888e-01	   7.6586960411572402e-01	   6.7746990612898728e-01	   6.0993458527916689e-01	   7.6359028821169339e-01	   8.1599007574350146e-01	   9.2944094172787250e-01	   1.2505744087027000e+00	   5.7325271277220191e-01	   7.8969122305141493e-01	   7.2202476694212436e-01	   7.4779161724045629e-01	   5.5058964507379704e-01	   6.3749452435090792e-01	   3.9000934580573660e-01	   6.3165280411623326e-01	   5.2088806158890499e-01	   4.9999258804100954e-01	   7.3566294832722479e-01	   8.9143379836017111e-01	   4.1301411705401092e-01	   2.2636996791754516e-01	   5.9289417679721779e-01	   5.2747024775697104e-01	   6.5309050758154663e-01	   6.2767737056611261e-01	   8.1946320969798592e-01	   7.5611320386026259e-01	   5.4867574105587968e-01	   6.5682970346344594e-01	   8.4728313946518985e-01	   8.3966866482209679e-01	   6.8035126526878764e-01	   7.1067364615219530e-01	   7.6206229198581688e-01	   7.4795856764046409e-01	   5.5640303192250018e-01	   5.0126241968941876e-01	   5.2952058086100440e-01	   6.1630510668093996e-01	   6.0058553304692597e-01	   4.8445015365169503e-01	   5.4293103978378288e-01	   5.8536808954857888e-01	   5.3915347134583447e-01	   4.3574993597288358e-01	   7.4834454540359241e-01	   7.5049911725607144e-01	   9.0206418611436701e-01	   8.1527202495341233e-01	   5.9681917418182862e-01	   5.3817866841185658e-01	   5.2176388297611398e-01	   4.0447028046597677e-01	   2.2730485243615012e-01	  -3.7700817359348208e-02	   2.0886156138183587e-01	   1.8189891675911454e-01	   3.6088539699509153e-01	   4.7075457938224474e-01	   6.9458197396812627e-01	   8.7724515113179335e-01	   8.3552585737206353e-01	   5.1879698326694235e-01	   3.0203191442089050e-01	   5.8038336258178138e-03	
   9.2607572140714833e-01	   8.6547515649675688e-01	   0.0000000000000000e+00	   1.0599479634965172e+00	   1.1201416517579868e-01	   1.7452445403147629e-01	   1.0701219478060442e+00	   8.9532422544153378e-01	   6.5108770685169640e-02	   1.0073147146107461e-01	   8.8864147852124586e-01	   8.8737958590074495e-01	   8.3254499559274020e-01	   6.4977528313502408e-01	   9.0766570933074742e-01	   7.0655988968066663e-01	   6.2222104138643919e-01	   8.3856751534108864e-01	   1.0145621932451505e+00	   9.6592765994923357e-01	   5.4764007379916124e-01	   3.7683999059351064e-01	   1.3059611640561297e+00	   1.1622894181474990e+00	   3.9896704118316778e-01	   3.5085295199271638e-01	   3.5884130024637245e-01	   3.5145811679378447e-01	   7.0473035256061678e-01	   5.6231341291854320e-01	   8.1388154352746978e-01	   8.9122703643149370e-01	   1.0497929343343586e+00	   9.3701556167386091e-01	   7.3937767639793117e-01	   6.3324333189178816e-01	   3.5675417221190875e-01	   3.4221619035989853e-01	   6.1350229063077011e-01	   6.6943679630782393e-01	   4.8389182442976364e-01	   6.1157960108476750e-01	   7.2563253572878528e-01	   7.5617561585923965e-01	   5.7672517757617126e-01	   5.5218033412434264e-01	   6.5154700451290781e-01	   7.8664841308556321e-01	   4.7914230352581755e-01	   4.8124537002705503e-01	   6.2162204072376714e-01	   4.9560257913231531e-01	   5.4108717684692875e-01	   5.4861526565411278e-01	   5.3821694519599861e-01	   5.7480052458226527e-01	   7.0702499482215764e-01	   7.8249469729980492e-01	   4.4332793059403641e-01	   4.0074714034949677e-01	   7.0723492065646332e-01	   6.5434684568947188e-01	   5.6255415632866201e-01	   5.2482931504437191e-01	   8.1152600829244315e-01	   7.3045286414687749e-01	   6.8703871636288105e-01	   4.8653334249004171e-01	   6.7070422802681917e-01	   8.9368856088979709e-01	   7.4116728416455269e-01	   2.2583441335968635e-01	   5.2959808760206184e-01	   4.7140132029595477e-01	   5.5143367438717461e-01	   4.3241050427738936e-01	   9.8168118987500930e-01	   8.3586925221221198e-01	   6.4992075213279421e-01	   8.3124194634877413e-01	   9.7200412390413016e-01	   9.6355421032136512e-01	   1.0966143686524721e+00	   9.2319121846978758e-01	   1.1125095584847715e+00	   9.1108173226685452e-01	   7.0523606188457089e-01	   6.7366090239370557e-01	   4.2535129995613330e-01	   5.1344249759476002e-01	   5.6653511409716106e-01	   6.2767243960337449e-01	   4.6619834835368151e-01	   7.4221053392505365e-01	   7.6755929472425588e-01	   3.6614319977998033e-01	   7.3971177440782687e-01	   7.0381709651781710e-01	   6.7209487249462785e-01	   7.6782273940255807e-01	   5.2269053934095133e-01	   6.1225640088117550e-01	   4.9157617063474235e-01	   4.8011630328193083e-01	   1.2517986121686195e-01	   8.3314601544955645e-03	   7.6750612013445851e-02	   1.5819697638286406e-01	   2.1432900883063394e-01	   6.1678026762777893e-01	   8.4607914269062623e-01	   9.6570026136238285e-01	   6.2235815941641082e-01	   5.5620021094524685e-01	   2.9449766214436379e-01	   3.0229990836641154e-02	
   6.5914915728650636e-01	   8.3309351692252154e-01	   1.0599479634965172e+00	   0.0000000000000000e+00	   3.7769478141488316e-01	   4.2334177462235006e-01	   8.1231168850333102e-01	   1.5410072770576817e+00	   3.3846975172745364e-01	   2.3467003264892011e-01	   7.2384917847224262e-01	   9.3993554500042520e-01	   7.0942988247478933e-01	   7.5312801133384766e-01	   5.7261840995932467e-01	   6.6923365679795954e-01	   5.6589356345635755e-01	   7.6241929826446642e-01	   9.0361033908138111e-01	   9.5607583072233271e-01	   4.8399512626762448e-01	   4.4329645963220099e-01	   7.1325871779824490e-01	   8.9099795663982284e-01	   5.1488550422272894e-01	   5.8574899055564411e-01	   1.7769405112011166e-01	   2.5523429549410720e-01	   5.9411489207551449e-01	   6.6397388410764746e-01	   5.5133652325080029e-01	   8.7017154560551480e-01	   1.0360512836483846e+00	   1.1048796564814596e+00	   5.9416032632147331e-01	   6.4976876633607183e-01	   2.1500443857170973e-01	   2.6426652564973563e-01	   3.5900580129048404e-01	   5.9050422942151282e-01	   4.1305521638088905e-01	   5.2869473135790268e-01	   6.8709435052710077e-01	   6.9353644300996742e-01	   4.5500994214593637e-01	   4.5586726557978874e-01	   6.8665043870323594e-01	   7.6012122348536526e-01	   3.6969594769661529e-01	   3.9740867682441605e-01	   5.9397737520167670e-01	   5.0232666955865324e-01	   5.6432084049098330e-01	   6.8249845452098223e-01	   4.6799097430605485e-01	   4.9555624558798039e-01	   5.6978816834688684e-01	   6.8048295870188091e-01	   3.2061214555861112e-01	   4.0352523303426396e-01	   5.5793655507494844e-01	   9.0483680927627863e-01	   4.7066080343794375e-01	   5.5589790846102782e-01	   6.8904095681192401e-01	   9.4265203501344552e-01	   5.1820132224020066e-01	   5.0205338242902187e-01	   6.6103894213166059e-01	   8.6329166434433269e-01	   7.6534783968383491e-01	   4.2532943996975614e-01	   5.2320519627487494e-01	   4.3839942318200653e-01	   4.7315545990238483e-01	   6.1526467029403475e-01	   8.1212950035025711e-01	   7.8596936503695525e-01	   7.4772944834906063e-01	   8.3407174041444687e-01	   1.0666019433613998e+00	   9.6684414573948974e-01	   7.7492624234120056e-01	   9.2880342882245603e-01	   9.5841453285754230e-01	   9.9656746147175135e-01	   4.2146634192126059e-01	   4.8012645785515662e-01	   3.0825559427833360e-01	   4.6403415820702476e-01	   6.2690403942241901e-01	   5.2888814734913703e-01	   5.2807875493499146e-01	   6.0996769326101041e-01	   6.6866409612912348e-01	   4.1328069322410599e-01	   6.0652508337611033e-01	   6.6675498227322327e-01	   6.6857917979235215e-01	   5.3722861374841480e-01	   5.6506643374195242e-01	   6.0075244366637537e-01	   5.0975901527724865e-01	   4.4353341561200432e-01	   1.2014953210978729e-01	  -6.8298022881308207e-02	   7.7904842745120523e-02	   4.4763457587861065e-02	   3.1946839466974564e-01	   6.3093527496287682e-01	   8.0406815065318094e-01	   6.8163112369184042e-01	   4.8497588653800283e-01	   4.1031378682629510e-01	   3.0588622673962357e-01	  -1.2501708734240588e-01	
  -7.8822830876021682e-02	   1.0844520989414431e-01	   1.1201416517579868e-01	   3.7769478141488316e-01	   0.0000000000000000e+00	   1.3628193203136634e+00	   4.7145500464544035e-02	   4.2605150005812864e-01	   2.8461846644149826e+00	   1.1709146222868745e+00	  -2.3240012174139908e-02	   1.1733463860485892e-01	   6.5304195800877027e-02	   4.5169217326199274e-01	  -7.3881919918331058e-03	   1.5162315068914167e-01	   2.8349968656995028e-02	   1.6458641985024988e-01	   6.2264185245474113e-02	   1.3604894416503049e-01	   2.3962080845550870e-01	   4.2729880365557327e-01	  -1.9584406089398310e-01	  -1.5391902573082644e-01	   9.8836306610382241e-01	   1.1141249227338863e+00	  -2.6750800013562237e-01	  -4.3328464352727906e-02	   1.5499661317216828e-01	   2.7207537266211479e-01	  -1.1237585261625614e-01	   2.5380809259160625e-01	   1.6135543499514696e-01	   3.0048514668268433e-01	   1.6565265610835792e-01	   2.1949931810738219e-01	  -1.3253137659640482e-01	  -4.1211820580079710e-02	  -4.3829892806173318e-02	   8.2027101335230695e-02	  -1.6447074024914510e-01	  -5.1619059097528182e-02	   3.5476296529261808e-01	   3.8689328228238834e-01	   4.9632626021961314e-02	   1.2773578894408100e-01	   5.5040153550984139e-01	   3.7754132083497716e-01	   3.6013702753680557e-02	   8.2582351388034755e-02	   1.6357906372288217e-01	   2.8266678972557191e-01	   5.5533787775380594e-01	   7.4463917363433674e-01	   3.0663117646700361e-01	   2.1740270214653923e-01	  -6.5390305071687846e-02	   7.5176928217953803e-03	  -1.4121811084850111e-01	   6.8001889977062635e-02	   1.1641233297375961e-01	   2.5534310088384321e-01	   1.8804344092312564e-01	   1.5534782005715864e-01	   1.1911428130175002e-01	   1.1860675875869098e-01	  -9.6719384636517969e-02	  -5.8924175613141824e-02	   3.6211324427181973e-02	   1.1522018429338254e-01	   3.6733177577113080e-01	   9.5863375657091809e-01	   2.5216793664145809e-01	  -1.9301885494088858e-01	   6.8163393436392300e-02	   3.9391353595488499e-01	   5.0493803334369404e-02	   1.3027264745528208e-01	   2.6954838135909298e-01	   3.9947373285984483e-01	   3.2227909331659926e-01	   2.2418373414153525e-01	   1.5471221608586894e-01	   5.4803081567508655e-02	   2.1849378418014490e-01	   2.1145439676507463e-01	  -1.8496506272913698e-02	  -3.5680453642427133e-02	   1.9877190296449562e-01	   2.3019807453312927e-01	   2.0964983485816838e-01	  -5.4907572149621060e-02	   1.0964884646277791e-01	   1.0821900837644426e-01	   2.1310380741897403e-01	   9.5806606433369287e-02	   1.7816306657974210e-01	   1.6568851867195722e-01	   2.6493507367730329e-01	   3.9834588760304199e-02	   3.4835560608713145e-01	   2.2388016890422016e-01	   2.6759944543783237e-01	   1.1309612702874454e-01	   3.5223749178814580e-02	  -1.5774512902947677e-01	   1.8759421170996940e-01	  -2.0533758773358893e-01	   1.4434634074727781e-01	   2.3427167822460687e-01	   4.0015089627017712e-02	   5.6140896899311704e-02	   1.2096906449310586e-01	   8.9603593661590861e-02	   1.9845797372701587e-01	  -3.8621089874635951e-02	
  -2.2534817223490738e-02	   1.2729280007247426e-01	   1.7452445403147629e-01	   4.2334177462235006e-01	   1.3628193203136634e+00	   0.0000000000000000e+00	   4.9250239613950801e-02	   4.4077574216572846e-01	   1.2890784823400554e+00	   1.5472040313999513e+00	  -3.9485871513346781e-02	   1.1337082581246055e-01	   1.8957028213613565e-02	   3.6795969715525562e-01	   1.8670375216332236e-01	   3.7598769382569069e-01	   1.8114444313085229e-01	   2.1960886523770867e-01	   1.6879857495118919e-01	   2.3546977058278740e-01	   4.9722137400589406e-01	   6.9877105688880137e-01	  -4.4865717446377205e-02	   1.5301901327424870e-03	   1.1740445077593562e+00	   1.5175082231262427e+00	   3.6725328895029809e-02	   2.4467165228930465e-01	   9.7331859559129513e-02	   2.4547103421747840e-01	  -2.4713804581788550e-02	   3.0114620650924945e-01	   1.9528579108524641e-01	   3.0224528312905197e-01	   2.8147694639342608e-01	   3.3170161850585261e-01	  -1.6128370489722512e-02	   4.6967749816055671e-02	   1.2597375589194937e-01	   2.4480155928992889e-01	   2.9713207339682052e-02	   7.1104895168582927e-02	   3.4333716256188435e-01	   3.3033323915568802e-01	   1.5930405922170716e-02	   4.1334400414247754e-02	   5.0804655957477762e-01	   3.5790617246900835e-01	  -9.1710748552238180e-02	  -1.8828899858854792e-02	   1.5957250549606303e-01	   1.9738053700345420e-01	   5.1315562413956572e-01	   7.3899500273447860e-01	   3.4637811777883898e-01	   2.2049574569334524e-01	   6.9052988698779058e-02	   1.5610858177706080e-01	  -1.4690958711714613e-01	   6.8612674471890900e-02	   6.0625052413433848e-02	   2.4294147469431937e-01	   1.6981385937907040e-01	   1.0661124211085923e-01	   2.3328606357413922e-01	   2.3508361194942989e-01	   2.2889469806704362e-02	   1.7895302472469884e-02	   2.4158017736467641e-01	   3.0859049829996893e-01	   4.4308149812658670e-01	   6.8334293591234596e-01	   2.1425697529186283e-01	  -2.0739850936254073e-01	   9.5031213902342593e-02	   3.9009170287107520e-01	   1.0018903052113133e-01	   1.4885314389988696e-01	   3.9919059752162456e-01	   5.4662026376860517e-01	   4.8290719902424756e-01	   3.6578850105355132e-01	   2.8426582969612740e-01	   1.6418930962514261e-01	   3.8354882595032491e-01	   3.0857673290202142e-01	   9.4734025472115610e-02	   5.4696917432542423e-02	   3.0569376980483065e-01	   3.1346851051579111e-01	   3.1013156269552744e-01	   5.0017699406676684e-02	   2.3987614179813743e-01	   2.1078026036901937e-01	   3.1039638838985084e-01	   2.3537536115581514e-01	   3.5098976945099153e-01	   2.7237009860187117e-01	   3.1085757467580893e-01	   5.1253752218780389e-02	   3.2015174039124655e-01	   2.0303022905807722e-01	   2.4926825763323140e-01	   1.2587809591704546e-01	   1.5006421449196296e-03	  -1.5935550437269616e-01	   1.8050708752962452e-01	  -1.7967019459785488e-01	   2.0939463320994997e-01	   3.5944009834059248e-01	   2.1256776555823673e-01	   1.0492287195503819e-01	   1.5536527755161303e-01	   1.6593652053513050e-01	   1.9566622702559322e-01	  -1.2862272162201430e-01	
   9.7855802748644016e-01	   7.8581998156940092e-01	   1.0701219478060442e+00	   8.1231168850333102e-01	   4.7145500464544035e-02	   4.9250239613950801e-02	   0.0000000000000000e+00	   1.0145876223900931e+00	   1.1990311091497062e-02	  -4.7014147680852617e-02	   9.9557974411155192e-01	   1.1073743624576118e+00	   1.0026523611896048e+00	   8.5542634431972875e-01	   5.9195986738889839e-01	   4.9992847993819345e-01	   4.9761984929905956e-01	   6.0978177324240768e-01	   7.2194296061805929e-01	   6.4768961382432100e-01	   2.1230329934617134e-01	   5.1292521705291222e-02	   9.1352466672608490e-01	   7.4521824592652519e-01	   1.1462420825017597e-01	   1.4249332409351867e-01	   1.3852309350991263e-01	   1.5506542300826570e-01	   6.0669456542640166e-01	   4.4821480444252726e-01	   5.5531349337730840e-01	   6.5131051111548244e-01	   8.6280345528062796e-01	   7.9853569858802187e-01	   3.9993840562371324e-01	   4.8355031357837563e-01	   1.5597641348861496e-01	   9.7422759074385246e-02	   4.7410822209112202e-01	   4.4457820904103806e-01	   3.3297902704914423e-01	   2.7929587631336139e-01	   6.5051459249391785e-01	   6.6507260153165315e-01	   6.7190707358969559e-01	   6.4209849678331588e-01	   6.5148978131718804e-01	   7.2939115942947563e-01	   5.9580480513552503e-01	   5.6896019438027934e-01	   6.7016520497627197e-01	   5.4458990642723992e-01	   5.2271341242845137e-01	   4.8012709034951373e-01	   5.6436131457796512e-01	   6.2658156495215533e-01	   6.6482895056498270e-01	   6.1484109967481881e-01	   6.3779812104719713e-01	   3.6496677878402994e-01	   9.8857075876251865e-01	   7.5806844475911128e-01	   4.9203291758832401e-01	   6.2170923903425557e-01	   4.2708340747985474e-01	   6.1716196712730320e-01	   5.8338476152037388e-01	   5.3515223860831651e-01	   3.8043272721808141e-01	   5.7810865850521631e-01	   5.0355219644634130e-01	   1.4848092698583051e-01	   5.1498727767552532e-01	   3.9883695623147025e-01	   5.4637404482031615e-01	   3.8442232916041708e-01	   6.2745769480794733e-01	   6.7955479958188714e-01	   4.5497720485585175e-01	   5.6056878605565619e-01	   6.2178221875710504e-01	   7.3856021945190797e-01	   5.3873378489911239e-01	   5.8134888872037638e-01	   6.4377926197088942e-01	   8.3942688486286432e-01	   4.8999089798150969e-01	   4.8516226811179475e-01	   4.4410930509932922e-01	   5.2312472659974185e-01	   5.3158030973327586e-01	   4.2507831424684728e-01	   4.4818079891191742e-01	   6.5018621205446825e-01	   5.4542333182980185e-01	   2.0756660635530721e-01	   6.1473876715393616e-01	   5.9371660149238603e-01	   6.8938723795104062e-01	   6.8564740405766333e-01	   6.5275997170918609e-01	   6.1542853641264916e-01	   5.7402125193347631e-01	   4.5445492575923807e-01	   1.4182244597119995e-01	  -1.0667357788153294e-01	   2.0859581385122200e-01	   2.0511063597183060e-01	   1.8800446941141455e-01	   3.3620345455911066e-01	   6.7595966138742203e-01	   6.5351565704017855e-01	   6.0326549231900350e-01	   4.5091711319550026e-01	   2.2331824315945026e-01	   9.5079402478889831e-03	
   6.7349871161147457e-01	   8.8520958298567176e-01	   8.9532422544153378e-01	   1.5410072770576817e+00	   4.2605150005812864e-01	   4.4077574216572846e-01	   1.0145876223900931e+00	   0.0000000000000000e+00	   3.8780589619278577e-01	   2.9202896162686409e-01	   8.0535758789574285e-01	   1.1796486551394318e+00	   8.2562650788344460e-01	   1.0545958762216079e+00	   5.0336657186941824e-01	   5.7961075031409870e-01	   5.4283235431296195e-01	   7.2341838741461328e-01	   8.1001730862471943e-01	   8.3642953973246403e-01	   3.2715841778520749e-01	   2.6938586930144526e-01	   6.3914619705789821e-01	   7.1294413765366682e-01	   4.3608521564363234e-01	   5.2897884911818793e-01	   6.5383937731436692e-02	   1.4843531560273560e-01	   6.0654963552630969e-01	   6.6668416380535500e-01	   4.2346098823124834e-01	   7.5136353069053807e-01	   9.8904050243934916e-01	   1.1860758608601540e+00	   4.6715872432850936e-01	   6.0767852508080922e-01	   1.1655380679546759e-01	   1.1821041936984526e-01	   3.1018358090272641e-01	   4.8658856256654631e-01	   2.6727000336343992e-01	   3.5101348580361852e-01	   7.2466253734545272e-01	   7.1487379939411599e-01	   5.7764164129372353e-01	   5.6965145452107979e-01	   7.9679260265430174e-01	   7.8638453565003053e-01	   4.7161104347733457e-01	   4.8403903860873621e-01	   6.6555740732187152e-01	   5.8444748683220915e-01	   5.9644605069983525e-01	   7.0425819295272774e-01	   5.3738885084669663e-01	   5.3870967469043363e-01	   5.2984339933358249e-01	   6.2791480193274418e-01	   4.2544102129103267e-01	   4.4270161825424437e-01	   7.1077631134085828e-01	   1.0741913210183842e+00	   5.2945875647220497e-01	   6.7179544726701068e-01	   5.7259185890126840e-01	   9.2342007709852580e-01	   5.0019458787375226e-01	   5.5298618924295517e-01	   4.9852314774810558e-01	   7.2486986499676576e-01	   6.8655178545654871e-01	   4.3380993615189339e-01	   5.7954568821920016e-01	   4.4669672943041649e-01	   5.2687849006178711e-01	   6.2607070156908007e-01	   7.2308686799953914e-01	   7.8481112381112272e-01	   6.8351891399102527e-01	   7.9633024774392758e-01	   9.5660423240234105e-01	   9.2238436147087099e-01	   5.8225323171732601e-01	   6.9780661670748145e-01	   8.3897593686401906e-01	   9.2022099761037368e-01	   3.7871680990505219e-01	   3.7627234264876114e-01	   3.2186429206586314e-01	   4.3748084021691469e-01	   6.2697961016034154e-01	   3.9078837845336145e-01	   5.1444807348617760e-01	   5.3261808941847744e-01	   5.3682544861448389e-01	   2.8346369797683857e-01	   5.7697100268846613e-01	   5.5740015689151967e-01	   7.3977376177597898e-01	   4.9267537180797244e-01	   6.7228720026915811e-01	   5.5230391586043626e-01	   5.6087225719766010e-01	   3.7250728036445629e-01	   1.0769181465144534e-01	  -2.0455529360105473e-01	   1.5361532896825075e-01	   2.4785358955535353e-02	   2.7664990766028585e-01	   5.3201861951207485e-01	   7.3393686635641620e-01	   5.6308104440546980e-01	   4.9080591678641605e-01	   3.3079154850991693e-01	   2.7109917732991817e-01	  -9.8087664375673525e-02	
  -1.1576305064282953e-01	   8.9644093067045780e-02	   6.5108770685169640e-02	   3.3846975172745364e-01	   2.8461846644149826e+00	   1.2890784823400554e+00	   1.1990311091497062e-02	   3.8780589619278577e-01	   0.0000000000000000e+00	   1.1398765707580867e+00	  -4.6026434461188669e-02	   9.7442527771269563e-02	   5.9198205063839930e-02	   4.4888027754477389e-01	  -5.4697862083610764e-02	   1.1141883154913232e-01	   7.0897656032889956e-03	   1.3437559420303458e-01	   3.2429582701832965e-02	   1.0500148054166526e-01	   2.1853768639465848e-01	   4.1358469986282947e-01	  -2.3945777552667369e-01	  -1.9206853136313717e-01	   9.6620429420167531e-01	   1.0743343343201859e+00	  -3.2333396947583792e-01	  -8.9991206772058699e-02	   1.2751922881281513e-01	   2.5225211209365944e-01	  -1.2947304650842661e-01	   2.3674082037544841e-01	   1.3654919545819677e-01	   2.7714255269701416e-01	   1.3458093589362563e-01	   1.9537662397663549e-01	  -1.3521001857471682e-01	  -4.2076377259934405e-02	  -7.6604289186364499e-02	   4.7314568724378558e-02	  -1.8043554758593638e-01	  -8.9052812222281008e-02	   3.3834805918400462e-01	   3.7766744778335926e-01	   2.1852661720966879e-02	   1.0551600129718293e-01	   5.2024875459902709e-01	   3.5264665163730408e-01	   1.3314425243673636e-02	   6.2358246270936474e-02	   1.4806081786924311e-01	   2.6797003417637794e-01	   5.2154952427044643e-01	   7.0100112596471464e-01	   2.6376599443119741e-01	   1.7362311657762991e-01	  -9.9155190785388370e-02	  -1.7113257265966464e-02	  -1.7073449213118747e-01	   5.4696290589481569e-02	   8.6109918341751149e-02	   2.2290967428491620e-01	   1.5825255921952264e-01	   1.4158702997281788e-01	   7.5984429781044222e-02	   8.6281428750360115e-02	  -1.2836742062496731e-01	  -8.0120556792353553e-02	   2.1569386564170408e-02	   8.3953149197872168e-02	   3.4727741920656552e-01	   9.5107647333255829e-01	   2.4935353429674667e-01	  -1.9738779262621792e-01	   5.4417031639817232e-02	   3.8384189885388886e-01	   2.6201832049398723e-02	   1.1229672349767668e-01	   2.5842955347481322e-01	   3.7553408984049574e-01	   2.9891309372734587e-01	   1.9671660120165377e-01	   1.0950197827064026e-01	   2.2755568293719355e-02	   1.8336810435812209e-01	   1.7643898876707670e-01	  -7.9910787098902147e-02	  -7.1715258522493747e-02	   1.6263331193578759e-01	   1.9208513518643699e-01	   1.7289493482579479e-01	  -8.4789707777362222e-02	   7.7734537859759062e-02	   6.6264537998674766e-02	   1.8058320727794419e-01	   7.4365836744534730e-02	   1.4125561541194404e-01	   1.2058075637570448e-01	   2.2035730023971020e-01	   2.5276551032674924e-03	   3.1424152469516509e-01	   1.9153029209094924e-01	   2.4162566123361645e-01	   9.7880647913402216e-02	   3.9803877690499347e-02	  -1.2694830570423987e-01	   1.6026728683199207e-01	  -2.2891441596847345e-01	   1.2822927329291914e-01	   1.8982690539627278e-01	   9.4875406546791833e-03	   2.5673772080712053e-02	   8.4140860123754296e-02	   6.2052562555194271e-02	   1.9586242597755321e-01	  -2.5245962888370627e-02	
  -1.3101460202924750e-01	   2.3190832626903714e-02	   1.0073147146107461e-01	   2.3467003264892011e-01	   1.1709146222868745e+00	   1.5472040313999513e+00	  -4.7014147680852617e-02	   2.9202896162686409e-01	   1.1398765707580867e+00	   0.0000000000000000e+00	  -4.5194971718744238e-02	  -6.2076194545235847e-03	   3.0553932453475562e-02	   3.4609009076991409e-01	   1.3680834586506876e-01	   2.2469954974745948e-01	   4.7195109531951183e-02	   1.5085862052165672e-01	   5.0795457272682025e-02	   9.3958798718706826e-02	   4.1968945150386588e-01	   5.1200384989140457e-01	  -1.0247566452754316e-01	  -9.5934145605332755e-02	   1.0043137716252322e+00	   1.1170736780229049e+00	  -8.5046653803593261e-02	   9.4827235912916780e-02	   8.2509828972825217e-02	   2.0747975439633864e-01	   4.4369152952792208e-03	   2.3231380496057499e-01	   6.4070982506711657e-02	   1.8396301724520189e-01	   1.5101023698491017e-01	   1.8996200617086723e-01	  -3.7025486348245554e-02	   1.5774391601942783e-02	  -6.8409976678761655e-03	   7.4322720446574023e-02	  -6.7273807607711927e-02	  -7.5853641387730597e-02	   2.8736909038647651e-01	   2.8313038469649776e-01	  -8.3063688601120220e-02	  -7.4954287149897769e-02	   3.9234620899531347e-01	   2.0817154182430789e-01	  -1.8138908276978644e-01	  -1.3325209006272315e-01	   4.3699500031105523e-02	   7.8809258708716148e-02	   3.7458631130571263e-01	   5.5080722477241317e-01	   1.7991710855012683e-01	   3.3437637199545074e-02	  -1.0941915447859013e-01	   2.2784060303992573e-02	  -2.9981618392370046e-01	  -6.2012060781503744e-02	  -2.1592586958987373e-02	   1.0604078323978383e-01	   1.5688466769934845e-01	   9.7887213818642099e-02	   1.6052935725970141e-01	   4.5119943031809190e-02	  -1.3446559833582919e-01	  -1.6885553854746183e-01	   1.0073598839233633e-01	   1.1589676839047491e-01	   4.3974417315605246e-01	   6.0552096791135501e-01	   1.8595545247164574e-01	  -2.1030358457606174e-01	   7.3689148189437184e-02	   2.8284927519373421e-01	   5.3612940477388710e-02	   9.5907623774671574e-02	   3.4748624207029749e-01	   4.6972222377285644e-01	   3.8874314848017333e-01	   2.3079724860445622e-01	   2.1909880690541872e-01	   2.1794065501890735e-02	   2.6969398288316127e-01	   8.9621334414381276e-02	  -5.1558589379544384e-02	  -1.0517076515853810e-01	   1.3608807423190242e-01	   9.6244562987549714e-02	   1.4143382026975637e-01	  -8.9024726231651002e-02	   7.6920749262748972e-02	   6.0326178136773441e-02	   1.6445127066480736e-01	   8.7482221321132703e-02	   1.9144069194937044e-01	   7.1893500826168050e-02	   1.1489462589206871e-01	  -1.0487405173024265e-01	   1.4532241049582184e-01	   1.0048975097419649e-02	   7.7394740570476697e-02	  -4.7210758520643631e-02	  -1.2955446418963382e-01	  -1.7353160195273867e-01	  -3.6387187475907766e-03	  -3.4238405585722470e-01	   9.9097179910994898e-02	   1.7862085351893175e-01	   2.6124816570879658e-02	   7.4493244501493625e-03	   1.5233038523612706e-02	   1.9131580768990904e-02	   9.5835547240042007e-02	  -8.7862885800507093e-02	
   9.1029032119359798e-01	   8.9611605588465504e-01	   8.8864147852124586e-01	   7.2384917847224262e-01	  -2.3240012174139908e-02	  -3.9485871513346781e-02	   9.9557974411155192e-01	   8.0535758789574285e-01	  -4.6026434461188669e-02	  -4.5194971718744238e-02	   0.0000000000000000e+00	   9.9268874768372639e-01	   1.4979053001733713e+00	   9.0598358543000890e-01	   6.2971705758484164e-01	   4.6293084704981052e-01	   5.3817142158548215e-01	   7.0943251546904595e-01	   7.4229373538119003e-01	   6.6972181691237020e-01	   1.3290364421240108e-01	   2.5519700352659804e-03	   7.7992191841060932e-01	   7.0630876938833098e-01	   7.8280621524974281e-02	   7.1636709684466393e-02	   1.1564795173297529e-01	   1.1258144136422678e-01	   6.3055921950892146e-01	   4.5895415329139044e-01	   4.2968620693470705e-01	   4.2545456990352309e-01	   6.6632443163389288e-01	   6.7028922225274312e-01	   2.3316890481747843e-01	   2.5244069733280805e-01	   1.6767472775967571e-01	   6.5653068613112917e-02	   2.7751133972966224e-01	   3.2064664838803614e-01	   3.2376466133487020e-01	   3.1500000122594851e-01	   6.2586971598001373e-01	   5.9559223710891773e-01	   4.7250045529408252e-01	   4.1220798983709156e-01	   4.8408883846665385e-01	   5.2236532332349050e-01	   4.4459130301895011e-01	   4.3173458238582213e-01	   5.2814150569228491e-01	   3.8236461035041341e-01	   3.8132075616532962e-01	   3.5696077652708164e-01	   3.5612682844127258e-01	   4.0967989087660706e-01	   5.3053927273443680e-01	   7.3272264800453857e-01	   4.3307220656253653e-01	   3.6984833680826723e-01	   9.5407166528440690e-01	   7.7984497763421123e-01	   4.8712940620670986e-01	   7.6511312200709891e-01	   4.3546568275419650e-01	   5.5590263516321980e-01	   3.6502302923156471e-01	   3.0150407322241457e-01	   3.6130537481525166e-01	   4.5105860911640844e-01	   4.5476282621927389e-01	   1.9112493586727914e-02	   4.3034596904269740e-01	   4.8109030079692888e-01	   5.9596978271197043e-01	   4.0248084120849148e-01	   7.2457733285647563e-01	   6.5664944885878307e-01	   6.3142102784548881e-01	   6.2656638871923287e-01	   6.5797413629232848e-01	   6.5685423314293134e-01	   5.3408344314219991e-01	   5.7398919083590150e-01	   6.3046200536389230e-01	   6.2638551984986091e-01	   2.8561077036154403e-01	   3.5534816588538770e-01	   2.3945614729643802e-01	   3.3315640630107296e-01	   3.6889229971091531e-01	   3.3714402988009712e-01	   3.3587320068734650e-01	   4.7757567422115110e-01	   3.8838851043814826e-01	   1.1370323941558373e-01	   4.1606638739556923e-01	   3.9338757832946347e-01	   4.7658397726050133e-01	   5.0149425779009327e-01	   4.0303124277910879e-01	   4.5805650331767744e-01	   3.8757385820856588e-01	   3.4527278575217146e-01	   1.5267029504302582e-01	  -9.7944225192568655e-03	   7.9362052541814720e-02	   1.3006148202122597e-01	   1.5625458672998241e-01	   2.4791018432646000e-01	   4.9216834550325533e-01	   5.9680735210311142e-01	   4.2492142770930685e-01	   3.1682800325050980e-01	   2.5138268134948472e-01	   7.2819455802739422e-02	
   9.7651367184436699e-01	   1.1955635473285169e+00	   8.8737958590074495e-01	   9.3993554500042520e-01	   1.1733463860485892e-01	   1.1337082581246055e-01	   1.1073743624576118e+00	   1.1796486551394318e+00	   9.7442527771269563e-02	  -6.2076194545235847e-03	   9.9268874768372639e-01	   0.0000000000000000e+00	   1.0548098095915046e+00	   1.0883929337884153e+00	   6.3910695840527287e-01	   6.2570950279159465e-01	   6.3053158866404468e-01	   8.0741706231424548e-01	   9.7458309174189484e-01	   9.1663933885749727e-01	   1.9648352394723367e-01	   1.2159607805956693e-01	   6.9333683054432760e-01	   6.9171034102492535e-01	   1.2787679405150304e-01	   1.7821815051807846e-01	   1.8883646897804379e-01	   2.1117139596761064e-01	   7.5974970338954018e-01	   6.9838787123623047e-01	   4.3686488209255842e-01	   5.8509647838520173e-01	   9.8836845079529867e-01	   1.0524961395116936e+00	   3.5296463640234021e-01	   4.9563778278322890e-01	   1.1189820319029514e-01	   2.4944400288892894e-02	   3.3866505289903004e-01	   4.2865189474597992e-01	   3.4572818194801114e-01	   3.5828498004808346e-01	   7.4692957056264664e-01	   7.3975233461841627e-01	   6.9813641022703421e-01	   7.0884223381931943e-01	   6.8420739223050453e-01	   7.1265458604710541e-01	   5.9822941758680959e-01	   6.3132200510694725e-01	   6.9717752884657891e-01	   6.5123379187477637e-01	   5.5219044958269625e-01	   4.8654892029524166e-01	   5.2687605330439147e-01	   5.6415697606277682e-01	   7.6486304027527496e-01	   8.3558342355728954e-01	   6.0114893733388908e-01	   5.6528165903124261e-01	   9.0522234890313624e-01	   9.6877936007557242e-01	   5.6071021045719127e-01	   7.7260727837179621e-01	   4.1831536159651045e-01	   7.3562798040078548e-01	   5.0849547090384373e-01	   5.6811862395013424e-01	   4.5199271389167001e-01	   6.7460150932947727e-01	   4.9786439939689175e-01	   2.7923222555409438e-01	   6.5205885452810153e-01	   6.2645579885299529e-01	   6.6945477388666097e-01	   6.2840400479797376e-01	   7.9538015722128719e-01	   7.5085017467074922e-01	   6.1187526396835368e-01	   6.4598006457154122e-01	   7.7107021445884560e-01	   9.2596472336974012e-01	   6.0401205316540474e-01	   7.6369472771197811e-01	   7.0928651748068139e-01	   9.0126878469517480e-01	   4.1786742235328467e-01	   3.4554864146800973e-01	   3.7679178137826458e-01	   4.5319122426409481e-01	   5.6123958463472223e-01	   3.7230996622617479e-01	   5.1631554944654567e-01	   4.6983922062944738e-01	   4.2340871640487787e-01	   2.3257048105851424e-01	   5.3724709497608147e-01	   5.0053591856289370e-01	   7.0954812240542975e-01	   5.8394430260620445e-01	   5.9914927284072050e-01	   4.7078048950488705e-01	   4.8489364774054933e-01	   3.1992085008408488e-01	   9.0260407289185510e-02	  -2.0476665607181452e-01	   1.5366086087424316e-01	   5.7758988384064576e-02	   2.3406953180357978e-01	   3.8435775253578258e-01	   6.1918508271705386e-01	   6.7282470489386814e-01	   6.2311233899324370e-01	   3.7198505384771569e-01	   3.3664025461641001e-01	   1.9610387229412673e-02	
   7.2912066596483416e-01	   7.8728128399270847e-01	   8.3254499559274020e-01	   7.0942988247478933e-01	   6.5304195800877027e-02	   1.8957028213613565e-02	   1.0026523611896048e+00	   8.2562650788344460e-01	   5.9198205063839930e-02	   3.0553932453475562e-02	   1.4979053001733713e+00	   1.0548098095915046e+00	   0.0000000000000000e+00	   1.1996124288671810e+00	   6.0078642995993703e-01	   4.6965059179762758e-01	   5.2092228024026666e-01	   7.4667919779779213e-01	   6.8694844671077815e-01	   6.2862768762635712e-01	   2.4503602200388153e-01	   1.0221428362416971e-01	   7.4225644668635349e-01	   6.9354307537617532e-01	   1.6643812296570376e-01	   1.8384948610889529e-01	   1.2844755330974447e-02	   2.0018762226226880e-02	   8.0088557697152241e-01	   6.4438856815340773e-01	   6.2414960699429278e-01	   6.2118722784872271e-01	   8.0876000835330830e-01	   8.5752223898872382e-01	   3.2628487917623678e-01	   3.7210747956674955e-01	   1.8990215618500220e-01	   9.7295317117141608e-02	   2.1991297732761508e-01	   2.6373977067540599e-01	   3.3499433225186720e-01	   3.3974166990130417e-01	   7.0713039747987405e-01	   7.3197009100288390e-01	   4.2748773344605567e-01	   4.4152831527702663e-01	   5.3522325525867753e-01	   5.2244395239975505e-01	   3.5311306609864190e-01	   3.5411689978640193e-01	   4.7913422476977652e-01	   3.8404368791230048e-01	   3.4008892203717672e-01	   2.9108235517999270e-01	   2.4736392878071770e-01	   2.7229777699863800e-01	   4.9022588172249959e-01	   6.3036229698045076e-01	   3.3236580514355452e-01	   2.6240878777776777e-01	   8.9035725964321066e-01	   6.3521293587919170e-01	   5.1881867347803645e-01	   7.9823515033193282e-01	   3.6202542098648122e-01	   4.3952835128366280e-01	   3.5235970060574195e-01	   3.4494633307866573e-01	   2.7055215475462174e-01	   3.7129036034544427e-01	   6.5843762866442224e-01	   1.9670078273617309e-01	   6.6447031793327382e-01	   6.6368534851944139e-01	   6.8650110123611274e-01	   5.1127512570136990e-01	   7.6537126664498289e-01	   7.9081326973986854e-01	   7.5415724982918286e-01	   7.4340359914985343e-01	   7.4031434327649404e-01	   7.8067775365787673e-01	   5.2105537632433729e-01	   5.7592495629315077e-01	   6.1181528173551791e-01	   6.6913326415793450e-01	   1.6327820957202091e-01	   2.6985643210888471e-01	   1.0215872117612650e-01	   2.0746250574495348e-01	   2.0648099730282324e-01	   1.4202668207490651e-01	   1.6778079470129342e-01	   2.6630081178321319e-01	   3.0774056134758315e-01	  -1.9441256083087489e-02	   3.3313879650488876e-01	   2.7606519036219679e-01	   3.2582267351304328e-01	   3.4900991107227736e-01	   2.9308665254665472e-01	   3.0453216052872284e-01	   2.3609418295843665e-01	   1.5881259308784554e-01	  -2.3148004473270933e-02	  -1.1735148565587611e-01	  -1.3008548867617481e-01	  -1.0351493608211666e-01	   1.0690930355633735e-01	   2.1472992200192648e-01	   3.6007892275371062e-01	   5.2301864705823375e-01	   3.0038748395104647e-01	   1.4694469216809530e-01	   2.1171411425538203e-01	   1.3197368722318654e-02	
