   0.0000000000000000e+00	   9.4566462885003022e-01	   5.6636164254129251e-01	   4.6237430846616190e-01	   4.5838627367481222e-01	   4.1912299979190021e-01	   4.9930483008247961e-01	   1.6724933145167140e-01	   2.9929913005396602e-01	   3.7311725000832946e-01	   4.3620039062787896e-01	   1.6732541267106205e-01	   2.2708910476769342e-01	   7.4506633652548823e-02	   5.2069248810116642e-01	   5.2895829483101409e-01	   1.1750195077216449e-01	  -1.8595146709749003e-02	   6.8901637289595974e-01	   7.5987603343190113e-01	   2.9287559790530687e-01	   5.4589460600394257e-01	   4.8666337770858825e-01	   4.8934647549607457e-01	   2.1060113321217760e-01	   1.6204261909323217e-01	   5.9249819306156748e-01	   6.2704791816407635e-01	   3.3317874097766137e-01	   2.0063680341437959e-01	   1.9429227693545137e-01	   1.6903668147464906e-01	   2.0193755197652510e-01	   1.5857127042847896e-01	   6.3119087833638621e-02	  -6.1868006432480680e-04	  -2.4078713693692261e-01	  -4.3640029504092392e-01	   3.0489090827795068e-01	   4.3569301087543821e-01	   2.8459794729331366e-02	   3.7256960562691199e-01	  -7.4946008155711355e-02	  -1.2174864603242865e-01	  -1.3398805296685110e-01	  -1.6697167351109335e-01	  -4.0791939550100596e-02	  -1.4045167053911933e-01	  -2.3754196274355485e-02	  -1.7301248493128438e-01	  -1.2040529266317764e-02	  -4.1733297820344968e-02	   2.3024787098060218e-01	   2.1135800963057996e-01	   5.5607693194138386e-01	   5.1379480319292692e-01	   1.1600152614579875e+00	   8.2036996281022356e-01	   6.4256036899551716e-01	   5.0662053628817527e-01	   4.4761499799414300e-01	   1.7558904425825861e-01	   4.5418129165616861e-01	   2.1765756737442940e-01	   2.3664393760403613e-01	   1.8097189821440141e-01	   4.1974000794461896e-01	   1.7410806347370406e-01	   6.8360915409407608e-01	   3.4809659059817011e-01	   2.1312746508722238e-01	   2.8007884606371353e-01	   1.2907971640778731e-01	   2.9212790880702977e-01	   1.5563978622543712e-01	   4.7700369196443049e-01	   1.9894768009592020e-01	   2.0845872810426816e-01	   2.9461401364497781e-02	  -4.1275054370611401e-02	   2.4678824765754206e-01	   1.0497290737455799e-01	   4.3714139126997220e-01	   3.3339607542647381e-01	   2.3065939303652411e-01	   5.8166136959577608e-01	   7.4341853062527763e-01	   6.6959439970008050e-01	   7.6241932605991691e-01	   9.0621811615197467e-01	   1.3984559964716675e-01	   2.6453304328150273e-01	   2.0741011224013342e-01	   4.4470306491889888e-01	   4.5659620378248396e-02	   1.9815302859777695e-01	   3.1045672391155316e-01	   4.9499821966820368e-01	   3.1782103818363183e-01	   6.9256255824500501e-01	   3.2475276869263664e-01	   5.8741522791325773e-01	   5.0533546576367816e-01	   6.4724432375659502e-01	   3.7607410532464980e-01	   4.8350409350691637e-01	   6.5877730020539071e-01	   5.7265319986132845e-01	  -1.4385604647723046e-01	   2.6231774599430946e-01	   2.6058801952793031e-01	   1.2040985537367137e-01	   4.5548591470218053e-01	   4.1340598533974082e-01	   3.4699813130536820e-02	   4.3114474468239315e-02	
   9.4566462885003022e-01	   0.0000000000000000e+00	   4.3090526735814866e-01	   4.4576597528902207e-01	   2.2349249835095175e-01	   2.5411907788466387e-01	   4.0300932412747437e-01	   2.9212452086067375e-01	   1.3068829461919418e-01	   2.3245584680639081e-01	   5.3950791679248644e-01	   2.5226158108466479e-01	   3.5965135883570737e-01	   1.5706068157431774e-01	   3.0286840602694459e-01	   2.9593340128804002e-01	   1.1701345555380420e-01	   1.0635203816478039e-01	   4.5478243434452048e-01	   6.3943548320293186e-01	   2.7144307694966913e-01	   4.6246939268385145e-01	   4.2625448415909750e-01	   3.6533218268908524e-01	   1.6077906412436585e-01	   1.1367153936622718e-01	   3.8880414743052716e-01	   4.4558012822950116e-01	   3.4061757103012918e-01	   2.3503640703268444e-01	   3.4486863026902964e-01	   2.1307035304399624e-01	   3.1896093522996527e-01	   3.4324606660294410e-01	  -3.0069533449307542e-02	  -3.6531951454054724e-02	  -1.7415974487152969e-01	  -3.1137799834033053e-01	   2.9872335576586539e-01	   3.6179774652730290e-01	  -2.0726474111961251e-02	   1.9990519499310688e-01	   4.1307971575389901e-02	  -3.1255419972693078e-02	   1.2055079689965248e-01	   1.1074129780795909e-01	  -3.1701790878407811e-04	   2.6654124897448231e-03	   1.7027036071881529e-01	   7.1309583005865873e-02	   3.8030158163617264e-03	  -1.7616196842826653e-02	   8.1790773760796770e-02	   1.6746928193914895e-01	   3.9140216903593333e-01	   4.0915781396118001e-01	   9.6256229631903478e-01	   1.2554884380240707e+00	   5.7910077360062440e-01	   6.1434969447076371e-01	   5.2873478438748100e-01	   2.0799804973191710e-01	   5.1613741840929550e-01	   3.5650388537663352e-01	   2.9769322240871132e-01	   1.4936051279554169e-01	   4.7693305942904796e-01	   2.5243451469913636e-01	   6.3398348722346298e-01	   4.9020386167210134e-01	   2.9937712849263043e-01	   1.2586957752262168e-01	   1.3901125849794568e-01	   1.8312610157958398e-01	   1.6753169326066580e-01	   4.3245868830268358e-01	   6.8486770719750484e-02	   2.0954743742261914e-01	   8.4378409071389132e-02	  -2.0189633673685502e-02	   2.3641559165517104e-01	   5.5767693962236436e-02	   2.7001401806247260e-01	   1.4365411507159515e-01	   6.7679045459494783e-02	   3.8876644705268754e-01	   5.0213745944317933e-01	   5.2799613626308695e-01	   5.7572714553047311e-01	   7.2217824098056793e-01	   1.1314177711320574e-01	   1.9045271846710252e-01	   1.2961912184059590e-01	   4.1781700781563313e-01	  -3.8782143695774228e-02	   6.8835516484884507e-02	   3.9495232958450383e-01	   3.5891387376294015e-01	   3.7162271364470806e-01	   5.5755854855980036e-01	   4.6291331925268620e-01	   7.4502801179226841e-01	   8.2717140620911034e-01	   7.8618529374551549e-01	   5.4918845080966716e-01	   5.5124434981184645e-01	   8.1880230112779440e-01	   6.7358950982341148e-01	  -1.7803961687805875e-01	   1.3691457410647637e-01	   2.5973443765731663e-01	   2.2031535774896654e-01	   4.1759015282382755e-01	   4.9436748173554801e-01	  -1.5932547918257340e-02	  -8.6454606102763357e-02	
   5.6636164254129251e-01	   4.3090526735814866e-01	   0.0000000000000000e+00	   9.7582565183327574e-01	   7.6589739071361618e-01	   1.0261350398650431e+00	   1.0081392997543932e+00	   3.6291198729424812e-01	   3.5773826694128558e-01	   7.0833558579334255e-01	   1.8645998156749255e-01	   2.1071581532754596e-02	  -3.6056121132213355e-02	  -2.7710919511206495e-03	   5.8452895302615637e-01	   7.4093286180001372e-01	  -1.7233132907237739e-01	  -3.5322495777815960e-01	   8.9719787364486714e-01	   9.0248568108731009e-01	   7.6973630351859634e-01	   7.5415000474862492e-01	   8.4488521302115793e-01	   8.3358644022051587e-01	   5.8150421573100175e-01	   7.7096495709542634e-01	   5.5259487475687696e-01	   5.7919727344852345e-01	  -1.4209363014331400e-01	  -2.4847695267105115e-02	   4.9290845498784663e-01	   3.8856845731835121e-01	   3.8298493673039286e-01	   3.5446720630162121e-01	   2.8052182665727049e-01	   3.1160890619006859e-01	   5.4642992830190012e-03	  -2.0626595910313525e-01	   4.0849903491052997e-01	   5.3990033852846508e-01	   8.7256400749404162e-02	   3.6049930376866690e-01	   2.5769005782409793e-01	   2.8849990567166589e-01	   2.8213802328709503e-01	   2.4300992790487702e-01	   3.4764670333189535e-01	   2.4248052339165241e-01	   2.1219125550190032e-01	  -8.5275439555227303e-02	   7.9269251945617916e-02	  -6.3570073731109247e-02	   1.6426721569223973e-01	   2.4740483795205381e-01	   4.0703476776391101e-01	   3.9721722196722226e-01	   3.6855149989725883e-01	   2.7598760104332787e-01	   3.6926103610149918e-01	   3.7660293095944303e-01	   7.7645207895815707e-02	   6.2489717748331598e-02	  -6.2702852717557628e-02	  -7.3085490951686691e-02	   2.8541116248149623e-01	   2.4637705905225535e-01	   8.1984196731021675e-01	   6.3251024020476798e-01	   9.0516182205746709e-01	   8.0436550885787406e-01	   2.8487625196525795e-01	   1.5177221902597510e-01	   5.3073936505776957e-02	   1.5192745572090824e-01	  -3.0486073081183125e-02	   3.1580697998430168e-01	   1.1415940088852840e-01	   2.8551671789950411e-01	  -9.7163719224438103e-02	  -6.9191999585903746e-02	   3.8084428244186543e-02	   1.9041586734451582e-02	   2.4422417583613820e-01	   4.6985562724455876e-01	   2.8749126319910440e-01	   7.9891983816806367e-01	   5.7040465621788017e-01	   5.5833093157511027e-01	   7.5756556003624453e-01	   7.2544783248899170e-01	   6.9323643791735867e-01	   8.4374540621931393e-01	   7.8024943238271727e-01	   6.7659289529911559e-01	   7.3061789926617188e-02	   2.0590444170314826e-01	   4.1164569346835295e-01	   3.6863282905404882e-01	   5.2235748634145196e-01	   6.6756556241184084e-01	   3.6074227932465641e-01	   3.7320157115722452e-01	   3.0879646870737876e-01	   3.4932255450608102e-01	   3.3663477364802091e-01	   5.2096605653500272e-01	   3.2512135067723646e-01	   4.4632397254318257e-01	   1.4537678704946200e-02	   3.5230101447129991e-01	   4.3786747709826807e-01	   5.2246306637264062e-01	   5.5803235437326348e-01	   3.4598827760468148e-01	   1.3420069422153647e-01	  -1.0088612057483171e-02	
   4.6237430846616190e-01	   4.4576597528902207e-01	   9.7582565183327574e-01	   0.0000000000000000e+00	   5.0642029852367743e-01	   8.7466472441343801e-01	   1.1333000884672957e+00	   8.5183041867415743e-01	   2.3236959052082951e-01	   6.2482241440429032e-01	   2.4002965191506162e-01	   2.0333976065527751e-01	   1.8405752368421041e-01	   1.1024909663869779e-01	   2.9802170408144701e-01	   4.7133403972523147e-01	  -1.6777205379530205e-01	  -1.9441860846216769e-01	   5.1521909519974773e-01	   6.1578794091739819e-01	   3.3560377563371396e-01	   4.2239187913080589e-01	   6.8831979301744506e-01	   7.8224365865975265e-01	   4.4330374629805541e-01	   5.3235277513922530e-01	   3.0463425561191204e-01	   4.0310877038038989e-01	  -1.8819724108266178e-01	  -1.4868229337705069e-01	   4.0431569070786699e-01	   3.8607983317185984e-01	   5.4910724759515506e-01	   4.9521327482794264e-01	   3.9347932914487482e-01	   5.2535543718186528e-01	  -1.7001677342259922e-01	  -2.9377433640110406e-01	   1.4911386136563834e-01	   3.9707100161070186e-01	  -6.3484465284094262e-03	   1.2055184758013507e-01	   1.3470741174805778e-01	   1.9171276818267299e-01	   2.3367773234107095e-01	   2.0157654994910221e-01	   1.6892151318953522e-01	   1.1715093402656267e-01	   3.8429390443719730e-01	   2.0723368086839961e-01	   1.8772459935522834e-01	   1.1739036887345125e-01	   1.7288212064201830e-01	   2.4417966208402342e-01	   2.7339809474708970e-01	   2.8402960542098532e-01	   3.1404407295489561e-01	   4.0064825615250443e-01	   3.8095453647362271e-01	   5.6733973618558720e-01	   2.8856729285943467e-01	   4.4234641671889252e-01	   1.9004631027502392e-01	   2.7275234406616916e-01	   4.4162295286538572e-01	   4.6289392142724345e-01	   8.7483402337878546e-01	   7.5254844432045576e-01	   6.9137015915913547e-01	   7.2210523759206213e-01	   2.6528785008572087e-01	   6.4520367086973229e-02	  -2.1973144582661870e-02	   2.1289491454671275e-01	  -1.9986461428509980e-01	   2.6881464498092672e-01	  -2.9539369774652956e-02	   2.0058717937489226e-01	  -1.5194387977147791e-01	  -2.6027983711139430e-01	   2.8872504161341159e-02	   9.4885791844736018e-03	   7.8847240573112667e-02	   1.8619464303340696e-01	   1.3285085435315602e-01	   5.7295932802245897e-01	   4.2087641886924071e-01	   2.7881910467319904e-01	   5.9044634200738622e-01	   7.2236222214334123e-01	   8.4616166271679982e-01	   7.8743598231784218e-01	   9.7435741646072560e-01	   7.4659048511481818e-01	   1.0651981178311577e-01	   3.5863004348477950e-01	   2.2341492388648182e-01	   2.9905688028927546e-01	   4.6701460580576737e-01	   5.2141960294336698e-01	   7.5866897244751808e-01	   5.9148413214868101e-01	   6.0289463382692743e-01	   5.5609911063972051e-01	   4.7523002267557313e-01	   4.6515958642299915e-01	   4.9920026250859073e-01	   6.4308462222511698e-01	  -1.2181839626385060e-01	   1.1470816337113744e-01	   2.2329062619156348e-01	   3.3232283008595676e-01	   4.0705091320048220e-01	   1.6883661098199088e-01	  -1.4511437325369714e-02	   1.1577371243782303e-01	
   4.5838627367481222e-01	   2.2349249835095175e-01	   7.6589739071361618e-01	   5.0642029852367743e-01	   0.0000000000000000e+00	   1.0727156458623723e+00	   6.0033203466515161e-01	  -2.1891961791302421e-02	   1.1264208107629878e+00	   1.0115205575395350e+00	  -1.0070877476728424e-01	  -3.1798542397759233e-01	   8.0083934453483649e-02	  -2.7693681659828695e-01	   1.1270775489281177e+00	   9.9650162796216324e-01	  -3.6398522569470770e-01	  -4.4737060100233511e-01	   4.6667215665443196e-01	   4.3459930847232531e-01	   8.3065377610197455e-01	   1.0871906074508177e+00	   5.8626588584506945e-01	   7.1928557983060604e-01	   8.8688172874595983e-01	   8.7752056933206490e-01	   1.1910655120859870e+00	   1.1626375278076739e+00	  -2.5450234673685435e-01	  -1.6204000492933754e-01	   2.7370110895201361e-01	   2.6475730021545968e-01	   5.8054553609985703e-02	   9.0789022235669314e-02	   4.7210015851638415e-01	   4.6231577746421376e-01	   5.7730271846517807e-02	  -3.4187601237887066e-01	   1.1237896891138577e-01	   4.7204152467955951e-01	   1.5614314769254509e-01	   5.8363873765994012e-01	  -7.3481173844993239e-02	  -1.0001602275785386e-01	   6.7690650347945391e-03	  -1.0958967614359356e-01	   8.8182838957074933e-02	  -4.9583696670183509e-02	  -1.3879982312513686e-01	  -4.0050464559370869e-01	  -9.8983050553124174e-02	  -2.2004352172965447e-01	   1.3976537513878937e-01	  -2.9151822724108545e-02	   6.3032486629596096e-01	   4.8934427069041908e-01	   2.0461584761301160e-01	   1.5087144439148667e-01	   5.1889180480994535e-01	   2.5603046819076974e-01	   1.1366044788836592e-01	  -1.0992728654938252e-01	  -1.5551980494193926e-01	  -2.5793949918624032e-01	   1.8725628195014044e-01	  -3.0810126912492017e-03	   7.2596652607197454e-01	   3.7055690549185660e-01	   4.0806243400253300e-01	   3.2331287721894009e-01	   4.6461609163015849e-01	   3.4462454652571589e-01	  -9.4213835903661378e-02	   5.8666875800544926e-01	  -2.3436691266688822e-01	   4.2846574881783706e-01	   1.5034505784882060e-01	   2.9961077035257899e-01	  -3.2421406088053750e-01	   3.9610288060651583e-03	  -1.1018965691401904e-01	  -7.8654020378540981e-02	   3.7812579436791810e-01	   3.0854340008420544e-01	   3.9340855733114077e-01	   6.7546536957541425e-01	   7.8350035298812648e-01	   6.9292110271069562e-01	   9.3628844356634611e-01	   8.0972298541271526e-01	   3.4022341557307506e-01	   5.6170272405846300e-01	   5.6116744671324936e-01	   7.3971739457418983e-01	   2.6417487403308537e-01	   3.5130163322197089e-01	   3.9574697130554298e-01	   5.4603835699084735e-01	   4.2460032005804477e-01	   5.9690465056309294e-01	   2.4318619996291685e-01	   2.5643864547320555e-01	   2.0899510613917305e-01	   2.4672749775676628e-01	   2.3194767944589154e-01	   3.3550413200008045e-01	   2.4035270563986511e-01	   3.6555183500074717e-01	   5.5076704341501991e-02	   4.1894999818391593e-01	   3.9211647141713968e-01	   2.8092178868967627e-01	   3.2984825519478472e-01	   3.1576311430437215e-01	   2.8997132765359662e-01	   4.0214509606764148e-02	
   4.1912299979190021e-01	   2.5411907788466387e-01	   1.0261350398650431e+00	   8.7466472441343801e-01	   1.0727156458623723e+00	   0.0000000000000000e+00	   7.9101799767732273e-01	   2.9555108724981244e-01	   5.6514543366287917e-01	   1.0045608931629471e+00	   2.0382741247093539e-02	  -1.2249858707405109e-01	  -4.9231605521714766e-02	  -1.2507265890022143e-01	   7.0374316317145258e-01	   7.6936968482975288e-01	  -1.9924334692655246e-01	  -3.7480063694685811e-01	   6.0540355660187228e-01	   5.9070444762488983e-01	   6.6645770354209088e-01	   8.0415571312057721e-01	   6.8354735961473823e-01	   8.0310074973636847e-01	   7.2375116368825365e-01	   9.3582880644205735e-01	   7.2158091794446200e-01	   8.1223739818343499e-01	  -1.9159699204541081e-01	  -1.2165734697485618e-01	   2.7477366711323653e-01	   2.4505369088721313e-01	   2.6043268146486476e-01	   2.8173642749890515e-01	   4.6591934207561486e-01	   5.1896909923130075e-01	   5.8037214389615038e-03	  -2.9050920043057182e-01	   2.2012082502988403e-01	   4.3046877596734390e-01	   1.4967911714609150e-01	   4.3510149831478179e-01	   1.9534593713006582e-01	   1.8602921757799609e-01	   2.7408268682140213e-01	   1.6809461627208555e-01	   2.7684551206075758e-01	   1.3671377914847246e-01	   1.0120118860724547e-01	  -1.4877141394292906e-01	  -8.8395962693405189e-02	  -2.2421694784256507e-01	   8.9219694516033086e-03	  -3.1631984551359726e-03	   3.5635510872649306e-01	   2.7843532411564897e-01	   2.4519450113487243e-01	   1.7995444506874253e-01	   3.5727840112135034e-01	   2.8336582675414446e-01	   8.2632857694155959e-03	   8.3829528178495649e-03	  -9.3220515747065122e-02	  -1.6025930324741941e-01	   3.0249639336710576e-01	   3.0876851061377808e-01	   8.5281324487014099e-01	   5.8597815738566372e-01	   5.6318942367682001e-01	   4.6756934004336986e-01	   3.1949490876453990e-01	   2.2969460202828340e-01	   1.3306602911546565e-02	   3.9060864636466991e-01	  -6.6637581919332195e-02	   4.1521325932331221e-01	   1.5690607624716130e-01	   3.1796167265224579e-01	  -2.3289934683967081e-01	   1.4791521169067595e-02	  -2.7727202390470169e-02	   2.6217938659525478e-03	   2.4795219390958487e-01	   3.1568063700816812e-01	   3.1794705537257889e-01	   7.4251784781976837e-01	   5.7845543869922611e-01	   5.1814272056178468e-01	   7.0389249840061663e-01	   7.4392023478020497e-01	   6.5976976159817613e-01	   7.0317032748683328e-01	   8.6592611888928739e-01	   7.4125615339573803e-01	   2.2626675270900820e-01	   3.6541374591683334e-01	   3.6438337822660927e-01	   3.7886598567736707e-01	   4.8113287486051654e-01	   6.0340823778393926e-01	   3.6757914805806674e-01	   3.4217352839308895e-01	   3.1807012959755476e-01	   3.5850203185940466e-01	   3.3243112696060934e-01	   4.0867524343542183e-01	   2.7934445729285506e-01	   3.8611691715499524e-01	   5.9938201626380833e-02	   2.5934785022962215e-01	   3.6670523345183803e-01	   4.0212945660992006e-01	   3.8703543404635032e-01	   1.5446315576511752e-01	   1.0860171821675801e-01	   2.8291428025714247e-02	
   4.9930483008247961e-01	   4.0300932412747437e-01	   1.0081392997543932e+00	   1.1333000884672957e+00	   6.0033203466515161e-01	   7.9101799767732273e-01	   0.0000000000000000e+00	   6.8191724837747292e-01	   3.1531925845865155e-01	   6.6998318257632672e-01	   1.4055091912777062e-01	   8.9904309806642477e-02	   2.0490774254625277e-01	  -6.5242493492680784e-02	   3.1729302486640609e-01	   4.4631187393933014e-01	  -3.1248663387844255e-01	  -3.4564345413364633e-01	   4.9159162124403455e-01	   5.4826034177125571e-01	   2.9421884549160143e-01	   3.8744697127002220e-01	   4.6535700240685973e-01	   5.3367898325918106e-01	   3.4275594112337676e-01	   4.0621333046726149e-01	   3.1494568031228110e-01	   3.9451839127128968e-01	  -1.8554038200980030e-01	  -2.5705542303387252e-01	   2.2150668034879445e-01	   1.7018095910125827e-01	   4.1563633553963319e-01	   3.2261632437859461e-01	   2.8116744247948355e-01	   3.7029486201315009e-01	  -5.5448668327419355e-02	  -2.6037574987422074e-01	   2.1514260897648710e-01	   4.3174355371074574e-01	  -7.9258556433719374e-02	   9.4311469346773993e-03	  -3.5705712954534501e-02	  -1.4886458921984144e-02	   1.4367720237219214e-01	   1.1000410953325568e-01	   2.8217064099215719e-02	  -3.0429987004989754e-02	   2.9413330474742139e-01	   9.7211178864191367e-02	   1.7074149749309425e-01	   1.1806276906688716e-01	   1.9910761782256295e-01	   2.0801790980695914e-01	   3.5315585552926304e-01	   3.5458275191687511e-01	   2.7125737673170996e-01	   3.0844264059441567e-01	   5.4284188766639396e-01	   6.6727318351594445e-01	   3.9948864644540549e-01	   5.4801083012791452e-01	   9.3994580942232203e-02	   1.9601468051248938e-01	   4.8435322640259343e-01	   5.2987062761615267e-01	   8.8740582828729653e-01	   7.2853102963595762e-01	   7.2602595560031202e-01	   8.1310791980239494e-01	   1.7884086917097020e-01	  -4.9411847775652766e-02	  -1.6940265234505228e-01	   5.6532388265924764e-02	  -2.6901350406534269e-01	   1.5061016803458901e-01	  -1.6406092942267436e-01	   7.4811459445203954e-02	  -2.4299231449447695e-01	  -2.9112756479079105e-01	  -1.6293304028921751e-01	  -1.9632677003530596e-01	  -4.1647604245585085e-02	   4.2140574184851745e-02	   5.6986036788406282e-02	   5.8180514319362997e-01	   4.8834617584504963e-01	   4.3397071045987068e-01	   7.3523598104832710e-01	   8.2358553828803061e-01	   6.3257089599293104e-01	   7.3736909801451112e-01	   9.5635423297598343e-01	   8.9069924301866377e-01	   1.5841193376598556e-01	   3.6505766904236392e-01	   2.5894346999809359e-01	   3.4410600431717403e-01	   3.6635081229557648e-01	   4.6858463075312462e-01	   8.0932795516301514e-01	   7.4462886679456497e-01	   6.0593918888245368e-01	   6.1224718476303719e-01	   6.0746766760350002e-01	   6.3328029867817448e-01	   5.8782650412455328e-01	   7.4190738458560113e-01	  -1.7493747879021587e-01	   1.5399757088331140e-01	   1.9161528863601490e-01	   2.1001188988759426e-01	   5.4645669362838778e-01	   2.6493435435039098e-01	   1.7097887118382699e-01	   2.3141814108346423e-01	
   1.6724933145167140e-01	   2.9212452086067375e-01	   3.6291198729424812e-01	   8.5183041867415743e-01	  -2.1891961791302421e-02	   2.9555108724981244e-01	   6.8191724837747292e-01	   0.0000000000000000e+00	  -1.5521934897104558e-01	   1.8921574677325395e-01	   3.3115098031681028e-01	   4.8399667807705415e-01	   1.4835622452460975e-01	   3.5895295861568682e-01	  -2.3596241658640643e-01	   4.2220346257503684e-02	  -5.8496039293399443e-02	   1.2045490895023733e-02	   1.4953028279340646e-02	   1.1894056943986622e-01	  -1.2086521044338890e-01	  -8.4827480346485407e-02	   9.6009520017526745e-02	   1.7662729408685002e-01	  -9.4494065276162168e-03	   1.2021872759096308e-01	  -2.8853371316088272e-01	  -1.9613956878548749e-01	   1.0163114849528060e-01	   6.1085692304369568e-02	   2.8702855323487070e-01	   2.8217950732389552e-01	   7.7179434931451585e-01	   7.5755112909208955e-01	   2.2046356907795245e-01	   3.8277377203495916e-01	  -2.2219570179292328e-01	  -1.5902887339545713e-01	   3.4211803859309678e-02	   1.6427862974736210e-01	  -4.5814349545031476e-02	  -7.0313447066375712e-02	   7.1168352626180237e-02	   9.8865995585164665e-02	   2.6561200949496888e-01	   2.7145816143066126e-01	   9.3455508433194279e-02	   2.7325091305625833e-02	   5.0961486234378195e-01	   3.6277371258349750e-01	   2.8281401736210615e-01	   2.4812813444166684e-01	   8.1160590782097308e-02	   5.9468329906767037e-02	  -8.9822135071512890e-02	  -9.2317219363684519e-02	   1.9091485684773316e-01	   3.0910812004220461e-01	   1.7906776758780718e-01	   4.6278397694710227e-01	   3.0912161214009243e-01	   6.6536824652914517e-01	   4.2341718622483437e-01	   7.4511621829372010e-01	   1.7784186679380104e-01	   5.3720719413434981e-01	   4.8649972129418406e-01	   7.6243124835530252e-01	   2.4783703019510067e-01	   4.0905808732801963e-01	   1.2791940581055053e-01	  -1.1244485518443914e-01	   2.1975522028732479e-02	  -7.4696021750968747e-02	  -1.3847796047666017e-01	   7.7245571392545228e-03	  -1.4021882553827397e-01	   1.3966500195215240e-01	  -2.8785343843486907e-02	  -3.0201167324005557e-01	   9.3382930233385550e-02	  -7.6586470714232024e-02	  -1.3061060463161492e-01	  -3.0467647507406152e-02	  -2.9745954968464794e-01	   1.1140821431057074e-01	  -8.5203299362552692e-02	  -1.4268173589044433e-01	   2.6512964218583391e-02	   2.2148742187332360e-01	   5.8227998911193579e-01	   2.7443376127536723e-01	   5.3536225661707859e-01	   2.6403141912298328e-01	   3.9638810754170480e-02	   2.6499587467236674e-01	   1.0807409510779489e-01	   7.2064743943259457e-02	   2.7652351643096384e-01	   1.2502418383777042e-01	   8.5731945845426527e-01	   5.3491642784996074e-01	   5.9315639787388630e-01	   4.5770657003324466e-01	   5.1184496166842375e-01	   1.8302292700388045e-01	   3.5732705646116891e-01	   3.7936819900717966e-01	  -1.9256261968820837e-01	  -9.9376149022224178e-02	   8.3568856858640683e-02	   1.8995871767167255e-01	   2.2625461344549108e-01	   5.8721747204993858e-03	  -1.6439736155985199e-01	   7.4289149746361527e-02	
   2.9929913005396602e-01	   1.3068829461919418e-01	   3.5773826694128558e-01	   2.3236959052082951e-01	   1.1264208107629878e+00	   5.6514543366287917e-01	   3.1531925845865155e-01	  -1.5521934897104558e-01	   0.0000000000000000e+00	   1.0459905259656621e+00	  -6.6292920014674697e-02	  -1.8928567785668240e-01	   2.9846910066437998e-01	  -1.8674931069895567e-01	   1.2017086293467767e+00	   8.8321835852883357e-01	  -3.1050690382002177e-01	  -3.5934120708331757e-01	   2.7002138854941554e-01	   2.7624224739070280e-01	   5.7231172500167526e-01	   9.0562195116887478e-01	   3.5906549203353694e-01	   5.7204473964340719e-01	   4.6503599550281771e-01	   5.6896268408549933e-01	   1.0278960240303452e+00	   1.0000284609495929e+00	  -1.9435286848476266e-01	  -1.7094775849428412e-01	   7.6406948902059707e-02	   1.0115350171842424e-01	  -4.7735058871470358e-02	  -9.6409608943175296e-02	   3.0996897070042073e-01	   3.7287915501769742e-01	  -3.0578814210456828e-03	  -3.3140023889042275e-01	  -4.9197487096840964e-02	   3.3270658506731604e-01	  -6.5197776034835994e-02	   4.4704777349291819e-01	  -2.4514784307309895e-01	  -2.8110232614337965e-01	  -1.6179904971406134e-01	  -2.6890438055676241e-01	  -1.3368724072768337e-01	  -2.3954595226022152e-01	  -1.8676456904708982e-01	  -3.6597162944702771e-01	  -8.7900656558595830e-02	  -1.5758098079084987e-01	   1.1925133523927536e-01	  -5.1701180723678797e-02	   5.4833003717186091e-01	   4.7302868332654530e-01	   6.4486732101769653e-02	   9.8493448083161572e-02	   4.5504449614208542e-01	   1.8253746884743136e-01	   1.5937010634514859e-01	  -9.5732654332855036e-02	  -1.6713090050697488e-01	  -2.2101182818387019e-01	   1.3582632929228153e-01	  -8.8881900670076577e-02	   3.0697061922350666e-01	   6.4864835212539204e-02	   1.5381819743858735e-01	   1.0652745795040323e-01	   4.8525766996729403e-01	   3.3112298670401524e-01	  -2.9387978096763434e-01	   8.8473278264339172e-01	  -3.8890115370553419e-01	   3.6967366826955572e-01	   1.5632150835328987e-02	   4.8275627568058650e-02	  -3.7089367398451178e-01	   2.7276215469492052e-02	  -1.8875368092883435e-01	  -1.6098301047007110e-01	   2.2818771521614081e-01	   1.5137884094968404e-01	   2.8714213798186505e-01	   4.3263073781270933e-01	   6.3316889163233026e-01	   5.9569288896775630e-01	   8.2703054083220739e-01	   6.5554512899181350e-01	   7.8340990608527519e-02	   2.6721596058828662e-01	   3.8446532655721111e-01	   5.4325104249335254e-01	   3.5320986908600704e-01	   3.0883077594156688e-01	   2.9280759369199205e-01	   5.6944629875366159e-01	   1.3402368800167574e-01	   2.5459009416063505e-01	   2.0178096498266643e-01	   1.8816270264161203e-01	   1.4338771830097971e-01	   1.3940689786031984e-01	   1.1053894662984516e-01	   1.1951489206614935e-01	   2.0114458548764991e-01	   2.8984393530166808e-01	   8.1634982717895765e-02	   4.5824641649741743e-01	   2.5538793094764067e-01	   2.7980558490180388e-03	   2.0124522452170357e-01	   1.9614566917403142e-01	   2.2418171520295654e-01	  -1.8272431828718450e-02	
   3.7311725000832946e-01	   2.3245584680639081e-01	   7.0833558579334255e-01	   6.2482241440429032e-01	   1.0115205575395350e+00	   1.0045608931629471e+00	   6.6998318257632672e-01	   1.8921574677325395e-01	   1.0459905259656621e+00	   0.0000000000000000e+00	   1.0244986514483992e-01	  -7.4997213207207161e-02	   8.4149374896505855e-02	  -1.1834780410675715e-01	   1.0232891059412463e+00	   1.1906341155332336e+00	  -3.6934105399518419e-01	  -5.2769263320966919e-01	   5.1519517695671768e-01	   5.0673611159228826e-01	   5.3657348543639072e-01	   7.4140882870397562e-01	   4.7330733781513018e-01	   7.2827862440510549e-01	   4.9681511285314717e-01	   7.2221271911764717e-01	   8.1887847140323311e-01	   8.5095975437708216e-01	  -1.9734974073626343e-01	  -1.4473783731758350e-01	   1.4406464561371696e-01	   9.7673670138618898e-02	   1.9527926174195750e-01	   1.2498521703094762e-01	   3.3935070757642766e-01	   4.8808725513849910e-01	  -4.7480771974310679e-02	  -3.7821290759869791e-01	  -3.8748432893806937e-03	   3.0409579270442466e-01	  -1.4059666152984879e-01	   3.3484939745175779e-01	  -6.6121932716384932e-02	  -3.5390956493933812e-02	   6.3482919025026679e-03	  -9.1754328664177986e-02	  -2.4245835197416014e-02	  -1.0338847843227116e-01	  -3.1646414500617163e-02	  -2.5756546088630577e-01	  -1.1560876634679178e-01	  -2.0087904047867491e-01	   6.4308497104981335e-02	   6.4930562468768979e-02	   3.1288266704373163e-01	   3.0207844295550940e-01	   1.7968491756867111e-01	   1.3956848505271005e-01	   3.6309870562164442e-01	   2.6604703447569361e-01	   4.9309969653553547e-02	  -3.8521838344828432e-02	  -2.0511438206695357e-01	  -1.8350024752607746e-01	   1.6785249354343224e-01	   1.4934462157983455e-01	   4.9577647764650445e-01	   3.0986565161289081e-01	   3.7041336198836478e-01	   3.9309066372425883e-01	   2.9691449893194510e-01	   1.4017921429349567e-01	  -3.2308253541668169e-01	   6.3466402995530469e-01	  -3.9926990368263710e-01	   2.8039191100803218e-01	  -8.4114124306106278e-02	   4.7546595389260517e-02	  -4.4388839218313625e-01	  -1.5458998098852691e-01	  -1.8987062405757923e-01	  -1.6482323686698741e-01	   2.2247123723747719e-01	   3.0843081544707585e-01	   2.7479583274161634e-01	   6.6531133360853656e-01	   6.6767812111860148e-01	   5.9571225924928850e-01	   7.7986492123274953e-01	   6.9575038492156449e-01	   4.2075975446507874e-01	   5.0639473318341977e-01	   8.3090296285626830e-01	   7.4965235704922217e-01	   3.7179747897385307e-01	   3.9261587623137928e-01	   3.0484724484965242e-01	   5.3032153402586912e-01	   2.2050991447309581e-01	   3.5700408713696463e-01	   3.6184386831925192e-01	   3.2721196067812197e-01	   2.6478060498701150e-01	   3.0177015943415447e-01	   1.7425269257941076e-01	   2.5924453008209591e-01	   2.6043366997976303e-01	   3.6693306086729643e-01	   6.4971361846761444e-02	   3.6174655929071375e-01	   2.0648168682219120e-01	   1.3071746232784542e-01	   3.4163704917934262e-01	   1.4477214213597744e-01	   6.8308838563967078e-02	   2.0431386165324431e-02	
   4.3620039062787896e-01	   5.3950791679248644e-01	   1.8645998156749255e-01	   2.4002965191506162e-01	  -1.0070877476728424e-01	   2.0382741247093539e-02	   1.4055091912777062e-01	   3.3115098031681028e-01	  -6.6292920014674697e-02	   1.0244986514483992e-01	   0.0000000000000000e+00	   7.2823651328862415e-01	   3.2337421783904546e-01	   5.7692883500653436e-01	   1.2895317777272630e-01	   2.7222598209343540e-01	   2.4601392022409191e-01	   1.5307059686993019e-02	   2.2413419119995537e-01	   1.8941392265076656e-01	   4.7089606731281833e-02	  -1.1874931760631225e-02	   3.2086370649591101e-01	   3.3212398738902016e-01	   1.8027039559926170e-02	   3.3706841268936263e-02	   8.3680955575623633e-02	   1.3892991668671759e-01	   6.1728356063239620e-01	   4.5403164140900920e-01	   4.1424263233146924e-01	   3.6719336595404989e-01	   4.3828082366869797e-01	   3.0521596894101899e-01	  -8.6458174770394511e-02	  -1.3622888135664307e-01	  -2.4513673629868066e-01	  -3.3616283577398010e-01	   1.1293021612637376e-01	   5.2014771499032206e-02	  -2.7806621878668997e-01	  -2.6914015673031332e-02	   6.8859822827156789e-02	   3.0393904900099782e-02	   2.4118647620686204e-02	   3.8492099370042235e-02	  -6.2431223782943746e-02	  -7.1427836103489017e-02	   4.7914480976415071e-03	  -7.3887337553196999e-02	  -1.1472247010298829e-01	  -1.4105822234282084e-01	  -1.6992096598687514e-01	   7.8751235395074698e-02	  -7.2915328704530047e-02	  -3.1509522455453944e-02	   4.2762750409972911e-01	   4.4473510610493766e-01	  -7.1655839425721754e-05	   1.1586317989351490e-01	   9.7738210868792516e-02	   1.3412471073811053e-01	   4.0560878955551000e-01	   5.1860228176666001e-01	   2.1666579437415062e-01	   2.6558507236887052e-01	   6.0283692720578465e-02	   5.8142378678678469e-02	   1.6823672116748045e-01	   1.3302844069153238e-01	  -7.2985610721620964e-02	   1.5900396284643442e-01	   1.9567903477176651e-01	   8.1209945513232615e-02	   2.5037632290681050e-01	   2.6628820049858409e-01	  -1.7596096225936622e-01	  -1.0068886905619205e-02	   1.9723270063729800e-01	  -2.3292347137914154e-01	   3.2568223939889546e-01	  -6.1316634029736708e-02	   2.9515075655137152e-01	   1.1438487316610546e-01	   1.0964062240931929e-01	   3.1755123558930198e-01	   5.5572875518659588e-02	   3.8285525652501529e-01	   9.4081057018289393e-02	   1.3387614159205966e-01	  -2.9123414682467718e-02	  -4.9727800777279028e-02	   9.9697359032223820e-02	   1.1692130496255794e-01	  -3.5203885042972310e-01	  -1.8087298388438000e-01	   4.4605567911847999e-02	  -1.2145437634054844e-02	  -1.1024444968995183e-01	  -1.5173759638703861e-02	   2.4042824563800222e-01	   3.5345881240605120e-01	   3.9584413333948421e-01	   3.4684381756588328e-01	   2.5080296590099238e-01	   2.5939012428792563e-01	   3.4503814665423327e-01	   2.4811595312864435e-01	  -3.3735086673015752e-01	  -3.7833861698074360e-03	   5.8465970186606653e-02	  -9.1531166260660962e-02	   1.1552311589845125e-01	   1.6373775326081034e-02	  -1.2397520371657969e-01	  -6.7456923419252662e-02	
   1.6732541267106205e-01	   2.5226158108466479e-01	   2.1071581532754596e-02	   2.0333976065527751e-01	  -3.1798542397759233e-01	  -1.2249858707405109e-01	   8.9904309806642477e-02	   4.8399667807705415e-01	  -1.8928567785668240e-01	  -7.4997213207207161e-02	   7.2823651328862415e-01	   0.0000000000000000e+00	   3.4147751148019878e-01	   1.0862981748198524e+00	  -1.3732194023804631e-01	  -5.1409746655923204e-03	   3.9292921424277866e-01	   3.2272549444092269e-01	   2.0412855459642401e-02	   7.4147256202641842e-02	  -1.2706080049401114e-01	  -1.6972622594953207e-01	   1.7282000835376812e-01	   1.7983954578551981e-01	  -1.5818317623257261e-01	  -1.0114259213146720e-01	  -2.5376674885545031e-01	  -1.9868552915672361e-01	   5.3213857266261499e-01	   5.7107418985116565e-01	   2.8220921379793629e-01	   2.8148888852129428e-01	   4.3159909060409041e-01	   2.6278437614150346e-01	  -1.2261206286558118e-01	  -8.6836747768711045e-02	  -2.5847345596473592e-01	  -1.0810727558625163e-01	   3.5786833614254256e-02	  -2.4017341423713846e-02	  -1.7461445138595952e-01	  -4.9950727386881076e-02	   9.1443238932504445e-02	   9.5526844908050162e-02	  -8.3001351904918481e-03	   6.7984313664843062e-03	   1.5835918203121512e-03	  -5.6957859234023661e-02	   1.8839705771422377e-01	   1.7533043459718817e-01	   2.0998869671971049e-01	   1.7918489093936782e-01	   1.5310242926583795e-01	   2.7843179173640054e-01	  -7.7592075455729381e-02	  -1.1636639918811656e-02	   2.4936667712922361e-01	   2.4246551574689701e-01	  -1.6620899569448641e-01	   2.6680015223157161e-02	   1.0119441211312202e-01	   4.2371672513243730e-01	   3.9842997730859603e-01	   6.1930606003298649e-01	   1.9926817058681051e-01	   4.3871265847124219e-01	  -1.5971577337647924e-01	  -4.8587574274309760e-03	   1.2039558179716874e-01	   5.0446117876613336e-02	  -6.3557551932588554e-03	  -8.0619018186146585e-02	   2.6462023780018695e-01	   2.2663953611549065e-02	   2.2518568608993839e-01	   2.1816133083086547e-01	  -1.1972058770627837e-01	  -2.0337541375165359e-03	   4.0442662950931341e-01	   9.0376145772578850e-03	   4.8303648881197669e-01	   2.7574820308383818e-01	   1.2093055845006080e-01	   1.6376329896133421e-01	   1.8362359893260697e-03	   1.4569058044247249e-01	  -2.2773945013588770e-01	  -3.8323231959493671e-02	  -1.7710076735581223e-01	  -1.9074764625353329e-02	   9.9998236661297271e-02	  -1.2358958025392111e-01	   6.8980465367286858e-02	  -1.0452081610912459e-01	  -1.8772193531585474e-01	  -9.5357001419456300e-02	   4.7184265078992663e-02	  -8.8917889323092865e-03	  -1.2192785763163410e-02	  -4.0338668574341312e-02	   2.1909424315145992e-01	   1.4125535947490106e-01	   2.2420565155816147e-01	   1.2761788502885929e-01	   7.9658797569539128e-02	  -1.1877847472630347e-01	   1.4243389955556968e-01	  -1.6589303187722389e-02	  -1.6064510275701335e-01	  -2.8444890325707121e-02	   2.1309411618496317e-02	  -1.4134402474137870e-02	   1.5012129631646809e-01	   6.0096130600378952e-02	  -1.1769876089182449e-01	  -1.6715663236467204e-01	
   2.2708910476769342e-01	   3.5965135883570737e-01	  -3.6056121132213355e-02	   1.8405752368421041e-01	   8.0083934453483649e-02	  -4.9231605521714766e-02	   2.0490774254625277e-01	   1.4835622452460975e-01	   2.9846910066437998e-01	   8.4149374896505855e-02	   3.2337421783904546e-01	   3.4147751148019878e-01	   0.0000000000000000e+00	   3.0036565304287721e-01	   1.3815685636228045e-01	   8.6273478948224597e-03	   1.3045446530041727e-01	   2.7953876400134414e-01	  -1.9834510910317746e-01	  -2.2463978005529402e-02	   7.0850938370986216e-02	   1.1256900629335705e-01	   2.7431290674603004e-01	   2.7861784140480256e-01	   1.0891513495972607e-01	  -8.7028575736948968e-03	   1.0401136307442688e-01	   2.1271920995661972e-01	   1.5785068319499018e-01	   2.2643495722451040e-02	   3.1646269679283190e-01	   2.9500710201479441e-01	   2.0172118992244670e-01	   1.5971302770013879e-01	   1.8834377473664357e-01	   1.3445104712213024e-01	   1.1255341207725737e-01	   1.2878253612224205e-01	   1.1268480136519202e-01	   3.7272458480629239e-01	   7.0247573918242268e-02	   8.1038036268868602e-02	  -1.4664193108269818e-01	  -2.1536299681100479e-01	  -5.6327228106279978e-02	  -7.1847265134650368e-02	  -1.8505203654170979e-01	  -1.9541085707319833e-01	   1.6246801636829597e-01	   2.2829302998860607e-01	   3.1357861431216988e-01	   2.7255673079129622e-01	   2.8561167807335880e-01	   2.0708732656060697e-01	   4.5696814633268223e-01	   3.9482996369806345e-01	   1.5086504375382159e-01	   3.6375925784673974e-01	   2.7054548434000325e-01	   2.1653738298061787e-01	   5.9304610575009142e-01	   3.8570810878601292e-01	   4.6193023619594875e-01	   4.3822898284170020e-01	   3.1474768716137697e-01	   1.6207042277808420e-01	   1.1702151675543176e-01	  -5.0893273240561580e-02	   3.2214242817306817e-02	   2.5564191943079524e-02	   2.0760262465852664e-01	   2.5021706127041521e-01	   1.5806317590049396e-01	   4.0357037357079895e-01	   1.1145428252471572e-01	   3.5742518547967789e-01	  -2.0770314543780644e-01	  -6.1820439605636573e-02	  -2.6287898405901563e-02	  -4.0432750488088462e-02	   7.7956651865956877e-02	   6.5269362859258329e-02	   7.6956893753603817e-02	  -2.3542128676828361e-01	   6.8288995859962218e-02	   1.9269799652055611e-01	   2.0955448642016644e-01	   2.3748069519763254e-01	   3.4372698815740699e-01	   3.4513209028259584e-01	   3.4683890422806873e-03	   9.6404274225009079e-02	   8.1006156110030827e-02	   2.7639287501272025e-01	  -1.3757026178157450e-01	   1.8598407566997938e-01	   1.0214618388062396e-01	   3.7127451615670805e-02	   1.3912909893460446e-01	   1.3242936506125963e-01	   3.5343041608695097e-01	   4.5241304485649991e-01	   5.2528949537806313e-01	   4.2801944677331177e-01	   4.9103250620549599e-01	   3.4001003754026637e-01	   4.7788668034105170e-01	   3.8839309708654057e-01	  -3.0526325960008693e-01	  -1.3752635858666065e-01	   5.4951117203624139e-02	  -7.6028159868803388e-02	   2.1775751665277479e-01	   2.5175255087434151e-01	   2.0455215143509192e-01	   1.6210026215886641e-01	
