   0.0000000000000000e+00	   1.4521822236020014e+00	   1.0892120240154783e+00	   1.1033824768296863e+00	   9.1929864073775847e-02	   1.3110760365136664e-03	   1.0019225335188038e+00	   1.1291959574808415e+00	   4.9921038902649401e-02	  -1.5588437526130322e-02	   1.2359366591257441e+00	   1.2802516434372657e+00	   1.0839331490460127e+00	   1.0907567009665906e+00	   4.4215237397437429e-01	   3.6940858962363737e-01	   1.6244905065220083e+00	   1.2228792701881461e+00	   1.6962209821239986e+00	   1.4766773614866593e+00	   1.2889571976157932e-01	   4.2793606555329086e-02	   1.0049201906160909e+00	   1.0360560508020797e+00	   4.0221872532408032e-01	   2.8590451158227503e-01	  -3.1407991272602831e-03	  -3.1101947750165268e-02	   1.1300700945444875e+00	   9.0390631006256383e-01	   7.9274832163578435e-01	   7.8763256476847232e-01	   9.5430845269814379e-01	   1.0952771640351440e+00	   8.6516477802052272e-01	   6.8293158999962889e-01	   2.6116123784923823e-01	   4.0644446426764091e-01	   1.6819839905027667e-01	   3.1331658674179452e-01	   1.7253421377962636e-01	   4.5808079681286229e-01	   8.7380570130522195e-01	   6.9070777015960305e-01	   8.4171142239957719e-01	   6.7638822768509244e-01	   8.8435487226755560e-01	   9.4413690975737119e-01	   6.3953423205406901e-01	   7.1861624859665152e-01	   5.8578746711524332e-01	   6.1778237286941562e-01	   6.3505830511942274e-01	   6.6011130659692463e-01	   8.0907566756686411e-01	   9.8263889617681699e-01	   1.8641023260697713e+00	   1.5774283142314909e+00	   1.1699881782139661e+00	   8.0089513001565271e-01	   8.7849360935996423e-01	   1.0314077684490193e+00	   1.3900312072401024e+00	   1.3672789195007191e+00	   9.6669158812800082e-01	   1.0566403547601342e+00	   9.9674484814952269e-01	   1.0510391847477218e+00	   1.0207315946297393e+00	   9.3561375341422692e-01	   4.6661752640694221e-01	   4.7114464394342964e-01	   9.7577289573994230e-01	   1.2417575296307999e+00	   5.9010734030147549e-01	   9.3936406518414672e-01	   7.8960637481848006e-01	   7.3775272027121264e-01	   1.1711240529257461e+00	   9.2158439235805778e-01	   1.3543368366849176e+00	   1.2288397773145581e+00	   8.8619153076817647e-01	   1.1163472445411795e+00	   8.0821678669941088e-01	   7.4769611428482674e-01	   2.8766208404155752e-01	   4.4572124112819433e-01	   5.3732070021849365e-01	   6.1159046185922827e-01	   6.1857920231973007e-01	   5.3082535527345043e-01	   5.5050618120280170e-01	   4.0229182257135943e-01	   1.2582698962316424e-01	   2.7429000988313951e-01	   4.7999664307093604e-01	   5.8690636203720625e-01	   7.7421644375965548e-01	   5.9532642963276339e-01	   4.7584470209426305e-01	   5.4273166813158613e-01	   3.3612017492233925e-01	   4.4225490674132911e-01	   1.0732001652678212e-01	  -6.6031729448967546e-03	   1.5553461919330658e-01	   8.4277995933054337e-02	  -1.0186245485830193e-01	  -2.9590324135323814e-01	   9.1028755785012361e-01	   8.5257909674649413e-01	   7.8484025767586774e-01	   3.0520101012580725e-01	   5.6274349075474371e-02	  -8.0833523981543823e-02	
   1.4521822236020014e+00	   0.0000000000000000e+00	   8.3129271553669970e-01	   9.6555610772246125e-01	   1.4983089192034016e-01	   3.3155888441764396e-03	   6.7363341993573733e-01	   9.0862421098244273e-01	   1.0798986645580240e-01	  -9.2124981637497026e-03	   7.7047830897378011e-01	   1.0329108654747270e+00	   7.3471489764724895e-01	   8.7593649953086949e-01	   4.1413983061832405e-01	   4.2979014756266004e-01	   1.3360795857895429e+00	   1.3001761629568416e+00	   1.2687044440373736e+00	   1.4822906414953765e+00	   1.1957742839965069e-01	   3.8817992666772869e-02	   7.1425761918213027e-01	   7.6270614039475271e-01	   3.9767926525961445e-01	   2.5457944798847987e-01	   3.3027348992434202e-02	  -1.8607657465325642e-02	   9.0117879633689846e-01	   8.5047289251994784e-01	   5.3154041022670340e-01	   5.5717349418488593e-01	   6.6357647119978291e-01	   7.5732331754218762e-01	   6.2777728805245181e-01	   4.2406010491692886e-01	   1.6808076467798586e-01	   2.7180887330258485e-01	   2.1091556296368630e-01	   3.2720992556859790e-01	   6.1637839839684183e-02	   3.2293119519390912e-01	   6.9807377884017563e-01	   5.4281009535442337e-01	   7.4968221775758248e-01	   4.4557918427695248e-01	   7.5739502700782579e-01	   7.2266864340625014e-01	   5.8320367456959266e-01	   6.2176546006063238e-01	   5.5470910901966386e-01	   5.6370222672080594e-01	   6.4320883697445330e-01	   6.2871040111457921e-01	   7.4729013895089902e-01	   8.5242625676398487e-01	   1.5448238572262702e+00	   1.7346787814680851e+00	   8.5760329964579407e-01	   6.5330686851906195e-01	   5.9756639985492077e-01	   7.3968657185348818e-01	   1.1746938856828046e+00	   1.1629628683182469e+00	   7.9457210711290294e-01	   8.9298494441050957e-01	   7.5476849740378249e-01	   7.9981780775549782e-01	   1.0623148634791366e+00	   1.0765675571288300e+00	   2.6547591915440505e-01	   3.5819008043766709e-01	   6.1435209788160350e-01	   8.7842984675420999e-01	   3.0153800052835000e-01	   6.0018939073724753e-01	   5.0076384636383819e-01	   5.3873861402153178e-01	   1.1616139710660001e+00	   1.0059124840581715e+00	   1.3785142711664402e+00	   1.2138348834912103e+00	   8.4556070400566830e-01	   1.0722836997692329e+00	   7.8680872888899522e-01	   8.1554702656236067e-01	   3.6598830592222287e-01	   5.0497568643575752e-01	   5.7753872944510709e-01	   6.8190496563412151e-01	   4.8539682493561775e-01	   4.1071840732767484e-01	   4.5316723625003280e-01	   3.4922363448182259e-01	   1.7964611773105763e-01	   2.9095913335980517e-01	   5.6098584093028614e-01	   6.5914814668826960e-01	   6.3263209442946411e-01	   4.8050935982823456e-01	   4.2392104951177212e-01	   4.6305169001985902e-01	   2.7787244297331898e-01	   2.9994747873812783e-01	  -8.6707672224362460e-05	  -1.3321448443744288e-01	   1.5526117528227015e-01	   7.1638939808117183e-02	  -1.0805226113961840e-01	  -1.8797871080983516e-01	   8.0196803447342235e-01	   6.7403177092533073e-01	   7.4285716758004328e-01	   2.9901080840954530e-01	   2.1422992678782445e-02	  -9.5475498299024297e-02	
   1.0892120240154783e+00	   8.3129271553669970e-01	   0.0000000000000000e+00	   9.4180827495509478e-01	   4.3881423624107041e-01	  -9.1292389804038226e-02	   1.7820484254490498e+00	   8.3828937349335098e-01	   3.6509933231784658e-01	  -1.9216293695341879e-01	   1.0912057035645850e+00	   8.2708568835837504e-01	   1.3356450013318155e+00	   7.5051263584175087e-01	   7.2534242781385461e-01	   2.5290666637974052e-01	   8.8984063164703697e-01	   6.5711850821721418e-01	   1.0099724595857316e+00	   8.1437361329099955e-01	   2.7143089415173494e-01	   2.2510355140529531e-01	   1.2771999008332775e+00	   1.0630566810507860e+00	   6.8070286957576553e-01	   3.5624465934015509e-01	   1.7899155103056036e-01	   1.3614441908452329e-01	   7.4043868201169505e-01	   5.5756361900887441e-01	   9.5318935363361446e-01	   8.2507808565187069e-01	   9.9288735932157413e-01	   1.0416034436271586e+00	   1.1555059579010427e+00	   9.5874669699618764e-01	   4.1410778974188600e-01	   5.5001098502459922e-01	   2.7473321013589269e-01	   3.2479631836269968e-01	   2.8688466689150149e-01	   5.2885782084171895e-01	   1.0254482891393386e+00	   7.9271435654340427e-01	   6.7365976005643302e-01	   7.0296289451379290e-01	   1.1026500239840995e+00	   1.1264546948044605e+00	   4.8218440703089405e-01	   5.6581675538221177e-01	   4.5488177215840830e-01	   4.2593166962968027e-01	   7.2776314297624833e-01	   8.9929115492752831e-01	   9.3283714152195829e-01	   9.7491751798533344e-01	   8.7241625395233080e-01	   9.8389235576206924e-01	   1.1229383145751972e+00	   7.6147478808589297e-01	   1.0375708792253806e+00	   1.2618648103900236e+00	   9.1654952245127130e-01	   8.2155199890768160e-01	   1.1067063696876651e+00	   9.1256222033052281e-01	   1.2151060523175976e+00	   1.1664607975407164e+00	   9.3460319265749725e-01	   7.6439890893086782e-01	   6.3084896634673060e-01	   6.4912900658845307e-01	   8.7646619328672415e-01	   9.8720447873631612e-01	   5.8245271983612457e-01	   8.0759044080440034e-01	   8.0874804065378048e-01	   7.4226441740975735e-01	   6.3378277169569175e-01	   5.7174062771546441e-01	   8.7793344365825132e-01	   9.0786780365956365e-01	   8.0523617624317068e-01	   1.0595811809847606e+00	   8.5181963184441278e-01	   7.8387549921958877e-01	   2.3382754729694888e-01	   4.4886330948370401e-01	   5.8346588056219062e-01	   6.6782873833958212e-01	   9.7978919727272962e-01	   9.9120488273216267e-01	   7.0420497119936976e-01	   7.0666418275940124e-01	   1.1169216002373919e-01	   3.3011053911729171e-01	   5.8941085921822611e-01	   7.3427980438888973e-01	   1.0404383543932303e+00	   1.0459626997151832e+00	   5.4020599189365737e-01	   6.6690527422190204e-01	   3.8507656547384539e-01	   6.4567831712867296e-01	   2.9676024634005982e-01	   2.5400052086986730e-01	   2.7261298109814430e-01	   2.5376955531452250e-01	   8.8965649466259525e-02	  -1.7833729567916973e-01	   1.1877575395411388e+00	   1.2258747534445944e+00	   9.2286576507758000e-01	   5.2149009333379692e-01	   2.2938969472782972e-01	   4.7093824357488080e-02	
   1.1033824768296863e+00	   9.6555610772246125e-01	   9.4180827495509478e-01	   0.0000000000000000e+00	   1.8683451805208587e-01	   3.4517085374186846e-01	   8.6707504820766423e-01	   1.5739006887057889e+00	   1.2056416409632520e-01	   2.9679721409986265e-01	   8.1532524065111756e-01	   1.0518633394595474e+00	   9.2891272644082434e-01	   1.1620315403371482e+00	   5.0864860116023058e-01	   5.6957497302015936e-01	   9.3797791130300079e-01	   8.0942713381306963e-01	   1.0396712434482065e+00	   9.2148126338029335e-01	  -6.0095876357757344e-03	   2.9616277714113202e-02	   9.0058951819324884e-01	   1.3918285363659062e+00	   5.4335042353257079e-01	   5.7603338913448654e-01	  -5.0042289572931140e-03	   7.1237156991501363e-02	   8.5650862701834662e-01	   5.9737895222088366e-01	   7.2190919459610936e-01	   8.7803334837506797e-01	   7.4072739856160952e-01	   8.7380951106490656e-01	   7.9042074167104337e-01	   5.2673022798634617e-01	   1.4419847103572939e-01	   2.5287348309209406e-01	   5.1384384486362969e-02	   1.5892154313868895e-01	   6.1272740582254456e-03	   1.8048192135989252e-01	   6.5830627812542342e-01	   4.6432368396293250e-01	   6.7904200622832767e-01	   4.3054788845436565e-01	   7.3272132007365798e-01	   7.2632000532088503e-01	   5.5085303852292589e-01	   5.6594058640945366e-01	   4.2673498735980703e-01	   4.3662893706152317e-01	   5.1041955714761622e-01	   6.8438089725081519e-01	   7.2258304060402190e-01	   7.3731612106467848e-01	   1.0616045493253410e+00	   1.2183228670129451e+00	   7.6707207371248365e-01	   6.0694556174109404e-01	   6.3204865489436546e-01	   1.0630646506007457e+00	   1.0083783050205235e+00	   1.0006652057782204e+00	   7.8473160562447652e-01	   1.0240692519658061e+00	   7.0850987323811176e-01	   7.8171758480590237e-01	   8.8548187497720765e-01	   9.1325233562775909e-01	   3.7020252408789811e-01	   4.8532513540809374e-01	   8.6619601842206506e-01	   9.0258580183477533e-01	   4.5290959078108478e-01	   7.1598385575468948e-01	   6.2904312651565675e-01	   7.6501070807261606e-01	   7.4923025696542156e-01	   5.9414084800408640e-01	   9.9816395712624728e-01	   9.0972911408052526e-01	   6.7639746449495353e-01	   8.0053355061034570e-01	   6.8596780107702771e-01	   7.1710583973668829e-01	   2.0737092514714262e-01	   4.1527553891623203e-01	   4.6271153397948922e-01	   6.5579173422724868e-01	   6.7179878317354391e-01	   5.5509674333790915e-01	   4.5494092285516774e-01	   3.8920910862269981e-01	   6.5595663949991667e-02	   2.4235248202701554e-01	   4.2378296522730985e-01	   5.2594351463712163e-01	   6.7359899086762198e-01	   5.5175985449940379e-01	   3.1615676513029362e-01	   4.0890781755699851e-01	   1.8624058087172005e-01	   3.3510982065942146e-01	   1.4146746798269705e-01	   1.0143214068449058e-01	   1.6723212052108574e-01	  -1.7239313357752244e-02	   2.0862839954536382e-02	  -1.5002263839164992e-01	   8.0140779115075034e-01	   7.3636497984801963e-01	   6.5839401503619310e-01	   1.8417604840073568e-01	  -6.3952884644430635e-02	  -1.9377060031620572e-01	
   9.1929864073775847e-02	   1.4983089192034016e-01	   4.3881423624107041e-01	   1.8683451805208587e-01	   0.0000000000000000e+00	   8.8377327683519261e-02	   3.7138474029644941e-01	   2.2319711338538079e-01	   2.5160419278972310e+00	  -4.4546410622506270e-02	   7.0408146262398399e-02	   2.2115264582200675e-01	   2.8140903948784141e-01	   2.2567694373204678e-01	   9.2661328214673766e-01	   2.9076950552430181e-01	   1.3739566342908374e-01	   3.4875102939447976e-02	   6.0142163841812514e-02	   6.7063843680030072e-02	   3.9118175660118559e-01	   4.3034582515145553e-01	   7.1676537920014216e-02	   1.4764782478155999e-01	   9.4689501673521281e-01	   3.5414194473179617e-01	   6.3120022117602692e-01	   4.5048205153234078e-01	   1.4685254256456136e-02	   8.0519119716722272e-03	   7.3064100093367584e-02	  -6.7659030661555680e-02	  -1.1452960065934448e-01	  -7.9115697981653715e-02	   1.7608826453387158e-01	   1.3282273784336632e-01	   1.9190029618079066e-01	   3.5573356148998952e-01	   3.4152091619970260e-01	   4.3925439511662856e-01	   7.9984028082621839e-02	   1.8140213415723055e-01	   3.4338306893883697e-01	   3.6766054445212537e-01	   1.8860974300323063e-01	   1.9614587695078969e-01	   4.7573360680646781e-01	   4.0522107154814607e-01	   3.2324699383936717e-01	   4.1589505917802672e-01	   5.1044389065275086e-01	   4.1581347797757373e-01	   6.8068697127031019e-01	   6.0909522229361457e-01	   5.0524670688176521e-01	   5.0086858227419462e-01	  -2.5868515347008043e-03	   1.5877567724597733e-01	   1.6381350656479618e-01	   4.0570434253453980e-01	  -6.2568534591179781e-02	   1.6668851233919896e-01	   1.1837067411042101e-01	   1.1742733682743897e-01	   1.3484127269648785e-01	   7.7643195462550316e-02	   1.5444210160866811e-01	   2.2198764566223969e-01	   8.9375224281124294e-02	   1.5593438488204817e-01	   1.4850075131822479e-01	   3.0491660976922486e-01	   8.8975461397609173e-02	   1.3963355801484592e-01	  -5.3526662917073052e-02	   1.4673706803036565e-01	  -9.3944957420366668e-02	  -4.3711808827900928e-04	   4.5321055307199806e-02	   2.2791946342939511e-02	   2.6976494673490603e-01	   3.4433783993238781e-01	   3.1770892136680989e-01	   3.4833262482227406e-01	   4.1654784077929408e-01	   5.1811616664965654e-01	   1.4757641405819721e-01	   2.3980363138901045e-01	   4.0905937977881190e-01	   4.3315615003484281e-01	   4.6699949078354647e-01	   3.8833959599671708e-01	   4.4232863840861458e-01	   4.4726419668055323e-01	   9.1014858883103678e-02	   2.7919193552053168e-01	   3.5813090174024070e-01	   3.9104406427043165e-01	   4.5910101653760260e-01	   4.7470959329068285e-01	   2.9785162201564352e-01	   3.3740449027047009e-01	   1.2597496026139085e-01	   1.7671190604023407e-01	   1.5304738843605509e-01	   1.8569440646533264e-01	   2.3807525266608259e-01	   3.8042175360557229e-01	   1.4802741546646886e-01	   1.4526659036799436e-01	   3.6453722665297739e-01	   4.2073633472471600e-01	   4.9314648515980075e-01	   4.2656674429779690e-01	   1.9612958754891319e-01	   1.2209176317834890e-01	
   1.3110760365136664e-03	   3.3155888441764396e-03	  -9.1292389804038226e-02	   3.4517085374186846e-01	   8.8377327683519261e-02	   0.0000000000000000e+00	  -1.5414976471780892e-01	   2.7800176691520695e-01	   2.9253807009000536e-02	   2.2064548806593747e+00	  -9.2976383399285822e-02	  -5.1215504716190597e-03	   7.2530858735390460e-03	   2.4794968437699336e-01	   2.3238569287445215e-01	   7.4861338396128585e-01	  -6.9118977965922299e-02	  -7.4339211757831716e-02	  -4.5775072427852448e-03	  -7.1341572728524358e-02	   1.0354378089693557e-01	   2.1500974826533875e-01	   2.1418052180406575e-02	   2.7252927007808242e-01	   4.5348981501810182e-01	   1.1436537527356574e+00	   3.8469250346120565e-01	   6.2815985425364484e-01	  -6.8437547361036022e-02	  -2.0681028358355533e-01	   9.6488422196908414e-03	   1.1881717089770398e-01	  -6.2654216941563715e-02	  -9.1444137691472624e-02	   1.3388565737560506e-02	  -2.0117273669068886e-01	  -6.9766358267216921e-03	  -4.2690598074468206e-02	   4.3831683942582696e-02	  -6.7853226830570004e-02	  -1.0946403195697847e-01	  -3.0616374077628183e-01	  -2.3687129320944750e-01	  -3.7055111475768965e-01	  -1.8037339976110578e-01	  -2.8172807136134959e-01	  -1.7081417057278112e-01	  -1.0354003181098342e-01	  -1.3945393098476294e-01	  -1.0524930533781306e-01	  -1.3465096578445826e-01	  -1.6539512267869960e-01	  -1.2247574880835777e-01	  -1.0011579789494467e-01	  -2.3175118305532125e-02	  -1.0681339783215256e-01	   4.4266127422194310e-02	  -1.4612994790499925e-02	  -1.3816168283799352e-01	  -1.0029493547116716e-01	  -1.7206062548522927e-01	   2.7695126376002535e-02	   1.3076043706561380e-02	  -8.2770658737477840e-02	   2.2295929736066498e-02	   1.2907672378936638e-01	  -1.2008973747424465e-01	  -1.1850783007486354e-01	  -2.1355744622665518e-03	  -2.9689056229616088e-02	   1.5757940918655816e-02	   8.7839133421718923e-02	   8.0511968498431299e-03	  -9.4157148441885552e-02	  -4.8281856763497617e-02	  -6.2837396024359130e-02	  -1.3839535493164265e-01	  -5.9865738486202039e-02	  -5.0667715713346127e-02	  -1.0025161270986732e-01	   7.7954039952318852e-02	  -3.7989322195470403e-02	   1.9981158243032527e-02	  -1.0726274780728999e-01	   8.5729690731594005e-02	   6.0169413798885872e-03	   1.1693855958422378e-01	   1.3657882112128816e-01	   1.6057233446462385e-01	  -1.7516689946871365e-02	   1.2175086309263561e-01	   6.8168405619639202e-02	   3.7976930459583121e-02	   1.0493163350746154e-01	  -1.7669878654542204e-01	  -7.3429168457476851e-02	  -1.1397641461030839e-01	  -1.5898323406763723e-01	  -1.0690863871540519e-01	  -5.4075009967381883e-02	  -2.3829835642473578e-02	   2.6026248010952800e-02	  -5.4850757298257335e-02	  -1.8894034042095102e-02	   4.0074780604324955e-02	   6.7555442557993256e-02	   8.3612303815833719e-02	  -4.4928715904893432e-02	  -3.6067405032522253e-03	  -7.6683625724858293e-03	  -9.9689431904604636e-02	  -1.3121100235734146e-01	  -9.6663116641109950e-02	  -3.5579964569575656e-02	   2.1367274790152522e-02	   7.9301254532859355e-02	
   1.0019225335188038e+00	   6.7363341993573733e-01	   1.7820484254490498e+00	   8.6707504820766423e-01	   3.7138474029644941e-01	  -1.5414976471780892e-01	   0.0000000000000000e+00	   8.7975512808602452e-01	   3.3172751498914926e-01	  -2.3414429914969326e-01	   1.2401041813464098e+00	   7.6860027049607083e-01	   1.4328459175390611e+00	   7.1108721836326116e-01	   6.8713748559209165e-01	   1.8737941593760374e-01	   8.2636508426656219e-01	   6.4839135219624100e-01	   9.5344666006281820e-01	   7.7629216467884976e-01	   1.2734873263653684e-01	   7.4010531807657709e-02	   1.1918142590970306e+00	   9.9073273382759452e-01	   5.0194414376824970e-01	   2.4058066328698152e-01	   7.1159310055466357e-02	   1.2867802018333034e-02	   7.7157569992826336e-01	   6.0789863258887666e-01	   8.5617939953936750e-01	   7.3650907450328085e-01	   9.7674371890049616e-01	   1.0775479366962779e+00	   1.1403190909731236e+00	   1.1460764380656074e+00	   3.3152350426716715e-01	   5.0223423691390789e-01	   1.5916111954316892e-01	   2.9902415242861785e-01	   1.8856194318591468e-01	   5.0859709900867267e-01	   1.0451658161080577e+00	   8.5615106586965672e-01	   6.8023047333991182e-01	   7.7276755112515061e-01	   1.0082546314509353e+00	   1.0017173949041120e+00	   4.9497795342031475e-01	   5.7096658437288994e-01	   5.0059173318913985e-01	   4.8197970622678388e-01	   7.0221891344232079e-01	   8.4573906300328616e-01	   7.9738221215658667e-01	   8.7823715138373504e-01	   8.0435379522090200e-01	   8.7613279114122744e-01	   1.1229429101612638e+00	   7.6499205467330034e-01	   1.0937018357782406e+00	   1.1847859080825001e+00	   7.9049231370895945e-01	   7.8829183818385429e-01	   9.2514950869062806e-01	   7.7526699151973832e-01	   1.1788585766416557e+00	   1.1588983334627896e+00	   9.1162221210820960e-01	   7.8324971294124301e-01	   6.0379665280338557e-01	   6.3170697541645415e-01	   9.7809536241455142e-01	   1.0128797956827553e+00	   6.2672367841357457e-01	   8.1164654534936420e-01	   8.6155764273043589e-01	   8.3155001753462188e-01	   5.4968119964671225e-01	   5.3097830749900732e-01	   7.5698848083001935e-01	   8.7524454985394906e-01	   6.4030835418194765e-01	   9.0376603620994278e-01	   7.7932715625231774e-01	   7.0247372728936064e-01	   4.8702123570504990e-02	   2.7958522181291157e-01	   4.1772682564810082e-01	   5.9658623327571991e-01	   8.4049105979411909e-01	   8.7763908204641183e-01	   6.2254045197369323e-01	   6.1910713601913336e-01	   2.2583292137970901e-01	   4.4443272597564198e-01	   5.7145511891633438e-01	   6.9443004483885762e-01	   9.5066413361832325e-01	   9.0083733300018753e-01	   4.2405284630184992e-01	   5.6514654062969127e-01	   2.9588342879871016e-01	   5.7855334767034750e-01	   1.8946271565361655e-01	   1.9625199843762747e-01	   1.1589146966726768e-01	   1.5957984157333677e-01	   2.7078684328527714e-02	  -1.7342705117204468e-01	   1.0406897652289333e+00	   1.1430154176309395e+00	   8.2965680531932051e-01	   4.6553267179387314e-01	   1.1812056374417459e-01	   2.7918073573429656e-02	
   1.1291959574808415e+00	   9.0862421098244273e-01	   8.3828937349335098e-01	   1.5739006887057889e+00	   2.2319711338538079e-01	   2.7800176691520695e-01	   8.7975512808602452e-01	   0.0000000000000000e+00	   1.8746593142349877e-01	   2.4812827936542400e-01	   8.9850516034884598e-01	   1.3111354715614814e+00	   9.8967517281521578e-01	   1.4373233795728335e+00	   5.0304824762228195e-01	   5.2714743394117480e-01	   9.6163724819022001e-01	   8.0436772846753224e-01	   1.0400728297925603e+00	   1.0114015728524328e+00	   2.4952595362909880e-02	   2.4247576150571305e-02	   7.0430862615281509e-01	   1.0730374910428786e+00	   4.7541913739065689e-01	   4.6669417176182471e-01	   6.6843982349085144e-05	   2.6955667386623125e-02	   9.2889330511508517e-01	   7.5993277913491486e-01	   6.2599554548399872e-01	   7.0830024433245009e-01	   6.4644224654633797e-01	   8.1590677136878131e-01	   6.3204346223030783e-01	   5.8124267324966017e-01	   1.5386801585290300e-01	   3.2143250791418571e-01	   8.8281553187275180e-02	   2.3034411589944548e-01	   6.6661666629129188e-02	   2.5316538592387072e-01	   7.2141213072331534e-01	   5.0368566879846621e-01	   7.5112485035243948e-01	   5.0924995438456688e-01	   7.4763046464419591e-01	   7.5800610850315431e-01	   7.0216429213032117e-01	   7.4011992756741185e-01	   6.3954791703504588e-01	   6.2770852792231357e-01	   6.1728681622946369e-01	   6.3830736487306494e-01	   7.5928612367699910e-01	   8.0017767761177649e-01	   1.0089321794672907e+00	   1.1311247371231044e+00	   8.6477860756078406e-01	   8.6984987225215693e-01	   6.1517562961907690e-01	   9.4822366183849593e-01	   9.3204270141646706e-01	   1.1041254671787031e+00	   5.8116702835441481e-01	   8.0116971751750110e-01	   6.9745840694335326e-01	   8.1645544613028120e-01	   8.5758052033241072e-01	   9.7918096767348795e-01	   3.4853164584510882e-01	   4.6429414233230981e-01	   9.3715561013870019e-01	   1.0447862105292722e+00	   4.9096312868413711e-01	   8.3884896678547394e-01	   6.0781665298417842e-01	   7.5350707892918478e-01	   7.1299463674545882e-01	   5.6588573321381297e-01	   9.7927394371111454e-01	   9.0264717912510928e-01	   6.6141334097285587e-01	   7.4226203041673078e-01	   6.5989517621593363e-01	   6.6314470984101703e-01	   1.2209429512628253e-01	   2.7798632420155234e-01	   4.4835106914307399e-01	   6.3615910139372489e-01	   6.2800432815088147e-01	   4.6691879322580881e-01	   5.6896909714511634e-01	   3.7950255164755864e-01	   1.1373453132440658e-01	   3.3266877346598900e-01	   4.4305205262848274e-01	   5.4286826393741949e-01	   7.1872511278380358e-01	   5.1483560865625577e-01	   4.1547527649126387e-01	   4.7097614728056564e-01	   2.6363772357811571e-01	   4.2226538334509722e-01	   1.6944310768880377e-01	   1.1087916380528848e-01	   1.3631000462379469e-01	   7.1947101586931794e-02	  -6.1324479630133835e-02	  -2.2332670417918343e-01	   8.3138116237152726e-01	   7.2964759795187317e-01	   7.2369641176640820e-01	   2.2227092805457158e-01	  -6.0455097797418082e-02	  -1.1327074161435363e-01	
   4.9921038902649401e-02	   1.0798986645580240e-01	   3.6509933231784658e-01	   1.2056416409632520e-01	   2.5160419278972310e+00	   2.9253807009000536e-02	   3.3172751498914926e-01	   1.8746593142349877e-01	   0.0000000000000000e+00	  -8.7445481917600737e-02	   4.8348646697908247e-02	   2.0498917281702081e-01	   2.5157434587477223e-01	   2.0512891091424892e-01	   8.4963265881307859e-01	   2.3991840207593779e-01	   1.1721689353561686e-01	   3.0492152435253810e-02	   1.5651781354451756e-02	   4.3555025480618667e-02	   3.3545472141114446e-01	   3.6973018364692722e-01	   1.1982098063046277e-02	   8.4052392473663640e-02	   8.0360945078076296e-01	   2.5895227071949012e-01	   5.4038021906384759e-01	   3.6013215818415301e-01	   5.8717850675169458e-04	   6.4865676957808517e-03	   1.0796537016889670e-02	  -1.3330634501448324e-01	  -1.6143199776332057e-01	  -1.2139584177138156e-01	   1.3283996073080218e-01	   1.1450326679267113e-01	   1.6050241843225194e-01	   3.3897447933554381e-01	   3.0766087167891903e-01	   4.4119768530447945e-01	   4.5339371890980244e-02	   1.8565256120818613e-01	   3.1671878933747510e-01	   3.7071154853691224e-01	   1.6883168001657348e-01	   1.6704411541028674e-01	   4.4419169077715021e-01	   3.6828322318427392e-01	   3.2132990200132278e-01	   4.1451273514146936e-01	   5.3372735851508812e-01	   4.4547365426419805e-01	   6.7188216274322732e-01	   5.8350596048456316e-01	   4.6134138328152707e-01	   4.7330609786818600e-01	  -4.4196039722534393e-02	   1.1793221816644850e-01	   1.2882632882471337e-01	   3.8427048661338359e-01	  -1.0254112961788185e-01	   1.0403030691501197e-01	   7.7167107765702583e-02	   1.0101060308640417e-01	   7.3748646326320944e-02	   1.4101018424036507e-02	   1.1255853353574254e-01	   1.7769018370130488e-01	   6.1842305132161768e-02	   1.5190044733878269e-01	   1.0111579930693795e-01	   2.4616028972395293e-01	   5.9011518585683237e-02	   1.0675236305443919e-01	  -7.9925695235567432e-02	   9.7302026261426061e-02	  -1.2283025907597860e-01	  -1.9734844977312416e-02	   2.5019640741516375e-02	   1.4823249180866280e-02	   2.1776485257566772e-01	   3.1043339450977153e-01	   2.6464632363875878e-01	   2.9336481445007501e-01	   3.5893099713115972e-01	   4.7247483246274835e-01	   9.1004985772647956e-02	   1.7439714536488013e-01	   3.4143810803164953e-01	   4.1646265290900913e-01	   3.9917895999985104e-01	   3.3394087038287795e-01	   3.9902020321469794e-01	   3.9176558707234299e-01	   1.1195715968103277e-01	   2.7437025363674483e-01	   3.4677999309373669e-01	   3.7840328105698068e-01	   4.1776503943199439e-01	   4.2186544601908260e-01	   2.4215791912464846e-01	   2.7909867712394099e-01	   8.7350378201893314e-02	   1.2619240434715795e-01	   1.2029619457783733e-01	   1.6399203687287189e-01	   2.0562049305275501e-01	   3.6470174795658006e-01	   1.4348347166647746e-01	   1.7163302658842108e-01	   3.3018652573859730e-01	   3.8562237787589276e-01	   4.6625183029812223e-01	   3.8411634893948554e-01	   1.4086046014553238e-01	   7.9653672872215045e-02	
  -1.5588437526130322e-02	  -9.2124981637497026e-03	  -1.9216293695341879e-01	   2.9679721409986265e-01	  -4.4546410622506270e-02	   2.2064548806593747e+00	  -2.3414429914969326e-01	   2.4812827936542400e-01	  -8.7445481917600737e-02	   0.0000000000000000e+00	  -1.1930268525582804e-01	  -1.1247431737626459e-02	  -4.6794184910754627e-02	   2.4933804506171814e-01	   1.4679154838279079e-01	   7.4886716292846567e-01	  -6.4110881335575812e-02	  -4.9200687808436012e-02	  -9.2813468673169988e-03	  -6.1862543625671770e-02	   6.1713971892614836e-02	   1.5568929261791406e-01	  -4.4223603998083914e-02	   2.0799214494298179e-01	   3.1886837102771171e-01	   9.5017327687422526e-01	   2.8045277013798653e-01	   4.9366108125220781e-01	  -4.0807715123650272e-02	  -1.7002062090409673e-01	  -8.9605538654015660e-03	   9.8865541898005477e-02	  -6.5079601966715292e-02	  -1.0058628973404009e-01	  -3.9582988449733472e-02	  -2.4653452125134262e-01	  -4.0122927946862452e-02	  -8.5340054215427757e-02	  -1.5861938147281436e-02	  -1.2225775922091452e-01	  -1.3081052562064965e-01	  -3.3107569900875505e-01	  -2.7232530137770516e-01	  -3.9782795721784447e-01	  -1.8419667415199895e-01	  -3.2330469647541554e-01	  -2.2263606542825712e-01	  -1.4150075916505730e-01	  -1.6344961602145758e-01	  -1.4065447917189711e-01	  -1.5645971427416813e-01	  -1.7844842104065792e-01	  -1.7972885350595544e-01	  -1.5743051651639187e-01	  -9.2240424452723083e-02	  -1.6803400634349797e-01	   5.2397371639213465e-02	  -2.4273511142889698e-02	  -1.7362556671956678e-01	  -1.2935350880234853e-01	  -1.9707993373315735e-01	  -3.3715641346952228e-02	   7.8559405048073301e-03	  -7.4662339547831968e-02	  -5.0861612438759723e-02	   7.9192970954902395e-02	  -1.5145832111696972e-01	  -1.4746080965532832e-01	  -1.4524035500388810e-02	  -2.5446920173202839e-02	   1.0364740336766761e-02	   6.3485178546654350e-02	   1.5790931891026150e-03	  -1.1173341026516510e-01	  -5.8537992218642122e-02	  -1.0459921376075802e-01	  -1.2638061349606111e-01	  -4.5245005822851264e-02	  -1.6018938087385831e-02	  -5.4532936708038930e-02	   4.9007302053902912e-02	  -6.0875752023483595e-02	  -1.8629880045588618e-02	  -1.7032915909443899e-01	   2.4178622987150584e-02	  -4.7504943654824799e-02	   7.0334172952549831e-02	   5.7639115343261806e-02	   9.1007287368359474e-02	  -7.3201515488770422e-02	   2.6941945345451211e-02	  -3.3403181775789735e-02	  -5.0269859907987852e-02	  -2.9565705679832567e-03	  -2.0963523064422243e-01	  -1.1066094052613530e-01	  -1.5648513341641712e-01	  -2.1569478387267904e-01	  -1.8763936780741616e-01	  -1.5916809412235522e-01	  -1.0426934087049873e-01	  -5.1705146017676368e-02	  -1.1455452896839272e-01	  -7.9289091209872195e-02	  -2.1445083577124966e-04	   2.7391903460652199e-02	   1.4185353598327956e-02	  -1.0943889976038841e-01	  -3.7883932791678655e-02	  -4.4674168627572754e-03	  -1.3993172097846160e-01	  -1.9395390243063831e-01	  -1.5731237907019741e-01	  -1.0841036076542879e-01	  -1.5747872123558309e-02	   5.7609079310989630e-02	
   1.2359366591257441e+00	   7.7047830897378011e-01	   1.0912057035645850e+00	   8.1532524065111756e-01	   7.0408146262398399e-02	  -9.2976383399285822e-02	   1.2401041813464098e+00	   8.9850516034884598e-01	   4.8348646697908247e-02	  -1.1930268525582804e-01	   0.0000000000000000e+00	   9.9155122457385669e-01	   1.5541172215343804e+00	   9.1030070562219301e-01	   4.6664689530975229e-01	   2.4159061154553696e-01	   1.1691792181580170e+00	   9.6594986579552566e-01	   1.1752528918005853e+00	   9.9194192097823775e-01	   3.9849828864386587e-02	  -1.8150106670620218e-02	   1.1451316409748515e+00	   9.6285580042945917e-01	   3.3473921389367645e-01	   2.1869107945498012e-01	  -1.7055263540396663e-02	  -6.8861376779263683e-02	   1.1205022876518154e+00	   8.9469110730553281e-01	   9.1699816170231774e-01	   9.0766573785140381e-01	   1.0438142680119200e+00	   1.1981942569106727e+00	   9.0364101223557158e-01	   8.8388050726985523e-01	   2.9062832685210405e-01	   4.6885895630537999e-01	   1.4236542320260581e-01	   2.9417508828936878e-01	   1.9314101856450799e-01	   5.6870446794876606e-01	   6.9389989471868063e-01	   6.4461138955979547e-01	   5.2562670123218380e-01	   6.1139191611649102e-01	   6.5564710284682415e-01	   7.2689816141616015e-01	   3.4953323134563180e-01	   4.7450033350229043e-01	   3.8306195439546120e-01	   4.2250210693124512e-01	   4.2293157435127049e-01	   5.1797857539159142e-01	   5.9421892619586936e-01	   7.6659278850318047e-01	   9.8281569038212180e-01	   9.1375392188898019e-01	   9.5277206060140729e-01	   5.8689774181154064e-01	   1.1260883741095824e+00	   1.0128429291648811e+00	   1.0582826990974818e+00	   1.0269316745677570e+00	   9.7782322974683833e-01	   9.2194077523505213e-01	   9.1150478709092975e-01	   8.5944951537312020e-01	   7.5934919354231045e-01	   6.7753702057249154e-01	   4.8929751709465280e-01	   5.2042446840830903e-01	   9.0851822178540342e-01	   1.0829381765073849e+00	   6.9143844149678091e-01	   8.7375016491614210e-01	   8.5283050555075490e-01	   7.8139520646743277e-01	   7.5871035290263633e-01	   6.8584603626681739e-01	   8.4447337537367473e-01	   9.5139691275348492e-01	   7.1253070266664731e-01	   9.3599394301684169e-01	   6.8321474349804623e-01	   5.3970996734672871e-01	   1.5073508746336384e-01	   2.9775278109239944e-01	   3.5918566438986577e-01	   5.0625174753863400e-01	   5.9369978288136593e-01	   6.1012571540118943e-01	   5.2983804453795735e-01	   4.4490940715749550e-01	   2.0199618910978892e-01	   3.0224484228418053e-01	   4.6206773791959854e-01	   5.6678244231673791e-01	   7.2764785630493256e-01	   6.4829477288667103e-01	   3.8547188229085905e-01	   5.1237528698581802e-01	   2.9348352264695760e-01	   4.1814335742076292e-01	   6.9376482392350863e-02	   3.1990913068005479e-02	   1.2992553204590573e-01	   4.5367815025909981e-02	  -1.6181043685103355e-02	  -2.2910946119809755e-01	   7.4874851544837429e-01	   8.5310685346532122e-01	   7.3995420361220154e-01	   2.6414463794679771e-01	  -2.2822965460735936e-02	  -1.0205573713703907e-01	
   1.2802516434372657e+00	   1.0329108654747270e+00	   8.2708568835837504e-01	   1.0518633394595474e+00	   2.2115264582200675e-01	  -5.1215504716190597e-03	   7.6860027049607083e-01	   1.3111354715614814e+00	   2.0498917281702081e-01	  -1.1247431737626459e-02	   9.9155122457385669e-01	   0.0000000000000000e+00	   9.5482725420493952e-01	   1.5625108316034406e+00	   4.8105319406222075e-01	   4.2875595378514708e-01	   1.3759436586770095e+00	   1.0426414946352112e+00	   1.1854386694325849e+00	   1.2087859337775253e+00	   1.2731593789518195e-01	   9.4199398170207019e-02	   6.7797094915439415e-01	   9.0065833112120874e-01	   4.2443293681113092e-01	   2.4400576436715277e-01	  -1.3879354044650434e-02	  -6.3049006980129149e-02	   1.0894914867833445e+00	   9.6811916598809733e-01	   7.0024470268269157e-01	   7.6118378416736554e-01	   6.5812392166931311e-01	   8.3704948999648388e-01	   5.5475127191407370e-01	   4.7426427608493898e-01	   2.4637388223942791e-01	   4.3437640371995728e-01	   2.1249006111519578e-01	   3.6855948802689570e-01	   1.9653363289817483e-01	   4.8563070772442968e-01	   7.4737672206364336e-01	   5.7693290746726900e-01	   7.7357953213853214e-01	   5.0622285374259623e-01	   8.5312656341408810e-01	   8.5874510944530758e-01	   7.7036439885015628e-01	   7.9184353562138687e-01	   6.8274974475656991e-01	   6.9735103161537437e-01	   6.7581960825512666e-01	   6.7679494203191859e-01	   8.8062022322147326e-01	   1.0621423560396752e+00	   1.0489705469973447e+00	   1.1958932096467723e+00	   8.4779708102616469e-01	   8.1305529317045788e-01	   6.1577480687019304e-01	   9.0055140378820520e-01	   1.2698717723675523e+00	   1.6128283604588898e+00	   6.7330560918404248e-01	   9.0214990529015349e-01	   6.6428991839723905e-01	   7.5485583310040161e-01	   6.8276975113932414e-01	   8.1255254232921859e-01	   3.5591006576482609e-01	   4.4282526168725750e-01	   8.1326242364907642e-01	   1.0831771203860663e+00	   4.8776033705421484e-01	   8.9700378120101321e-01	   6.0844047194861073e-01	   6.9956231388952628e-01	   9.9432382644615080e-01	   7.1523197902336166e-01	   1.1067308705376258e+00	   1.1219910360827996e+00	   9.4218476098059489e-01	   9.9683977701489779e-01	   6.6882501667065608e-01	   7.2797952341799865e-01	   3.5794147434553780e-01	   4.0691067373365880e-01	   5.4442364100319152e-01	   7.2276425413564716e-01	   5.9008142807699671e-01	   3.9883718027114062e-01	   6.0854212486746162e-01	   3.2301989958244520e-01	   3.0675595207501197e-02	   1.7260666732747915e-01	   4.5369239509753773e-01	   6.1133528992444319e-01	   8.1640821995977275e-01	   5.6269461928299269e-01	   4.7906222617404010e-01	   4.9630636979442527e-01	   3.3921473568540905e-01	   3.6976937059921794e-01	   2.2978383076136361e-01	   1.1408565591791937e-01	   2.7610789719766138e-01	   1.6183302562821883e-01	  -3.5628730274329785e-03	  -2.3425662215372439e-01	   9.1061532355069952e-01	   8.4297472925842787e-01	   8.8353645956434046e-01	   2.2119892472275460e-01	   8.2157001524624015e-03	  -2.0424686754848095e-01	
   1.0839331490460127e+00	   7.3471489764724895e-01	   1.3356450013318155e+00	   9.2891272644082434e-01	   2.8140903948784141e-01	   7.2530858735390460e-03	   1.4328459175390611e+00	   9.8967517281521578e-01	   2.5157434587477223e-01	  -4.6794184910754627e-02	   1.5541172215343804e+00	   9.5482725420493952e-01	   0.0000000000000000e+00	   1.0440074746242733e+00	   6.9574781631313676e-01	   3.5415779743443615e-01	   9.8245499302599870e-01	   8.0176733629400621e-01	   1.1003954240498470e+00	   9.0231261819325836e-01	   1.7537716219793043e-01	   1.3410902024529073e-01	   1.1409158072600827e+00	   1.0313191725074877e+00	   5.7031217451476790e-01	   3.8404804254224378e-01	   1.4505922077972272e-01	   1.0737980792558849e-01	   8.9383042625614084e-01	   6.5381664752034330e-01	   9.1051258438803040e-01	   8.4120277706012780e-01	   9.8567723499257109e-01	   1.0525711318388691e+00	   1.0376097518611584e+00	   9.1679308074534371e-01	   4.1717278820004250e-01	   6.2142133859738835e-01	   3.0024413729540778e-01	   4.0041327914298053e-01	   2.3122062388211817e-01	   5.7967433618889763e-01	   7.9927454553268451e-01	   7.1472069913328140e-01	   5.0290141800930366e-01	   5.3416548713108369e-01	   8.1630466951531966e-01	   9.1773511024148891e-01	   3.3522233655047040e-01	   4.9065141362968989e-01	   4.3478497606339461e-01	   4.2831001255107076e-01	   5.8825362933327163e-01	   7.2493015872305533e-01	   8.0418661934083191e-01	   9.2668012307066039e-01	   8.7731251396301446e-01	   9.4484869212924849e-01	   1.0091720382532898e+00	   6.7373337973684033e-01	   1.0657637332837364e+00	   1.1437114983291705e+00	   9.6223182697145004e-01	   9.0707302564219849e-01	   1.0026467689468666e+00	   8.9468216292565028e-01	   9.9957628585632718e-01	   9.1308370793295979e-01	   9.0473865363472439e-01	   8.1498274225723710e-01	   6.1157544634269378e-01	   5.9303795975208029e-01	   8.9733035824877760e-01	   9.8758183324894599e-01	   5.9179918093035422e-01	   8.0627261824679419e-01	   8.4213819071189600e-01	   8.0190225438302654e-01	   6.9173929408736867e-01	   6.9052922700379793e-01	   8.9569250272946077e-01	   9.6450957702123841e-01	   7.9112759843980429e-01	   8.8004044791315084e-01	   8.5827363645446830e-01	   7.0201234126428502e-01	   1.9791339579296591e-01	   3.6331201396765811e-01	   5.2691938290813989e-01	   7.1991178353054164e-01	   8.6648067701587839e-01	   8.9342245509445228e-01	   6.9922328642139886e-01	   6.7732146625674683e-01	   1.7078239953354291e-01	   3.4783151089275832e-01	   6.2609072132210131e-01	   7.8183377018537370e-01	   9.3033356957187252e-01	   9.2025368786458184e-01	   4.5285297007519099e-01	   6.2168783998372468e-01	   3.4667470500317116e-01	   5.7033167722894729e-01	   2.0797295540254085e-01	   1.7409434162372373e-01	   2.8287860386305602e-01	   2.2421495937570440e-01	   9.9635498424771957e-02	  -1.4114756047686239e-01	   9.9348111985270882e-01	   1.1073530396665598e+00	   8.9013956007031914e-01	   4.1289353224529046e-01	   8.3568055145056733e-02	  -5.7447973807034501e-02	
