   0.0000000000000000e+00	   1.5036193106119649e+00	   2.1522755164355664e-01	   2.5663983697626569e-01	   1.5210336836453350e-01	   4.3805008124188249e-01	  -7.8830638006917295e-02	  -9.0942083435722326e-02	   6.2977548448182444e-02	   1.0918040109632073e-01	   8.6420397004562177e-01	   4.9868972924546406e-01	   3.9156544682329375e-01	   3.2362207897682377e-01	   3.8781954605679092e-01	   4.0268795448347061e-01	   1.1333209600210419e+00	   1.2177771406727871e+00	   8.7483902190318097e-01	   1.0022172138619112e+00	   2.2897586797717892e-01	   3.0867701628792621e-01	   6.6491121389427962e-02	   1.0643041239997247e-01	   4.7203539914707759e-01	   5.7586422923146618e-01	   5.9058991025266283e-01	   5.5304487245145384e-01	   6.6796975704911588e-01	   8.0423136733290934e-01	   8.3144077129028979e-02	   2.2471983792414118e-02	   7.3448208232854539e-01	   5.4562051871615669e-01	   2.4985734342957094e-01	   1.7952518820633759e-01	   2.7038482788852325e-01	   1.2360995499239757e-01	   5.3596045310240004e-01	   6.3217999410081238e-01	   4.7626084400516333e-01	   6.1726065396992724e-01	   7.8271169815093167e-01	   6.7022060097165925e-01	   6.8120438260904237e-01	   7.8278646180088274e-01	   6.9111996819247612e-01	   6.8150010830421770e-01	   5.9916280246254860e-01	   5.1028236554482753e-01	   6.6791858653072800e-01	   5.1313608972897318e-01	   5.8740948801455728e-01	   4.5536664134552646e-01	   6.2391973949134272e-01	   7.1730257436304323e-01	   1.8093034301629145e+00	   1.4430328197841200e+00	   4.9235484414170660e-01	   4.5699926617572395e-01	   2.7034077455034011e-01	   1.2168344602177351e-01	   6.3273657960451735e-01	   5.7417200980982608e-01	   1.3702546747577055e-01	   2.4298992096958766e-02	   6.2520551819774428e-01	   5.7184543176313352e-01	   1.2120992382118645e+00	   1.0959753849782961e+00	  -4.4113675220348847e-01	  -3.1568519663612943e-01	   3.4063466643277052e-01	   3.9587534531348578e-01	   3.0275193618271723e-01	   2.8176764725669029e-01	  -2.1212072062129986e-01	  -2.8591984118219754e-01	   1.1581587515347438e+00	   9.7443680162245816e-01	   1.2057306597484674e+00	   1.0973098664569418e+00	   8.0489679484617116e-01	   7.9454346538681841e-01	   9.1104997606535709e-01	   8.2378337169437288e-01	   5.3240509991036167e-01	   5.4851984275268451e-01	   5.8186559291191076e-01	   7.1088042107141181e-01	   1.5767518839051442e-01	   1.6979919827943901e-01	   2.8877241531224548e-02	   2.2401148366291720e-01	   1.9348064137272632e-03	   1.4998199244079094e-01	   3.6639954209381786e-01	   4.1680786686597748e-01	   4.0636585048741286e-01	   4.6231029729300305e-01	   8.4272557354914401e-02	   2.2076549034114148e-01	   2.0803554696663842e-01	   3.5994891944052715e-01	   1.3280519755331160e-01	   1.3088097807075397e-01	   1.7590214049477582e-02	   5.8328824691759852e-02	  -2.6380265874086195e-01	  -1.5290974155913156e-01	   5.2199824719478793e-01	   5.5463609395786873e-01	   1.9624106102997410e-01	   1.2574855803668347e-01	   1.6542026596111020e-02	   2.9978833753534294e-02	
   1.5036193106119649e+00	   0.0000000000000000e+00	   1.1880370820765512e-01	   2.0229357231551223e-01	   2.6484690034141518e-02	   2.7800413314766798e-01	  -1.4341894735225355e-01	  -1.5957491284164377e-01	  -1.4962462816426599e-02	  -1.3631393262242390e-02	   5.6142338398709835e-01	   3.7871957609295387e-01	   1.9074457940201206e-01	   1.7254249121027851e-01	   2.2898562619296900e-01	   2.2601159865062714e-01	   1.0907220409982228e+00	   1.2369755334237460e+00	   7.3653026423991652e-01	   1.0124306065226656e+00	   2.5286021100751910e-01	   3.1175556316231051e-01	  -1.1581859619478932e-02	   9.8326209293043681e-03	   4.4600305690106590e-01	   5.2679973596173679e-01	   5.2402750910299412e-01	   4.7852789661752931e-01	   5.8167805382731319e-01	   7.7963697274975630e-01	   4.7545982223587219e-02	  -4.8615221964641422e-02	   6.5234596371691134e-01	   4.8741395704905660e-01	   2.1156567024775930e-01	   1.5469167367586265e-01	   2.8072173739904188e-01	   1.5383940497252269e-01	   5.3152577899060849e-01	   6.8747965043225945e-01	   4.5238798892487109e-01	   7.2671284343275833e-01	   8.6010061424948803e-01	   9.0578987735212113e-01	   9.1919575052192781e-01	   1.0264721950406746e+00	   8.9927815982719572e-01	   8.4906658440384941e-01	   8.6338292009152795e-01	   6.0535824356076373e-01	   8.0640864367832465e-01	   6.1981519787288408e-01	   6.4991951289120453e-01	   5.1198084109835995e-01	   6.8235654549891245e-01	   7.9448263328991897e-01	   1.7040038059291023e+00	   1.8466769606921951e+00	   5.1476471292360182e-01	   5.5349351319847417e-01	   1.5643301290198927e-01	   1.5370499130214104e-02	   5.1022824619793050e-01	   5.4999171079470743e-01	   3.1407071607784116e-02	  -9.6077259629761033e-02	   6.8748490469386736e-01	   6.6157074636578050e-01	   1.0202706116191906e+00	   1.0957395149877105e+00	  -4.2445370482604916e-01	  -3.5084293049449783e-01	   3.1006511718211277e-01	   4.0500656948013458e-01	   2.4632379714309663e-01	   2.1149688150234244e-01	  -2.6279786561605756e-01	  -2.9754467981321447e-01	   1.0726213079556670e+00	   8.7930677416739866e-01	   1.0851529499998516e+00	   1.0914986644736002e+00	   7.6033435002188932e-01	   7.8881577049041085e-01	   7.3454412317600903e-01	   7.1383685129509655e-01	   5.1311551908091424e-01	   4.6783700729094091e-01	   4.6112092041783759e-01	   5.9719545045390143e-01	   1.2990905013990903e-01	   1.0110816446348735e-01	  -5.8433305398897878e-02	   1.3328847279192585e-01	  -7.2001545119460275e-02	   1.8711683393411005e-01	   4.4360355517316552e-01	   4.9193875628277206e-01	   4.2697532653684500e-01	   5.0185215466155719e-01	   1.4192031514575087e-01	   2.2981096720744898e-01	   2.5801425006739975e-01	   3.7654813992144393e-01	   1.0473709671152900e-01	   6.5220657348522643e-02	   1.3546883780167940e-01	   1.2122662870104886e-01	  -3.7020055672321578e-01	  -1.4468543186875582e-01	   5.8311896754080927e-01	   6.1025792200205586e-01	   1.5444189154790608e-01	   1.8722436554233407e-01	  -1.0755397865230677e-03	   9.3595445952043596e-02	
   2.1522755164355664e-01	   1.1880370820765512e-01	   0.0000000000000000e+00	   9.3374352841066788e-01	   6.5719445399125231e-01	   5.3635382029846379e-01	   8.0049716634706647e-01	   5.0245088980971997e-01	   3.0454409172253460e-01	   2.4404499671497076e-01	   3.1616218611321539e-01	   5.0237332620087471e-01	   3.7188937138687006e-01	   3.5912893433184900e-01	   6.1234218417057829e-01	   5.3537024724718385e-01	   2.2356914652344986e-02	   7.9099820941987309e-02	   4.8851498677850480e-01	   4.1830850518580587e-01	   5.8446012667906844e-01	   4.6408452150242718e-01	   1.3490617397201832e+00	   1.1625827380110549e+00	   5.3109532271072923e-01	   5.9484192672632807e-01	   1.4010222201133912e-01	   2.6454552444612567e-01	   3.3662336695956341e-01	   7.3432275538102498e-02	   9.2846247643080482e-01	   9.9982310797387930e-01	   4.9541861982839830e-01	   5.7134119533002381e-01	   7.2242251525954893e-01	   7.3487181544807434e-01	   1.2835144245229699e-01	   2.3433641584993514e-01	   2.5700171446412695e-01	   3.8767675620173453e-01	   2.6299424946198074e-01	   1.3821391995250415e-01	   1.8337028149794479e-01	  -6.3831653514159845e-03	   8.9482650487694146e-02	   8.8495071617094648e-02	   1.1601854051556701e-01	   1.0222757468179207e-01	   4.5185996948439271e-02	   2.2861040560579543e-01	   2.1989183416005467e-01	   1.4319012148061536e-01	   3.6822669378497275e-01	   3.5926240923674402e-01	   1.7357039472156649e-01	   2.7930802493603601e-01	   4.4976062004151940e-02	   1.7000640739946237e-02	   1.5130793992298180e-01	  -4.4763033829384909e-02	   3.5817911500966010e-01	   3.0079448289835897e-01	   3.9264043188644751e-02	   6.1029654858549873e-02	   8.6396598655968260e-01	   7.4871558484935552e-01	   3.2874184279325208e-01	   3.4361634660724810e-01	   3.3965693056373242e-01	   2.7107298792424533e-01	   1.0384069666424556e-01	   9.9717977038290828e-02	   5.5903564271001382e-01	   3.6150127534313986e-01	   5.1342603506108686e-01	   5.4962166541732838e-01	   3.2641203985641887e-01	   2.2913293750343672e-01	   6.8931356702918486e-02	   8.6964069626029136e-02	   1.6403843151593586e-01	   2.9061141915009919e-01	   4.1977644025030680e-01	   3.6902753301541436e-01	   5.2269419256029659e-01	   5.3483123558861045e-01	   2.5496646090806246e-01	   5.3615080257548242e-01	   3.4552693140259644e-01	   2.7703542284150051e-01	   6.8467018584940864e-01	   5.6691122942073058e-01	   4.7970348022509146e-01	   4.5601025095925796e-01	   9.6372083434052361e-03	   2.7856952971428550e-01	   1.8912074882678870e-01	   1.4214976576591448e-01	   3.1757302355860606e-01	   3.1176988351275114e-01	   3.2932252033596821e-01	   3.2609878063622477e-01	   4.0833089418281648e-01	   3.8689557348241077e-01	   4.2269907357001812e-01	   3.7923906411010183e-01	   2.5269470294522689e-01	   3.6256590695254748e-01	   4.0522048725228042e-02	   1.4310423997863347e-01	   4.5334284494365673e-01	   2.1139925175307703e-01	   3.5815188074522641e-01	   5.5501377117690298e-01	   5.1796341155995040e-01	   1.7811219490016028e-01	
   2.5663983697626569e-01	   2.0229357231551223e-01	   9.3374352841066788e-01	   0.0000000000000000e+00	   5.8903388233700471e-01	   7.5232486518111563e-01	   7.9881917441274330e-01	   1.0281394658156715e+00	   3.7922461424740606e-01	   4.6486577042749766e-01	   3.7411332436328898e-01	   7.8488020314617213e-01	   3.9571237652425006e-01	   6.6581938294535759e-01	   3.6677572339936898e-01	   6.7628662114969718e-01	   2.4776916664988485e-01	   2.3515905007405913e-01	   5.9595185642852688e-01	   5.3638491995588800e-01	   4.4595565578102858e-01	   5.2702298600018549e-01	   7.8558755899129407e-01	   1.0381060025314415e+00	   6.0413463912102527e-01	   7.1044857047276844e-01	   2.0475923225783588e-01	   3.8743416370015865e-01	   4.5199416282564292e-01	   3.6240896972853393e-01	   1.0841697425597931e+00	   1.0340316353284327e+00	   6.2062128820377094e-01	   8.3228986667997051e-01	   5.8401753186672367e-01	   7.5902816366644932e-01	   2.0843496191996105e-01	   1.9689266818723697e-01	   2.8689219684567052e-01	   4.3689729221828144e-01	   1.8116111403028023e-01	   2.2842899385327509e-01	   1.5586553253801236e-01	  -1.1986845753773160e-02	   1.5958443339952405e-01	   1.9088359182454276e-01	   1.8852334491568173e-01	   1.3400337449012578e-01	   1.7321068433563547e-01	   3.7210842521798043e-01	   3.7971690280244125e-01	   2.5380411748054205e-01	   4.2186913823689254e-01	   3.2369964188897371e-01	   2.3877034512154122e-01	   3.4530144763842258e-01	   1.4417332063836669e-01	   7.6172077620475787e-02	   1.8138392743721940e-01	   1.1395176322929607e-01	   4.5054883649031935e-01	   7.7295643949939086e-01	   1.7411804418737556e-01	   4.1025868281757949e-01	   4.7013394195609881e-01	   9.3662823064612333e-01	   3.6806568047312277e-01	   5.2617080553486162e-01	   2.9326196992259362e-01	   2.0071391176564629e-01	   1.4246024897947895e-01	   9.5629754822272831e-02	   5.8848880077861976e-01	   6.9453421300953366e-01	   6.4897738678304950e-01	   6.8116891311309702e-01	   2.9181737830658244e-01	   2.6616719216138973e-01	   2.8482726091476462e-01	   2.0975266358894307e-01	   3.4512915767380636e-01	   4.5269534437774583e-01	   4.6144170153702263e-01	   5.2308571357803690e-01	   4.1169807724549595e-01	   7.5449061772481396e-01	   1.2160451675701665e-01	   4.6364417203449665e-01	   2.2305484840952070e-01	   4.2526220108993812e-01	   6.4731099725481500e-01	   4.2045480679445163e-01	   4.2036565613138904e-01	   2.9542506636053117e-01	  -5.6220780611363250e-02	   2.7773669009682428e-01	   2.1625510890779753e-01	   2.9891115193898737e-01	   4.0595229316382248e-01	   2.9158541940255789e-01	   3.6068836734068854e-01	   3.1129953038100466e-01	   4.2403992066219204e-01	   3.6902358310990502e-01	   4.5384567526033220e-01	   4.2670203506467563e-01	   2.5857272523607105e-01	   3.0343975831281000e-01	  -1.7221917519780311e-01	   8.8323661138010101e-02	   4.9507580904073722e-01	   3.1015992253094310e-01	   4.1507288018234562e-01	   4.0508822691398022e-01	   4.2754421363029077e-01	   1.4592283861880470e-01	
   1.5210336836453350e-01	   2.6484690034141518e-02	   6.5719445399125231e-01	   5.8903388233700471e-01	   0.0000000000000000e+00	   1.0939644882078556e+00	   6.8266849179532496e-01	   5.4267570391965869e-01	   1.0037480123506772e+00	   9.3067961884916228e-01	   3.5305096826418914e-01	   3.9298603754929584e-01	   6.1864901892986246e-01	   5.6329710371333030e-01	   9.6432739748427787e-01	   9.6099048003878806e-01	   9.5926353949717727e-02	   1.0058685058839224e-01	   4.2040221510492509e-01	   2.8448491385600094e-01	   4.1031382391814020e-01	   4.7646005765575139e-01	   5.3431170921476434e-01	   5.4421480266907496e-01	   5.9885316306236247e-01	   6.5401290267093448e-01	   5.6647322536646560e-01	   7.4777213275198706e-01	   2.9342056004935030e-01	   1.7893065441719136e-01	   4.7883886582497759e-01	   4.7664975831921697e-01	   4.2881426930606392e-01	   4.9723968020506776e-01	   5.4310997772383973e-01	   4.6755264101954264e-01	  -1.6360758605877426e-01	  -6.9151089588452105e-02	   2.4698754372153159e-01	   3.7303551184255396e-01	   9.1201468660979633e-03	   6.3792554992521719e-02	   3.7860153068465560e-02	  -1.3610665243956149e-01	  -6.5724906738902106e-02	  -6.9260347786734858e-02	   5.4508054275933700e-02	   5.2209236831969888e-02	  -1.3849927002453577e-01	   6.5994990150759547e-02	   8.3887840942122191e-02	   1.6801156733284736e-02	   3.5356312051482913e-01	   1.6020218274807382e-01	   2.6556732783015607e-01	   2.1559873985334274e-01	   7.6379916234422168e-02	   4.9944855374266031e-02	   3.0056000183155618e-01	   7.6535031004884291e-02	   4.2310424882760789e-01	   3.9576954696548527e-01	   2.0601746165144530e-01	   1.6017209524294729e-01	   3.7265459966841075e-01	   5.7584154669039644e-01	   2.9524176469797586e-01	   2.6658676096334766e-01	   3.0436589468104891e-01	   1.8846166468061235e-01	   3.1399454570252283e-02	   1.2544665406522612e-01	   5.0920213891796751e-01	   3.7653702826077207e-01	   5.6650736315537153e-01	   5.3861312659645022e-01	   2.4827136200194305e-01	   7.3208804001650571e-02	   1.5782263071058159e-01	   1.7312170996570458e-01	   1.8611492716855371e-01	   2.2859112562625078e-01	   3.4230666610349730e-01	   2.9206429222120417e-01	   2.7616007294135753e-01	   4.7490874363073271e-01	   2.2470135421934423e-01	   4.3778131069390330e-01	   5.5109417501108049e-01	   4.8236246913328240e-01	   4.8735763368777718e-01	   4.1711116229819561e-01	   3.4888051913794310e-01	   4.4663063315832330e-01	   2.6507786353481638e-01	   3.6454552915912508e-01	   1.5517284297877698e-01	   8.3485362463759150e-02	   2.5589795591913778e-01	   2.2964039813251602e-01	   9.9516564757918854e-02	   2.7383090787457331e-01	   1.8127370947020616e-01	   1.8201822213837673e-01	   1.7217955551173747e-01	   1.5701776372205550e-01	   2.5856978254298113e-02	   1.8173439036216460e-01	   1.3848996862727653e-01	   1.8420406840772260e-01	   1.7013600800885176e-01	   1.4680355464122499e-01	   2.8722946148062467e-01	   1.5640654914118673e-01	   2.2504046807865374e-01	  -1.2069571513393158e-01	
   4.3805008124188249e-01	   2.7800413314766798e-01	   5.3635382029846379e-01	   7.5232486518111563e-01	   1.0939644882078556e+00	   0.0000000000000000e+00	   4.3111345024212516e-01	   4.9319705006532522e-01	   7.3571624489170595e-01	   9.3532218714840343e-01	   5.5019261259930219e-01	   5.8168252222926808e-01	   6.9134182876263539e-01	   7.0209834104933244e-01	   9.4417456864413829e-01	   1.2741240289032352e+00	   3.5717029907849962e-01	   3.6385804870212368e-01	   5.0098837318881584e-01	   4.1707397966546211e-01	   5.7579983156644077e-01	   7.1447267204157139e-01	   5.0001930094052893e-01	   6.1346588135145419e-01	   9.1864388382036588e-01	   1.0589715798081856e+00	   9.7146404286467991e-01	   1.3002599846200908e+00	   3.6360600156455369e-01	   4.0041040978534193e-01	   4.1353450995470548e-01	   3.8354059511123773e-01	   5.4851010494380326e-01	   5.9869239253108231e-01	   5.7502521130249051e-01	   5.3089674365163120e-01	  -5.3979668889782249e-03	  -2.3060490834154547e-02	   3.7189935634877908e-01	   4.9923776796054786e-01	   2.0085656205909777e-01	   2.9089054676526743e-01	   1.5735214975237816e-01	  -2.4231154911520576e-02	   6.1561967660820213e-02	   1.2924424103427268e-01	   1.5845742239899249e-01	   1.7247244180505816e-01	   4.6070730629118465e-03	   2.2248041353326026e-01	   2.5308420618240024e-01	   1.4140286278433903e-01	   3.8450459205297405e-01	   2.6591956368706632e-01	   3.3560848312906094e-01	   3.0455560781310398e-01	   3.4534738013886207e-01	   2.5256961268429379e-01	   2.7524231197279758e-01	   1.2248277800978863e-01	   4.2259170394174461e-01	   5.0752552045907429e-01	   2.9258143840030776e-01	   3.0700449673191055e-01	   3.9575965558152376e-01	   6.8988311943172309e-01	   3.5851225626562588e-01	   3.9270267033284401e-01	   4.5850991600995006e-01	   3.3643042779034305e-01	  -1.2888201027445862e-04	   8.4899815682523361e-02	   4.5688268614229077e-01	   4.9388300228246090e-01	   5.6510351817107496e-01	   5.3870422331177548e-01	   4.8010067103497853e-02	  -1.0970708332075610e-01	   4.3562435821351964e-01	   4.1044908331901420e-01	   4.2755969574633396e-01	   4.7669861319131301e-01	   5.7312309812114681e-01	   5.2236063538735389e-01	   5.2002611234872798e-01	   7.8826132880671618e-01	   3.8266078128507208e-01	   5.8783499561633157e-01	   6.2764832363981393e-01	   6.5026840079922632e-01	   4.0398401326364169e-01	   3.7612371204821399e-01	   3.5738633759999716e-01	   4.2379769170573162e-01	   1.0219134702715689e-01	   2.2435495045971010e-01	   1.1552031386833972e-01	   6.8264696604962607e-02	   2.7203234122189474e-01	   2.1744899268066187e-01	   7.1807515840492187e-04	   1.7329602689432799e-01	   6.3980504459780513e-02	   1.1414834211317337e-01	   1.4871492985001317e-01	   2.0852214581844863e-01	  -1.0556074431475229e-01	  -6.8491036690133946e-03	  -1.5139047728272156e-01	  -1.3389230433993862e-01	   2.1924201062419432e-01	   2.2248708931427091e-01	   2.2158183682986043e-01	   4.2325194643985112e-02	   2.3016018230842800e-01	  -1.3441424637997088e-01	
  -7.8830638006917295e-02	  -1.4341894735225355e-01	   8.0049716634706647e-01	   7.9881917441274330e-01	   6.8266849179532496e-01	   4.3111345024212516e-01	   0.0000000000000000e+00	   1.1602651257075540e+00	   7.8881862960935634e-01	   4.9646511190498455e-01	   2.0019786161749606e-01	   1.7358281056912359e-01	   5.0570781869765824e-01	   3.6619783853615184e-01	   3.2190935740871596e-01	   3.8060374527171081e-01	  -1.2844912709621234e-01	  -1.1746922685413261e-01	   2.3064961217402993e-01	   9.1247400891077163e-02	   3.0044599452387111e-01	   2.4016534583365845e-01	   4.4304340968707756e-01	   4.6154977323451063e-01	   2.1519440590516425e-01	   3.0491052798983959e-01	  -5.9996520538405908e-02	   1.5567519599698493e-01	   1.1577232833764284e-01	  -6.8672111143933415e-02	   5.6447971564729393e-01	   6.1481250593561110e-01	   4.3455490382778950e-01	   5.8094141405294475e-01	   5.4686503124709152e-01	   5.7834331492147251e-01	   2.0564522856988701e-01	   2.5011771770946867e-01	   3.3566099672748811e-01	   2.4984483796063911e-01	   4.0417906787855076e-02	   2.1797996686144325e-02	   7.7869948977493303e-02	  -9.8337577634393047e-02	  -6.5645092846410079e-04	  -3.8042301814305034e-02	   2.8096172951845286e-02	   5.6575766512812972e-03	  -1.0829390422404329e-01	   6.7151201549132761e-02	  -4.0502770586189910e-02	  -9.9086636199858871e-02	   1.7641284379929656e-01	  -3.7518321506173548e-02	   1.4643853433938323e-01	   9.8815548003461456e-02	  -1.7025641187338292e-01	  -2.0010282634654719e-01	   3.4429966924045580e-01	   3.8417096350241500e-02	   9.3872458349478938e-01	   8.1854594554319138e-01	   6.3817360756597717e-03	   2.0062665793127765e-02	   5.4043560546207758e-01	   8.6163638016759847e-01	   2.6385704173276631e-01	   2.6967014674806811e-01	   7.6135037797506619e-02	  -1.3040732937360839e-02	   3.2152512156546520e-01	   3.2708094909336888e-01	   3.3679043535752179e-01	   2.6968153335846290e-01	   4.7425204235384194e-01	   4.1383419941017247e-01	   3.6157058514724438e-01	   3.3071755791115315e-01	  -1.4079146398339859e-01	  -4.2836594847075957e-02	  -5.5752960924673488e-02	   3.5940222798307352e-02	   1.7637652434591378e-01	   1.8654084655757364e-01	   8.4404271354686200e-02	   2.7030939710767710e-01	   4.4382303220378484e-02	   3.3615714996372409e-01	   3.7944126623778363e-01	   3.5174027730167340e-01	   7.1189824141854929e-01	   7.1716665769143928e-01	   5.2378437415903512e-01	   5.9776269408350791e-01	   2.2605871699511584e-01	   1.4210270471493486e-01	   2.9187194925742499e-01	   1.6575247418108219e-01	   4.5566029321975760e-01	   3.7493375014075742e-01	   5.1815802265155919e-01	   6.6325745535497582e-01	   4.8301376725145906e-01	   5.2002514014011392e-01	   3.7805019623669062e-01	   3.9073300893600199e-01	   1.6777244923579512e-01	   4.7738142475732437e-01	   1.7373037681524869e-01	   3.0389468157564870e-01	   3.9334942837605963e-01	   3.3627237036043334e-01	   6.1867485570350311e-01	   2.5709372540594022e-01	   1.3019013477414121e-01	   1.7482355838765257e-02	
  -9.0942083435722326e-02	  -1.5957491284164377e-01	   5.0245088980971997e-01	   1.0281394658156715e+00	   5.4267570391965869e-01	   4.9319705006532522e-01	   1.1602651257075540e+00	   0.0000000000000000e+00	   7.3927375345554325e-01	   7.6348244667446719e-01	   1.7376624843045707e-01	   3.4110558233008131e-01	   4.0954643420455383e-01	   5.7101785831494967e-01	   2.2926911729958904e-01	   5.1462052851689144e-01	  -8.8953318350895705e-02	  -1.3004439943997170e-01	   2.3532669540309376e-01	   1.0639839179711651e-01	   1.8814448197678868e-01	   2.5644896511653553e-01	   3.3802099230875515e-01	   5.0295055821225065e-01	   1.6354063006668085e-01	   2.3927802102763726e-01	  -2.3723423140176881e-02	   1.7811167438415071e-01	   1.3989510124380589e-01	   7.4792997180786289e-02	   5.8161321370411934e-01	   6.4880361716064838e-01	   3.2948980995775839e-01	   5.5403816020863217e-01	   2.9126733060669052e-01	   4.3236815978728060e-01	   1.5435282029186198e-01	   1.5348989512012459e-01	   1.8149786139721388e-01	   1.5599387247845967e-01	  -4.0283017314366544e-02	  -3.1051102412486528e-02	  -1.1810977256042515e-01	  -2.6212944265070082e-01	  -1.6169877223239432e-01	  -1.4191688494421151e-01	  -1.1378495090719713e-01	  -1.6463821185063043e-01	  -1.5245000360516495e-01	   7.4650051030183587e-02	  -2.9103425624444890e-02	  -8.3715628442476944e-02	   9.6586136108896672e-02	  -2.1346212047408757e-02	  -1.9089697436000370e-02	  -1.0790336822268183e-02	  -1.5853999264115617e-01	  -2.3577498456028373e-01	   1.0801486761896681e-01	  -2.4497306585737630e-03	   6.1586030438049477e-01	   1.2398473727001433e+00	  -7.2263506338043459e-02	   1.3155695338899448e-01	   3.0349184970688747e-01	   8.2067512791700004e-01	   5.4746467704148274e-02	   1.7984539415205875e-01	   2.8069639503302331e-02	  -6.1052045382599028e-02	   4.1872669893085557e-01	   4.4149141827841515e-01	   3.3700870907112285e-01	   4.5371068748270504e-01	   4.3932225773773620e-01	   4.5724680482088320e-01	   3.4350033443929151e-01	   3.7026096033996247e-01	  -9.0400679199634140e-02	  -4.8055168743920129e-02	  -2.4883817536430410e-02	   3.1057169623735576e-02	   1.1158268655321671e-01	   1.5166320891916080e-01	   8.4484276840814068e-02	   3.1339374260533237e-01	  -7.9240359242281441e-02	   1.7483810449423443e-01	   1.4879690437163121e-01	   3.0987966464785954e-01	   5.3064697151468476e-01	   4.3711858371262707e-01	   4.3775352961117076e-01	   3.2849294576177845e-01	   9.8778510959232985e-02	   1.4656120069757517e-01	   1.3152718004987624e-01	   1.5775826376185920e-01	   2.7093518251868448e-01	   1.2927556062943668e-01	   3.3792837743883997e-01	   3.6266828179938382e-01	   2.7080138000838566e-01	   2.4493579343337618e-01	   3.7363109246163989e-01	   4.0385493221732649e-01	   9.8473694828030325e-02	   2.4240211966921971e-01	   3.9660499792563475e-02	   2.6147042783093055e-01	   2.1078392617953101e-01	   1.7130459287405969e-01	   4.8664751080888136e-01	   1.7021345762304455e-01	   1.8412747858922140e-01	   3.7197831504207725e-02	
   6.2977548448182444e-02	  -1.4962462816426599e-02	   3.0454409172253460e-01	   3.7922461424740606e-01	   1.0037480123506772e+00	   7.3571624489170595e-01	   7.8881862960935634e-01	   7.3927375345554325e-01	   0.0000000000000000e+00	   1.3510675709446238e+00	   2.0036128125297942e-01	   4.0112967978471845e-02	   5.7574257030929477e-01	   4.0533561238615140e-01	   7.2878691659119543e-01	   7.0411684920363682e-01	  -1.6635615434518043e-02	  -3.9218117034543857e-04	   1.9738967193244245e-01	   6.9226436089120838e-02	   1.6054397726995384e-01	   1.8034303973205759e-01	   9.8499829540222905e-02	   1.4861961405411003e-01	   2.2432996282505621e-01	   3.0172168588340925e-01	   3.8315659746040448e-01	   5.4483152870906171e-01	   3.5618882426772906e-02	   2.2769381964225153e-02	   7.0341611027591469e-02	   1.1239404855463919e-01	   2.3647335700293121e-01	   3.3719192746685800e-01	   2.5476397273171453e-01	   1.9839673078124420e-01	  -4.5540390345384582e-02	  -3.5903735287220531e-02	   2.6426890744443204e-01	   2.0951801260018188e-01	  -3.2774395080947358e-02	   2.7699939751130092e-02	  -1.1673153129448000e-02	  -6.1515172488139119e-02	  -1.1229875904075430e-01	  -9.5565637230063144e-02	  -2.9213649019241370e-02	  -3.4253534481015743e-02	  -2.1022304508590514e-01	  -2.1538195342008994e-02	  -1.2473048072378631e-01	  -1.8187637620887565e-01	   1.0519952407019725e-01	  -5.8128408652167118e-02	   1.0721854052759960e-01	  -9.0314658505522647e-03	   4.5950407409894867e-02	   3.1295362483412990e-02	   3.2204670119267331e-01	   9.0984830352460189e-02	   6.3733614240968950e-01	   6.4335488752119063e-01	  -2.1344994588780409e-02	  -2.3511358500830352e-02	   2.3337042523071966e-01	   4.3696669487688733e-01	   6.6696324148488237e-02	   4.3671447809825903e-02	   2.3758176522758889e-01	   1.6643914690407424e-01	   2.1845598108227346e-01	   3.6544943182118556e-01	   2.6953269696602028e-01	   2.3663867711084124e-01	   3.5770399682047110e-01	   2.9845662075939577e-01	   1.0456098662193182e-01	   3.2151891898933325e-02	   3.1255951308573893e-02	   1.5613792618122013e-01	   9.5509672101536155e-03	   2.9124733126475105e-02	   9.6430610524090257e-02	   7.8705008037896582e-02	   9.3185945905115336e-02	   2.1938337534684038e-01	   6.3095985220322795e-02	   1.6659628309284363e-01	   5.0843652599670874e-01	   4.4711382665859206e-01	   4.1032418427864198e-01	   5.7675783923642321e-01	   4.0104117943054562e-01	   5.9371327658898965e-01	   2.7884103059757415e-01	   2.3204461645651939e-01	   1.1995346689955061e-01	   1.7348581709692449e-02	   2.1617758466057097e-01	   1.9838904423152184e-01	   1.4746124517397724e-01	   3.9011207025260869e-01	   1.1646297396078900e-01	   1.2607328335352516e-01	   4.5568591447710881e-02	   1.0412813647937674e-01	  -1.1817871122453565e-01	   9.6209149340803643e-02	   1.5286113872977714e-01	   2.5252890438383774e-01	   7.6784719663287010e-02	   2.1926071209053796e-01	   4.2050112026936926e-01	  -6.1011186729496604e-02	  -4.3681857318756664e-02	  -1.4814287886136246e-01	
   1.0918040109632073e-01	  -1.3631393262242390e-02	   2.4404499671497076e-01	   4.6486577042749766e-01	   9.3067961884916228e-01	   9.3532218714840343e-01	   4.9646511190498455e-01	   7.6348244667446719e-01	   1.3510675709446238e+00	   0.0000000000000000e+00	   2.8165632140285518e-01	   2.4246692467443887e-01	   5.3092846032488827e-01	   5.9194016850153219e-01	   7.5294899114026370e-01	   1.0347398461200736e+00	   2.6490092451904045e-02	   4.5496267234215538e-03	   2.7618035890765508e-01	   1.1720693488930845e-01	   1.6232534576479440e-01	   2.5909251761722996e-01	   1.4743399542676844e-01	   2.6080715325087606e-01	   2.7145687301527177e-01	   3.1814791514202112e-01	   5.4645528064587012e-01	   6.7088340001320390e-01	   1.1231049329922695e-01	   1.6228767307757808e-01	   1.2848320905609989e-01	   1.8348934011172963e-01	   1.8301998344641146e-01	   2.7906555234031383e-01	   9.7090389387782389e-02	   9.6368626322826029e-02	  -1.2475909531607884e-01	  -1.4120168785754950e-01	   1.3827082616172637e-01	   1.5999687295681395e-01	  -6.6503987646363005e-02	   1.8878057584989082e-02	  -1.5546289876510813e-01	  -2.1281510394718725e-01	  -2.6241376648384229e-01	  -2.0448693596678594e-01	  -1.3883046804062096e-01	  -1.5856203749069209e-01	  -2.7007129769422300e-01	  -4.0270800010488980e-02	  -8.5636288408351718e-02	  -1.2054265989539903e-01	   7.2445154663476147e-02	  -2.1512722011975769e-02	   1.6296087851058155e-02	  -5.8164646063423787e-02	   7.4393133094730141e-02	   1.1040354085015141e-02	   1.2635123294622333e-01	   5.2580085173810381e-02	   3.7068109146330003e-01	   6.9200917064694023e-01	  -1.6620924507689646e-02	   4.0933507418247701e-02	   1.0928232856661990e-01	   4.0637588379393930e-01	  -5.3126103035194314e-02	  -1.0521839016691433e-02	   2.4036439091921732e-01	   1.5649192990819460e-01	   1.8578080033526784e-01	   3.6853968754882693e-01	   2.4419301572997992e-01	   3.0138238812271234e-01	   2.7385508088778532e-01	   2.3875604285391494e-01	   5.0698619475259103e-03	  -8.7262684495462581e-02	   8.6879015934703457e-02	   1.7361903423723843e-01	   8.1525772780941974e-02	   6.7567703633523379e-02	   1.5059789833936851e-01	   1.3368651463473102e-01	   2.1147245414673499e-01	   3.0853763598618228e-01	   5.1722694948975148e-02	   1.1897631493140887e-01	   3.4741470857099055e-01	   4.2493379762099293e-01	   3.1373700672335386e-01	   3.3597865696765972e-01	   3.6160967218922124e-01	   3.5414887715591326e-01	   1.5076318706576519e-01	   2.5050710116707664e-01	  -5.0747036369943661e-02	  -2.2558225616217287e-02	   6.5890852937841971e-02	   1.2518857024913371e-02	  -1.3292527646558935e-02	   1.3601480349129338e-01	  -4.7965911437065308e-02	  -5.0735492600605746e-02	   7.8538132334023361e-02	   1.1634208471971584e-01	  -1.4577314119633300e-01	  -7.2513396654422690e-02	   4.2380103929465812e-02	   1.1875683018168198e-01	  -7.8796655871237034e-02	   4.8122667767946083e-02	   2.6428486189646144e-01	  -6.6011078809085494e-02	   1.2034055032144955e-01	  -8.0097281579889532e-02	
   8.6420397004562177e-01	   5.6142338398709835e-01	   3.1616218611321539e-01	   3.7411332436328898e-01	   3.5305096826418914e-01	   5.5019261259930219e-01	   2.0019786161749606e-01	   1.7376624843045707e-01	   2.0036128125297942e-01	   2.8165632140285518e-01	   0.0000000000000000e+00	   8.5382238873820571e-01	   9.9543245593444041e-01	   7.9155285017014665e-01	   5.0702454023274213e-01	   7.0139044084774593e-01	   8.5255365748956780e-01	   7.5388575089244214e-01	   7.8337134433086608e-01	   7.3844035845794043e-01	   2.4585804303656644e-01	   3.4683752296398251e-01	   1.8582958389332810e-01	   2.7387299471763910e-01	   3.8724315549507698e-01	   4.8099928181208046e-01	   4.2703400438408395e-01	   4.8067002817880305e-01	   9.3293144070283907e-01	   8.1527004858077889e-01	   2.8084854871606740e-01	   1.9574391292200408e-01	   8.6259053227320215e-01	   6.6608865908927561e-01	   2.8289093231353851e-01	   2.0080656560970125e-01	   2.4135679377819363e-01	   2.4061922089050009e-01	   5.4003392612982015e-01	   5.9352763895465444e-01	   4.6384563723640071e-01	   5.3967962606045305e-01	   5.6406170588535653e-01	   3.4660165555659722e-01	   4.2097671758376387e-01	   4.7518929500337909e-01	   4.4739509734431138e-01	   4.2632159312634565e-01	   3.0249450585883192e-01	   3.5761555470440437e-01	   3.8296276804372104e-01	   3.3208232199141430e-01	   4.1141198759069347e-01	   2.1839635578775318e-01	   5.3011132132304439e-01	   5.4680496970719106e-01	   7.3167487447284785e-01	   5.3613274311353609e-01	   3.1615869224059545e-01	   2.3992468000198536e-01	   4.7037220717602596e-01	   4.0789854211517940e-01	   9.5972399272535880e-01	   7.2686766417367155e-01	   1.8458613907033689e-01	   2.4459613619436599e-01	   4.8117187616401486e-01	   4.1896183113554841e-01	   7.3777988349888080e-01	   6.0394569707551227e-01	  -3.0078908963076278e-01	  -2.5383479180832630e-01	   3.8599006377452150e-01	   3.7275332482350154e-01	   4.4676801456032722e-01	   3.6822872990449573e-01	  -3.6450133027731264e-02	  -1.9293915434547090e-01	   7.5127726946624063e-01	   6.7945336162164016e-01	   9.5867157334373432e-01	   8.6752004933121440e-01	   9.1117305491116440e-01	   8.8698269962987442e-01	   7.9156882963702957e-01	   8.3743560452787147e-01	   5.4080933363382888e-01	   7.3648894110841601e-01	   5.7684176331521309e-01	   7.6091505724482034e-01	   1.8081388863016623e-01	   1.1140316568554492e-01	   6.0969869108689102e-02	   9.3149502128880221e-02	   1.3188896173010117e-01	   2.0967760950036093e-02	   2.5833622620437924e-01	   3.1439911783614016e-01	   3.6297215505869501e-01	   2.9560626296810055e-01	  -2.0023491909658454e-02	   1.1419674645952570e-01	   8.0590125028676435e-02	   2.6661452181996331e-01	   1.7814007714418342e-01	   2.5111469109938717e-01	  -1.1053050433155259e-01	  -2.8841070711964331e-02	  -1.6313686151654194e-01	  -1.3283077347546007e-01	   3.5336187612043979e-01	   4.4242782538720998e-01	   1.6252626096630807e-01	   1.0435087419772809e-02	   8.6653543219140733e-02	  -6.6159627374878835e-02	
   4.9868972924546406e-01	   3.7871957609295387e-01	   5.0237332620087471e-01	   7.8488020314617213e-01	   3.9298603754929584e-01	   5.8168252222926808e-01	   1.7358281056912359e-01	   3.4110558233008131e-01	   4.0112967978471845e-02	   2.4246692467443887e-01	   8.5382238873820571e-01	   0.0000000000000000e+00	   4.6046864174195079e-01	   1.0819675513970999e+00	   3.9156212850156280e-01	   7.6384686185836204e-01	   6.3755954455924269e-01	   5.2484163212177681e-01	   7.4123718443013109e-01	   8.3230982948365162e-01	   3.1567970134737811e-01	   4.8173651673853779e-01	   5.5259363112517379e-01	   7.7325531981428164e-01	   4.6916904642460694e-01	   5.0153759338587034e-01	   3.1134394735398785e-01	   3.9015930642454977e-01	   9.9568176683538145e-01	   8.8069753407477813e-01	   6.9941321187642325e-01	   5.9789307192604302e-01	   7.2654113666233466e-01	   7.3685020584042282e-01	   3.1691479674310769e-01	   3.9004652806170487e-01	   1.7742731099191422e-01	   2.0392213992276581e-01	   2.6792827333196545e-01	   5.3091482740737439e-01	   3.7968198416389398e-01	   4.4776373865595365e-01	   2.8935286505856883e-01	   8.9713942646591410e-02	   2.2428148536121795e-01	   2.8069497835793411e-01	   2.9934922136029768e-01	   2.5848040375163306e-01	   3.0042099173098286e-01	   4.1044208424161283e-01	   5.8506657058108014e-01	   4.8972977054085975e-01	   5.6491330771520021e-01	   4.4641608113396691e-01	   3.7343502079980967e-01	   5.6401619303429962e-01	   4.3270625455247458e-01	   3.1038014944196890e-01	   8.9580371221982438e-02	   1.7734764786938195e-01	   1.6009820509762487e-01	   4.5555150611299522e-01	   6.8461723017142195e-01	   9.3691073050329876e-01	   1.6602443185522606e-01	   3.5860670918517124e-01	   3.9323287557783804e-01	   4.9885797862466263e-01	   5.0639278053760695e-01	   4.1829122341675418e-01	  -2.5301590213698560e-01	  -3.3308982864224357e-01	   5.9802202136171045e-01	   6.6695168295592333e-01	   4.7881492005999343e-01	   5.3183534620220296e-01	   2.1332695815140704e-01	   8.1643838666558152e-02	   6.2148506724569974e-01	   3.4277159914337890e-01	   7.6688096600807298e-01	   7.7990198103215325e-01	   7.6613385481190144e-01	   8.2995657703796499e-01	   6.4073738794465163e-01	   1.0032064644230700e+00	   2.9158292406485964e-01	   5.2264398116280075e-01	   1.9255538381433662e-01	   5.2380689629857757e-01	   2.0637554080954781e-01	  -2.4249912011199293e-02	   3.5972276581022353e-02	  -1.0987933462215636e-01	  -1.2522075778046657e-01	   1.8674531882119680e-01	   7.0593294950362401e-02	   2.5157665334656054e-01	   2.2736404038889640e-01	   1.3799672175419142e-01	  -6.4333760028110346e-03	  -6.7834709094079459e-02	   8.1904985689748896e-02	   1.3478288171452737e-01	   3.4995236376086464e-01	   3.5396249336167479e-01	   1.1237410575379339e-01	   1.5400465460042125e-02	  -2.6131945681566759e-01	  -7.0960933278349764e-02	   2.7334482282301542e-01	   1.4319569073931901e-01	   3.2500876889635620e-02	   3.1475282283820627e-01	   4.6002277182753543e-01	   8.7132774196455140e-02	
   3.9156544682329375e-01	   1.9074457940201206e-01	   3.7188937138687006e-01	   3.9571237652425006e-01	   6.1864901892986246e-01	   6.9134182876263539e-01	   5.0570781869765824e-01	   4.0954643420455383e-01	   5.7574257030929477e-01	   5.3092846032488827e-01	   9.9543245593444041e-01	   4.6046864174195079e-01	   0.0000000000000000e+00	   8.3180887520703539e-01	   7.1616822986984308e-01	   7.9681192920923294e-01	   4.0513105852913722e-01	   4.0140844513603396e-01	   3.9649099867930149e-01	   2.9160259361650565e-01	   3.3883026467452515e-01	   3.3294906674553376e-01	   2.4814871248791098e-01	   2.9347791353349373e-01	   4.3119059000403870e-01	   5.2301636153853903e-01	   3.7177882926310607e-01	   4.8835649943059900e-01	   5.6631289647599758e-01	   4.0208356475099805e-01	   2.9414903426199845e-01	   2.3095312775785387e-01	   6.9303454520742647e-01	   6.0113119801784887e-01	   4.9020791393024976e-01	   3.5568064407430433e-01	   1.6506895316674103e-01	   2.5626796624589809e-01	   5.6249062685246443e-01	   5.0022574801726316e-01	   3.3205045444690134e-01	   3.5302146909705512e-01	   3.1793984274816844e-01	   1.1753433069561925e-01	   2.0404734621824594e-01	   2.3189035191580992e-01	   1.8576895376502314e-01	   1.8137820740774005e-01	   5.7735200923565766e-02	   2.9764175212239252e-01	   1.5504145640533856e-01	   1.6094562825783529e-01	   2.7833588246744012e-01	   7.2645718253673067e-02	   4.0206861439257580e-01	   2.7954170031550474e-01	   3.3116847044148412e-01	   2.0977630069022760e-01	   3.8165717388038406e-01	   1.7169790676832955e-01	   7.8233037781172143e-01	   5.8574718497227229e-01	   5.2721590938514162e-01	   3.9119225693233767e-01	   4.0478673309853830e-01	   5.2321817744415600e-01	   3.8134196870183812e-01	   3.0302232776490551e-01	   4.0233042187149021e-01	   2.9925775775525970e-01	   1.3132575235415994e-02	   8.8952477046934542e-02	   4.1504073436783578e-01	   3.7662080552192040e-01	   6.2389526004583429e-01	   5.5109033090857196e-01	   1.2624329936492323e-01	   1.9738436365504184e-02	   3.8293969181266413e-01	   4.9115119127744622e-01	   4.3326780030307632e-01	   4.1684532033656035e-01	   5.2325499439791834e-01	   4.8004869260207050e-01	   4.6138579479158792e-01	   5.2983081534598653e-01	   3.2846083254572006e-01	   5.1068250899589618e-01	   7.1383885585460594e-01	   6.8288835792676295e-01	   3.1981556835656444e-01	   3.0546874656024792e-01	   2.2107100149702077e-01	   2.6246924597834453e-01	   3.2141794044690469e-01	   3.3590764669392918e-02	   2.1648067829790082e-01	   1.7870700618760110e-01	   3.6878467850401420e-01	   2.1399887350228089e-01	   2.2000656664142533e-02	   1.9425550925654747e-01	   8.8665260055101391e-02	   1.8133646708338988e-01	   1.1738537582542811e-01	   2.0043898033846574e-01	  -2.1776772083418700e-01	  -2.3538387464749864e-02	   3.1490323794904213e-02	   3.2630320443155017e-02	   2.3110712617977625e-01	   3.8905413083323920e-01	   3.3734692650814968e-01	  -7.4174918086155228e-02	   6.3009105556314504e-02	  -1.9436960690059565e-01	
