   0.0000000000000000e+00	   3.1914228416151641e-01	   3.5252983302985014e-01	   6.6077370481869635e-01	  -9.0923853542341213e-02	   3.0971115565539720e-01	   3.9263878061419066e-01	   4.4581757037308245e-01	  -5.4786560904849020e-02	   1.6227271269743512e-01	   2.4234291601893493e-01	  -4.2884515421922125e-03	   2.4667015474435094e-01	  -8.6434322509749362e-02	   1.2721687984514493e-01	   6.3989319592728119e-02	   2.1191787279817692e-01	  -2.4019350877383633e-01	   5.1337242039846065e-01	   6.5165188968269550e-01	   3.4960993654125577e-01	  -7.9940961005678005e-02	   2.0121479174375084e-01	   3.2884472121111985e-01	  -1.7793702038317652e-01	   9.6900340159247672e-02	  -4.7050326011452620e-02	  -1.4764153549598718e-02	   9.5754588923721032e-02	  -8.4113749103534960e-02	   1.2826320855153775e-01	   2.6534432436886807e-01	   3.9600397202128268e-01	   4.3870015134257545e-01	   1.4384617313236345e-01	   2.8879474558109819e-01	   2.7733927653565110e-01	  -1.9866329829244357e-03	   2.7353269413656933e-01	  -2.5756956090923360e-02	   2.5057230433068656e-01	   1.1917844572761827e-01	   1.9944537014846431e-01	   1.4133425249848544e-01	   2.7442030632248539e-03	   6.8757461093169265e-03	   2.5320116535759540e-01	   1.7148426852590637e-01	   2.2870841249754759e-01	   5.6136913217220710e-02	   3.0894513164771359e-01	   2.4854298351337223e-01	   1.9616920349563094e-01	   1.0550156474976882e-01	   3.5601443783866887e-01	   5.3316055286088140e-02	   3.0851587110493606e-01	   2.3716590569673182e-01	   6.1336405018539608e-01	   1.7857072114601114e-01	   7.1932450399953352e-01	  -1.2164266907396019e-01	   4.7989770886641869e-01	   3.7638314384723197e-02	  -4.7699449889105183e-02	   2.9379674046031867e-01	   3.1135042223238296e-01	   1.7798665690546395e-01	   2.6728544180884289e-01	   2.2804294094830482e-01	   4.3756017059379163e-02	  -4.2564211063188512e-01	   1.4856157566328188e-01	   1.7175599240336595e-01	   2.5363854298649652e-01	   1.6399548938562480e-01	   1.5239059937217966e-01	   8.2633057698455969e-02	  -7.5038820529824413e-02	  -1.0924192715733891e-01	   1.9253805762647228e-01	  -2.4278269189074553e-02	   2.2789524769193889e-01	   1.3004214857412806e-02	   9.7386899394540150e-02	   3.6923530883198918e-01	   2.0048711246144396e-01	  -2.3831480129547389e-02	   6.4370542464296476e-01	   5.0134693597570723e-01	   5.1766084960325265e-01	   3.6884894503740212e-01	   4.8309887782812388e-01	   2.5914606587893640e-01	  -1.1275179005746223e-01	  -2.1264745560739715e-01	   3.6364784606026135e-01	   1.9747520737030491e-01	   3.8834777686496380e-01	   6.0822438468285522e-01	   5.2655674102276662e-01	   5.9549896471174402e-01	   3.1343364098001425e-01	   4.6373690550900398e-01	   2.1694819765255993e-01	   3.3957712638155446e-01	   1.4441772111824652e-01	   1.9270660232498596e-01	  -2.3151481501383880e-01	  -2.0443261655448514e-01	   1.9877056702840706e-01	   2.7994215227335628e-01	   1.4181446228469388e-01	   4.1703695018566567e-01	   3.9347368182436074e-02	   8.5823471119664776e-02	
   3.1914228416151641e-01	   0.0000000000000000e+00	   3.6081439487727807e-01	   4.3112016057385472e-01	   2.5894582362266749e-01	   5.7382168936752709e-01	   2.6309786512062572e-01	   8.2060008391679073e-01	   3.7229203316211856e-01	   5.6531240813247252e-01	   1.2369887612509743e-01	   7.4176219726264681e-01	   4.6191121025401638e-01	   9.9133065478248961e-01	   2.5487050551398804e-01	   6.7107028184200657e-01	   2.0327704374359962e-01	   4.3901497202437811e-01	   6.3417939306617288e-01	   4.6111134131451709e-01	   3.4152030193016997e-01	   4.8343442321034624e-01	   3.5156622274476301e-01	   3.4566654920515832e-01	  -4.9954408016839855e-02	   1.9653969943737198e-01	   2.9570064916693012e-01	   4.2921804890728360e-01	   3.5975153774006663e-01	   5.5903058698766794e-01	   4.8315568063023473e-01	   3.5855539884361792e-01	   6.4935926018277490e-01	   1.9898373559255950e-01	   3.7781201062657477e-01	   3.1963546103581603e-01	   2.0608187084340501e-01	  -2.1845386080029450e-02	   3.2045362260729537e-01	   2.6877305767230825e-01	   3.3507186511509812e-01	   2.3464665763657822e-01	   4.8497871370217388e-01	   4.1009863163893900e-01	   4.9664496568952687e-01	   3.9638538179517613e-01	   4.6600422710150907e-01	   5.2482096474513151e-01	   4.6297030044596243e-01	   2.6529963898456171e-01	   2.7644219072527587e-01	   9.3025137082058354e-02	   1.8993505522849480e-01	   1.2360513094409808e-01	   2.9901565838218747e-01	   3.5452060607778246e-01	   9.0990174291473089e-02	   1.0894273345727579e+00	   9.5723723995795082e-02	   1.2156932603533291e-01	   1.7467343452167350e-01	  -3.0712625571692015e-01	   3.1131885754243777e-01	   1.1966057638155920e+00	  -2.5611070606179155e-02	  -1.8983577843366761e-01	   2.9888106687913729e-01	   2.9869738245582023e-01	   1.2774807581951578e-01	   3.3370842410935092e-01	   3.0838619391949951e-01	   2.6740411531468639e-01	   3.9239361336581247e-01	   3.3275619752725882e-01	   1.9503015486971598e-01	  -2.2462568893976614e-01	   3.0879774679910482e-01	   2.4820374951672797e-01	  -1.7858191297208215e-02	   4.5615885879983836e-01	   2.8716880033554026e-01	   4.1270467703271230e-01	   3.8913530354781362e-01	   3.4513673333478828e-01	   2.0645568575222686e-01	   2.1542911813318638e-01	   4.1622520664264834e-01	   7.4210816755358414e-02	   4.2619886558239434e-01	   5.7743878624543810e-01	   6.6014194827556194e-01	   3.7748509236131111e-01	   4.2853181324832690e-01	   2.9236240708160877e-01	   4.1896123329124560e-03	  -2.1188365607701012e-01	   6.5680273761807784e-01	   5.0394691645475076e-01	   8.1670250053111892e-01	   5.7483487579727710e-01	   4.5940033521134455e-01	   2.1072511478064679e-01	   3.4302257118095464e-01	   2.8036297028327944e-01	   1.5278661053512324e-01	   1.4870962993189013e-01	   1.3140758955871381e-02	  -2.2203290495452088e-01	  -3.0158192055604655e-01	   2.3593234741184299e-02	   7.3561155014459201e-01	   6.3339015489699146e-01	   4.9137945975478792e-01	   4.3766918538814403e-01	   9.5910116722071143e-02	  -7.6507481825735524e-02	
   3.5252983302985014e-01	   3.6081439487727807e-01	   0.0000000000000000e+00	   7.2748093555582360e-01	  -1.5754924362959929e-01	   1.8764148524262772e-01	   1.1290164531927764e+00	   6.1635281558802357e-01	   1.9655534448457676e-01	   2.3341565485007751e-01	   1.9683784464182635e-01	   9.8998332774660261e-02	   3.5770265084072289e-01	   2.2583305246939087e-01	   4.8637818595779236e-01	   2.3638995474039365e-01	  -6.0991171555812643e-02	   7.2274276906719960e-03	   6.3123422221084502e-01	   6.3998063325292720e-01	   1.8419109620837421e-01	  -3.7754131771597116e-02	   1.0914722304243045e+00	   8.0928311015960430e-01	   8.5979309732022759e-03	   2.1855036991183985e-01	  -2.3381772347863407e-02	  -1.3765975792948113e-02	   7.4798340461516941e-02	   1.8381214204756544e-01	   4.4611457182361147e-01	   6.8058127152403092e-01	   6.8737617240155668e-01	   6.1922967392202377e-01	   8.0145561158448075e-01	   5.3695521723501205e-01	   8.3729582088424612e-02	   1.1466403954042526e-01	   2.4344313419036043e-01	   7.2076192468899652e-02	   3.4391457109885443e-01	   1.7267359213409700e-01	   2.6179083764747874e-01	   3.4796782684182603e-01	   3.1445552033689467e-01	   2.4479504037404942e-01	   1.2841027205104039e-01	   1.9736441356721335e-01	   1.4534525736184833e-01	   2.8589981597541020e-01	   5.2132890214153194e-01	   5.3455992325128032e-01	   1.7786373327045960e-01	   3.0828013468293103e-01	   2.2110384237592182e-01	  -1.1046786175946264e-02	  -4.1688962211998616e-02	   2.5940868371530867e-01	   9.6066374643389199e-02	  -1.2387407398296130e-01	   6.9587594128481770e-02	  -2.3125264304052479e-01	  -4.4262363675866140e-02	   2.3807555522231350e-01	   5.0185652757992494e-01	   4.0795991482933153e-01	   8.4758324667210927e-01	   5.6720488090042509e-01	   2.7050967642713619e-01	   3.0555500232452820e-01	   8.8930009036801566e-03	  -8.9744751359930722e-02	   1.8493923287429184e-01	   3.2714080167232340e-01	   1.3574181587077322e-01	  -3.1906979318254793e-02	  -2.7986195659579747e-02	   1.0920545046509342e-01	  -1.2323123225457894e-01	   1.5417171029747714e-01	   3.0434564141414593e-02	   2.1468670104963516e-01	   5.2243794921770326e-01	   1.6985005975255060e-01	   4.3307624922358612e-01	   2.8981927279844200e-01	   4.5815636551899258e-01	   1.1916368096998377e-01	   5.1342496261239701e-01	   3.1646102084206484e-01	   3.9398540608424942e-01	   5.7507702035145702e-01	   4.7853027249039115e-01	   6.0701266697824741e-01	   4.6001222130152598e-02	  -6.0036940314519290e-02	   3.1617021378483773e-01	   2.7765661889391779e-01	   2.1307429060780428e-01	   2.6075029614308576e-01	   3.3867791623749327e-01	   3.5087309266410632e-01	   1.1950734805218446e-01	   2.1707906652583744e-01	   1.6111394867069753e-01	   2.9697974000758187e-01	  -1.4585921971573240e-01	  -1.8112016075377529e-01	  -4.5069589921500890e-02	  -7.7143231962528633e-02	   4.6319448307732075e-01	   3.3889522520608090e-01	   1.8682661110215945e-01	   1.8536330714614810e-01	   3.1458853439190099e-01	  -1.7016459103590257e-03	
   6.6077370481869635e-01	   4.3112016057385472e-01	   7.2748093555582360e-01	   0.0000000000000000e+00	  -1.4423796144767043e-01	   4.5532348905547881e-01	   7.5154462037955172e-01	   6.8004163252089678e-01	   1.0488116787407802e-01	   3.9454814228996393e-01	   1.7215654204654168e-01	   7.7617621913940397e-03	   2.4912705672067481e-01	   2.1190342206086127e-01	   2.0229170155858084e-01	   3.5686453417869496e-01	   1.4682708177910167e-01	  -1.2627088698700611e-01	   7.4386123517069558e-01	   9.8456357862016930e-01	   2.0696695692544820e-01	   1.1413923369947031e-01	   7.3992147198433000e-01	   9.7899773253284550e-01	  -7.5623348904539256e-02	   3.1468046645288317e-01	  -1.2982293718766377e-01	  -2.2673928884550533e-02	   1.7774408684309978e-01	   2.8047568871131917e-01	   5.5000490942198832e-01	   6.0314218119923302e-01	   5.5079857686138012e-01	   5.5898741280998310e-01	   5.2730920398164383e-01	   3.9592653883382728e-01	   8.5212214938676048e-02	  -5.6366419523503734e-02	   2.2835691823960308e-01	   8.9480849987113614e-02	   2.0306040811028092e-01	   2.0426981773527214e-01	   3.3349241468053492e-01	   4.5502082212301781e-01	   3.3569206680605113e-01	   3.4989604355960546e-01	   3.4369294065100908e-01	   4.0598929428942160e-01	   3.0634749547686141e-01	   2.9082942650004207e-01	   3.6856558199683970e-01	   4.4656339107178733e-01	   2.6007386623631557e-01	   3.5944551351594883e-01	   2.1629323071542839e-01	   1.8202640537834394e-01	   6.2798541271239072e-02	   1.8566315606924436e-01	   1.8912176872986836e-01	   1.0192238945648430e-01	   2.0529128422888632e-01	  -4.7399549635459226e-02	   2.0155315562593962e-01	   1.2726415089584514e-01	   2.1180568650185991e-01	   3.0476265568758731e-01	   6.0495801072891686e-01	   5.4008035965364631e-01	   2.8489003364972187e-01	   2.2471614443792828e-01	  -4.9183478357668446e-02	  -1.3547971580520157e-01	   8.5174070499419247e-02	   4.2885802642864673e-01	   2.5759948544262690e-01	   6.2682337989377994e-03	   9.4363950407296102e-02	   2.2213182069109808e-01	  -8.6986658552897162e-04	   4.2205474717915921e-02	   1.4857583163684571e-01	   8.5062291367125731e-02	   4.4607833840634703e-01	   1.0386937671364427e-01	   2.8801427195632934e-01	   3.2262706792201573e-01	   2.3191632300633519e-01	   1.7689166740170591e-02	   4.0348975881135335e-01	   5.1488348120219229e-01	   5.8111618396051734e-01	   6.3254666823367323e-01	   5.7008303702692087e-01	   4.7690679425836535e-01	   5.2742323384102592e-03	   2.0656650361097397e-02	   3.7287137498266365e-01	   3.9542467860064756e-01	   4.9748560016215015e-01	   4.5589608252834640e-01	   5.0761491352703758e-01	   4.7951740368615936e-01	   3.8691629587264859e-01	   4.4543288470564779e-01	   2.5905349983565767e-01	   2.8907184125154012e-01	   1.3361663719648051e-01	   2.2471338693839809e-02	   9.5403142402920010e-03	  -1.4340102641575642e-01	   3.7017761188768444e-01	   5.1361870564678047e-01	   2.0328523937470061e-01	   4.1669669988476254e-01	   2.1790590380125480e-01	   4.7985141914557189e-02	
  -9.0923853542341213e-02	   2.5894582362266749e-01	  -1.5754924362959929e-01	  -1.4423796144767043e-01	   0.0000000000000000e+00	   4.0766242553312620e-01	  -1.4801775139914491e-01	   9.3446689716244327e-02	   8.8850437728576326e-01	   2.0908093259638000e-01	   2.3358827387851444e-01	   3.2713918027742911e-01	  -5.3967257919400212e-03	   3.6659377754647199e-01	   3.8070074979661966e-01	   8.7545808997887942e-02	  -1.0668135181520688e-01	   2.3522725269274361e-02	   2.4828579059239397e-01	   1.1769864110748212e-02	   4.1324651728627970e-01	   5.0279513429685130e-01	  -4.3391216148743528e-02	  -1.3336459818546248e-01	   5.1356336021474158e-01	   1.9939900896498153e-01	   1.0142052512792519e+00	   9.2447329885271068e-01	   1.9259344454088907e-02	   2.2187073966526283e-01	   1.3613762531117690e-01	   9.9746639170466542e-02	   4.8171796626533897e-02	   2.4828029883430660e-02	   6.5319335718859339e-02	   2.5195940489252333e-01	   3.0500524560892062e-01	   1.8346307584695531e-01	   1.3881825378455034e-01	   1.7613657992799811e-01	   3.1519554990650073e-01	   6.5177816303231495e-02	   1.9747439149804638e-01	   1.6512476665847181e-01	   5.3184402340728791e-02	   9.7529971669553961e-02	   1.7429752134398030e-01	   1.2916489063020103e-01	   1.0361323862806973e-01	   1.0020865514982299e-01	   2.9057265478053127e-02	   1.9400429971367039e-02	   1.3106081738943498e-01	   7.2156715618946043e-02	   2.7111351096025793e-01	   3.2794579285455222e-01	  -2.4810592626868455e-01	   1.6134307481628157e-01	  -4.9069967619890673e-02	   1.2868995479071974e-02	  -7.5252040674601062e-02	  -2.4549520695737106e-01	   2.6275757482209800e-02	   2.7039744857035314e-01	  -1.1380181687426918e-01	  -1.7621801516501789e-01	   3.2292508693548175e-02	   1.2700690154643499e-01	  -4.1860862374509360e-02	   5.3360787852845433e-02	   5.3292524305947619e-01	  -3.9719114358954637e-02	   4.0552768251023896e-01	   5.0470738338709253e-01	   2.8975220839203414e-01	   1.0490266858572497e-01	   4.8568462250437366e-01	   1.5548659157108896e-01	  -1.7509263705024580e-01	  -6.8977070535262863e-02	  -8.4869353096995892e-02	  -3.0409137906718623e-02	   3.1118521926838338e-01	   2.7856552950861246e-01	  -1.5446738583045825e-02	  -1.3778328153772487e-01	   1.6623322327943219e-01	   1.1786413457760586e-01	   1.7845723022352999e-01	   5.7448247117419408e-02	   2.1039469783352541e-01	   1.2821795571571626e-01	   2.1880396003865951e-01	   2.2434993550865814e-01	  -1.5001650389009646e-01	  -1.6238583447630550e-01	   1.4308270775766843e-01	   6.9391813579365441e-02	   3.1047292451396591e-01	   2.3824823615933138e-01	   2.9791402633951445e-02	  -1.6189949986930913e-01	  -1.4918859861592590e-01	  -2.4269519241978654e-01	  -1.5139020100533787e-02	   5.3886024980542006e-02	   1.2739904358058768e-01	  -1.3999450938681055e-01	  -4.5371569777400117e-02	   1.2152657048992488e-01	   3.5698650052765851e-01	   3.0334006780683764e-01	   3.3394845225543668e-01	   7.0092449515279390e-02	   2.5902284279826115e-01	  -7.3000387851221496e-02	
   3.0971115565539720e-01	   5.7382168936752709e-01	   1.8764148524262772e-01	   4.5532348905547881e-01	   4.0766242553312620e-01	   0.0000000000000000e+00	   3.8275356458362153e-01	   9.0104415427678908e-01	   4.0048068809550230e-01	   1.1829752046879198e+00	   3.1248741548937531e-01	   1.3270680161899678e-01	   2.8775417143261683e-01	   5.5357818951035143e-01	   1.5781137850612925e-01	   8.1632566785197691e-01	   1.7748534291594223e-01	  -2.2448545596820090e-02	   7.6959304172755671e-01	   4.6193958179058126e-01	   6.0198752883990458e-01	   7.0594788382740936e-01	   2.0011928569440665e-01	   1.2085228382546856e-01	   1.4821528218975599e-01	   7.2291422428249286e-01	   1.6818776448981571e-01	   3.2342294981147823e-01	   3.1799945740523444e-01	   5.4950007982130322e-01	   8.2065970341766936e-01	   7.0390752586379390e-01	   6.1274001218659491e-01	   5.7190971032676474e-01	   4.3546016190440062e-01	   5.9076218210737474e-01	   3.9313196520234539e-01	   1.1964867421816913e-01	   4.3354563440177329e-01	   2.5006184408081122e-01	   3.4228823503490208e-01	   2.9512943204623870e-01	   4.4368199484849358e-01	   5.1305075129055422e-01	   4.3699756090857789e-01	   4.8355825956195914e-01	   4.3835437742215633e-01	   3.9900992829597426e-01	   4.5550425441132031e-01	   2.3132445083789302e-01	   3.0052175093340461e-01	   3.1444164027875182e-01	   1.2518116040205689e-02	   3.1144140445269374e-02	   3.1163479121032778e-01	   2.2532925822745792e-01	  -3.6492126144880938e-01	   2.4757934959577688e-01	   8.4504755141409843e-02	  -2.4320983208898753e-01	   1.4259780593410670e-01	  -4.4423229291121918e-01	   2.0336677335621939e-01	   4.3469246567650088e-01	   7.2500448289775893e-02	   1.1489675721130242e-01	   5.1575921040295181e-01	   6.9282443306219155e-01	  -3.2593510185927610e-01	  -2.1675635643598970e-01	   6.1273376867790641e-01	  -2.6732915650851380e-01	   5.2736871736933855e-01	   7.6231813587467623e-01	   5.2869301181035744e-01	  -1.8813252148949997e-01	   6.0809925760816841e-01	   4.7662381096729051e-01	  -7.9872441399456623e-02	   7.1638585218238626e-02	   1.3856355510051582e-01	  -5.9287909180239004e-02	   2.3311207126470690e-01	   2.4509752872471191e-01	   4.8226737870873101e-02	   2.1786557015948550e-02	  -5.5534474170874343e-02	  -8.8487058434414206e-02	   3.6856203286674510e-01	   2.1139338866582275e-01	   5.7037661882087176e-01	   4.1408694204374830e-01	   6.3754253919959603e-01	   3.4916438338305322e-01	   8.4157113193996033e-02	  -7.2862772132426923e-02	   5.3555604916281674e-01	   3.4776065541851686e-01	   5.2720338562355917e-01	   5.9020994687968220e-01	   5.4816946589534543e-01	   2.9531868416039936e-01	   3.4483961708860761e-01	   3.2333350182422654e-01	   2.6409230297461445e-01	   4.4408230160874473e-01	   2.0134466591449324e-01	  -1.2292067866572837e-01	  -1.3125315959346462e-01	   1.8649279711569664e-03	   5.6394017020893827e-01	   5.6325784871647733e-01	   3.8288992582311099e-01	   3.0261459866702856e-01	   3.2844888371529291e-01	   5.2249658461347437e-03	
   3.9263878061419066e-01	   2.6309786512062572e-01	   1.1290164531927764e+00	   7.5154462037955172e-01	  -1.4801775139914491e-01	   3.8275356458362153e-01	   0.0000000000000000e+00	   9.0103636349144378e-01	   2.3273548613679029e-01	   3.8399763644784579e-01	   1.6149776291474019e-01	  -2.5835030239368860e-02	   2.2324026766695237e-01	   2.2922523850532239e-01	   1.0328699336480823e-01	   2.3620640525681288e-01	  -1.1713483840933489e-01	  -2.1077350911679679e-01	   5.9613731867744901e-01	   5.1517701062030197e-01	   2.5150588027624726e-01	   5.3443431468603877e-02	   6.0239276320156998e-01	   4.5441797650527327e-01	  -2.8218228984380672e-01	   1.0677240789350942e-01	  -1.5946068369585595e-01	  -1.0365948509376527e-01	  -4.4249935697514557e-02	   1.4672007779336468e-01	   3.4080565537259894e-01	   6.4866017247846020e-01	   5.5240400580328641e-01	   6.3567301180857294e-01	   4.4657781565583116e-01	   4.9794272072467505e-01	   6.9694228071547640e-02	   3.2400247916719416e-02	   2.6402340926776124e-01	  -5.9517411114017087e-02	   1.8400115240272907e-01	   9.5494493071624151e-02	   1.9342350260290875e-01	   2.7527502565232348e-01	   2.2171564242375008e-01	   2.5222340445292196e-01	   1.3562185952413533e-01	   1.3288914343016617e-01	   1.2609727895351081e-01	   2.0230777510153408e-01	   3.0609975779993015e-01	   4.4600034230679875e-01	   3.0604711014292095e-02	   1.6320117384777236e-01	   5.4541840335684669e-02	  -2.5322971226462238e-01	  -2.0999987304760431e-01	   1.2492157708460813e-01	   1.9106294401157625e-01	  -1.3887407814252131e-01	   2.1791133429219353e-01	  -1.6401022191133557e-01	  -1.2274558209799781e-01	   9.9663765378065317e-02	   3.8976434860719339e-01	   5.5136789088107174e-01	   8.4431749724751137e-01	   6.8445386520769291e-01	   1.1163632263078947e-01	   1.6172372800641066e-01	   9.3278385019373231e-02	  -2.9489872965244274e-01	   1.2464196846317677e-01	   3.5917179426837254e-01	   1.0287740068382756e-01	  -1.1987782013585616e-01	  -7.4114569750446571e-02	   1.3968512434053065e-01	  -2.9632261559848250e-01	  -5.9490985686351167e-02	  -1.8945996627975950e-01	  -7.2714834158444389e-02	   1.8694320393529126e-01	  -4.3867288447464660e-02	   7.6806152749484852e-02	   8.7753994766438081e-02	   8.6570870372243633e-02	  -1.5597468266118666e-01	   4.6298517003117351e-01	   1.7429353928803498e-01	   4.6453161721372621e-01	   6.5828619781926967e-01	   7.0007199076221194e-01	   6.2738092626382269e-01	  -2.4667977989338161e-02	  -1.0165872422417921e-01	   1.5486211509067907e-01	   7.6372942606790548e-02	   1.6123614550513557e-01	   2.7709978813814434e-01	   5.5511010625181045e-01	   5.3879473395649558e-01	   2.8184204378054123e-01	   4.3796366662187031e-01	   3.6268534393669721e-01	   4.2475404808108674e-01	   1.3176219913781861e-01	  -6.6452220413553142e-03	   9.9289752852894639e-02	  -7.4006542150732912e-03	   3.4723486684124050e-01	   3.4953778062388169e-01	   1.7862967873710739e-01	   2.7655434916487592e-01	   3.5127807404216738e-01	   1.7818615002693877e-01	
   4.4581757037308245e-01	   8.2060008391679073e-01	   6.1635281558802357e-01	   6.8004163252089678e-01	   9.3446689716244327e-02	   9.0104415427678908e-01	   9.0103636349144378e-01	   0.0000000000000000e+00	   4.6597575105996958e-01	   8.5273424504418904e-01	   2.8562050746164935e-01	   3.2409045649952584e-01	   4.9017631236591763e-01	   7.6080539618699239e-01	   1.0421598267749006e-01	   6.9557029624577038e-01	  -5.3052784718258583e-02	   3.0848756283699232e-02	   8.9566709584598736e-01	   5.1282084606974032e-01	   4.4447052968242506e-01	   4.5479813752821630e-01	   3.9138459010681659e-01	   3.6864564827997787e-01	  -2.2031435769975199e-01	   3.5074121695444199e-01	   9.0929486661240760e-02	   2.6784139395036966e-01	   3.4018920902584883e-02	   4.8723661310605820e-01	   5.0689500596424075e-01	   6.0139337304228002e-01	   6.8655681791842338e-01	   4.9571139918777080e-01	   5.2262526160430500e-01	   6.5371362497104057e-01	   2.0400895205927827e-01	   2.3601303927606589e-02	   4.4519171837215110e-01	   1.5709699373635883e-01	   2.3422549211489108e-01	   2.6372194126851162e-01	   4.6830092821687408e-01	   4.1157805138842141e-01	   4.7195500146033087e-01	   5.1007224510304749e-01	   4.1291453377755627e-01	   3.6494283551289108e-01	   4.5235071448266273e-01	   3.5148122365984696e-01	   4.1372091194736882e-01	   2.7503572946919752e-01	   1.8775878159668836e-02	  -1.3950979401064111e-02	   2.2194859511946041e-01	  -7.1884166727929832e-03	  -2.0205216566090678e-01	   4.6338515119524770e-01	   2.0806348776732680e-01	  -7.9926109681657670e-02	   2.7211611781502082e-01	  -2.8457677297308276e-01	   1.7996740076032934e-02	   4.8355236911560256e-01	   2.6787336976032178e-01	   3.7598809218392171e-01	   7.7228739464243812e-01	   8.0749838593360368e-01	  -5.9843284053022000e-02	   9.5981357815274837e-02	   3.1339219302509103e-01	  -2.2485795089926988e-01	   2.3929216880621923e-01	   5.5811046127932640e-01	   1.5198881489325569e-01	  -2.5491398240686514e-01	   1.7125336575166811e-01	   2.7526668560502621e-01	  -3.6048539551487996e-01	   9.5102326546816870e-02	  -2.0470306418657720e-02	   8.7493247651390396e-02	   1.7948485921487325e-01	   2.2633463948549987e-01	   1.3089317613828511e-01	   1.9516330933295870e-01	   1.2889192746798395e-01	  -7.0871799593577534e-02	   6.4009134458705241e-01	   4.3261039187880224e-01	   7.8646369662383453e-01	   7.0590039308414199e-01	   1.0256514219672450e+00	   6.2568099815594092e-01	   2.9362900707810311e-02	  -1.9658199176772559e-01	   5.1392619058677536e-01	   3.0922657285957406e-01	   5.1285371979728744e-01	   5.4064448341044946e-01	   7.1515999072481118e-01	   5.7774622290374822e-01	   3.8005511984752371e-01	   4.6872624441917365e-01	   3.4218720442859213e-01	   4.6303435946317872e-01	   1.8143551647063322e-01	  -1.0552519169294119e-01	  -8.3868019176320974e-02	   1.1083658053399599e-01	   7.4408258377204450e-01	   6.0787452002465192e-01	   4.0552646800085318e-01	   4.7366071446881164e-01	   3.2936546483856138e-01	   1.1105857202597400e-01	
  -5.4786560904849020e-02	   3.7229203316211856e-01	   1.9655534448457676e-01	   1.0488116787407802e-01	   8.8850437728576326e-01	   4.0048068809550230e-01	   2.3273548613679029e-01	   4.6597575105996958e-01	   0.0000000000000000e+00	   2.7695096618422382e-01	   2.7027503150088383e-01	   5.8457396489986269e-01	   2.3146877562961402e-01	   6.5516342229300872e-01	   3.5867227560832821e-01	   1.4984273598478198e-01	  -3.6817295883500895e-01	   1.0829200225007857e-01	   4.4140768787841889e-01	   7.5990243458485623e-02	   3.9835840747277496e-01	   3.6473385151544474e-01	   2.0416725540786149e-01	   1.1857002752526155e-01	   1.9403038700534705e-01	   7.9842435181671598e-02	   7.7308114595395439e-01	   8.8231185120993272e-01	  -8.1592733720965538e-02	   4.3488983271746434e-01	   2.0282330395425172e-01	   2.7154183842211688e-01	   1.4944454233302221e-01	   8.6120761866348719e-02	   3.1242780329369374e-01	   5.4397279159638723e-01	   1.6831945452877231e-01	   8.8342085395457237e-02	   1.8933069264633109e-01	   3.5101345605731339e-02	   3.0845214600625748e-01	   6.6945315209957543e-02	   2.7017454823145243e-01	   1.5561207865031262e-01	   2.0329820985478450e-01	   2.0582701599298453e-01	   1.9284952925575738e-01	   1.1910538567138373e-01	   1.8139326526590421e-01	   2.6962967572054475e-01	   2.3595172163060460e-01	   7.2959913502436372e-02	   7.4933639974304189e-02	  -4.0099156079110784e-02	   1.4819268157286547e-01	   6.3510473197125758e-02	  -3.0709246410449542e-01	   1.7169404484298642e-01	   7.4387995218947837e-03	   2.5999431005077234e-02	  -1.8009322976985227e-02	  -1.1134557664016216e-01	  -1.5036352521995083e-01	   3.3261098309169107e-01	   1.9230773212449881e-01	   1.5278058685241006e-01	   3.6297231861331591e-01	   4.2585209532789764e-01	  -1.2463244868304874e-02	   1.3286883236637867e-01	   2.1867020167624368e-01	  -9.9829467579559891e-02	   1.8289502575410579e-01	   7.5757315888837795e-01	   7.6332863067650109e-02	   5.3206778877608371e-02	   1.7352682725769072e-01	   3.3839294822051218e-02	  -5.1758195891491487e-01	  -3.6504971317741233e-02	  -1.6979074949060555e-01	   1.5124286174389642e-01	   3.5252529034142693e-01	   4.2177090454781080e-01	   1.7267453039883371e-01	   2.6777114378407345e-02	   2.1558750405829752e-01	   1.3100005617015506e-01	   2.8161935647413167e-01	   1.2306229736340908e-01	   3.8348549585866754e-01	   3.1597769027273437e-01	   4.8864021367341443e-01	   5.1742382155950151e-01	  -9.7504699697143357e-02	  -2.0613647982773309e-01	   1.7808897814950386e-01	   6.7399342599391607e-02	   2.9726918684277343e-01	   1.7609355890770118e-01	   8.1770916358524917e-02	   4.1627330780106872e-02	  -1.4309246597433078e-01	  -1.4243622218050467e-01	   6.2829922639242669e-02	   1.3868558197908737e-01	   1.0157822665291592e-01	  -1.9489097361454716e-01	   4.6157720536301766e-02	   3.1286555220886808e-01	   7.1311191806726437e-01	   4.8110353615995005e-01	   4.5335339453732260e-01	   2.2401963538822367e-01	   3.0363050207417697e-01	   4.5554296570983810e-02	
   1.6227271269743512e-01	   5.6531240813247252e-01	   2.3341565485007751e-01	   3.9454814228996393e-01	   2.0908093259638000e-01	   1.1829752046879198e+00	   3.8399763644784579e-01	   8.5273424504418904e-01	   2.7695096618422382e-01	   0.0000000000000000e+00	   8.4313049831580320e-02	   1.1955858347457102e-01	   4.8516845654035545e-01	   7.3417438442533089e-01	   1.3757109051579114e-01	   1.3878450553010473e+00	   1.5045769021690192e-01	   2.0850283121456096e-02	   6.3533362006320171e-01	   3.6859319831990001e-01	   3.8121435901101886e-01	   7.5346433994803275e-01	   1.6404155713557084e-01	   1.3560762828363362e-01	   6.8143573488979550e-02	   7.0472661432722095e-01	   1.5302730246260085e-01	   2.5149444780747959e-01	   2.9808318506124376e-01	   7.2580734495205013e-01	   6.2122796106126987e-01	   5.1263176343814587e-01	   5.0328860553063537e-01	   3.9999474117541656e-01	   4.3412569875397566e-01	   4.5799356035746286e-01	   4.1767213940319731e-01	   1.2610109892554663e-01	   4.8522601844892388e-01	   3.0804615535110053e-01	   2.8927700741152973e-01	   4.0059310233127754e-01	   5.2444223666255096e-01	   5.0733689825046935e-01	   6.0162802383664027e-01	   6.7497892197648990e-01	   5.1253611564112167e-01	   4.7950614198097463e-01	   6.0041849426338045e-01	   3.3624659530040524e-01	   4.0679659043612643e-01	   2.8634256532255203e-01	   2.4960290934660494e-02	  -8.1712423833899761e-02	   2.5817185610979765e-01	   1.5999512638447291e-01	  -3.4889814804956776e-01	   2.1912755142041385e-01	  -1.8660318400258127e-02	  -2.5037026186479128e-01	   5.7380418386750974e-02	  -4.1115662251012319e-01	  -2.2516059802108407e-03	   4.2622713939102314e-01	   5.9382111787681394e-02	  -2.2898674596552756e-02	   4.9107918402789152e-01	   6.8829830127432667e-01	  -2.9692749369744748e-01	  -1.8012617160693545e-01	   4.6422312821928463e-01	   1.0448407541972825e-03	   4.4839021324516348e-01	   4.4641359443767503e-01	   3.6824270319694347e-01	  -6.5156729740579133e-01	   5.3648278161873686e-01	   5.7306748712459865e-01	  -3.9568581338620089e-02	   2.1722843328013247e-01	   1.3606776522798017e-01	   2.9987420060912592e-02	   1.7877185261188372e-01	   2.2076557190806795e-01	  -1.3864167151475483e-02	  -3.2487662937771690e-03	  -9.4183038726858709e-02	  -2.0636772581445786e-01	   2.7280398526890792e-01	   7.4994590688130816e-02	   5.2908373035177358e-01	   3.9073144587537445e-01	   4.9580561689501190e-01	   3.2117612012320351e-01	   1.2945614788220455e-01	  -1.2615601751425065e-01	   5.5798323915318648e-01	   1.7498931062945192e-01	   5.2092049511554350e-01	   4.6459997208957415e-01	   4.4459297414638499e-01	   2.6357572431952508e-01	   3.4619676013579115e-01	   2.9103058384367791e-01	   1.4946892058266364e-01	   3.4166513384040753e-01	   4.5260394454539825e-02	  -2.4324578434882282e-01	  -1.8842572494149604e-01	   3.6814363041685928e-02	   5.9951479032458133e-01	   6.1196080783122941e-01	   3.6298419889921468e-01	   4.0459557953353131e-01	   3.0454590766282608e-01	   6.2676564181052455e-02	
   2.4234291601893493e-01	   1.2369887612509743e-01	   1.9683784464182635e-01	   1.7215654204654168e-01	   2.3358827387851444e-01	   3.1248741548937531e-01	   1.6149776291474019e-01	   2.8562050746164935e-01	   2.7027503150088383e-01	   8.4313049831580320e-02	   0.0000000000000000e+00	   1.9259097979517562e-01	   5.4276165081558903e-01	   1.8757136383228604e-01	   4.4317753750332056e-01	   3.6296176100676203e-02	   1.3647110527605330e-01	   8.0652843274948496e-02	   5.0649511896202593e-01	   3.1259615433452415e-01	  -1.1009122665768247e-02	  -2.5310891181244199e-02	   2.7518001205733406e-01	   2.2301694430939314e-01	   1.2086979888349726e-01	   2.1488852817531828e-01	   1.4355692273440651e-01	   2.3550391315622765e-01	   1.0284145358451829e-01	   1.1579187228124573e-01	   1.7344048993660888e-01	   1.8864095844065598e-01	   2.4258075271255375e-01	   2.1782802848598784e-01	   2.7380666095746847e-01	   3.7818350268646206e-01	   9.1802112659427962e-02	   1.6500300193495351e-01	   7.1192264136884259e-02	  -2.9830022251280265e-02	   1.6275249706664466e-01	   1.9610520872874709e-01	   1.1003066543555147e-01	   7.6327931385062244e-03	   7.3475713974897092e-02	  -3.5084365567829852e-02	   7.3145084077287911e-02	  -9.3003108836687845e-02	   1.2100223527631572e-01	  -4.8949402105509715e-02	   2.0917649793243351e-01	   6.1495618282962926e-02	  -4.8542121651057334e-02	  -1.3413607938701694e-01	   1.6284733649370706e-01	  -8.4676804034921310e-02	  -1.3945623811617047e-01	   5.9441554871671028e-02	   1.1483458816664097e-01	  -5.4407497102192774e-02	   2.4932905260646937e-01	  -2.0956474773764316e-01	   2.3615970405534698e-01	   1.1506580369677405e-01	   3.3900581688353126e-01	   3.3646649554724595e-01	   3.8360378350484475e-01	   3.7769370802181201e-01	  -7.5292753034801485e-02	  -7.6836002245605509e-02	   1.5465254208334858e-01	  -3.9170796018007520e-01	   2.5612225979873859e-01	   4.5800408458724651e-01	   3.7362605042008501e-01	   3.3868696488449751e-01	   4.2305808707411113e-01	   2.7363873413287915e-02	  -1.4153224893179769e-01	   6.2772059195340735e-02	   7.9574301840001790e-02	   7.3603626837888791e-02	   3.4007007526021266e-01	   3.2805711046450303e-01	   4.1439753766842902e-01	   2.3311028054766969e-01	   3.4930585123284036e-01	   3.3519287260179415e-01	   3.4263588980805981e-01	   2.2601165254859715e-01	   2.4385442919832812e-01	   1.3245048721183447e-01	   2.6303326679255068e-01	   2.1543775479193167e-01	   3.0528008342736297e-02	   3.2265988399175091e-02	   2.7070561729276355e-01	   1.6684202045997074e-01	   9.0184162107594973e-02	   1.7054278308705895e-01	   1.1322819579957430e-01	   2.9627472678645739e-01	  -4.3685911672409698e-02	   1.3262403224794703e-01	   1.3143317484731917e-01	   1.7118997360643692e-01	   7.3788858607803792e-02	  -2.2460302766008677e-01	   5.7173841817532677e-02	  -2.3800663451124138e-01	   3.1746888059949008e-01	   2.1594431240363979e-01	   1.5549521225193427e-01	   1.0044828164671313e-01	   2.8275932071043830e-01	  -2.3375392843622272e-01	
  -4.2884515421922125e-03	   7.4176219726264681e-01	   9.8998332774660261e-02	   7.7617621913940397e-03	   3.2713918027742911e-01	   1.3270680161899678e-01	  -2.5835030239368860e-02	   3.2409045649952584e-01	   5.8457396489986269e-01	   1.1955858347457102e-01	   1.9259097979517562e-01	   0.0000000000000000e+00	   4.8324909848428754e-01	   9.1789507777288970e-01	   1.8779839030204987e-01	   3.1500190150119645e-01	  -2.0096211703123434e-01	   7.8689813087835292e-01	   2.0988495651065750e-01	  -3.7813784609381541e-02	  -5.5770892186406476e-02	   9.1986699430278471e-02	   2.1363864810829475e-01	   2.5983736053053552e-01	  -1.4519090113860795e-03	  -1.4662874264423412e-01	   5.0226549540161070e-01	   7.2538739268614449e-01	   5.2933192817306733e-02	   5.0520207070983236e-01	   8.2767416754516474e-02	   7.5824732739528970e-03	   1.4932214698507160e-01	  -2.2581781505869686e-01	   2.0260891865480077e-01	   2.6528978431160777e-01	  -2.0885294852112316e-01	  -1.7890289546928789e-01	  -5.2309455601171569e-02	  -2.0558640381572398e-02	   1.5873247314635769e-01	  -1.3116569468881376e-01	   1.9769981821602289e-02	  -5.6184278022794513e-02	   4.1829305707148885e-02	  -7.9760393543154950e-02	  -8.7316978294520869e-03	   1.5661964066889751e-02	   3.3291004163796399e-02	  -2.9827345520582606e-02	   5.0923832046111624e-02	  -2.9139347558931539e-01	   7.2734525007475223e-02	  -8.6858047557668683e-02	   1.3100217805130718e-02	   1.7290626500494860e-01	   4.1516408578881669e-02	   4.8541471283463722e-01	  -1.1086789589955112e-01	   1.5896773321865465e-01	  -2.1426046098558308e-02	  -1.6953221114492708e-02	   5.0162694319929861e-02	   7.5916315965817915e-01	   4.7345957844148384e-02	  -1.4498695422494037e-01	   6.7416283935706589e-02	   8.1648788752373219e-02	   7.1152930220519557e-03	   1.9578747352004033e-01	   4.9877449384201834e-02	   2.7918515004734312e-01	   1.0949034808281650e-01	   1.9366112039890243e-01	   5.3256563201809083e-02	   1.1879702619312847e-01	   3.8124550675758352e-02	  -2.8031442230632964e-01	  -3.2572262046409328e-01	   3.4915886066928159e-01	  -4.5468030851098643e-02	   6.2274273504134592e-01	   2.7053737762817243e-01	   6.2678277558438567e-01	   1.8961688427355733e-01	   1.3483257082809799e-01	   3.7630629916523872e-01	   3.1589207201999098e-01	   1.6373297829104302e-01	   2.9119066675807442e-01	   1.8600051423335712e-01	  -1.5186757717793955e-02	   1.8607525818072501e-01	   2.2244131438898537e-01	  -8.9820963465896797e-02	  -1.2947088877863835e-01	   1.5097816668072250e-01	   1.6076058166227167e-01	   2.1943167731973220e-01	  -2.9158001544428120e-02	   2.4193807520846794e-02	  -1.8491635429426043e-02	  -1.0766070351887241e-01	  -4.3693460704713249e-02	   6.4911077016444690e-02	  -8.6389383200001404e-02	   2.9464170765787414e-02	  -1.6862408062611040e-01	  -1.2250184079145618e-01	   1.2290255039566678e-01	   5.7344789796737272e-01	   1.3745456171743764e-01	   2.1336928764184299e-01	  -3.1515371873563264e-02	   7.8054422713020617e-03	  -1.3693756913550217e-01	
   2.4667015474435094e-01	   4.6191121025401638e-01	   3.5770265084072289e-01	   2.4912705672067481e-01	  -5.3967257919400212e-03	   2.8775417143261683e-01	   2.2324026766695237e-01	   4.9017631236591763e-01	   2.3146877562961402e-01	   4.8516845654035545e-01	   5.4276165081558903e-01	   4.8324909848428754e-01	   0.0000000000000000e+00	   6.0450153549975760e-01	   3.8484789392755070e-01	   5.2677324957823657e-01	   9.3530275775791483e-02	   2.9306198924374705e-01	   5.3406477222660076e-01	   3.4998188426416410e-01	   1.7631545823535249e-02	   1.8155569578082179e-01	   2.4848715561121063e-01	   2.9994829574873116e-01	  -1.5597549517391301e-01	   1.4456626155053209e-01	   1.9214336695154605e-01	   2.6277050131609181e-01	   2.5865830478804858e-01	   4.7572941037829158e-01	   2.0856629630427817e-01	   2.0610653308952032e-01	   3.8453998219303542e-01	   1.7292416556019713e-01	   4.6367205332792666e-01	   5.0387071121587812e-01	   2.1974128911615629e-01	   3.4588807967155417e-02	   2.3832497460200985e-01	   1.3897011741959886e-01	   3.5783535949335699e-01	   2.9344287890545417e-01	   2.1250649664527965e-01	   4.1593019991529083e-02	   2.6306049255808395e-01	   2.2858602434616176e-01	   1.6174091849003255e-01	   5.1571117938044884e-02	   3.6950783529769288e-01	   1.7264224279642196e-01	   4.4611480431548656e-01	   2.5447082454364476e-02	  -5.7209675637548224e-02	  -2.0709558318797688e-01	   1.2885817126116342e-01	  -5.0585241587845012e-03	  -1.3653866995127453e-01	   2.2882625279005148e-01	   1.5333097234771479e-02	  -5.6576657918499217e-02	   2.5275615510715199e-01	  -2.0144671196992228e-01	   8.5611343450727337e-02	   4.7719961475889172e-01	   2.1766136262049526e-01	   5.7948431392519865e-02	   4.0726206900146544e-01	   4.5338186250747320e-01	  -3.4345905319553047e-02	   2.3740419641751387e-02	   8.9653163042412359e-02	   4.4032330497232555e-02	   2.7490810914366853e-01	   2.3084579384813389e-01	   2.0896889565800331e-01	  -1.9493991302617605e-01	   2.3230714791287516e-01	   5.4741381256874062e-02	  -1.5461678830212988e-01	   3.0657444798110095e-01	   1.5329361092162683e-01	   2.9173891379321681e-01	   3.6719065188171046e-01	   4.5442666194500420e-01	   2.2570361954756518e-01	   1.9437305473707089e-01	   2.7861770537066111e-01	   1.6851038113231745e-01	   3.0337604185857731e-01	   2.0476398435197352e-01	   3.0257282950557168e-01	   1.0397751590773072e-01	   2.7027232774399435e-01	   3.0373988964677490e-01	   2.7760824741305690e-02	  -5.4485576665038817e-02	   4.0046446647909739e-01	   9.7369616088058997e-02	   2.4279765146298449e-01	   1.8878840159357715e-01	   2.0606653893281524e-01	   3.4693943537964700e-01	   2.1707633471523832e-01	   2.8543567643610335e-01	   9.1162051403690492e-02	   7.3430852062516705e-02	   4.3820990255839624e-02	  -2.6870203543636417e-01	  -9.1695697519049268e-02	  -1.0898815150725107e-01	   4.9950915593110212e-01	   2.6182818494314175e-01	   2.4216748499377422e-01	   3.8132411914383918e-01	   3.4239692091389656e-01	  -6.9439154825010438e-02	
