   0.0000000000000000e+00	   1.5428182873488649e+00	   7.5410158560417417e-01	   9.6226398474861607e-01	   6.2278682126071971e-01	   7.9941748694747372e-01	   5.7147949612352500e-01	   8.5284874006109279e-01	   4.3201813024380092e-01	   5.9566147498559663e-01	   7.8245556939719929e-01	   5.8290229944430760e-01	   6.5992644420335378e-01	   5.8006122994079945e-01	   7.4816522395504581e-01	   7.4750402825719653e-01	   7.7471996399530529e-01	   7.1142074743540795e-01	   1.0772988969619044e+00	   1.2468015434581630e+00	   4.7601057489353177e-01	   7.2288401094892096e-01	   6.4719860564595355e-01	   6.6538967274868888e-01	   3.9109619067616336e-01	   4.6117697629374121e-01	   6.6156227608749174e-01	   8.2874169926634000e-01	   6.4444016818483774e-01	   5.6958776376638154e-01	   5.7903716060305854e-01	   5.1183337344213209e-01	   9.1798766524224118e-01	   8.2733834753119195e-01	   6.9099499976640377e-01	   5.9807390948513794e-01	  -1.8461276678521704e-01	   7.3976643644862242e-02	   4.2522263314094255e-01	   5.8127295663530465e-01	   4.2388320822096193e-01	   4.4328905794972773e-01	   5.3781208671392067e-01	   5.5222732933694541e-01	   5.5349090076263063e-01	   5.2048348942224976e-01	   7.9153985496716894e-01	   7.8624144146868691e-01	   3.8381037261691386e-01	   4.3236667358514624e-01	   3.2388836585941888e-01	   1.9190152973890301e-01	   6.2241192099870402e-01	   6.6317924809038986e-01	   1.0697549048179149e+00	   8.9503790223091384e-01	   1.6673760006018741e+00	   1.2317173049062164e+00	   7.0090437704156439e-01	   7.8891736355185571e-01	   7.3043141648235010e-01	   5.3674355695676124e-01	   9.5196611095909534e-01	   7.2839218493546032e-01	   3.4450060683708966e-01	   3.5923365539362451e-01	   9.9621303776729997e-01	   8.9371101817248211e-01	   9.9096134104499434e-01	   7.6501357428445171e-01	   4.5351709932458706e-01	   1.4731153849055351e-01	   5.9273986854401661e-01	   6.5491041276218342e-01	   6.4144634203245676e-01	   3.8137647725976870e-01	   5.3427630354696187e-01	   2.5265869099234428e-01	   7.2853348131612450e-01	   7.1512673595223741e-01	   8.4807030075820711e-01	   7.9913130574936986e-01	   7.2000680751594970e-01	   9.3028072165832676e-01	   8.2402460762365592e-01	   6.9056854034847703e-01	   6.2691382756956437e-01	   6.3064382165407651e-01	   9.3242332438399900e-01	   9.2424749638496917e-01	   7.3016448902010911e-01	   6.6137512958615718e-01	   7.5733844726218091e-01	   4.3493554620098296e-01	   1.5216125821936985e-01	   1.1787130880479660e-01	   5.9683504865818815e-01	   8.0715282664153487e-01	   8.6682343022197539e-01	   8.9768727631191991e-01	   8.5970002993142347e-01	   6.7858037781581904e-01	   8.4654298726724864e-01	   7.8941975671722431e-01	   5.3627585169596215e-01	   4.3314457080929547e-01	   2.6260514504838933e-01	   4.0299761882692359e-01	   2.0900231915156167e-01	   3.7092866977204281e-01	   5.3174032498127044e-01	   8.8040915564427280e-01	   6.5319952290520689e-01	   5.7315060727054490e-01	   4.2949507983859775e-01	   3.6629139747951976e-02	
   1.5428182873488649e+00	   0.0000000000000000e+00	   5.6268781559767722e-01	   8.6976493711210079e-01	   5.2687146329005297e-01	   6.8371955494489212e-01	   4.1809416751583806e-01	   7.8920254013668012e-01	   3.8101462821478033e-01	   5.7994043808019224e-01	   6.7774543019784339e-01	   6.5221152770364565e-01	   5.6977680817969256e-01	   5.9237311337255183e-01	   5.7559038356636594e-01	   6.5013309224740135e-01	   8.2974633442731094e-01	   8.3163688602077224e-01	   9.2538835535228625e-01	   1.1803966076564070e+00	   3.9758762697510669e-01	   6.1494045388394869e-01	   5.5098339972338384e-01	   5.4680283291259979e-01	   4.3929526694845500e-01	   4.3561590322793864e-01	   5.9631717908487636e-01	   6.9485052755418453e-01	   5.8141900049441619e-01	   5.0462445001150091e-01	   5.4477224295768367e-01	   4.2118799658645628e-01	   8.0946506590556633e-01	   7.2605081876528843e-01	   5.5147901940638167e-01	   5.0052607705450725e-01	  -8.4024238495821107e-02	   2.1067570830656632e-01	   3.9527569599778933e-01	   6.0479225365091205e-01	   5.0206296870710565e-01	   5.3508558497160563e-01	   5.0157702317665587e-01	   5.0568229972006118e-01	   4.5154340866165782e-01	   4.2594890359819809e-01	   7.5608529670391422e-01	   7.0822475375526739e-01	   2.9936052772857075e-01	   4.3880407980221270e-01	   2.9763177898295984e-01	   2.2503638113036789e-01	   6.0295173335737562e-01	   7.6999352332232585e-01	   8.9307495668489545e-01	   8.5231095012135727e-01	   1.6211821061386316e+00	   1.4657094328406219e+00	   5.3964851857646234e-01	   6.6885056640425178e-01	   6.3168087652016525e-01	   5.0463040858685604e-01	   8.4539336905772533e-01	   7.2917614818884668e-01	   2.3707015329383779e-01	   2.4653656725969117e-01	   7.2059232015312724e-01	   6.9048992370215356e-01	   8.8620212653145847e-01	   7.0563140097362098e-01	   4.2184839099623261e-01	   1.1355829946531379e-01	   5.6936047811524659e-01	   6.4644809415168825e-01	   5.6398788895964047e-01	   4.4779070068099575e-01	   5.1372037858127384e-01	   3.1617381450028270e-01	   7.7154053996637251e-01	   7.1581916679613622e-01	   8.3913906304443076e-01	   8.0822976616469322e-01	   5.9714294081219277e-01	   8.6002441163497756e-01	   6.7672628907060195e-01	   5.8867864302360329e-01	   5.6362083943542651e-01	   5.9688076668909917e-01	   7.0656182813472834e-01	   8.9015046941687093e-01	   6.3197398794622084e-01	   5.2392172992770614e-01	   6.3797328114219520e-01	   2.8492834513484122e-01	   1.8547636738820186e-01	   1.2232574462319926e-01	   6.2060008091429175e-01	   7.0398164076523673e-01	   8.2537543469076480e-01	   7.7001182475454499e-01	   7.4457283168842270e-01	   5.6594118192242071e-01	   8.7800126205901807e-01	   7.1018747468738319e-01	   5.3203463793985639e-01	   4.2684980833814340e-01	   2.8347706126524475e-01	   3.9243419581648292e-01	   2.4951704402101124e-01	   4.3137935415483381e-01	   5.9024975441142158e-01	   8.0329461990318052e-01	   5.8618917633666989e-01	   6.6525640889022131e-01	   4.4513539924414491e-01	   8.5038509993755909e-02	
   7.5410158560417417e-01	   5.6268781559767722e-01	   0.0000000000000000e+00	   1.1970093560735240e+00	   9.4969188004786764e-01	   9.6839586838962588e-01	   1.0678435916271303e+00	   7.7280092583232596e-01	   8.5815370076148134e-01	   7.7311387928419650e-01	   3.2006568510884603e-01	   1.3069770238104778e-01	   4.3226629808357631e-01	   2.4507812064736123e-01	   1.0117243889301251e+00	   8.7123845133427003e-01	   2.5871038646579475e-01	   2.4167203182518116e-01	   1.0847647445149757e+00	   8.3877715189035895e-01	   4.0524097834619777e-01	   5.6748944474203067e-01	   1.0009810404558910e+00	   8.7535783312068138e-01	   3.6764625761983916e-01	   5.0810508243561947e-01	   4.8790783077055810e-01	   7.2952918559643964e-01	   2.8899685907251521e-01	   3.1356688427934598e-01	   4.2082335391006276e-01	   4.4814462965855567e-01	   6.4198075735750904e-01	   4.4148392881917575e-01	   7.7275867741860071e-01	   6.0988800428088208e-01	  -3.2032812057177218e-01	  -8.1690423432347725e-02	   2.6191056782627897e-01	   3.3813933327727796e-01	   7.5459882459528393e-02	   1.6913124847751637e-01	   4.9321087259353968e-01	   4.4055875982663073e-01	   3.7876241474801398e-01	   4.3597241271936654e-01	   7.7201223340838288e-01	   6.4542757536154050e-01	   1.2814648063072898e-01	   2.8150486834624189e-01	   1.6662638585333622e-01	   6.4946505940128282e-02	   5.6343215374171662e-01	   6.0789007622062619e-01	   8.1200633013587198e-01	   7.0761818986295899e-01	   5.3430161286633471e-01	   5.5839452594152816e-01	   6.2962669832280982e-01	   5.8159310921847562e-01	   4.2706393456888780e-01	   4.7042739993850835e-01	   3.2843362498731143e-01	   3.0348294444787416e-01	   8.1576593477799642e-01	   7.0759993368767138e-01	   1.0029255549024445e+00	   7.4367359248770182e-01	   6.9137117247692859e-01	   5.2909191111300136e-01	   6.3545892682362257e-02	   2.6849316034087199e-03	   2.6573667254165190e-01	   2.8253564092460304e-01	   4.1121022781045719e-01	   2.1668331930304588e-01	   2.3786399139573589e-01	  -3.5733517681335480e-02	   3.0567418007880420e-01	   3.5569575608311593e-01	   2.8548519520557669e-01	   4.0222239791810943e-01	   7.0404426740822779e-01	   8.2881433317249098e-01	   7.8420313842174538e-01	   6.8839213767433138e-01	   5.7603672354361724e-01	   6.6864513531004233e-01	   1.1737090297961081e+00	   9.3627683956735941e-01	   8.7156917668451439e-01	   1.0494422251225295e+00	   8.6092594348936236e-01	   7.8960186843213709e-01	  -9.0049100464333218e-02	  -1.4262760326654228e-01	   2.2295754102499804e-01	   5.6491776910619085e-01	   7.5411212849177656e-01	   7.9284869340246689e-01	   4.0799138397262780e-01	   5.2215850706595268e-01	   3.2553753367034866e-01	   4.0390283766710522e-01	   2.9121489932230887e-01	   2.8294556606097659e-01	   1.1371207143466341e-01	   2.4105122997268910e-01	   6.3617640294079125e-02	   2.1112372570025190e-01	   4.5708052825803047e-01	   8.0558715438056383e-01	   7.8372515781308894e-01	   3.0004612041990131e-01	   2.5867108144029061e-01	  -5.5386898456163514e-02	
   9.6226398474861607e-01	   8.6976493711210079e-01	   1.1970093560735240e+00	   0.0000000000000000e+00	   9.2150284609562494e-01	   1.2778458547119786e+00	   7.4992021779827667e-01	   1.1168053716817259e+00	   7.4129196586192858e-01	   9.6443129598629473e-01	   4.3117311673995790e-01	   3.9504184528403158e-01	   5.2888692219424704e-01	   4.6795902991652449e-01	   1.0618609350892974e+00	   1.2546879948314071e+00	   4.1602366238288313e-01	   4.0489653611101012e-01	   1.1950460039246513e+00	   1.1257578969891178e+00	   4.6055805743777872e-01	   7.3808455147737573e-01	   1.0209354538002287e+00	   1.0911310810984236e+00	   5.0363975736603861e-01	   6.5206420531373677e-01	   6.2025499383557847e-01	   8.9863668864502400e-01	   3.9018343481056617e-01	   4.1897096842936993e-01	   5.2640070107436465e-01	   4.9152685616293401e-01	   7.0190530429288989e-01	   5.5275324781900781e-01	   8.0252423613766721e-01	   7.4923493704307931e-01	  -2.5086666461792484e-01	   2.7918901268046019e-02	   3.6731585060693123e-01	   4.2943711175684096e-01	   2.4929851583191071e-01	   2.7394460450907016e-01	   6.2720129854130058e-01	   5.5840644877904655e-01	   4.8481146106938078e-01	   5.0281190313561952e-01	   9.6984223188910079e-01	   8.5869281216661364e-01	   2.5390175646773627e-01	   4.9032685491933359e-01	   3.4172297265767115e-01	   2.4055182259052640e-01	   6.5428573736847950e-01	   7.5847582032219252e-01	   9.9202443464514345e-01	   9.5946403301460859e-01	   7.3737900144020607e-01	   7.4900744921696383e-01	   6.2974885803865888e-01	   7.1677992254366019e-01	   4.9626306111748641e-01	   5.8023434551537822e-01	   4.9321689581217643e-01	   5.1083213214416912e-01	   6.0394426911713595e-01	   8.0439889734135595e-01	   1.0581106447045616e+00	   9.0891015707305678e-01	   7.4954031563264878e-01	   5.7320548368452962e-01	   3.4108378585805932e-01	   1.8261552627269587e-01	   3.4114144842105215e-01	   4.9415832334952586e-01	   4.3006320745755822e-01	   3.9157429729243909e-01	   3.6971542762405613e-01	   1.4863302344029511e-01	   3.9947634676861099e-01	   4.3838221179307901e-01	   4.8984383790465086e-01	   5.5689729504920171e-01	   6.9283077707699880e-01	   1.0069923382618957e+00	   7.9494156326467669e-01	   7.7899126857472634e-01	   5.8324244293165295e-01	   7.1698107343505013e-01	   1.0702893050464726e+00	   1.2618526758007171e+00	   1.0639631657533779e+00	   1.0195605504091720e+00	   1.1379050235297170e+00	   5.8427005120223197e-01	   5.3700141871190661e-03	  -3.4601403044617132e-02	   4.0084309057283285e-01	   7.6313750155280791e-01	   1.0739534586177903e+00	   1.0279657442128873e+00	   6.9421435729467129e-01	   5.0880198945433741e-01	   5.7498171062038095e-01	   5.0251284769288118e-01	   3.5326260743253612e-01	   2.8849055024444581e-01	   1.0092790525570730e-01	   2.8123482097877650e-01	   2.2733478300994550e-01	   4.0969641806554929e-01	   5.6745070453732704e-01	   1.0009675393524924e+00	   8.8130001539355507e-01	   4.5518817074298362e-01	   3.9403836547643234e-01	  -3.2897585966013158e-02	
   6.2278682126071971e-01	   5.2687146329005297e-01	   9.4969188004786764e-01	   9.2150284609562494e-01	   0.0000000000000000e+00	   1.1931239177357578e+00	   5.9624719647267965e-01	   6.4456900100451331e-01	   9.1297512777722023e-01	   7.1231822876283257e-01	   3.4172113740097576e-01	   1.8069955604696608e-01	   5.1214073155500406e-01	   3.0148099997853117e-01	   9.0216326791181412e-01	   7.8274921378693652e-01	   4.8786334328927633e-01	   4.3196572076654710e-01	   9.0654346409510267e-01	   7.8130436041036777e-01	   5.5616897743900751e-01	   6.4737158290489039e-01	   6.6773514976860360e-01	   5.8754737505787724e-01	   6.1928581864870091e-01	   6.9479612065260010e-01	   1.0010724214831808e+00	   1.0896464079062740e+00	   4.2014729687447466e-01	   4.5587652615454288e-01	   4.1667500061909890e-01	   4.2124495721348609e-01	   3.5741189461710265e-01	   2.6161927303689009e-01	   6.9704938318245369e-01	   6.4905243495751430e-01	  -2.3116004109000426e-01	   7.8207608072446005e-02	   3.4038921762547331e-01	   4.1491837692719102e-01	   1.6310802479207354e-01	   1.9455743773015977e-01	   5.6247851405487059e-01	   4.8257866450341269e-01	   4.5320141969913069e-01	   4.5462214775064280e-01	   7.1602488165507272e-01	   6.2949436249350899e-01	   1.7809777491755535e-01	   4.2814879054361293e-01	   1.1870503290830567e-01	   1.0456330668370863e-01	   3.0656801811307099e-01	   4.7811665648823937e-01	   7.1276320625732925e-01	   6.4848944816424148e-01	   4.8236707064485784e-01	   4.1155634703038380e-01	   2.5687790115203396e-01	   2.1868142148188591e-01	   2.3731072941935777e-01	   2.1165162317007297e-01	   3.4820286241001902e-01	   2.1795779161013878e-01	   6.5748367874167057e-01	   6.1313804839927988e-01	   7.4479519354319734e-01	   6.1767141395234026e-01	   6.5904083642355815e-01	   5.6495040448420542e-01	   3.0801953383916653e-01	   1.6158579329795578e-01	   2.5862320402269040e-01	   2.5449966972927018e-01	   4.3406785556455552e-01	   1.6014314703377958e-01	   2.5748304583153980e-01	   5.5959089254704768e-02	   5.3252962389751390e-01	   5.7051143000893090e-01	   4.8556560996484754e-01	   5.2571505729859969e-01	   6.1282152911672017e-01	   6.5767778641599861e-01	   7.8258195040239431e-01	   4.9375819457636133e-01	   6.1884151433864609e-01	   6.9318913184262432e-01	   8.0860893722166949e-01	   8.0629870154885042e-01	   5.6174076132486572e-01	   7.4846914477354254e-01	   6.9181007046999898e-01	   5.4567484097691243e-01	  -1.8155847731530023e-01	  -2.1040311318263560e-01	   1.9252162679450974e-01	   4.6966808465702803e-01	   5.9002776245123423e-01	   6.4148544131950280e-01	   4.1402982080999828e-01	   3.4829910633902927e-01	   2.7766925322309888e-01	   2.7952397073973390e-01	   2.2841266282181533e-01	   2.0553377047075197e-01	   2.1156272769793882e-02	   1.4088871018742269e-01	  -6.2195579802238237e-03	   2.4690813686881125e-01	   3.4619396849111633e-01	   6.9464560844026890e-01	   6.5793700479829142e-01	   2.3520425325472177e-01	   3.0188408691319857e-01	  -1.7791080033135440e-02	
   7.9941748694747372e-01	   6.8371955494489212e-01	   9.6839586838962588e-01	   1.2778458547119786e+00	   1.1931239177357578e+00	   0.0000000000000000e+00	   7.6537049398821733e-01	   1.1436083420767902e+00	   8.4761890665195083e-01	   9.9774218015503235e-01	   4.2965289988517996e-01	   4.5249152252105274e-01	   5.8191723559741282e-01	   5.4620722474987060e-01	   1.1005780734071693e+00	   1.2292705023434012e+00	   4.8326336896855582e-01	   4.2046929970727970e-01	   9.7475342979785784e-01	   8.8084972515469961e-01	   6.3389910695969776e-01	   8.9162297665951207e-01	   8.7245833468085410e-01	   9.3340394313950448e-01	   5.7160402703288904e-01	   7.7254388377180505e-01	   7.9772383141042202e-01	   1.1196271889126943e+00	   4.8381101653648589e-01	   4.8494789060882398e-01	   5.8023750576972810e-01	   6.0975091304182238e-01	   5.6293393278296255e-01	   5.2432557494881937e-01	   7.4778233061945765e-01	   7.0838875993671202e-01	  -2.1320540889209608e-01	   1.2054803327855884e-01	   4.5768538661379654e-01	   5.3433462817174993e-01	   2.7357469426924419e-01	   2.3133361319496590e-01	   6.4257928523092378e-01	   5.9316986711754804e-01	   5.0900773137865096e-01	   5.3515493629837774e-01	   8.9200306548083208e-01	   8.3097181880947746e-01	   2.6526053330767529e-01	   4.9665028130919203e-01	   2.4502834607835400e-01	   1.5563269066653415e-01	   5.1580387847295439e-01	   6.6656806158905646e-01	   9.7952990083246472e-01	   8.8003057642477778e-01	   6.4365334790954809e-01	   5.1285319167925680e-01	   4.7191579455637489e-01	   4.8603254318398992e-01	   4.0729894215364221e-01	   4.8169515305185795e-01	   4.1189909408406866e-01	   3.5822417174492865e-01	   4.8995616250815599e-01	   6.9281189383693464e-01	   9.4660919272264332e-01	   8.1731303509478914e-01	   6.3935154537575012e-01	   5.5651256666668480e-01	   3.6373650876167296e-01	   2.6686522805766311e-01	   2.5910367618498642e-01	   4.2636437368723296e-01	   3.2713117915575013e-01	   2.2485139881863384e-01	   2.5562623484178426e-01	   1.1291222240536143e-01	   4.3903880696615993e-01	   4.6500579241779966e-01	   5.2460269395341375e-01	   5.7665724897828141e-01	   6.3972839832345418e-01	   7.9322789482180334e-01	   6.3621787253509376e-01	   5.2032584537102833e-01	   5.5301665477986006e-01	   6.2265832841373558e-01	   9.4045454636055648e-01	   1.1438328771758814e+00	   8.9041697930081365e-01	   9.5142460733607315e-01	   1.0103903289676543e+00	   5.3826468038461350e-01	  -5.2939739830839355e-02	  -7.2652470255768847e-02	   3.6782639565983632e-01	   7.2811138462865332e-01	   9.1980027713701129e-01	   8.6417123229510673e-01	   6.1926607856028704e-01	   4.4563681467286687e-01	   5.0741533117200111e-01	   4.0895637245369859e-01	   3.4514342933786135e-01	   3.0864223794808465e-01	   1.0432879173798083e-01	   3.3647115660044608e-01	   1.9744113967899607e-01	   4.7123577124967009e-01	   5.0283804862785586e-01	   9.1203852357545201e-01	   8.5609933132251348e-01	   3.8342568319079090e-01	   4.5195956851715730e-01	   4.5196156273548706e-02	
   5.7147949612352500e-01	   4.1809416751583806e-01	   1.0678435916271303e+00	   7.4992021779827667e-01	   5.9624719647267965e-01	   7.6537049398821733e-01	   0.0000000000000000e+00	   8.5852965153035377e-01	   8.4866198580766428e-01	   7.4741949994934265e-01	   3.7389867088601153e-01	   2.8864571088316276e-01	   5.5829444753867929e-01	   3.3167300657955995e-01	   7.2174323735302226e-01	   6.6013267610384807e-01	   4.6924707765610765e-02	   7.6579203853764724e-02	   6.7396360326089610e-01	   5.2933048089892476e-01	   1.1514270861470882e-01	   2.8067068006489349e-01	   6.6926940576620408e-01	   6.4178136681778708e-01	   6.8559403285292566e-04	   1.2938553774747549e-01	   1.5022407230451826e-01	   3.9199046312258379e-01	   1.9681426182651904e-01	   2.6624951285443443e-01	   2.8443948429986210e-01	   3.6938328676907911e-01	   5.0046296615769870e-01	   4.3725852981319763e-01	   2.7795974563896481e-01	   1.9588198871354912e-01	  -3.7241255284832314e-01	  -1.8593987863716521e-01	   1.7797611619693154e-01	   2.5779687573134447e-01	  -1.9448465596435340e-02	   8.9857273497349455e-02	   2.3089669306910199e-01	   1.9249185231697752e-01	   2.1620083531638207e-01	   2.7194174737978971e-01	   4.5560052905337700e-01	   3.5760819902844077e-01	   1.5751051886921483e-01	   1.8435853778509481e-01	   1.5855562715366495e-01	   8.6558557264399483e-02	   5.0454588004763323e-01	   3.8603285107461038e-01	   7.2722503200691557e-01	   5.1769157419391332e-01	   4.2100206392484940e-01	   3.8159015376528810e-01	   8.5883207438380127e-01	   6.7699757419634587e-01	   7.3183349254823105e-01	   7.2142096614117834e-01	   2.0763382028769573e-01	   2.5778634579767612e-01	   4.4419589022135031e-01	   4.0965335754525589e-01	   7.3178222204848498e-01	   5.7406841960135235e-01	   3.8164662954562623e-01	   2.6598781563531237e-01	  -1.2632784121826532e-01	  -1.2358968437563239e-01	   1.6140079201603003e-01	   2.0718475129346955e-01	   3.3047458924515583e-01	   1.7690679582348984e-01	   1.7330477450943638e-01	  -8.5801446155251468e-02	   1.3340215750583101e-01	   1.8508537797686311e-01	   1.1807151435973311e-01	   2.4071081401436190e-01	   4.1859821335077907e-01	   4.9494521111245748e-01	   4.0681109018139999e-01	   4.6246775442569410e-01	   3.4455784956554825e-01	   3.8964210614181888e-01	   1.0288087856490153e+00	   8.5069382538822758e-01	   7.5713497190430123e-01	   8.5944619270269318e-01	   7.0700624029913739e-01	   6.9472696492585428e-01	  -7.3730049717372889e-02	  -1.1954649435999322e-01	   2.2857366449702385e-01	   4.2002853914364335e-01	   6.1998325817686917e-01	   6.0597732311694530e-01	   4.3851183652975656e-01	   6.5546679174782951e-01	   4.3250764940767839e-01	   5.0601760160585729e-01	   2.6170449830250569e-01	   2.7138922559663381e-01	   2.8376264021279618e-01	   3.6432665172192219e-01	  -4.9302938075191155e-03	   6.4492670871617461e-02	   3.2167740961762553e-01	   5.1186193947409819e-01	   7.1744419977166463e-01	   2.5609501715107219e-01	   2.7972054214158604e-01	   1.0076744583547610e-01	
   8.5284874006109279e-01	   7.8920254013668012e-01	   7.7280092583232596e-01	   1.1168053716817259e+00	   6.4456900100451331e-01	   1.1436083420767902e+00	   8.5852965153035377e-01	   0.0000000000000000e+00	   5.7836979214344386e-01	   9.0963918154690127e-01	   5.1555065587978022e-01	   6.5377051629821514e-01	   6.3784209542681758e-01	   7.1725405896907524e-01	   7.0063538766611555e-01	   1.0065239250701550e+00	   3.8538734849771739e-01	   3.5822387668299421e-01	   7.4666986493929499e-01	   7.4877299392476726e-01	   3.1628033168966740e-01	   5.4413821006253227e-01	   8.0531585043907705e-01	   9.5089118582389642e-01	   3.1345490346893695e-01	   4.6600516266560199e-01	   3.9308524912742887e-01	   6.1730370832203885e-01	   4.3889586712477757e-01	   4.5992575204596908e-01	   5.4494082133328037e-01	   6.1430125075630482e-01	   7.0987147251882277e-01	   6.6573831850034404e-01	   5.2478647975997572e-01	   5.2323501755224244e-01	  -2.8446183392782087e-01	  -1.3087441467595691e-02	   3.1371933517061545e-01	   4.0393752007417955e-01	   2.1835937931378432e-01	   3.0167773114994667e-01	   5.4103308586924348e-01	   5.3484274323684611e-01	   5.3956604389298568e-01	   5.6079633141476348e-01	   7.6113166494564610e-01	   7.2947922544207089e-01	   4.3481173289778752e-01	   4.9286989924747676e-01	   3.4966908553194886e-01	   2.1711889128890577e-01	   5.8562048552384571e-01	   6.6934798277071472e-01	   8.4624061713668575e-01	   7.9620747240766110e-01	   7.0333111786506730e-01	   5.3864761140697137e-01	   6.2593101025755904e-01	   5.8864378494465086e-01	   7.0155337631135961e-01	   8.8447300143667595e-01	   5.1521395843422058e-01	   5.4433867509391431e-01	   4.3535120447367526e-01	   6.1847852915810009e-01	   9.0388329016178603e-01	   8.4715265762605974e-01	   4.6740661322314614e-01	   3.6499228471887329e-01	   1.6827811065368325e-01	   4.8959764687696958e-02	   3.5659201808117968e-01	   6.2918456362776154e-01	   3.7950139227858098e-01	   4.5558472837237363e-01	   3.5918610731590228e-01	   1.7710622633804954e-01	   3.2164912382585120e-01	   3.2557448785011739e-01	   4.4289159058509509e-01	   5.3257040541580258e-01	   4.8606040565249597e-01	   7.1890515901470819e-01	   5.7401458980725739e-01	   6.3443117891844014e-01	   3.8397990347923017e-01	   4.3414730078990993e-01	   8.1074818253840752e-01	   9.4603489777644878e-01	   8.3863192727277447e-01	   7.2318194173584482e-01	   9.5559602464760607e-01	   4.3625208222563916e-01	   6.3829487133388832e-02	   4.6958451252401709e-02	   4.5693270401612013e-01	   7.0863227448158850e-01	   9.1512390079786732e-01	   8.7968117723646289e-01	   7.7855993505961940e-01	   5.5868258577992003e-01	   6.9066197396428686e-01	   5.5378475757489842e-01	   4.1253375385424523e-01	   3.8038131862524616e-01	   1.9513145528439052e-01	   3.8936494826766321e-01	   2.2348514267268918e-01	   3.0495769363193348e-01	   4.5477683014236009e-01	   7.6376428917443784e-01	   7.6130054739930564e-01	   5.0143140694458388e-01	   5.2058235155903310e-01	   1.7354439528227167e-01	
   4.3201813024380092e-01	   3.8101462821478033e-01	   8.5815370076148134e-01	   7.4129196586192858e-01	   9.1297512777722023e-01	   8.4761890665195083e-01	   8.4866198580766428e-01	   5.7836979214344386e-01	   0.0000000000000000e+00	   1.2451210475727550e+00	   2.9252141688662031e-01	   6.7710077317327505e-02	   3.9863299352092957e-01	   1.8056502797643464e-01	   9.1621387558002099e-01	   6.3485882488554224e-01	   2.0981995845545170e-01	   1.8920156725095272e-01	   8.4270579905518195e-01	   6.1536065373367133e-01	   2.5519256891922765e-01	   3.6956194224404559e-01	   4.1826819235214047e-01	   4.0398557241855260e-01	   2.0135340790764347e-01	   3.0742418964839563e-01	   2.6985863878714844e-01	   4.0936993533365251e-01	   2.9640870704574623e-01	   3.0488036000236829e-01	   1.2074308616975726e-01	   1.4576786107186840e-01	   1.8774306591076514e-01	   1.6665101911229435e-01	   2.9001038988051314e-01	   2.6834299798880112e-01	  -4.6277074379844874e-01	  -2.0058810367511476e-01	  -5.7536402699586370e-03	   5.6524432068397260e-02	  -1.3654870344440082e-01	  -7.0884137013456666e-02	   3.5635395651121432e-01	   2.6948598199303797e-01	   2.3806533862414520e-01	   3.0963981120177420e-01	   5.4737068376814524e-01	   4.0920952389404064e-01	   5.4959719411532951e-02	   3.0318726953487685e-01	   1.6035436682765580e-01	   2.0175291999387054e-01	   4.7260421063748981e-01	   4.4633850397347924e-01	   5.5705252070624167e-01	   3.6035063340974871e-01	   2.9120270350607452e-01	   3.0210389461456322e-01	   3.4687802047572552e-01	   2.5563668392382111e-01	   2.5949198799634055e-01	   1.9255089293865962e-01	   9.2319908372648335e-02	   1.4800878447574863e-02	   3.6680818023200901e-01	   3.8495092580374896e-01	   5.2472352276249890e-01	   4.2699771276334253e-01	   4.8512396741471464e-01	   4.4385419979064250e-01	  -1.5280977854378213e-02	  -4.5750364762231786e-02	   1.3588974537795093e-01	   9.0183449265446358e-02	   2.3539126692526738e-01	   1.1013487455818294e-01	  -3.7956629291116587e-03	  -2.9480921670257471e-01	   3.0757925110854722e-01	   3.6131791785580969e-01	   1.8693267173844536e-01	   3.1678899708366126e-01	   4.1103166798140334e-01	   4.5830553552312647e-01	   4.3471669649485034e-01	   3.4886671078346987e-01	   2.3543754849962720e-01	   3.1771526839454828e-01	   7.8240977303801196e-01	   6.9854596449475093e-01	   7.3658523480826377e-01	   8.8359012801522119e-01	   5.8973135321066972e-01	   4.1011427466815487e-01	  -3.1228520490864320e-01	  -3.8928623624494596e-01	   4.4376122805135525e-02	   2.9537940747039865e-01	   5.9708761484211859e-01	   5.1582909023580148e-01	   1.2421217741951664e-01	   1.9839587636938816e-01	   3.2567722288539755e-02	   8.8551494881775564e-02	   4.0286387225494512e-02	   1.4640413775647662e-02	  -7.4589637346021725e-02	   1.5122822320370186e-02	   4.2368421002846907e-02	   1.7465285721287480e-01	   2.7778241345514459e-01	   5.5860008868226396e-01	   6.9632354413880460e-01	   7.7785277418473006e-02	   6.3677458109385660e-02	  -1.9020441828889689e-01	
   5.9566147498559663e-01	   5.7994043808019224e-01	   7.7311387928419650e-01	   9.6443129598629473e-01	   7.1231822876283257e-01	   9.9774218015503235e-01	   7.4741949994934265e-01	   9.0963918154690127e-01	   1.2451210475727550e+00	   0.0000000000000000e+00	   2.8722149597323565e-01	   2.0206134712999813e-01	   3.5818905252482952e-01	   3.0458351440327386e-01	   1.0304393424543259e+00	   9.3001785547379590e-01	   2.2711376710230280e-01	   2.3482263057807898e-01	   9.0148865228006259e-01	   7.2672858893033088e-01	   3.0472563122794311e-01	   4.9655684688769663e-01	   5.0853298026899618e-01	   5.9217883144917138e-01	   1.9012990088244011e-01	   3.5027243933276603e-01	   2.5656134062835695e-01	   4.4316865509316228e-01	   2.7667850778718983e-01	   2.7917746935432824e-01	   1.7908069144903932e-01	   1.9452318923321016e-01	   3.1564098610268676e-01	   2.6658439271924395e-01	   3.4450726173754076e-01	   3.6236567094664385e-01	  -5.2701237214571073e-01	  -2.1247513278760261e-01	   4.7839496327299939e-02	   6.8262095290296032e-02	  -1.0558932442828883e-01	  -2.0464970013937770e-02	   5.2554853875113783e-01	   4.3864569191703062e-01	   3.9522294531261415e-01	   4.2508050074864279e-01	   6.7824286234423714e-01	   6.0546288243362223e-01	   1.8903609116240161e-01	   3.7829161209106499e-01	   2.1240345595004917e-01	   1.9352575727754828e-01	   5.2078397255426367e-01	   5.6536160381449252e-01	   6.0383471029548441e-01	   4.5295163174008146e-01	   4.4367204433984364e-01	   4.9126082175266672e-01	   4.6430568561184493e-01	   3.9343592307877312e-01	   3.3348563986353291e-01	   4.2290285137774986e-01	   1.6567453790143286e-01	   1.1115372242923381e-01	   3.4143891993361075e-01	   4.2690794769712404e-01	   6.2691992636884208e-01	   5.2654916201058399e-01	   5.0945852630329425e-01	   4.9075449786242631e-01	   5.1471487995225058e-02	   7.6132172525955524e-03	   1.0697814083204502e-01	   2.0871374485657412e-01	   1.7911005315972076e-01	   2.1333781923810474e-01	   5.8586982453177748e-02	  -1.9448908864111994e-01	   2.6220745025470049e-01	   3.3258637002732461e-01	   2.5438556389334127e-01	   3.6880720199191397e-01	   4.7514332590440378e-01	   6.0278183023523235e-01	   4.5343610641906074e-01	   3.8603517408034926e-01	   3.1552261977084883e-01	   3.9429490281866908e-01	   8.2534875263011498e-01	   8.0600517078519973e-01	   9.7473713795331951e-01	   9.1696271017665620e-01	   8.5216596106599396e-01	   4.3226119991615874e-01	  -1.0903043996916612e-01	  -2.6732337766914166e-01	   1.4142266162108805e-01	   4.1012517492299244e-01	   7.6075425022624010e-01	   6.8937320628313514e-01	   3.3408973087240756e-01	   3.0420787146042672e-01	   2.3786304376993597e-01	   2.2409924345383242e-01	   1.3059856572015732e-01	   9.2747643047537978e-02	  -2.1667596081108676e-02	   1.6529540716952751e-01	   2.4845259968502548e-01	   2.8320331135903165e-01	   3.5577792670420022e-01	   6.8759798621653678e-01	   7.6040550902017578e-01	   2.4007985004595228e-01	   1.0228570717356432e-01	  -2.1314581748353692e-01	
   7.8245556939719929e-01	   6.7774543019784339e-01	   3.2006568510884603e-01	   4.3117311673995790e-01	   3.4172113740097576e-01	   4.2965289988517996e-01	   3.7389867088601153e-01	   5.1555065587978022e-01	   2.9252141688662031e-01	   2.8722149597323565e-01	   0.0000000000000000e+00	   7.7981320900149376e-01	   1.2195290653136168e+00	   8.8015466154300870e-01	   4.8163368990360256e-01	   4.5039003002045391e-01	   7.2368381883986566e-01	   6.8745964058591436e-01	   5.2682768929358603e-01	   5.4967555466915430e-01	   9.0935702269691651e-02	   1.8904749553368702e-01	   4.2638551019361443e-01	   4.1621242874872072e-01	   1.5905382748386607e-01	   1.9038230683160992e-01	   2.9198026923425896e-01	   3.4307481011114116e-01	   9.7571553587567295e-01	   7.9477580979008600e-01	   5.8788533429585055e-01	   4.9346991462272077e-01	   6.7725179039038175e-01	   8.3277592880842444e-01	   3.8126902434485599e-01	   3.5247574275331706e-01	  -1.4828191035990909e-01	   1.5828297867630420e-01	   1.6701686058065918e-01	   3.6266000403771259e-01	   3.8770164348942471e-01	   4.5203916366700769e-01	   4.0512411074909987e-01	   4.4258123104894320e-01	   4.5925661271095120e-01	   4.8627913432468639e-01	   5.0140203385673454e-01	   5.1811380709207944e-01	   5.1823334302536905e-01	   4.3930812804089642e-01	   2.9556771095954165e-01	   2.7116322247618874e-01	   3.7475017169315650e-01	   3.2653428785128541e-01	   7.0111457228716489e-01	   5.7686180612341265e-01	   7.4242346144106874e-01	   5.0856489803248428e-01	   3.1628315586426398e-01	   3.0971388832976265e-01	   8.1994370598075905e-01	   3.9359224184843650e-01	   8.5835835412870609e-01	   6.3275928232647827e-01	   2.4683521803891045e-01	   2.4885387415322541e-01	   5.5935201784545896e-01	   5.2298917208583307e-01	   3.4014451699380599e-01	   3.3680042780444136e-01	   3.4143195749409122e-01	   7.9579970501757483e-02	   7.1681190980266518e-01	   7.0298179325299470e-01	   7.5574186117691111e-01	   4.9018452372220223e-01	   7.4990592644227416e-01	   3.4877984620200481e-01	   6.4703457444097201e-01	   6.6426153848585723e-01	   7.0910472069334840e-01	   7.0733161853296866e-01	   6.8660622419793749e-01	   6.3801859435672414e-01	   6.5120032361917757e-01	   4.5897508617342425e-01	   2.3725387353691713e-01	   1.8239664484024798e-01	   4.3284803710608444e-01	   4.0087778358474935e-01	   3.0970112456950721e-01	   3.9075220839331176e-01	   2.8869966635987065e-01	   1.2131422910027473e-01	   3.3201216418255228e-02	   1.3828555778628554e-01	   5.5698103392454068e-01	   5.2785142085512260e-01	   5.4662579686767931e-01	   6.6299879013577412e-01	   4.5210461325129042e-01	   3.2017208331134100e-01	   5.1697756864611755e-01	   4.9425458027892710e-01	   3.6122439138607143e-01	   2.6456920756024105e-01	   1.7766715098959901e-01	   2.3306178921834933e-01	  -1.1625625177600749e-02	   1.6632369269545205e-01	   4.3942788931501559e-01	   5.4062426965476373e-01	   4.6246221246605790e-01	   4.4578293893937826e-01	   5.5156348451985382e-01	   2.1458473875476056e-01	
   5.8290229944430760e-01	   6.5221152770364565e-01	   1.3069770238104778e-01	   3.9504184528403158e-01	   1.8069955604696608e-01	   4.5249152252105274e-01	   2.8864571088316276e-01	   6.5377051629821514e-01	   6.7710077317327505e-02	   2.0206134712999813e-01	   7.7981320900149376e-01	   0.0000000000000000e+00	   7.9942696742915942e-01	   1.5377619886941249e+00	   2.0464335095707425e-01	   4.5482696078744234e-01	   5.9189946931339654e-01	   6.3256984316321996e-01	   3.4338911008599377e-01	   4.9304863216815403e-01	   1.6164750522776972e-01	   3.1540533198536419e-01	   4.1004600922850443e-01	   4.6712824120583391e-01	   2.5095347173236032e-01	   2.4634192287067447e-01	   2.6603168007961164e-01	   3.2055652000468715e-01	   6.8127249675956536e-01	   7.0088978874613039e-01	   6.2499053375283431e-01	   5.2322893504292334e-01	   6.8797298520128669e-01	   9.3322905244305898e-01	   3.2384445511798926e-01	   3.8016406781669543e-01	   8.7821829366311888e-02	   4.3902249750592742e-01	   2.9003029166225142e-01	   5.7943905335510437e-01	   7.4098119612070179e-01	   6.4798332526552627e-01	   2.1166716947949168e-01	   2.7941879068182873e-01	   2.3556849929431262e-01	   2.8491922136712339e-01	   3.5999594065856233e-01	   4.2604915369908147e-01	   4.4832388144747443e-01	   5.3752614765264128e-01	   6.7137044372495369e-01	   6.0619344786538676e-01	   4.8401624785769665e-01	   5.6093837017511716e-01	   7.4305505144599671e-01	   8.0290656943431205e-01	   6.3338736118073335e-01	   3.5068760145662692e-01	   2.5962011867599405e-01	   3.2464913481278457e-01	   5.8047809150602137e-01	   3.8543180205595157e-01	   7.2300162311171534e-01	   8.9946341661721219e-01	  -4.3504350169797555e-02	   2.1502802883427288e-01	   4.5772363883725320e-01	   5.6600525950916591e-01	   2.6675549149282951e-01	   1.7791591452889174e-01	   3.9385573166601251e-01	   1.7234778344422577e-01	   7.1353754896692378e-01	   8.8614820057363108e-01	   4.8610924021045254e-01	   6.8134837702098416e-01	   6.7410781154916688e-01	   5.9892835615621065e-01	   4.7579473526665561e-01	   3.9853282492449965e-01	   6.0202308935988569e-01	   6.4705645586917571e-01	   2.8593766485791861e-01	   4.8626692267869603e-01	   3.1037731922988776e-01	   5.9352016610598590e-01	   9.6164563546374274e-02	   7.9874457092115339e-02	   2.3913184592778791e-01	   4.8691073817247976e-01	   3.3818848578220828e-01	   2.5482255474339299e-01	   2.5876483561711139e-01	  -9.5655321208713451e-02	   1.1710427735406566e-01	   3.2800244995466038e-01	   6.5480300848636286e-01	   7.4113522427220213e-01	   6.3360542680103815e-01	   5.8886425529583120e-01	   5.7141079880968504e-01	   2.2185406481325831e-01	   7.2005634182611389e-01	   4.4160345728927636e-01	   4.9567638068151948e-01	   3.4270348392611805e-01	   2.1365185663296293e-01	   3.9040905200810105e-01	   2.4781594176809568e-01	   4.1452912659542018e-01	   4.5848166186353262e-01	   5.0201960056971451e-01	   4.1706522779921906e-01	   6.3159972062395675e-01	   6.2586160672118696e-01	   3.2399867580470304e-01	
   6.5992644420335378e-01	   5.6977680817969256e-01	   4.3226629808357631e-01	   5.2888692219424704e-01	   5.1214073155500406e-01	   5.8191723559741282e-01	   5.5829444753867929e-01	   6.3784209542681758e-01	   3.9863299352092957e-01	   3.5818905252482952e-01	   1.2195290653136168e+00	   7.9942696742915942e-01	   0.0000000000000000e+00	   9.6669600660679100e-01	   5.6447137920483625e-01	   5.4172755527838123e-01	   5.8580273312120479e-01	   6.3519261791574799e-01	   5.4698397005667276e-01	   5.8550578811403675e-01	   1.2243776363614053e-01	   2.2435059703231136e-01	   5.5010181766804922e-01	   5.4153594687304152e-01	   1.8878935362558535e-01	   2.0968661171898056e-01	   3.5478990349193296e-01	   4.3198146365453716e-01	   8.0728917075438988e-01	   6.7089043333247589e-01	   5.3412186418850993e-01	   4.5726969453579719e-01	   5.8052968769128044e-01	   7.1998090573356843e-01	   4.2505782504727024e-01	   3.8201852071371539e-01	  -5.8276677918387386e-02	   2.8792872067545994e-01	   2.5266444942692617e-01	   4.8768087342086230e-01	   4.0238437555947215e-01	   5.4827636326808271e-01	   3.3427011593002914e-01	   3.4290972746525444e-01	   4.0168598517673193e-01	   4.0850699721690498e-01	   5.2456348227876015e-01	   5.0238330519222607e-01	   4.3745662391652568e-01	   4.3267677663403936e-01	   3.1020005785534888e-01	   2.7286039199525514e-01	   4.2076372910375814e-01	   3.9012053226429577e-01	   8.0772058311636241e-01	   6.8615484169956642e-01	   6.0802586293189764e-01	   3.5813797753392451e-01	   3.2789912255665271e-01	   2.8496401426812179e-01	   7.5236125389724606e-01	   4.7574585286828991e-01	   6.7874596880027938e-01	   5.3778102494589497e-01	   3.1382282458008970e-01	   4.3085230886682391e-01	   5.9053168516428067e-01	   5.4859706535953889e-01	   3.5860814265785063e-01	   3.5110075758564058e-01	   3.1950418691832910e-01	   2.1376467748281400e-01	   6.9616915000596424e-01	   5.8333156618951643e-01	   8.7132267841561473e-01	   5.1380629170117609e-01	   7.6249441736431789e-01	   4.5319306227666623e-01	   5.8566955933644793e-01	   6.2673011649239796e-01	   5.8828454155718390e-01	   6.5298221509289789e-01	   6.1033247376768174e-01	   5.8803552147626192e-01	   6.0708598799319702e-01	   4.8735822240265475e-01	   2.5610302277286856e-01	   2.2371996935272695e-01	   5.4534032228700347e-01	   4.8721396901310549e-01	   4.6838503630028294e-01	   5.7591775998946371e-01	   5.1829410284782251e-01	   3.1277063694349838e-01	  -1.3046138952726525e-02	   9.6870376737603556e-02	   4.8317405033252947e-01	   5.4081538456975053e-01	   6.4070158943692646e-01	   7.2563033286411416e-01	   5.7054979807465622e-01	   4.3235458271321775e-01	   5.7466840023281729e-01	   5.6994562850210262e-01	   5.5683280284280412e-01	   4.2181285127184182e-01	   2.9133470966673747e-01	   3.3336832440421466e-01	   8.1367956005349129e-02	   2.8885923282870318e-01	   5.0279554927534620e-01	   5.4511299763832433e-01	   6.4223301134327104e-01	   5.8623728377156570e-01	   7.0123292451353769e-01	   2.4037316104136078e-01	
