   0.0000000000000000e+00	   1.8723194623415704e+00	   1.2997031256628861e+00	   1.1508033933035506e+00	   3.4761627169872950e-01	   1.3034155816423501e-01	   1.2519963639232639e+00	   1.2021776234466530e+00	   3.1106638206362991e-01	   1.0058300927858468e-01	   1.5710163638476717e+00	   1.5750021588457725e+00	   1.5427085715118032e+00	   1.1896546692372678e+00	   8.9331059881611241e-01	   6.8475310559080982e-01	   1.2502791044408794e+00	   1.3924244791028215e+00	   1.7282345277956670e+00	   1.5362055225872542e+00	   6.4162919563647636e-01	   5.4732123857744730e-01	   1.2927830060454804e+00	   1.0393636393017713e+00	   4.7991652346081304e-01	   3.9311871659764958e-01	   5.7397303550228995e-01	   5.1138897180859810e-01	   1.4401297402289934e+00	   1.4563862994348971e+00	   1.1814506451153304e+00	   1.2004306245192369e+00	   1.4399998328338779e+00	   1.3754897222323301e+00	   1.0096565646727780e+00	   8.5190559216918937e-01	  -9.4944232109480560e-03	   1.3393136310487916e-01	   4.0285371613457116e-01	   6.6307986627136428e-01	   5.4006733175336674e-01	   4.8654435139534091e-01	   8.1255150221684114e-01	   7.3434751712707380e-01	   9.9192904168020490e-01	   8.8634946478778531e-01	   9.1645354468013862e-01	   9.5817382114853433e-01	   9.1088652589275354e-01	   7.2514538472405621e-01	   1.1155378858313441e+00	   9.6494045556884700e-01	   1.0643895490642341e+00	   8.9746090952875979e-01	   1.0414756103592520e+00	   1.1554963371267237e+00	   2.1612560162704275e+00	   1.8646918322145589e+00	   1.4593196817383163e+00	   9.6308037087642251e-01	   1.4185303248413477e+00	   9.9463672705761408e-01	   1.5790465555804762e+00	   1.7296985331776715e+00	   9.2780404119322912e-01	   9.4728562724362231e-01	   1.0986650343216446e+00	   9.0663141211007070e-01	   1.2426424663191589e+00	   8.3646733758142766e-01	   1.1398097686085236e+00	   1.1003486064632737e+00	   1.4063051001640758e+00	   1.2951800195359684e+00	   1.1692602579723177e+00	   1.3068092788714876e+00	   1.1227804487289830e+00	   1.0324346606502621e+00	   1.2964432571101390e+00	   1.2050825380364654e+00	   1.4510086625016640e+00	   1.5337048109467533e+00	   9.8961012665331061e-01	   8.7030856781720012e-01	   1.3148487703076459e+00	   1.5038850830484938e+00	   7.6505633002311513e-01	   5.2861327918479617e-01	   1.0611859283617955e+00	   1.0408366361734531e+00	   2.6267354304582524e-01	   3.6696453352979652e-01	   6.8341601119452047e-02	   3.0796760997675410e-01	   5.4626641223390449e-01	   4.2276425360686631e-01	   1.0677516121446793e+00	   9.3345955444785889e-01	   9.3446555895406735e-01	   8.8939430911530026e-01	   3.9259829979375216e-01	   5.8820259919105977e-01	   7.3162325328137778e-01	   7.4869402407686958e-01	   2.0935168730804635e-01	   2.5272190866062294e-01	   1.0585876388086624e-01	   3.4250748433738704e-01	   7.5732832209428322e-02	   4.7996646506854734e-01	   7.7866304681713694e-01	   6.6730414934533411e-01	   3.7454165074232793e-01	   8.7780377097238649e-01	   6.1533520258913110e-01	  -9.4308580083793128e-02	
   1.8723194623415704e+00	   0.0000000000000000e+00	   1.3377009695995326e+00	   1.3925751356930545e+00	   4.8310564646229703e-01	   2.7556987915396625e-01	   1.2537767226592820e+00	   1.3322029280425449e+00	   4.6271732734849746e-01	   2.5036365656686732e-01	   1.3446300580793880e+00	   1.6328535787182077e+00	   1.3422409103926187e+00	   1.3346044280623213e+00	   9.8441451723110074e-01	   8.8011466560042195e-01	   1.1655880293969201e+00	   1.4392291523125671e+00	   1.7263316943736091e+00	   1.6616893095605414e+00	   7.5544487780548009e-01	   6.9049623864299636e-01	   1.3326438560448126e+00	   1.1832724637113752e+00	   5.8969537853535026e-01	   5.3619052699083525e-01	   6.5552446507175521e-01	   5.8383136062522212e-01	   1.3487053106278555e+00	   1.4502491853612456e+00	   1.1322155422740343e+00	   1.1503359025849473e+00	   1.3320240281222397e+00	   1.3062224664787667e+00	   9.9536141712880255e-01	   9.0796405031675442e-01	  -8.3059696551170143e-03	   1.8011427277837511e-01	   3.4254087371577580e-01	   6.7830371322142957e-01	   5.1658402113238200e-01	   4.9077075900066708e-01	   8.9831088519345714e-01	   8.3314815241354434e-01	   1.0660719117672723e+00	   1.0105964245713208e+00	   1.1347346502726381e+00	   1.1663433732856545e+00	   1.0449739846739230e+00	   8.9275832004444944e-01	   1.3776724422211977e+00	   1.1921024980697985e+00	   1.2952221631084309e+00	   1.1185038303952684e+00	   1.1112452286687129e+00	   1.3474179481400428e+00	   1.9278195020756446e+00	   2.5487831783556003e+00	   1.4761233685123822e+00	   1.1823691149228488e+00	   1.3709093621798496e+00	   1.1649855849670721e+00	   1.3035431640296085e+00	   1.5154253330120553e+00	   9.4902550996157498e-01	   1.0322860764285053e+00	   1.1767802607247022e+00	   1.0354392035416438e+00	   1.3274668990993110e+00	   9.1964761996508759e-01	   1.1606145875787117e+00	   1.1830883214063752e+00	   1.5431841482593165e+00	   1.4312377993326426e+00	   1.1505381723146995e+00	   1.3903997831435035e+00	   1.0582290457928261e+00	   1.0095753463971682e+00	   1.3694288476851986e+00	   1.1650834638482057e+00	   1.5156788408201409e+00	   1.5153950137984573e+00	   9.5757897939843573e-01	   8.7081442837300127e-01	   1.3968071748168556e+00	   1.6864096890841636e+00	   7.2348267060445770e-01	   5.1469136220881984e-01	   1.0860471765446484e+00	   1.1441345066546140e+00	   3.9588733285345623e-01	   4.5493150631692469e-01	   1.7776067868382994e-01	   3.8866987387779373e-01	   5.7235359568448407e-01	   4.7362475203674947e-01	   1.1804445290852636e+00	   1.0207080237092538e+00	   1.1073668364643856e+00	   9.9993631060927490e-01	   5.3219664855963167e-01	   7.0844624449060867e-01	   8.9246433238218104e-01	   8.3160879039906010e-01	   2.8123135704834307e-01	   3.0131477849652416e-01	   1.3786567934520713e-01	   3.7286249028890062e-01	   1.4482403564357016e-01	   5.3121175631966377e-01	   8.9466515790132661e-01	   7.7066898279419771e-01	   4.7294094510409096e-01	   9.5450097319594651e-01	   6.6124116409910128e-01	  -1.2979699867954145e-01	
   1.2997031256628861e+00	   1.3377009695995326e+00	   0.0000000000000000e+00	   1.6753257673301309e+00	   5.8479837802458323e-01	   3.0791950268544893e-01	   1.8269302029234034e+00	   1.4619486180656198e+00	   5.5816005339089203e-01	   2.8217961331039676e-01	   1.3001104189368247e+00	   1.2108568129934623e+00	   1.3649964441698452e+00	   1.2621517340311976e+00	   1.1737735561861102e+00	   9.7531449657690872e-01	   8.5329817062561331e-01	   1.1318202148326830e+00	   1.9810578898471540e+00	   1.8141647262485960e+00	   8.6981370041199169e-01	   7.1382103458276080e-01	   2.0671530011389927e+00	   1.7278786797162555e+00	   7.2174433975899466e-01	   6.0428252211074862e-01	   6.8900121306707685e-01	   6.6018837804477060e-01	   1.0717957466027996e+00	   1.1126540231136266e+00	   1.2317479599567349e+00	   1.2411582404182431e+00	   1.4827579674406361e+00	   1.3441335176006259e+00	   1.4520402846084197e+00	   1.2480086909724024e+00	   1.0644535929147192e-01	   2.4760156909343101e-01	   5.1681772508367185e-01	   8.9077104823806785e-01	   7.1050797754956352e-01	   7.3962587512100986e-01	   7.2170370507260395e-01	   6.2504657761514237e-01	   8.8638207702147787e-01	   8.0337041952512211e-01	   1.0297798044115782e+00	   1.1496116294364667e+00	   8.8712457106546450e-01	   7.5754774607380415e-01	   1.1238941997218195e+00	   1.0091138732056213e+00	   1.1909978259153604e+00	   1.1058358573379390e+00	   1.1632313870098563e+00	   1.3395878788421456e+00	   1.3412905370093240e+00	   1.3617805073419140e+00	   1.3530961169693394e+00	   9.9932490325772627e-01	   1.3572510086776963e+00	   1.1537487634222936e+00	   1.2413197631411581e+00	   1.2643664691509184e+00	   1.3248020918769370e+00	   1.2949673211886725e+00	   1.7369681668515975e+00	   1.3102264646363229e+00	   1.4103064419009594e+00	   1.1731468423499596e+00	   1.0870040414352349e+00	   1.0675385389843624e+00	   1.1955844056462090e+00	   1.0486959550825912e+00	   1.0448913957910482e+00	   1.2410973042632680e+00	   1.0589669859549471e+00	   9.9526168473154775e-01	   1.0444514918943755e+00	   1.0462746705806401e+00	   1.2151746314443741e+00	   1.2582252240490783e+00	   1.2673670009481470e+00	   1.1392090757490503e+00	   1.4231582354168133e+00	   1.6566479371300780e+00	   9.6034055138253449e-01	   7.9468169130347110e-01	   1.4951412029288214e+00	   1.6157376234780012e+00	   5.3059947318212630e-01	   7.0643238005789089e-01	   3.6317956104162674e-01	   6.6909079321153797e-01	   5.2175063048869641e-01	   3.0466314257524973e-01	   1.3214897394280429e+00	   1.1177880292191504e+00	   1.2135694054490358e+00	   1.2221033794762748e+00	   5.6364300583088789e-01	   9.5888817441409602e-01	   8.8430437441195264e-01	   1.0655456588755545e+00	   3.0573446523865699e-01	   3.9319179327708859e-01	   1.8604965255916650e-01	   5.3264483548382269e-01	   4.1589522162859750e-02	   4.8397288240315339e-01	   9.9467851308693445e-01	   8.0824985706087915e-01	   5.9344234188956912e-01	   7.9078336341652178e-01	   6.2470233742228043e-01	  -1.9691937617749328e-01	
   1.1508033933035506e+00	   1.3925751356930545e+00	   1.6753257673301309e+00	   0.0000000000000000e+00	   6.2929371765111564e-01	   4.1573914879973140e-01	   1.5638206718068461e+00	   1.8508702814051878e+00	   6.3753428725492567e-01	   4.1315874140640452e-01	   1.1208299791950693e+00	   1.3387013931023040e+00	   1.1525493114755443e+00	   1.5261789746738785e+00	   1.0418400478722998e+00	   1.0577024111646427e+00	   9.3533487985727026e-01	   1.2007551744628469e+00	   1.6233169418054958e+00	   1.8771391444462366e+00	   8.4277024635082509e-01	   7.6962145200370924e-01	   1.6097154532363533e+00	   1.8891304922215240e+00	   7.3551743557005267e-01	   6.9634054895780728e-01	   6.2096879423597307e-01	   5.8273434541155322e-01	   1.0225187959743065e+00	   1.1193412398021696e+00	   1.0824295738009833e+00	   1.1691091777077753e+00	   1.2772075794251658e+00	   1.2566614858001124e+00	   1.2366864909711952e+00	   1.1518929577162591e+00	   1.2257005525592060e-01	   2.8607878823147620e-01	   4.3977616577052103e-01	   8.2550796902114376e-01	   5.7738322931051678e-01	   6.0240976813923697e-01	   7.0431457475825687e-01	   6.4035252407584964e-01	   9.2130189801306217e-01	   8.6681911391352273e-01	   1.1070914351031353e+00	   1.2158177419610310e+00	   1.0087086566445642e+00	   8.9361721277293515e-01	   1.3946830898201168e+00	   1.1921604192744162e+00	   1.5026971074823117e+00	   1.4124226401538644e+00	   1.1796346342532824e+00	   1.4515380282456343e+00	   1.2587196770093736e+00	   1.3455609647267204e+00	   1.2869214545651759e+00	   1.1917845777824168e+00	   1.1549334549142565e+00	   1.4233102971953662e+00	   1.0382720686095019e+00	   1.1814790518827729e+00	   1.1917396824150490e+00	   1.3992961737315635e+00	   1.4134583182781093e+00	   1.3230468451656678e+00	   1.5922801466868715e+00	   1.1353840862232121e+00	   9.5197684669446059e-01	   1.0543049873488020e+00	   1.2530013818454269e+00	   1.1487584319854118e+00	   9.5132152831049255e-01	   1.2097407172760888e+00	   9.8016000562783645e-01	   9.6582459280071908e-01	   1.1129591098702130e+00	   1.0808499609176709e+00	   1.2091763966599449e+00	   1.3107554584563825e+00	   9.8455654422209737e-01	   8.9737780385622978e-01	   1.2597998848605043e+00	   1.6132766064731072e+00	   8.4365111163390261e-01	   6.4825204552226223e-01	   1.1874906822651861e+00	   1.4992136111013030e+00	   6.8479698683432599e-01	   7.8055845062844498e-01	   4.8556343890007797e-01	   6.8684844140866497e-01	   5.9024272702498615e-01	   3.9269368448903186e-01	   1.3475633266997769e+00	   1.2810559057505058e+00	   1.3160941293111919e+00	   1.2773402468296673e+00	   7.2869708908805320e-01	   1.0243044365588498e+00	   1.0194862608607880e+00	   1.0731206757276774e+00	   4.0324474853386205e-01	   4.5914823621043932e-01	   1.9618295560960897e-01	   5.2838665293161335e-01	   2.2030874833739306e-01	   5.9768216498258431e-01	   1.1283690866222593e+00	   9.2476995229116254e-01	   7.0274578717430236e-01	   9.2853185724943244e-01	   6.9080683393907705e-01	  -2.3952162521406956e-01	
   3.4761627169872950e-01	   4.8310564646229703e-01	   5.8479837802458323e-01	   6.2929371765111564e-01	   0.0000000000000000e+00	   1.4877502612313098e+00	   4.7535046438215323e-01	   4.5785870455658784e-01	   2.1259546484713545e+00	   1.3546370968024966e+00	   3.2073285455452277e-01	   3.9325384831718685e-01	   4.0546257720706375e-01	   6.7684709935244680e-01	   9.7971465761470555e-01	   1.1700535347422187e+00	   2.4879717914993454e-01	   4.0434934079671553e-01	   5.3389657713982031e-01	   5.0933112134361702e-01	   8.0797014966386571e-01	   5.1470650484832470e-01	   6.4520891033060856e-01	   7.4997774767300796e-01	   1.3716237800735969e+00	   1.3878663566695253e+00	   1.0282084420021065e+00	   9.7949017949145478e-01	   3.4615725395855357e-01	   4.0225261587477218e-01	   5.6824537993572455e-01	   5.4744898373819384e-01	   4.5149554767781425e-01	   3.8314395436739879e-01	   5.5383375276640445e-01	   5.4006795371283645e-01	   3.8371257200443834e-02	   1.1392694912832206e-01	   2.2267865969910278e-01	   3.8516678913385205e-01	   2.9989839131839990e-01	   2.8583240100431428e-01	   1.6356280339654633e-01	   1.5186825451633545e-01	   1.9567362706015440e-01	   2.0604730966125523e-01	   4.2426375034905794e-01	   4.5974624089234961e-01	   2.7829775587408778e-01	   2.7573108674498314e-01	   5.9191633637594954e-01	   4.9935305809012165e-01	   6.8419078488851637e-01	   7.2375817614867677e-01	   5.7410982844923653e-01	   6.0446504270821011e-01	   4.2770766457865533e-01	   4.5426008845565002e-01	   3.3670666993131859e-01	   3.3476773775290686e-01	   3.5331509148712992e-01	   4.9661519745245225e-01	   3.0989205106687301e-01	   3.2254490417824488e-01	   6.2065101318685068e-01	   5.4028380036614343e-01	   4.6774359517059105e-01	   4.3974073331474939e-01	   5.1849257748384459e-01	   4.9553557607190379e-01	   4.3070284879017334e-01	   4.6919551793047681e-01	   5.9066855265406348e-01	   3.9427507868984024e-01	   4.5920553674250419e-01	   5.1839439658378939e-01	   3.6385613884404261e-01	   3.5623851197458595e-01	   4.6747318304760732e-01	   3.7971487987205421e-01	   4.6829737556703077e-01	   4.4758801645231455e-01	   5.5797319511857613e-01	   4.3697115644861367e-01	   5.6931246702341687e-01	   5.3264941307509450e-01	   5.7801988327040066e-01	   3.5853950975722698e-01	   6.1196345165196209e-01	   6.1475030459453883e-01	   4.1589458952816238e-01	   4.5992700589245650e-01	   2.5438129977786011e-01	   4.2628245581576291e-01	   3.4244861121601433e-01	   1.4294489380933206e-01	   5.9719692236775368e-01	   5.2897270867842594e-01	   4.9556151456326947e-01	   5.0059681695799396e-01	   3.0176515783215535e-01	   4.6016589274945707e-01	   3.8324656970981702e-01	   3.8924381099548433e-01	   1.3095539823454783e-01	   2.6548955396082402e-01	   5.6632530171657050e-02	   2.6493645458638704e-01	   1.0287548218583319e-01	   3.8783752688430634e-01	   4.6261974627139435e-01	   3.3261545035684703e-01	   2.6519438518591387e-01	   3.4856632664445381e-01	   2.5596745509616420e-01	  -3.4651952433576538e-01	
   1.3034155816423501e-01	   2.7556987915396625e-01	   3.0791950268544893e-01	   4.1573914879973140e-01	   1.4877502612313098e+00	   0.0000000000000000e+00	   2.7980968687460661e-01	   3.0569880055027171e-01	   1.4318794668316448e+00	   2.2814985596539259e+00	   1.4323196820453718e-01	   2.2667162327900567e-01	   1.7644313431438235e-01	   4.6827710147405216e-01	   6.0079552167005623e-01	   9.1260182097440690e-01	   6.4435086987671447e-02	   2.1307475122981764e-01	   2.7746888857693885e-01	   2.8040047189580741e-01	   6.0306335364596220e-01	   4.1654151630808212e-01	   3.3895415392478273e-01	   4.6938744212641864e-01	   9.6911791315320173e-01	   1.1211069732813883e+00	   7.1753091432496963e-01	   6.8650401427545682e-01	   1.3758231003601051e-01	   1.9417696007858595e-01	   2.7919626620150734e-01	   2.7112381949702818e-01	   1.9803636735767177e-01	   1.6069132233605227e-01	   2.7800496884564585e-01	   3.0453133840976659e-01	   1.9237809767616132e-02	   7.5821195279715217e-02	   6.0208099190312135e-02	   2.2226115926823609e-01	   1.1501793015682754e-01	   1.3257880455160909e-01	   1.0851433247877861e-01	   1.0128756787918981e-01	   1.1189010752166778e-01	   1.6164550077178308e-01	   3.2461824196701594e-01	   3.5410350439703542e-01	   2.4394998087888298e-01	   2.7704707123427136e-01	   4.8593547999782438e-01	   4.1356016209844582e-01	   5.4672180893257116e-01	   5.6176025013303055e-01	   4.0322928037113814e-01	   4.3489998396843421e-01	   1.8551059657079533e-01	   2.3759353738693795e-01	   1.6619699931163812e-01	   2.4927792574613927e-01	   1.5963116530194371e-01	   3.4892016692767613e-01	   6.9591668935605130e-02	   1.1514130406995571e-01	   3.1073392535095579e-01	   3.1584668928297294e-01	   2.5770179225574530e-01	   2.8980843432412112e-01	   3.3326726247481453e-01	   3.3119996661335183e-01	   2.0750496674483657e-01	   2.6822816688726198e-01	   3.7603605934991025e-01	   1.9980738582138122e-01	   2.4013387858094801e-01	   3.2331593570818562e-01	   1.6192283929256240e-01	   1.7950587109190402e-01	   2.5574178371417022e-01	   1.8000937465427611e-01	   2.3584528819478387e-01	   2.2340181160521183e-01	   2.5586172641693966e-01	   2.3764330444369625e-01	   3.0133528770554763e-01	   2.8575285005252188e-01	   3.3168345886181738e-01	   2.2690626250000823e-01	   3.8544472887371428e-01	   4.0294979577993562e-01	   4.8201153535995289e-01	   4.3366414325355229e-01	   3.3749643294867021e-01	   4.1515586164397039e-01	   2.3714229159261335e-01	   7.2839023440569639e-02	   4.2728016527922980e-01	   4.0085287745514414e-01	   3.9488878546580097e-01	   3.8212538481151515e-01	   3.5325288426711976e-01	   4.1915407964622786e-01	   3.3917760648064949e-01	   3.0237469707453796e-01	   1.7708330744557638e-01	   2.3330425212790890e-01	   8.3207810562532944e-02	   1.9939108193243718e-01	   1.5128743334534794e-01	   3.6334742708519990e-01	   3.8842179609228750e-01	   3.1099477512033569e-01	   3.3734992225406546e-01	   3.2204719960755090e-01	   2.0172782422261271e-01	  -3.5637085348689262e-01	
   1.2519963639232639e+00	   1.2537767226592820e+00	   1.8269302029234034e+00	   1.5638206718068461e+00	   4.7535046438215323e-01	   2.7980968687460661e-01	   0.0000000000000000e+00	   1.7907337770263323e+00	   4.6777427813177186e-01	   2.4851544889205526e-01	   1.2846967160438540e+00	   1.2106131022232045e+00	   1.2036814357778154e+00	   1.1685614383145440e+00	   8.7335039642752976e-01	   7.9074579993573724e-01	   8.2642021183885139e-01	   1.0596473086255045e+00	   1.6701211648752017e+00	   1.6315933996123708e+00	   7.6674288506718891e-01	   7.1486087741915638e-01	   1.5568577279869116e+00	   1.3736415275712732e+00	   6.0007754784612999e-01	   5.2504312053638869e-01	   5.7265425454426888e-01	   5.4850935013230251e-01	   1.0248247006783273e+00	   1.0687776190783753e+00	   1.1366618176171579e+00	   1.1454006321385823e+00	   1.4484141387792207e+00	   1.4033723012823143e+00	   1.1880166573828517e+00	   1.1508469002617798e+00	   1.1418774583830529e-01	   2.2603979451848533e-01	   4.2405746161434821e-01	   7.8058849163968436e-01	   6.3197545270428190e-01	   6.8673571879475270e-01	   6.7646459668350001e-01	   5.6713392815217334e-01	   8.4946220074744561e-01	   7.9198037323697745e-01	   9.6242807429195010e-01	   1.0636164930550793e+00	   9.4087406633759274e-01	   7.9666419487323159e-01	   1.1015061199041147e+00	   9.9452126848721301e-01	   1.2382630124365144e+00	   1.1242678083648487e+00	   1.0280334635166659e+00	   1.1861287263358442e+00	   1.2168818646637471e+00	   1.2411685081244668e+00	   1.3926757976578741e+00	   1.0696227820329007e+00	   1.3963413263464188e+00	   1.2069037165654071e+00	   1.1490688364026811e+00	   1.2857348626390424e+00	   1.0376316299183219e+00	   1.1315905988104067e+00	   1.4554414944930156e+00	   1.2097940796051554e+00	   1.2925015268551201e+00	   1.0223979257196885e+00	   1.0722636810730464e+00	   1.0095634179539821e+00	   1.1679610317844904e+00	   1.0169268808367551e+00	   9.9938945927728384e-01	   1.2242404594858325e+00	   1.0536999217539726e+00	   9.9420915207085492e-01	   9.4814567161847341e-01	   9.0582711444028552e-01	   1.0532865043252366e+00	   1.1304316862207744e+00	   9.7489300353845809e-01	   9.6363624745654675e-01	   1.1221007133363572e+00	   1.3657266165152473e+00	   7.5401892505037438e-01	   6.3542420235365216e-01	   1.2087393816545202e+00	   1.4155896752297621e+00	   5.7147614342757003e-01	   7.0529238531931704e-01	   3.8565137426302254e-01	   6.4722224927537375e-01	   5.7456183942906702e-01	   3.6509750097163762e-01	   1.1716745375257784e+00	   9.9295335585790478e-01	   1.2010383356876517e+00	   1.1957820085123743e+00	   6.5819280370328226e-01	   9.8756934064581336e-01	   8.5753440151333615e-01	   1.0883706625629095e+00	   3.6215531009596769e-01	   4.1399395737112044e-01	   1.6844330281693651e-01	   4.4159224276409498e-01	   1.0643810968042822e-01	   4.6937087176822445e-01	   9.6125554085596843e-01	   8.7329413529216915e-01	   6.6109339096801234e-01	   8.5316385642579617e-01	   6.1383651278969098e-01	  -1.7828010744344919e-01	
   1.2021776234466530e+00	   1.3322029280425449e+00	   1.4619486180656198e+00	   1.8508702814051878e+00	   4.5785870455658784e-01	   3.0569880055027171e-01	   1.7907337770263323e+00	   0.0000000000000000e+00	   4.6996349988016761e-01	   2.8914583364741303e-01	   1.3046422793806081e+00	   1.4911025603622154e+00	   1.1507867901910012e+00	   1.3280889030979430e+00	   8.0292704104342338e-01	   8.0925314828725070e-01	   9.4349011557292217e-01	   1.1997573151880541e+00	   1.4716000313739839e+00	   1.6472355641901766e+00	   7.6513045379709077e-01	   7.7468150062833563e-01	   1.3955349968511930e+00	   1.3964643330230619e+00	   5.5056619926936756e-01	   5.1626033660212511e-01	   5.5432031520510383e-01	   5.1324317172438239e-01	   1.0255404772244896e+00	   1.1503283257168064e+00	   1.1030403362480234e+00	   1.1923039445896215e+00	   1.4490542706108671e+00	   1.5246667031509564e+00	   1.1782389510647187e+00	   1.1850820672007263e+00	   1.9936034392900487e-01	   3.1926686258935000e-01	   4.4860317000163225e-01	   8.5226871026586459e-01	   6.2634129615430112e-01	   6.7264316519155343e-01	   7.4797548643198242e-01	   6.6399102156327350e-01	   9.7509277503853642e-01	   9.1873993890287864e-01	   1.1167120010940526e+00	   1.2127497774955649e+00	   1.1121526254085849e+00	   9.5438743640878854e-01	   1.3130049854814501e+00	   1.1521889791685498e+00	   1.5060589244949578e+00	   1.2982484351135872e+00	   1.1713317069142277e+00	   1.3627024689401572e+00	   1.2158255935950639e+00	   1.3284067503429764e+00	   1.4219529276054039e+00	   1.2619042292375715e+00	   1.3705339285836522e+00	   1.5142586296927498e+00	   1.1190467955264507e+00	   1.3880483246787423e+00	   9.9055415157655224e-01	   1.2268596125452458e+00	   1.4058907928608451e+00	   1.3788055175256750e+00	   1.3703440088880334e+00	   1.0581686174133063e+00	   1.0656526633836108e+00	   1.0955213186385968e+00	   1.2447561284240525e+00	   1.1634342044861514e+00	   1.0400370501089249e+00	   1.3531245872173965e+00	   1.1208045723676672e+00	   1.1002033605593693e+00	   1.0488179019082182e+00	   1.0113295403102109e+00	   1.1365104963982120e+00	   1.2263913285985846e+00	   9.0479089372088761e-01	   8.7628268467950121e-01	   1.1322272110214096e+00	   1.3989153495064051e+00	   7.4369453720668266e-01	   5.8796425038826916e-01	   1.1183623572772363e+00	   1.3819876091486829e+00	   6.4312939971741456e-01	   7.0627823642950549e-01	   4.3574097716982019e-01	   6.1979790695134551e-01	   5.2750000936093921e-01	   3.9417730137775159e-01	   1.2997940858240458e+00	   1.1121647450514354e+00	   1.3539007607497617e+00	   1.2912995295052938e+00	   7.7132881543072429e-01	   1.0288568443211767e+00	   9.4483054183825677e-01	   1.1214677367294361e+00	   3.9620621850163518e-01	   4.7380750780087744e-01	   1.7951804750783917e-01	   4.9501442770832993e-01	   1.7838808287807353e-01	   4.9679306645410126e-01	   1.1454930977773496e+00	   1.0223624334336561e+00	   7.2274537131147487e-01	   9.8495420193598937e-01	   6.5979025057070451e-01	  -1.8033859770492389e-01	
   3.1106638206362991e-01	   4.6271732734849746e-01	   5.5816005339089203e-01	   6.3753428725492567e-01	   2.1259546484713545e+00	   1.4318794668316448e+00	   4.6777427813177186e-01	   4.6996349988016761e-01	   0.0000000000000000e+00	   1.4269746080095340e+00	   2.9098649857070241e-01	   3.8289832582183830e-01	   3.7718262073188530e-01	   6.8250159492464291e-01	   9.1020568066896113e-01	   1.1624709883328708e+00	   2.1942950600580810e-01	   3.7510138179962949e-01	   4.9125300816224626e-01	   4.9610842035189556e-01	   7.5099808964100667e-01	   5.0623946502289696e-01	   6.0645163051250528e-01	   7.2786370543828183e-01	   1.1674620647084168e+00	   1.2067408075001460e+00	   8.6656936613237279e-01	   8.1378383926492359e-01	   2.8899209516837776e-01	   3.5160702164952878e-01	   4.9444572774429063e-01	   4.8509388382690755e-01	   4.1806893483728158e-01	   3.6309888996006195e-01	   5.6303000203448250e-01	   5.6943628266069968e-01	   8.4690032058336709e-02	   1.8118613402689915e-01	   2.4072816590139776e-01	   4.1145256368863126e-01	   2.7699759275980895e-01	   2.7080471862883865e-01	   1.5878952585450229e-01	   1.5858642713446483e-01	   2.1377024454184934e-01	   2.3431755955861955e-01	   4.4562277216721469e-01	   4.8921787284557888e-01	   3.1472226600301562e-01	   3.3661941604394036e-01	   6.0400302911256543e-01	   5.3181633908284764e-01	   7.2120539596602407e-01	   7.8803313117640572e-01	   5.9149803147505087e-01	   6.3567349716959798e-01	   4.0823111012049318e-01	   4.2720923984008013e-01	   3.1674162404209688e-01	   3.5988953835789950e-01	   3.1527753801149383e-01	   4.9663824670553069e-01	   2.5825277324168311e-01	   2.7825028540858965e-01	   6.0592751801346201e-01	   5.3231564163220546e-01	   4.6592614711017044e-01	   4.7154670568947754e-01	   5.4753212795459738e-01	   5.4584826197759984e-01	   3.9475528653918646e-01	   4.6027369138789032e-01	   5.3050293490226808e-01	   3.7006965872848580e-01	   4.0924069206263863e-01	   4.9104656044754114e-01	   3.4194275800831891e-01	   3.4954017397970122e-01	   4.2070569409490999e-01	   3.5563640811958486e-01	   4.1713429494421128e-01	   4.1464310722378317e-01	   5.0047864640441764e-01	   3.9096955816973783e-01	   5.0516727854282761e-01	   4.9421843439385815e-01	   5.6760905085299940e-01	   3.4256588671445148e-01	   5.8956177656613640e-01	   6.2914299595480094e-01	   5.5563814436769876e-01	   5.7057317733833257e-01	   3.9256607504140578e-01	   5.4034091657345595e-01	   3.2097697070952602e-01	   1.4958666936110535e-01	   6.0086587787452206e-01	   5.5937213092681926e-01	   5.5222104391640725e-01	   5.5608763558388830e-01	   4.1107582108706808e-01	   5.4191927792289363e-01	   4.4069117469990249e-01	   4.2864321331801292e-01	   2.0225742269783309e-01	   3.5611641615139072e-01	   1.4060482201291252e-01	   3.4189170966290494e-01	   1.7358396999239678e-01	   3.9943968069211322e-01	   5.0780195627388625e-01	   3.9610958408385055e-01	   3.7874204142710416e-01	   3.7222032523011050e-01	   2.9545222821202188e-01	  -3.3189956017429290e-01	
   1.0058300927858468e-01	   2.5036365656686732e-01	   2.8217961331039676e-01	   4.1315874140640452e-01	   1.3546370968024966e+00	   2.2814985596539259e+00	   2.4851544889205526e-01	   2.8914583364741303e-01	   1.4269746080095340e+00	   0.0000000000000000e+00	   1.2700181714433045e-01	   2.2444702558690158e-01	   1.7616718148848612e-01	   4.9116497234965067e-01	   6.0202678393833631e-01	   9.6415887957974211e-01	   4.9153110166126342e-02	   2.0229555661332257e-01	   2.4413346466043231e-01	   2.5703892122309963e-01	   5.7113610649128421e-01	   4.0443143603485904e-01	   3.1417529569063529e-01	   4.6361004056589122e-01	   8.6746351035360791e-01	   9.8912621522657318e-01	   6.4189122426997924e-01	   5.8889077452043870e-01	   1.0302163011935786e-01	   1.6451293083917709e-01	   2.1888784216357074e-01	   2.2572367884851302e-01	   1.6160154418280182e-01	   1.3037303055532601e-01	   2.7841557288655561e-01	   2.9554885988815616e-01	   4.0324580777457611e-02	   1.0300110909649382e-01	   9.1447761817176162e-02	   2.3982992945420167e-01	   1.0751905262941180e-01	   1.1161963105668933e-01	   1.1640148151322752e-01	   1.2757464268311661e-01	   1.3882980920195181e-01	   1.9462507240790394e-01	   3.4344513763694706e-01	   3.7273085901593872e-01	   2.7086795584114270e-01	   3.1142059399579980e-01	   4.9022569982175912e-01	   4.2353495664170249e-01	   5.2675170576562447e-01	   5.5517451247552307e-01	   4.2202426575114804e-01	   4.5714863715770709e-01	   1.6238577158391998e-01	   2.0529417619962750e-01	   1.2825423337611511e-01	   2.2629750321055314e-01	   1.1479713703430330e-01	   3.1988367107037630e-01	   2.4317186904681768e-02	   6.9005009296037562e-02	   3.0967533005074771e-01	   3.1582472246233434e-01	   2.4412296044602383e-01	   3.0334254951112460e-01	   3.3211915299137451e-01	   3.4392579084938607e-01	   1.5675781779256567e-01	   2.5056921279662081e-01	   3.4282769978794864e-01	   1.7693564020818697e-01	   2.0192159587997327e-01	   2.7486168309463360e-01	   1.3495010068394850e-01	   1.6971034140217273e-01	   2.2862698708709564e-01	   1.8407930270169118e-01	   2.1355345659409539e-01	   2.2205389686524579e-01	   2.2728257219058057e-01	   2.1184917412554252e-01	   2.8534114784238906e-01	   2.6380192334483554e-01	   3.5862944957929704e-01	   2.4536250743012841e-01	   3.8522859516446623e-01	   3.9765292040796624e-01	   5.3907237878431746e-01	   4.5316240637764849e-01	   4.0795488696184828e-01	   4.5851059905785346e-01	   2.2396296777976771e-01	   8.5403015997637263e-02	   4.2633576956139907e-01	   4.3011640862658945e-01	   4.0771146112702955e-01	   4.0199196748530958e-01	   3.8820082985736992e-01	   4.3611836456005770e-01	   3.5686030457409684e-01	   2.8177363925926496e-01	   1.9790765292632329e-01	   2.6991458254112582e-01	   1.0723131032912231e-01	   2.6889973353435970e-01	   1.9595533101564772e-01	   3.8681112945577389e-01	   4.0568491059861700e-01	   3.3272616465316951e-01	   3.8504368821336510e-01	   3.2004853939086270e-01	   2.1456038165712216e-01	  -3.6552596581352897e-01	
   1.5710163638476717e+00	   1.3446300580793880e+00	   1.3001104189368247e+00	   1.1208299791950693e+00	   3.2073285455452277e-01	   1.4323196820453718e-01	   1.2846967160438540e+00	   1.3046422793806081e+00	   2.9098649857070241e-01	   1.2700181714433045e-01	   0.0000000000000000e+00	   1.7180573834641104e+00	   1.7359584550846243e+00	   1.3027595933248379e+00	   8.1841795907755654e-01	   7.0385421839058970e-01	   1.0921088871789468e+00	   1.3816055627075021e+00	   1.4721378011684820e+00	   1.3175029671082188e+00	   5.9123989264341026e-01	   5.3313637796255342e-01	   1.3048840705106344e+00	   1.0842563052257763e+00	   4.4311556866854951e-01	   3.6110090518859000e-01	   5.4426434599052842e-01	   4.6257121905331416e-01	   1.3076995877737305e+00	   1.3287780988496245e+00	   1.2067549639773554e+00	   1.2473407007682735e+00	   1.4559635324907589e+00	   1.4469954489916241e+00	   1.1533215324540960e+00	   9.6690054810814186e-01	   6.1974311369101906e-02	   1.9009484748636862e-01	   4.7725425135832900e-01	   7.9976930537805224e-01	   5.9017264976364292e-01	   6.0846571345008993e-01	   8.1361912156605209e-01	   7.5739656791336030e-01	   1.0564313446160121e+00	   9.1628708257152147e-01	   9.5279130512902199e-01	   9.6906862512829939e-01	   9.7660072848482338e-01	   7.6983255394550121e-01	   1.1202764256541520e+00	   9.4670052562436990e-01	   1.0087188170695798e+00	   8.4454658536015859e-01	   1.1305790135813374e+00	   1.1893308546435077e+00	   1.3918541410461420e+00	   1.4071394139659414e+00	   1.2415035041823139e+00	   8.6915649755934155e-01	   1.4839668925021468e+00	   1.0311177530825684e+00	   1.5685843549179272e+00	   1.6247901319937057e+00	   1.0244048680334674e+00	   1.0104337857531793e+00	   1.1789991185651396e+00	   1.0296073999419459e+00	   1.1003420246489914e+00	   8.7628806195168218e-01	   1.1281413460217964e+00	   1.0548186955531154e+00	   1.3596147585873479e+00	   1.2226302404813536e+00	   1.2470649067562809e+00	   1.4489545324394397e+00	   1.1656542623114678e+00	   1.0939569632224564e+00	   1.1203691515961807e+00	   1.1933399950591517e+00	   1.2785904320896737e+00	   1.3433592197682043e+00	   9.3072544794653533e-01	   9.3376930367656186e-01	   1.2937661199105346e+00	   1.3130855764949010e+00	   8.1431931241382427e-01	   6.5726341625940599e-01	   1.2436034669507046e+00	   1.1273650794051373e+00	   3.1809239307454640e-01	   4.1341968945631691e-01	   1.4270208104471757e-01	   3.7666627223786509e-01	   4.6956557150669198e-01	   2.8758705547034330e-01	   1.1400642228398941e+00	   9.8294497717127305e-01	   9.8601989679492352e-01	   9.6547674379730430e-01	   4.3174278259715965e-01	   6.8267480770100142e-01	   7.0804470090283245e-01	   7.6606449868522120e-01	   1.6670844940018748e-01	   2.5408000169841016e-01	   4.6859294469972584e-02	   4.0077162305986469e-01	   2.7168949550133086e-02	   4.8152528876696454e-01	   8.3551590783890273e-01	   6.5848442810902041e-01	   4.2331322148017064e-01	   8.4452880004481956e-01	   5.5900862422038688e-01	  -1.2536549489725660e-01	
   1.5750021588457725e+00	   1.6328535787182077e+00	   1.2108568129934623e+00	   1.3387013931023040e+00	   3.9325384831718685e-01	   2.2667162327900567e-01	   1.2106131022232045e+00	   1.4911025603622154e+00	   3.8289832582183830e-01	   2.2444702558690158e-01	   1.7180573834641104e+00	   0.0000000000000000e+00	   1.5103327270872915e+00	   1.5875179401200210e+00	   8.5445753099115673e-01	   8.3396951542917297e-01	   1.2705585980773486e+00	   1.5432815715588299e+00	   1.5078711516674526e+00	   1.4340510990870277e+00	   6.7111561155241117e-01	   6.2703268657010047e-01	   1.2436686902171270e+00	   1.1482459900260364e+00	   4.9067652331747141e-01	   4.5451351288771086e-01	   5.9250097643101374e-01	   5.2382299301889490e-01	   1.3790024986175007e+00	   1.5721760240530125e+00	   1.1471124757817239e+00	   1.2358000802807614e+00	   1.4375973506931097e+00	   1.4581439564652259e+00	   1.0754907145385277e+00	   9.3641004640116288e-01	   9.9642539177184519e-02	   2.6835489136291057e-01	   4.4996594420358849e-01	   7.9644707348170662e-01	   5.7405488651098280e-01	   5.4534183377054368e-01	   8.7929738775434307e-01	   8.5778472471890188e-01	   1.0556661616017804e+00	   9.7160898290769659e-01	   1.1186217325562535e+00	   1.1096791764813323e+00	   1.0387957110542800e+00	   8.6286344759547573e-01	   1.3343124214541791e+00	   1.0986638255907901e+00	   1.2809869214066967e+00	   1.0369041963414727e+00	   1.2572384027270165e+00	   1.3865597608540017e+00	   1.5303566362821972e+00	   1.6464401736344609e+00	   1.2687235409922684e+00	   1.0318320035186850e+00	   1.4436467773545780e+00	   1.2804375964298078e+00	   1.3820545710446162e+00	   1.6606266048986953e+00	   9.3472307183919257e-01	   1.0410757518643416e+00	   1.0811802793411915e+00	   1.0414483981924545e+00	   1.1905784592382709e+00	   8.5950924684371244e-01	   1.1385192836605731e+00	   1.1173161357079646e+00	   1.5212675802925968e+00	   1.4805466171518038e+00	   1.1878857713045057e+00	   1.4283256694283351e+00	   1.1892535119007013e+00	   1.1665658598046302e+00	   1.4025863475606637e+00	   1.3187134187610288e+00	   1.5517307115327279e+00	   1.5947172855797218e+00	   8.8975610778144043e-01	   8.9619486511170021e-01	   1.2994068956955296e+00	   1.4902302276374295e+00	   7.6621804724220710e-01	   5.9692369667761302e-01	   1.1177351832101430e+00	   1.1163051397965340e+00	   3.7980031282042648e-01	   4.1872759515729574e-01	   2.0119004692151310e-01	   3.7799782327467280e-01	   5.1847571830624928e-01	   4.1759955891412626e-01	   1.1659469211005506e+00	   1.0306636571821932e+00	   1.0722222754674851e+00	   1.0116702125822661e+00	   4.8970897110081557e-01	   6.8261612905687685e-01	   7.5844412323351262e-01	   7.3251668137619519e-01	   2.2701176917838284e-01	   2.9109201896082038e-01	   6.1672364753181788e-02	   3.8259151619585069e-01	   1.3682364016352733e-01	   5.0460864227241131e-01	   9.1480663213698232e-01	   7.8530145087616154e-01	   4.8996954018284816e-01	   1.0246892736505009e+00	   6.8024565691197247e-01	  -9.4468865818030462e-02	
   1.5427085715118032e+00	   1.3422409103926187e+00	   1.3649964441698452e+00	   1.1525493114755443e+00	   4.0546257720706375e-01	   1.7644313431438235e-01	   1.2036814357778154e+00	   1.1507867901910012e+00	   3.7718262073188530e-01	   1.7616718148848612e-01	   1.7359584550846243e+00	   1.5103327270872915e+00	   0.0000000000000000e+00	   1.4189318012242111e+00	   1.0858281710832398e+00	   8.4349966782111829e-01	   1.1803167765924272e+00	   1.5012511763579386e+00	   1.6222738336572768e+00	   1.4281774459250316e+00	   7.2412470693630759e-01	   5.8940998367892850e-01	   1.5015543145412531e+00	   1.2135454087210751e+00	   5.6708224172167754e-01	   4.4352831524086883e-01	   6.4925120642960676e-01	   5.5896041133856356e-01	   1.4234292599270133e+00	   1.5114289301845061e+00	   1.3053689418677803e+00	   1.3436668316826095e+00	   1.4097660738146551e+00	   1.3343665041071142e+00	   1.2589604327648944e+00	   9.6298578082260511e-01	   7.9631081671217241e-02	   2.1579457487307807e-01	   5.3124472928506061e-01	   8.1245500512315938e-01	   6.0474194351716082e-01	   6.2373730748394929e-01	   8.1952270478336953e-01	   7.9635531578690144e-01	   1.0280123382240671e+00	   8.8186847678171332e-01	   9.5451734705093905e-01	   1.0061898008528685e+00	   8.8261556437047761e-01	   6.9040257011955586e-01	   1.1053293507225785e+00	   9.0675025703503365e-01	   9.6762426369702415e-01	   8.7093363534977897e-01	   1.1351714632915746e+00	   1.2160690694660228e+00	   1.5498909155765266e+00	   1.3944081524445195e+00	   1.0631487239766746e+00	   7.1865157982807470e-01	   1.2400346752627607e+00	   8.8396490748188805e-01	   1.5974935062174538e+00	   1.4387316313697049e+00	   1.1715627749198849e+00	   1.0045763589593510e+00	   1.1243161660733452e+00	   9.5925269082742970e-01	   1.2086847372551364e+00	   9.5979647066480667e-01	   1.0670029858721544e+00	   1.0760631304307358e+00	   1.3207458148170519e+00	   1.2381413423233558e+00	   1.1440311182741267e+00	   1.2102124873523352e+00	   1.1316212377753974e+00	   1.0788633879002705e+00	   1.2465717255681348e+00	   1.4277231804629984e+00	   1.4670254213965723e+00	   1.6117077854258890e+00	   1.1369746771726423e+00	   1.0015595340524115e+00	   1.4749657299537182e+00	   1.4245116930403452e+00	   9.8625036006372913e-01	   7.3010388086310052e-01	   1.2610278451115697e+00	   1.1409830328567772e+00	   3.0681536588813052e-01	   4.2592346576431384e-01	   1.5118694653209283e-01	   4.0239536429885076e-01	   5.2806690341044660e-01	   3.3525535348742463e-01	   1.1635453311183639e+00	   1.0571801010440114e+00	   9.6232147025478054e-01	   9.7241863932360340e-01	   3.4528693514434716e-01	   6.1600719877254073e-01	   7.0020088886702136e-01	   7.0285554336240597e-01	   2.0837484824215619e-01	   3.2033218616939657e-01	   9.0275832824235708e-02	   4.5344056670233918e-01	   6.4633700761333096e-02	   5.5036621676847652e-01	   8.6807367425586091e-01	   6.6263937113569749e-01	   4.0684789755247247e-01	   8.3544718384240402e-01	   6.4570192114412461e-01	  -1.2360414772382361e-01	
