   0.0000000000000000e+00	   7.7715396764161171e-01	   4.1896616689795146e-01	   4.3244648703837629e-01	   3.9666477724572996e-01	   3.2849064045807730e-01	   6.3905867556588736e-01	   5.3370455083164714e-01	   3.1132248701606552e-01	   3.6995057377927210e-01	   1.9103741483054770e-01	   1.6597166008278758e-01	   4.2104012168993593e-01	   2.2552573339194817e-01	   3.8946329504623167e-01	   3.9606012393720447e-01	   2.6164898742634374e-01	   2.0861941532731298e-01	   7.0787839056254231e-01	   4.4200530619692685e-01	   4.8794981833351153e-01	   4.4878759665979262e-01	   2.5365643890731149e-01	   2.6509341962743027e-01	   1.5650678949523886e-01	   1.6752136490899566e-01	   2.9754702092807511e-01	   3.0429081973371019e-01	   1.6586113519945053e-01	   1.9474895292018807e-01	   2.2895482347734697e-01	   2.5611164480975379e-01	   6.4912381166101341e-01	   6.6959369830919979e-01	   2.2034583028878704e-01	   1.8573485093178899e-01	  -1.7188164243905726e-01	   2.5944220480765989e-01	   2.4276569590261704e-01	   4.8003966666917663e-01	   3.8235052953267701e-01	   5.0096629938956760e-01	   4.4001932471298716e-01	   2.8997774434072598e-01	   4.2842314293651779e-01	   4.5145586792143960e-01	   4.8549148357960686e-01	   4.4091398788730329e-01	   4.8132255035251048e-01	   4.3825813868380514e-01	   3.7064813301500749e-01	   3.4659253530260425e-01	   5.0311201837964181e-01	   3.2446153102267927e-01	   5.9011177829539641e-01	   6.1859990765237993e-01	   7.2343472945450205e-01	   7.8468438282403452e-01	   7.7414532375956913e-01	   7.0350319871786060e-01	   8.8231347857338160e-01	   6.1600710643730705e-01	   3.4477428682892031e-01	   3.1627582982416991e-01	   2.8210509130146749e-01	   2.7273224039071842e-01	   3.5222934346013279e-01	   2.7447771935673237e-01	   5.2270701882839210e-01	   3.2660149875060274e-01	   4.1402614337550610e-02	   1.4179182543672536e-01	   3.4303417577664558e-01	   1.3129858531294522e-01	   3.3952360183882663e-01	   7.7140118894750226e-02	   3.0681979508117563e-01	   4.3328767076038877e-01	   2.1192760045466733e-01	   6.1077987616623253e-02	   3.1675502780444065e-01	   3.4846775873111235e-01	   3.6594797727427231e-01	   4.6389814738510138e-01	   5.3981371297522451e-01	   3.6346733944352688e-01	   3.8938160812362482e-01	   2.3414443721221789e-01	   6.3781833557647072e-01	   6.6365707854941403e-01	   4.7676852049020246e-01	   3.4432069409017668e-01	   3.4507450616063295e-01	   2.7506429610318306e-01	   2.6693718467193162e-01	  -5.2225550280791733e-02	   4.4340482324758879e-01	   1.0815092477490493e-01	   6.4622045747231094e-01	   6.3823659188575577e-01	   5.5857431115622092e-01	   6.3123404123908955e-01	   5.9712746580573517e-01	   7.5869915162428359e-01	   3.2203730438833345e-01	   1.6775065365946917e-01	   2.4483334652704317e-01	   2.3954463552965793e-01	   1.9179980675817257e-01	   2.8526926249388540e-01	   4.4711360711064663e-01	   4.2182564910140519e-01	   4.2400777877148549e-01	   5.0992860696081443e-01	   6.1074209331502885e-02	  -1.3486226231402343e-01	
   7.7715396764161171e-01	   0.0000000000000000e+00	   2.7867029635233070e-01	   4.3773419321703466e-01	   2.4561880382958134e-01	   1.5790212085796876e-01	   3.6480029575306699e-01	   4.2307940673954580e-01	   1.3232159382314326e-01	   2.7588215105677827e-01	   3.4293187473911757e-01	   4.5432702281785098e-01	   1.0066236269895318e-01	   1.9498423879023391e-01	   1.2991377516947930e-01	   4.7667355495783870e-01	   2.6386978010262868e-01	   4.3543631988603365e-01	   5.2020365453154049e-01	   5.5328175492701970e-01	   2.3459400394092125e-01	   3.2858356291071100e-01	   2.9374789937916124e-01	   3.8034587201344211e-01	   1.5212474101708529e-01	   8.1590581383968602e-02	   2.1421239417066887e-01	   2.3012260126980777e-01	   1.8992630117584691e-01	   1.9252785060015665e-01	   2.8998187231936601e-01	   2.9507908330411942e-01	   5.4805340451642881e-01	   5.0931722172793881e-01	   1.5420778616861630e-01	   2.4864514067002513e-01	  -9.6294078762128685e-02	   4.2034293749353818e-01	   9.8179735144903760e-02	   3.5996881841307943e-01	   4.2828620897085423e-01	   5.4728375633327508e-01	   3.7123478569802920e-01	   3.4030972136423926e-01	   4.2808502435691786e-01	   4.2801495592264061e-01	   4.9006998034722582e-01	   5.5741939652197336e-01	   7.0309483450293619e-01	   5.2310560526731231e-01	   4.2963232196879958e-01	   4.4703593406589170e-01	   5.2507232196411047e-01	   3.8748891902836768e-01	   5.8914567271424867e-01	   6.2855986218404913e-01	   7.2945718588939235e-01	   1.0579344353008686e+00	   5.4975600755967657e-01	   7.3967800932990624e-01	   3.8791775072268991e-01	   4.6670608841995576e-01	   3.6216474372454399e-01	   4.1044935330005428e-01	   5.8214894030017852e-02	   2.2715076858330063e-01	   2.6373633212416686e-01	   3.7101250767438926e-01	   4.3493999730936483e-01	   4.3275696068847369e-01	   3.1661306149637913e-01	   3.7351268055460668e-01	   6.7311618666204720e-01	   5.2673758549516614e-01	   6.3189967926482071e-01	   3.3649769211237474e-01	   4.5235492126341259e-01	   7.5086159607826120e-01	   2.1746801419646053e-01	   1.9735302791866335e-01	   3.2448185217653630e-01	   2.3893827320390548e-01	   2.6331892051331940e-01	   4.4030634984429179e-01	   2.1114240185923602e-01	   2.4515527416372979e-01	   2.9029348100698116e-01	   1.3855408411498235e-01	   4.1417218242262527e-01	   5.2661531015204299e-01	   4.3086764971560759e-01	   1.9650066542958000e-01	   2.6177661076661041e-01	   9.7026916864943455e-02	   5.1330895364723142e-02	  -1.1126880847551075e-01	   2.9504959696872557e-01	   6.0081786661860447e-02	   6.9706603835412784e-01	   5.2364746617405289e-01	   6.0693304873446952e-01	   3.0602849862692338e-01	   7.0000918280756075e-01	   8.0345335387894168e-01	   2.3578042021416556e-01	   3.0761975265744319e-02	   3.6389687236166612e-01	   2.3198952305132040e-01	  -3.1251003730255814e-02	   6.5203898678487776e-02	   4.5815554598970110e-01	   5.3532931639807868e-01	   3.2648471444586818e-01	   3.5537866293232356e-01	   1.8298778115965189e-01	   6.6557050604249990e-02	
   4.1896616689795146e-01	   2.7867029635233070e-01	   0.0000000000000000e+00	   9.4225611495629658e-01	   1.1152941362438515e+00	   9.6669193542660814e-01	   1.3276391733265565e+00	   7.1762988410240180e-01	   6.6817369885041333e-01	   7.5636131157759734e-01	   1.6862834913445632e-01	  -2.1484544175002199e-01	   4.5572813383859274e-02	  -1.1920684334692583e-01	   6.4716359879601759e-01	   3.7326903944874495e-01	  -3.5424258552003063e-01	  -1.1247599686054871e-01	   9.5654381578099201e-01	   9.0031812865534044e-01	   7.3732702865517341e-01	   7.8186320497681194e-01	   1.5365606295861560e+00	   1.0465056851782724e+00	   1.1022205185285237e+00	   1.0186436147481597e+00	   1.2637271028760813e+00	   1.1287663801631347e+00	  -3.2311853359010839e-01	  -3.7449986215032338e-01	   7.1483763215472795e-01	   5.8354822602371437e-01	   3.6322864593398912e-01	   4.0160994631727387e-01	   9.2129458582268564e-01	   1.0396215202969934e+00	   2.1119393062449640e-01	   5.4516532908178827e-01	   7.9332551320087030e-01	   6.0814446667430899e-01	   4.0101539950804077e-01	   2.4119010149920417e-01	   5.6294831879082829e-01	   4.0358220649964688e-01	   9.9929687220750518e-01	   8.8492481477207452e-01	   6.3977365276150111e-01	   8.9074865599309838e-01	   7.1325295794599275e-01	   5.9933303846508967e-01	   8.3823748926066088e-01	   8.4146864338916671e-01	   3.2422183298712298e-01	   8.1646637061501481e-01	   8.2702110370528592e-01	   9.1008671879164083e-01	  -1.0396035555409808e-01	   2.1179160145997045e-01	   5.7503221206999933e-01	   5.9441262321665667e-01	   1.5219027529461443e-01	   2.8007960526944908e-01	  -1.9941425360826909e-01	  -2.4096051921835066e-01	   8.6424265112731180e-01	   7.6576397228391013e-01	   1.0126551406902433e+00	   9.8983774553095405e-01	   8.8854470508811689e-01	   9.8486446216678836e-01	   2.6186620485919387e-01	   4.0238004176835951e-01	   2.2065736626730412e-01	   1.7122468045838674e-01	   3.3575942189878122e-01	   1.9287574706346740e-02	   3.1531274044104873e-01	   4.6499711403908639e-01	  -7.0086632814644084e-02	   1.7547897968959506e-02	  -9.6776764589073139e-02	   1.1065090803381339e-01	   4.9148600830867917e-01	   2.0749898873199576e-01	   8.0510145264266020e-01	   9.5567758137199910e-01	   9.8606116598257265e-01	   6.2698575875591556e-01	   1.0584211785288657e+00	   1.0949459380362623e+00	   9.4427297222300921e-01	   1.1233116747515586e+00	   7.7737977684907877e-01	   1.0212481113262124e+00	  -7.8838108069207116e-02	  -2.1927704198986794e-01	   5.4719785808911570e-01	  -3.0450328952930161e-02	   8.1194390062736865e-01	   1.0228157055967380e+00	   4.0141890816266101e-01	   9.1170118846739179e-01	   4.3620976676796097e-01	   4.3574627425102685e-01	   1.1631807716358572e-01	  -1.0117135664513323e-01	   2.8766796584707488e-01	   3.1092207855545606e-01	  -1.4449591601815540e-01	  -1.3450912117035127e-01	   9.4788760851408904e-01	   7.0844769468478441e-01	   5.9245170434932093e-01	   5.0773978248113416e-01	   4.3186947564392975e-01	   1.0952397464661540e-01	
   4.3244648703837629e-01	   4.3773419321703466e-01	   9.4225611495629658e-01	   0.0000000000000000e+00	   9.7267000501454381e-01	   1.1628174509599953e+00	   1.1058261941742109e+00	   1.1922221625553779e+00	   5.0404735244640797e-01	   9.1973926148458807e-01	  -8.7686809470604709e-03	   1.3868349240240618e-01	   2.2757302944798337e-02	   1.4771784148914829e-01	   2.6915712071972464e-01	   6.8744486440854302e-01	  -3.3777908143792090e-01	  -2.7747636585238333e-02	   1.0116488419765264e+00	   1.0882641516859819e+00	   6.7546568634923221e-01	   7.9035895410425316e-01	   9.6668045025890448e-01	   1.3780980060728594e+00	   8.4359153737843251e-01	   9.1818105617271628e-01	   9.1622857081845122e-01	   9.6359225345804422e-01	  -3.1153993053899975e-01	  -1.5048956522127049e-01	   7.3056109599823738e-01	   7.1949274297966681e-01	   6.4466003970281105e-01	   7.9039743268328855e-01	   7.3368566403854640e-01	   9.2660316051701408e-01	   6.5333783729307510e-02	   5.8251707809286313e-01	   5.4990473645349847e-01	   8.0736948443332379e-01	   3.8446336927038183e-01	   3.7857494252547302e-01	   3.8233193927600628e-01	   2.5326779690169299e-01	   5.8731787227694388e-01	   6.1106277549774690e-01	   5.0061589829720265e-01	   7.2514679632490753e-01	   5.2998495395992129e-01	   4.8603022720647437e-01	   7.0242319891569760e-01	   7.3720683328139325e-01	   3.6906096530961735e-01	   8.0167865849945885e-01	   7.1541078623462562e-01	   9.6614969570576492e-01	   8.9508628089686584e-02	   2.6142783169603656e-01	   6.2456731906203145e-01	   7.1607330405476111e-01	   2.1600973359655234e-01	   6.7251553321311841e-01	  -8.8042935044183576e-02	  -6.3354907199253047e-02	   5.5271229595015869e-01	   9.1340540057395392e-01	   7.6177729840613040e-01	   8.9463131683616670e-01	   9.9702499938700817e-01	   8.5883113252415300e-01	   1.8311648126385202e-01	   2.9981224248676752e-01	   1.6605022863749230e-01	   1.9709353740916966e-01	   3.9953145892440617e-01	   1.2219077691436663e-01	   3.8639627139308447e-01	   5.8360524190778440e-01	  -1.3915981117578491e-01	  -3.2476978825589566e-02	  -1.3185819062801907e-02	   8.2743524752014339e-02	   5.3774681676422853e-01	   4.3224978368668460e-01	   4.7759977992505598e-01	   8.4649452919516188e-01	   6.6459415371423214e-01	   5.0599985809329961e-01	   8.6871523428027475e-01	   1.0618052485183489e+00	   1.3783990102316586e+00	   9.3162714122369850e-01	   1.2649881672702639e+00	   8.1746127779489042e-01	  -3.6297772839204975e-02	   7.6326741668618575e-03	   5.9023599532162940e-01	   1.8697682747807887e-01	   1.1705641996435774e+00	   1.1338963509727540e+00	   7.6670978900515885e-01	   7.9009307519638650e-01	   6.7267355411739205e-01	   5.9202678336548131e-01	   1.9116708392908371e-01	  -1.1232188838690990e-01	   8.5665303267672660e-02	   2.1902729247717835e-02	  -1.4246434874661104e-01	  -1.8640157972681298e-01	   6.6163217380445938e-01	   7.3952163773486068e-01	   9.3811650743959185e-01	   5.7729115143830001e-01	   3.9887539420490181e-01	   1.4206879502952546e-01	
   3.9666477724572996e-01	   2.4561880382958134e-01	   1.1152941362438515e+00	   9.7267000501454381e-01	   0.0000000000000000e+00	   1.3484398388802004e+00	   1.1024025814016587e+00	   9.7918846202029941e-01	   9.2958217665622400e-01	   1.1905239206032507e+00	   1.8957920050327823e-01	   1.9065314836310576e-02	   1.7313290252459035e-01	   1.6771913305975314e-01	   5.3465127777871968e-01	   7.1460483998793389e-01	  -1.6931042584237621e-01	   1.2843001173566995e-01	   9.3384652470373930e-01	   9.6800209414208682e-01	   7.4632711635921056e-01	   8.7980940938068741e-01	   1.0180987072806800e+00	   1.0150487725467443e+00	   8.0870957206887573e-01	   8.3611387516224878e-01	   1.1134167574516303e+00	   1.0131723585339760e+00	  -1.7659775882957654e-01	  -1.3892543920479244e-01	   7.8959829971119688e-01	   6.5700030218632277e-01	   5.0365619297639663e-01	   5.4122872609524664e-01	   7.4734798848603867e-01	   9.7528672022629825e-01	   1.3419717831235561e-01	   5.6277746249528404e-01	   6.6313748380773474e-01	   5.2614168929728899e-01	   3.9735133836482012e-01	   3.2881589158238383e-01	   3.3955179736070890e-01	   1.6781044533971681e-01	   7.0988246444699266e-01	   7.3250847521294649e-01	   5.2836139449113018e-01	   7.1226362709029334e-01	   5.1468765359619018e-01	   4.3807854878159830e-01	   6.4287081183292283e-01	   6.2408191729679185e-01	   3.1101330039079578e-01	   6.5393192408600298e-01	   6.7849397867447159e-01	   7.6052610789985065e-01	  -1.7125276983266317e-02	   2.2014886115031720e-01	   4.8894532406585478e-01	   5.5678826020394634e-01	   2.1327107355666083e-01	   4.5197859313012800e-01	  -4.7710850408854227e-02	  -5.0382926150251070e-02	   5.9713939153952100e-01	   6.3949579074163854e-01	   7.2813993961974055e-01	   7.9623515901566455e-01	   9.2013659080910670e-01	   9.4781021561117196e-01	   3.0025707825355374e-01	   4.2317992754380129e-01	   3.0295717981210085e-01	   3.0154727119499164e-01	   4.1132291914715924e-01	   1.1299415458865025e-01	   3.8666051386994665e-01	   5.7254273140377154e-01	   4.3317871506531644e-02	   1.3154542878458486e-01	   6.9644687086011209e-02	   1.6222837727905695e-01	   4.2757279785760177e-01	   3.2048326713442055e-01	   4.9118423425724145e-01	   6.5707456161644406e-01	   6.3795256257346467e-01	   3.4399588826100663e-01	   8.4865128164375481e-01	   8.5367710839696131e-01	   1.0466292647806932e+00	   8.5944130424530973e-01	   9.9237059411166373e-01	   7.6058226222991498e-01	  -1.9833135304621990e-01	  -1.6579781468378743e-01	   3.8157137798975505e-01	  -3.7289919652013351e-02	   9.4137662646038933e-01	   8.4634026469871593e-01	   5.8918898974909861e-01	   6.6707798896195070e-01	   5.0897526673646643e-01	   4.1922239023314722e-01	   1.0819112408721604e-02	  -3.1620348416834509e-01	   1.8712086409427409e-01	   7.6317886710883062e-02	  -2.5670700209933001e-01	  -1.7620918451469597e-01	   7.8026525050212148e-01	   6.9268372646275556e-01	   7.0656775345521849e-01	   4.5401777209005195e-01	   3.4395965538314205e-01	   1.3748373537497388e-01	
   3.2849064045807730e-01	   1.5790212085796876e-01	   9.6669193542660814e-01	   1.1628174509599953e+00	   1.3484398388802004e+00	   0.0000000000000000e+00	   9.8427420948494637e-01	   1.0625087035843428e+00	   6.8925687003636427e-01	   1.3206281125708781e+00	  -3.0655987555985902e-02	  -9.8314798761486057e-03	   7.1987264132055084e-02	   1.5206401419677978e-01	   4.2843169321919250e-01	   7.1834944281623936e-01	  -2.1679018384573590e-01	   6.0816366509960064e-02	   9.1967164881318120e-01	   8.5542368372198418e-01	   8.2620570405060800e-01	   9.6977176667789156e-01	   8.8685127977927403e-01	   1.1079210809648470e+00	   7.6895712944183803e-01	   9.6870708045565579e-01	   1.0424268651611561e+00	   1.0209038079304904e+00	  -2.1131532402567565e-01	  -8.8445214004920933e-02	   7.9378284625809614e-01	   7.5339897163591296e-01	   4.8645928556923551e-01	   6.0203824684644025e-01	   6.4393655921265502e-01	   8.3097613381363877e-01	   1.2782047313673423e-01	   4.4936397909235093e-01	   6.9587155035554793e-01	   6.0708577185293677e-01	   3.3517896225219240e-01	   2.8011814507341903e-01	   3.0795841907011712e-01	   1.8017505078212007e-01	   5.5941282022620142e-01	   6.5436253704183378e-01	   4.0837379695610565e-01	   6.1268846274641686e-01	   4.0966714709716379e-01	   4.7600562675653274e-01	   4.9943384908904082e-01	   5.8627899885408252e-01	   2.0161266383091569e-01	   5.7828172207695661e-01	   5.6418496957112407e-01	   7.3350118723125057e-01	  -2.4983634054407639e-02	   1.7286117430863540e-01	   4.5763151699641347e-01	   5.8485848447751787e-01	   1.4400086144742621e-01	   4.7683021140227849e-01	  -2.0818789845708008e-02	  -1.3686359131934377e-02	   4.7246057836330502e-01	   5.9831353705628343e-01	   6.0392996384767073e-01	   6.7828846905223950e-01	   8.5288518432354377e-01	   7.3567917494760515e-01	   2.0165087615392441e-01	   3.9702907216328032e-01	   2.1591305018340748e-01	   2.2569015726961861e-01	   3.5184705195746963e-01	   7.9557395718477877e-02	   3.1261346364889986e-01	   4.1478224420706045e-01	  -2.8606146014298100e-02	   1.0160913472083113e-01	   1.1362878996980169e-01	   2.2802581827801102e-01	   5.0611754626546201e-01	   3.9598645586094211e-01	   4.8583961345651583e-01	   6.4305404742270356e-01	   6.3659973088812327e-01	   4.1798266348292057e-01	   8.4712747835493074e-01	   9.1089247710571564e-01	   9.8654558915526736e-01	   8.3988680964967699e-01	   1.0200000885770690e+00	   6.9168682654409541e-01	  -1.5284749651336757e-01	  -8.4384488179700512e-02	   3.3464339503278906e-01	   7.3456543994719452e-03	   9.0707779156581414e-01	   8.3670914424458709e-01	   5.9675002509030417e-01	   6.2246499408908840e-01	   4.7598268200910487e-01	   4.0135836566386579e-01	   7.7457948119443856e-02	  -2.4983069577004446e-01	   1.4617144950647321e-01	   1.1705030031624003e-01	  -2.2212321773180180e-01	  -1.9769961645364367e-01	   5.4404681366496421e-01	   5.4246557930569062e-01	   6.5365123926858071e-01	   4.8311045998125091e-01	   3.5330843127847045e-01	   1.8407537719385594e-01	
   6.3905867556588736e-01	   3.6480029575306699e-01	   1.3276391733265565e+00	   1.1058261941742109e+00	   1.1024025814016587e+00	   9.8427420948494637e-01	   0.0000000000000000e+00	   1.1178308443042806e+00	   6.4246541895801668e-01	   7.9427950528411473e-01	   8.7316053466028526e-02	  -4.8167295082498701e-02	   2.0671160608377243e-01	   4.6125049829013061e-02	   4.1805156738093063e-01	   4.2238843425037387e-01	  -3.4036351422893729e-01	  -1.6886304428829604e-01	   1.0064641967831440e+00	   8.6115226097448150e-01	   7.6777219375530081e-01	   8.2853384742842073e-01	   9.0532207599866732e-01	   8.3274997931125894e-01	   6.9451053231511439e-01	   7.2912831025701019e-01	   9.1859719647950977e-01	   9.0960494064047237e-01	  -2.7018954084034286e-01	  -2.4686463887912022e-01	   5.4658232099796622e-01	   5.2869877025110024e-01	   6.1838663682314632e-01	   7.0335485346666549e-01	   6.8908116561822119e-01	   7.7991606740705854e-01	  -3.3568561079521012e-02	   3.6558903296868794e-01	   5.8015549086620366e-01	   6.4671603880763429e-01	   3.0725939086577980e-01	   2.7540996548957525e-01	   4.0467889269476953e-01	   2.4195176747559968e-01	   7.5009460317688648e-01	   7.2871034300335791e-01	   5.1885736757319201e-01	   6.8410625440965744e-01	   7.0689711690930201e-01	   5.7364740583714313e-01	   7.8462610834299462e-01	   7.6118259456009751e-01	   3.3163292661393057e-01	   7.2346891601837915e-01	   8.4328776528563065e-01	   1.0190552205605667e+00	   6.2732621377764612e-03	   2.2977925676336081e-01	   7.7879378417386558e-01	   7.7935730015735272e-01	   4.2434047662769259e-01	   6.1700746308733456e-01	  -1.8339434218714121e-01	  -1.5848746178734968e-01	   6.9715786953190184e-01	   7.7587552829811313e-01	   9.5164224888773419e-01	   8.9272102319976465e-01	   8.6928826397967174e-01	   8.2229261010898991e-01	   1.5038014133468156e-01	   3.0517532649238643e-01	   1.3607870919902842e-01	   6.4765980550012120e-02	   1.6106601757988756e-01	   2.1728075148637428e-02	   2.4737326777304228e-01	   4.2263056625827233e-01	  -1.8263670655467973e-01	  -1.7330537676954114e-01	  -1.3021873663396194e-01	   2.6766443756821419e-02	   4.7646583915184354e-01	   2.5640772755878283e-01	   5.7444571300588576e-01	   7.7949445262964701e-01	   8.0096548027887071e-01	   5.2807363810359498e-01	   1.1374069573963224e+00	   1.2076052652693345e+00	   1.1989113143571495e+00	   1.0721758912737915e+00	   9.5644055937293493e-01	   9.0122811197062280e-01	   1.4933462576519277e-01	  -2.8289639333825310e-02	   7.0884930996653439e-01	   1.5270091707370700e-01	   1.0262275716827036e+00	   1.1803017415893182e+00	   6.8417431522455674e-01	   9.9321976879167262e-01	   6.2512312411200432e-01	   7.1371938335646623e-01	   3.4965604164726322e-01	   5.1201205964811640e-02	   1.8545990799216780e-01	   1.7892106020406651e-01	   8.4686209468621654e-02	   6.3088288989340449e-02	   7.4671599620571050e-01	   6.5586942067190968e-01	   8.0840040469344887e-01	   5.2585475510719515e-01	   2.2570652118856038e-01	  -9.2259955274848301e-02	
   5.3370455083164714e-01	   4.2307940673954580e-01	   7.1762988410240180e-01	   1.1922221625553779e+00	   9.7918846202029941e-01	   1.0625087035843428e+00	   1.1178308443042806e+00	   0.0000000000000000e+00	   6.4568292149982609e-01	   1.2369029893448529e+00	   1.7757822857314165e-01	   4.1247948428778913e-01	   3.8969815520304563e-01	   4.7441459536678732e-01	   2.8070519911169278e-01	   9.0542275393156968e-01	  -1.6928591690687536e-01	   7.1474032952141955e-02	   8.1088111962724352e-01	   8.2480540214554909e-01	   6.5168900733821478e-01	   7.4406928780530091e-01	   6.7553863117229507e-01	   9.7195162223327902e-01	   4.4811007532529562e-01	   5.9284860726887401e-01	   6.5216112881983646e-01	   6.8061221532957905e-01	  -7.2578698918436046e-02	   2.6766753824686178e-02	   6.8130370839038434e-01	   7.6216103414798209e-01	   7.0832141397553006e-01	   8.6612377510952498e-01	   4.5274239286018853e-01	   6.6231430808909075e-01	  -1.5936919432502006e-01	   3.4649327886935483e-01	   4.1877758172496238e-01	   5.9025777510951138e-01	   2.6369640580132248e-01	   3.3383040864673130e-01	   1.5649360816576482e-01	   1.3241368170800833e-02	   4.0520443711839227e-01	   4.4826668302223199e-01	   3.2381708935055920e-01	   4.6228296691901793e-01	   4.4876534673354657e-01	   4.0769045168287266e-01	   4.9778172794481967e-01	   4.6343129942401995e-01	   2.5264936340739608e-01	   5.2719161251739677e-01	   5.6250551818129690e-01	   7.3766809757260077e-01	   8.2009429035251186e-02	   2.5615290844193533e-01	   5.2034320026656156e-01	   6.2208728729651919e-01	   4.7894934120110372e-01	   1.0757754243779536e+00	   1.2058248478657446e-02	   1.2542895066724744e-01	   3.8079332691710471e-01	   7.4880039696449108e-01	   4.6140768346537181e-01	   5.5978127043889969e-01	   6.8582331678877473e-01	   6.5648919969447861e-01	   2.9191954675195486e-01	   3.2392506728169917e-01	   2.7894683132126374e-01	   2.3281377320693911e-01	   3.3482011386972710e-01	   1.5255544917722252e-01	   2.9401870097771188e-01	   5.3424578473809059e-01	  -1.5207709049661508e-01	  -4.6265811724196797e-02	   3.2081463829256522e-02	   5.3177745363431402e-02	   5.2616689643997150e-01	   4.1319801181414223e-01	   2.2904275542215491e-01	   4.6941354996932272e-01	   5.5054063330527225e-01	   3.3339379729516355e-01	   7.8277595111434617e-01	   9.4466249466277596e-01	   1.1499549455237286e+00	   6.5299774489212148e-01	   1.0283948347537415e+00	   4.9369636782372006e-01	   4.5012848827443268e-02	   9.2129830898170936e-02	   4.4840294827017091e-01	   1.8821321180645484e-01	   1.0137120998755000e+00	   8.6027705600284776e-01	   7.8667662168424224e-01	   5.3654776282673211e-01	   6.5757106988538916e-01	   6.8395524282161069e-01	   1.7357802501190617e-01	  -1.6591844707890541e-01	   6.2415133010074189e-02	  -6.2374211729153479e-02	  -5.2389639857623113e-02	  -4.7241657247847679e-02	   4.8046401365702690e-01	   6.2166701499225252e-01	   9.5241850362094305e-01	   5.4439128997666986e-01	   2.3816686897651979e-01	  -9.6069747791777248e-03	
   3.1132248701606552e-01	   1.3232159382314326e-01	   6.6817369885041333e-01	   5.0404735244640797e-01	   9.2958217665622400e-01	   6.8925687003636427e-01	   6.4246541895801668e-01	   6.4568292149982609e-01	   0.0000000000000000e+00	   1.0448692863620979e+00	   4.4736720087968251e-01	   1.9570194813057834e-01	   6.9876944101817207e-01	   3.3821974325781595e-01	   9.8819449716641194e-01	   7.1227897524426387e-01	  -6.3583007535565894e-03	   1.7878181495266859e-01	   4.8385072530522188e-01	   5.1378565018989675e-01	   3.0088648195258050e-01	   3.4555504230264261e-01	   7.4047352272795253e-01	   6.2018564298253664e-01	   6.6714940786864418e-01	   6.5274399062659261e-01	   5.8461283169292688e-01	   5.3381644184352250e-01	  -7.4606843373157941e-02	  -9.7517669152392100e-02	   5.4544495893827460e-01	   4.7462574635124899e-01	   4.3555305528738703e-01	   4.0644700307351717e-01	   6.1142683991337687e-01	   6.5043270081109428e-01	   1.9151505687970177e-01	   4.0365835745972911e-01	   3.1616274051599880e-01	   1.3787225250360421e-01	   2.1699766205572701e-01	   2.0144973006244798e-01	   1.4368147572545856e-01	   1.3035453206826766e-02	   4.9313910404199557e-01	   4.1478179076755223e-01	   2.6508225279615893e-01	   3.8243922866863828e-01	   3.9229481353629853e-01	   3.1357280450510727e-01	   4.7112652738237282e-01	   3.8263970600323788e-01	   1.8140170412009884e-01	   4.7624391095922608e-01	   2.2262438319704553e-01	   2.7933809215009886e-01	  -3.4184721806769704e-03	   2.0405560065730907e-01	   2.2045426947952873e-01	   1.8012025519554709e-01	   3.7387937613897010e-01	   4.0624845680707128e-01	  -3.7777049262463586e-02	  -1.6751568903481690e-02	   6.1108116336370033e-01	   5.7827701127218134e-01	   4.1371868915017795e-01	   4.1321877906837201e-01	   5.5106329279072941e-01	   7.3700909584495589e-01	   3.3955788768154771e-01	   3.7642553191599076e-01	   3.8985498142419955e-01	   2.3677247006986124e-01	   4.1066225828531300e-01	   2.7106827357804492e-01	   4.5976036535723319e-01	   4.1717614956194765e-01	   1.3966962012540998e-01	   1.0106569668025953e-01	   6.2561716258667716e-02	   1.0349224078738431e-01	   3.8064945028779734e-01	   2.5763843527650399e-01	   4.0441248309575228e-01	   3.9387847346357158e-01	   4.8685317847603421e-01	   1.1414321376902770e-01	   4.0492466569646929e-01	   4.1844659298034270e-01	   5.6970733480080549e-01	   7.1680049001633184e-01	   5.4278710204253577e-01	   6.1103350208856455e-01	  -2.1251271077133152e-01	  -1.7126413119999873e-01	   8.4301760855310659e-02	  -1.3543926471879794e-01	   4.0935200462802207e-01	   5.0124215813506068e-01	   2.2237216651567931e-01	   4.2377269126510780e-01	   3.1687717984765651e-01	   2.4588608974513626e-01	  -7.4690646611354050e-02	  -2.8711555746453166e-01	   1.3324743252001087e-01	   1.0834250004950268e-02	  -1.9454643894024543e-01	  -1.4505005048918218e-01	   5.7952078451476230e-01	   5.9095963515423633e-01	   4.3578782327521220e-01	   2.2246217722996689e-01	   2.3678750988329722e-01	   1.1056299641164030e-01	
   3.6995057377927210e-01	   2.7588215105677827e-01	   7.5636131157759734e-01	   9.1973926148458807e-01	   1.1905239206032507e+00	   1.3206281125708781e+00	   7.9427950528411473e-01	   1.2369029893448529e+00	   1.0448692863620979e+00	   0.0000000000000000e+00	   2.8329146380756243e-01	   3.3196397391935034e-01	   3.8667010696603982e-01	   4.6506896730225050e-01	   5.8707972770009220e-01	   1.2169334419830542e+00	  -5.4914006469602436e-03	   2.6713201003759468e-01	   7.9086862107434186e-01	   8.5022691024333907e-01	   5.9027990783419693e-01	   6.9775895590024539e-01	   8.2139406058887710e-01	   1.0590931393324503e+00	   6.1674895651057826e-01	   7.7904548984524946e-01	   7.3331580116375172e-01	   7.0873010988298102e-01	  -1.7860885138839495e-02	   4.8007656908325411e-02	   8.6904221032500328e-01	   8.4072183887009877e-01	   5.7603784125986390e-01	   6.3445488689662588e-01	   5.4010168935010616e-01	   7.4233699147187659e-01	   1.2082544943263906e-01	   4.9421378905621399e-01	   4.7868167775467702e-01	   3.7109387080473405e-01	   2.8363407143117098e-01	   3.1081298047108108e-01	   2.0317682575758872e-01	   4.9474700309827029e-02	   5.1048189647143039e-01	   5.1731818032805477e-01	   3.4106544460010391e-01	   5.1310436061587328e-01	   4.1092394157084960e-01	   4.1698355237486301e-01	   4.5051824901886561e-01	   4.5775538124487747e-01	   2.6976657338840959e-01	   5.7344834807955514e-01	   3.9389881789108361e-01	   5.2528946001579069e-01	   8.6975031403041692e-02	   3.1367516429641346e-01	   3.7466161953226318e-01	   4.6282006465669440e-01	   3.5495135890601931e-01	   6.4140403712883276e-01	   1.4114390982473499e-01	   1.8752901724858728e-01	   3.9035118091132348e-01	   6.0767896600187732e-01	   4.1398596852117692e-01	   5.1428844196131429e-01	   7.5245761615996498e-01	   8.0570810685078098e-01	   4.0530947795532252e-01	   5.1114765104829996e-01	   4.2229760260711363e-01	   3.7809143527392169e-01	   5.0951100884262168e-01	   3.1398483246477460e-01	   4.8950627661705620e-01	   5.8164860957677844e-01	   8.6451185684205373e-02	   1.2976563862482254e-01	   2.0759267651830027e-01	   1.8626452491933970e-01	   5.6441626512366216e-01	   4.6548850048543716e-01	   3.1280191591996609e-01	   4.4622756592107310e-01	   5.3845241268829624e-01	   2.2554250694956587e-01	   6.2329397297586775e-01	   7.1693623357259118e-01	   9.5483990401657937e-01	   7.2650755598985817e-01	   9.6658343865846086e-01	   5.4090337565920454e-01	  -2.2499790925872867e-01	  -1.4051874934381231e-01	   1.5550944665462435e-01	  -8.1504785986822842e-02	   8.2439921616296530e-01	   7.3690372897337952e-01	   6.1219935728507513e-01	   4.8600182347955467e-01	   6.0479500141751763e-01	   4.7351692095565728e-01	  -1.5830077143545226e-02	  -3.7689512056561675e-01	   1.7217306643573774e-01	   2.6517544254006254e-02	  -2.8589324293459384e-01	  -2.1091620461797111e-01	   5.9167072425737599e-01	   7.4996314448783064e-01	   7.3382199040966267e-01	   4.5011888498854574e-01	   3.3022808886446636e-01	   1.5437475314529614e-01	
   1.9103741483054770e-01	   3.4293187473911757e-01	   1.6862834913445632e-01	  -8.7686809470604709e-03	   1.8957920050327823e-01	  -3.0655987555985902e-02	   8.7316053466028526e-02	   1.7757822857314165e-01	   4.4736720087968251e-01	   2.8329146380756243e-01	   0.0000000000000000e+00	   4.3071320003807667e-01	   5.5820844637885270e-01	   2.4285365868640263e-01	   4.9484019918098476e-01	   4.6093158134805090e-01	   3.7332027327533024e-01	   6.3153117403652004e-01	   1.6960398220200604e-03	   9.7645544221901165e-02	  -2.0412033884989464e-01	  -1.7585891618579716e-01	   2.5455168169912457e-01	   1.9546682160765208e-01	   1.3296559199293470e-01	  -7.3181747275345649e-03	  -5.5661276976885263e-02	  -1.4727005650947667e-01	   4.8084627886572961e-01	   1.6418810810093643e-01	   3.7815933303316301e-01	   3.4666784358809527e-01	   2.0566263493783132e-01	   1.2765105812429325e-01	   1.3441498340859778e-02	   8.3226375263754315e-02	   9.7278096001524456e-02	   2.0844115820262138e-01	   2.1662999502940993e-02	  -1.6855744728946609e-01	   1.9572141583350500e-01	   2.5951906791394197e-01	  -7.8390576269415507e-02	  -1.0016483702743606e-01	   1.6216268768644543e-01	   2.8963389342396711e-02	  -2.8473969430913650e-02	   7.6222301237953163e-02	   2.4808166584533717e-01	   1.6696750634985297e-01	   7.2796975826041957e-02	   6.2756164274036089e-02	  -3.6402041289077466e-02	   1.5650263540069106e-01	  -2.2650529064879292e-02	  -8.0388247975169594e-02	   1.9819291745542533e-01	   3.6920140411480135e-01	  -1.3305257092899833e-01	  -7.4238650002961287e-02	   1.4744988885304600e-01	   1.4184391773273156e-01	   1.7258507169394818e-01	   1.4081150184336619e-01	   1.4997607914780009e-01	   9.2600517811972843e-02	  -9.8014041068215763e-02	  -2.1390627876051314e-02	   3.4838398917090022e-02	   3.2409883917737559e-01	   4.4360911892605059e-01	   2.3618562807155322e-01	   8.6621691551856372e-01	   6.7429660919074719e-01	   4.6008887716415425e-01	   2.6226040402650697e-01	   2.8113864945297445e-01	   3.6463855859473498e-01	   4.5587760834382035e-01	   4.9300069011403247e-01	   2.4178500953242543e-01	   1.0886318672054451e-01	   2.9164623858424144e-01	   2.4101499315673117e-01	   7.3811698734230186e-02	  -8.2468588054830733e-02	   2.1511511752725226e-01	  -1.6679896797487984e-01	  -8.1651621063601895e-02	  -5.0500697065274922e-02	   6.7824427436856322e-02	   4.2959886752938409e-02	   5.9713616233652914e-02	  -4.2317892884139077e-02	  -2.0839944916134809e-01	  -1.8118841757868975e-01	  -1.0377692955200550e-01	  -1.7655885791797588e-01	   5.5500248575141457e-02	   1.2047421490444217e-02	   6.6337697458815265e-02	  -2.2991222346616619e-02	   1.6786625610224115e-01	   1.6438728250918475e-01	  -1.9655895658945705e-01	  -2.2287697039419255e-01	   1.5946548829491033e-01	   9.3828141891122874e-02	  -2.1933788868300821e-01	  -1.3504246827011337e-01	   2.8272591350460263e-01	   3.1262626665242810e-01	   1.2232454185147719e-01	   3.9809078271441561e-02	   1.7943153048579166e-01	   1.0347804324140372e-01	
   1.6597166008278758e-01	   4.5432702281785098e-01	  -2.1484544175002199e-01	   1.3868349240240618e-01	   1.9065314836310576e-02	  -9.8314798761486057e-03	  -4.8167295082498701e-02	   4.1247948428778913e-01	   1.9570194813057834e-01	   3.3196397391935034e-01	   4.3071320003807667e-01	   0.0000000000000000e+00	   5.1593405908218792e-01	   1.1583055149721966e+00	   4.8264696499479773e-02	   7.7710892405719811e-01	   4.7316030685242672e-01	   5.3667085696218653e-01	   1.9991891201647217e-03	   1.4982574768716281e-01	  -1.6565141057628424e-01	  -8.5579113659876263e-02	  -1.7879638080844595e-02	   2.0841115986188266e-01	  -1.3785969288074248e-01	  -1.1174782998724213e-01	  -2.1241896035050728e-01	  -2.0527852104785660e-01	   5.0910221827999924e-01	   6.2766929237426405e-01	   3.4983920295411858e-01	   4.5638768057036855e-01	   4.7579161090081623e-01	   4.7665304262970376e-01	  -1.4091121600875908e-01	  -3.4337453840907230e-02	  -2.0458958769292307e-01	   1.5352598771602738e-01	  -1.8161874459458216e-01	  -4.9471441428147994e-02	   1.9620852312207859e-01	   4.3049537815417405e-01	  -8.7583245050309871e-02	  -1.6522155717185094e-01	  -7.7389576404537114e-02	  -5.9241480456002908e-02	  -2.9445328871623658e-02	   4.7544894901730417e-03	   4.5225815489629256e-02	  -7.6990649515741522e-03	  -3.4851953137251875e-02	  -9.0921839461654302e-02	   4.6493516226885148e-02	  -4.5553438801100521e-02	  -6.7409767997457196e-02	  -2.4370949147143738e-02	   3.2945455528104289e-01	   2.9711459020937470e-01	  -1.0798977577088706e-01	  -3.2416714170989701e-02	   3.5355818129693084e-01	   6.2472450468997309e-01	   4.8122541516089978e-01	   6.9524225648178140e-01	  -1.9559929265548673e-01	   8.6611035585380344e-02	  -2.9017901382005545e-01	  -1.4260902643374668e-01	  -3.9371432654506419e-02	  -1.0817784641987623e-02	   4.2188644869423797e-01	   2.3066808610103162e-01	   4.9055887937886700e-01	   5.4083942482232106e-01	   4.3568105404446245e-01	   4.3936355290704454e-01	   3.9171614926272524e-01	   4.7740217224294962e-01	   1.5600654546207599e-01	   2.3385281689101764e-01	   3.7806987977066292e-01	   1.2903251353829714e-01	   3.2697670274990159e-01	   4.3818652476070030e-01	  -3.1895927594464385e-01	  -1.9215227922310854e-01	  -9.1868466257417250e-02	  -2.4279848387654435e-01	  -1.4191172671287050e-01	  -3.0517945803378289e-02	   9.2942214104022702e-02	  -2.5487077426403359e-01	   7.5932096915243441e-02	  -3.4348986372117329e-01	  -1.0168469802247374e-01	   1.2559490374849946e-01	  -8.8745320580496681e-02	   8.5563707704284356e-02	   2.0723239076117378e-01	   2.6335923913192560e-02	   2.3910880158527265e-01	  -2.5816663008982943e-01	   3.3228179042759742e-01	   2.5117417708792938e-01	  -2.2305878300766391e-01	  -3.4797874495798609e-01	  -1.1250711847390273e-01	  -3.8173554689415029e-01	  -1.5837980289836909e-01	  -1.0065173345091750e-01	  -1.0742646373690035e-02	   3.0541252603550301e-01	   2.5825822613349930e-01	   1.8238907740225727e-01	   7.4415974499649706e-02	   6.5270584103682069e-02	
   4.2104012168993593e-01	   1.0066236269895318e-01	   4.5572813383859274e-02	   2.2757302944798337e-02	   1.7313290252459035e-01	   7.1987264132055084e-02	   2.0671160608377243e-01	   3.8969815520304563e-01	   6.9876944101817207e-01	   3.8667010696603982e-01	   5.5820844637885270e-01	   5.1593405908218792e-01	   0.0000000000000000e+00	   6.5698767755064502e-01	   5.9904793412017332e-01	   4.5041832130268855e-01	   3.3455290137141441e-01	   2.5357430419447130e-01	   4.5224096430698281e-02	   4.5959704467281922e-03	  -5.2171162669166623e-03	  -3.8540119398736396e-02	   7.8297738991092200e-02	   6.2046207732622892e-02	   3.3654981406419524e-02	   5.5695675436821156e-02	  -4.8745806416354502e-02	  -8.9553242648889475e-02	   3.0763429192485181e-01	   2.8054729619184110e-01	   1.8367655758748691e-01	   2.5785803411384206e-01	   4.3064518085371073e-01	   4.3275906633407868e-01	   4.1836814156407012e-02	   1.2042697591750843e-02	  -1.1506716003777070e-01	   2.3148097405282899e-03	  -1.0172205378291807e-01	  -7.2307757845262222e-02	   7.8190941347318577e-02	   2.6085306387401935e-01	  -1.5114006914007455e-01	  -2.4911113085557851e-01	   1.9178595169005240e-02	  -2.7019434212801993e-02	  -1.0172040617386882e-01	  -1.2036254344807684e-01	   1.0920334183343428e-01	   9.5138072529096229e-02	   3.0404295753329719e-02	  -6.5304038230799041e-02	  -3.1456054683011832e-02	  -2.3200220803453294e-02	  -1.3210935663232634e-01	  -1.0804705117834602e-01	   2.0154865428714658e-01	   2.0064831103106029e-01	   4.0986118499681916e-04	  -9.4618248141363340e-02	   6.8642096322076918e-01	   5.0986243897063899e-01	   1.5324596232762183e-01	   1.8530130677142076e-01	   2.2305647867983092e-01	   2.0758035809264061e-01	  -1.3084110360039000e-01	  -1.8604912057313400e-01	  -1.4529788316939520e-02	   1.1781232294257982e-01	   1.3935919072104785e-01	  -4.1283442612461375e-03	   3.8271687906392787e-01	   1.3797275875422443e-01	   2.2679119409219511e-01	   1.3620117189046571e-01	   1.1394223033662106e-01	   1.2077330527935838e-01	   1.7640856197824312e-01	   8.8018626245975520e-02	   1.9580271985210973e-01	   1.4107994279298630e-01	   2.9121818522644594e-01	   2.5059056978348482e-01	   1.2192121369518556e-01	  -6.6076214487504920e-02	   8.8428496216085756e-02	  -2.0624841905099672e-01	   4.3181091672322728e-03	   2.7482681044053308e-02	   1.0743909202289513e-01	   9.0411403474098165e-02	   8.3045533021914947e-02	   2.3924630472309201e-02	   1.3107618911990232e-01	   1.2821233901739371e-01	   4.4180147079264341e-02	   7.5304665375682256e-02	   1.3824117471794697e-02	   7.8626153697223894e-02	   2.0198194518205047e-02	   2.6424094423509310e-02	   1.1584552578345360e-01	   1.6082353041212233e-01	  -6.8061476690135403e-02	  -7.8792551970015834e-02	  -1.3318351422208013e-01	  -2.2882378333439851e-01	   1.5388822716171235e-01	   1.7141279780426216e-01	   6.3033416085736246e-02	   1.8869254568113736e-01	   1.8973725744253409e-01	   1.3076620005519138e-01	  -7.0368513342954339e-02	  -1.6236587921188586e-01	
