   0.0000000000000000e+00	   1.0150056076013532e+00	   7.5475751871383867e-01	   8.9203462384180554e-01	   4.0400090546957296e-01	   3.7905996321472973e-01	   5.0128157783560412e-01	   7.1201788279673062e-01	   3.6975726769390527e-01	   3.1279767972259220e-01	   7.0840971094754901e-01	   8.4519830369542803e-01	   6.3026290871212198e-01	   6.0681599282668197e-01	   5.6244974117294644e-01	   4.5439667756288260e-01	   5.2376416003612369e-01	   4.4231805090091803e-01	   1.0953873267911933e+00	   1.1775257964846533e+00	   4.9620501687885671e-01	   3.6621971820789218e-01	   5.3331859939872195e-01	   5.5731478530009793e-01	   4.4255786941249919e-01	   4.2897067966168723e-01	   3.3627192948727119e-01	   2.9742443777107563e-01	   3.9736675779324082e-01	   4.6196187979701886e-01	   5.0972315480241415e-01	   5.7822768336429964e-01	   8.4291112628754516e-01	   7.9761842147660278e-01	   3.7424336299341804e-01	   5.0328025863998760e-01	   1.2367447810232059e-02	  -1.8667500397061842e-02	   4.0470925669129837e-01	   2.6554827404390091e-01	   4.6077607786825397e-01	   1.7995257373806181e-01	   6.2332644755133548e-01	   4.2828719468294818e-01	   3.4447936368658300e-01	   3.3348644237170522e-01	   7.5119322183777981e-01	   6.4196421037627593e-01	   4.8361516794960618e-01	   4.0163222153990774e-01	   4.5409617551626924e-01	   4.2164654160110671e-01	   5.3334425380616479e-01	   5.8333024639104214e-01	   8.3912339922476820e-01	   9.2248328474206498e-01	   1.0383281735468366e+00	   1.0217112214641213e+00	   7.4237315131945314e-01	   7.7367526461466041e-01	   6.3618519559052722e-01	   6.8465421000606597e-01	   7.0007591836945438e-01	   7.8221342680334194e-01	   2.3752221989758521e-01	   4.4371824069355303e-01	   6.8548934541436124e-01	   6.1225089219493956e-01	   8.2489286584965171e-01	   9.1310263563903316e-01	   1.6035216961684068e-01	   1.6294406411612175e-01	   7.2170766980550827e-01	   6.1887638597622607e-01	   6.9213306305900513e-01	   6.0050695347359118e-01	   7.2511896138965992e-01	   6.8250356035351833e-01	   5.3464273568466447e-01	   4.6988507666159679e-01	   8.8492225411319592e-01	   7.9767014746590448e-01	   5.9551792803467563e-01	   5.7898319455385749e-01	   5.3828970454125247e-01	   8.5372834204207204e-01	   4.5749082242197414e-01	   4.6796714630072012e-01	   4.6413724782802590e-01	   5.8733559226885645e-01	   5.3178595282349328e-01	   3.8451568906335581e-01	   4.4400637791147102e-01	   3.1397757633583151e-01	   4.8482313551910883e-01	   4.1052557945058343e-01	   6.4322722535570942e-01	   7.6367923083371037e-01	   9.0101920794680712e-01	   8.8932381169995356e-01	   2.9635937277768432e-01	   3.6598185612055201e-01	   3.2095217034465501e-01	   2.3799398246057601e-01	   1.9415396790428113e-01	   5.8673089989767585e-02	   1.1160097191523471e-01	   2.3619732321945991e-01	  -6.5059902947050795e-03	   8.4028203085390843e-02	   7.0586104059162358e-01	   6.7926582119316148e-01	   7.9351945394642487e-01	   6.7124818139276587e-01	   3.7550309429131323e-01	  -1.3431019933615662e-01	
   1.0150056076013532e+00	   0.0000000000000000e+00	   6.5668591177163105e-01	   9.6140028835837887e-01	   4.9033554295947207e-01	   4.6189030862330194e-01	   5.9691220299414982e-01	   7.9926403341961627e-01	   4.0654105326720363e-01	   3.1007847855025128e-01	   7.9595288728637881e-01	   7.6745550194085244e-01	   7.8953553529844012e-01	   7.8233290462701022e-01	   6.2802003312638988e-01	   4.8363837453090541e-01	   2.6414699155251542e-01	   3.4052826288156030e-01	   8.8813911586211480e-01	   1.1426315046261195e+00	   6.2294073200785727e-01	   5.1619265448448026e-01	   6.8709961015078147e-01	   7.1582690008757766e-01	   7.3438617278441876e-01	   7.3256548448193215e-01	   4.3878430501741839e-01	   3.7796222703524845e-01	   2.9378965567816018e-01	   3.6318941458017734e-01	   8.3365467953686001e-01	   8.9340969233873291e-01	   9.8232389489231497e-01	   9.9401288297384560e-01	   6.1963758210239628e-01	   7.8873166238456294e-01	   2.5031899752599085e-01	   2.9358128230554659e-01	   6.7410493587702847e-01	   5.1483738472137752e-01	   6.0864186529406106e-01	   4.6514203997373621e-01	   9.9971634916068386e-01	   9.9482523272564849e-01	   6.8722897508958414e-01	   7.5819287227775056e-01	   1.1659667879397979e+00	   1.0538893739548012e+00	   8.6842768463427766e-01	   7.4676676132127584e-01	   7.9978591040610514e-01	   7.4331666733242652e-01	   7.5875054235944528e-01	   6.7947122034692475e-01	   8.9518819668644523e-01	   1.0810846401083645e+00	   7.4519844472167440e-01	   9.5602415803882657e-01	   7.1781056293911238e-01	   7.7750773754992686e-01	   5.7136146456815129e-01	   7.0899147849102773e-01	   3.6271408688854345e-01	   4.9520674910895746e-01	   3.7097471948117305e-01	   5.1814712514562689e-01	   7.8313459872595037e-01	   7.2562399022262236e-01	   8.0530892673464105e-01	   8.3372718948315039e-01	   3.6015198258876580e-01	   3.8235425878728235e-01	   7.1218461493383511e-01	   6.9431110211649705e-01	   7.9905225066811014e-01	   6.2390558873177537e-01	   7.1965479294922763e-01	   8.2785624671081814e-01	   4.8986247037951497e-01	   6.1542145747152333e-01	   7.8801970351891082e-01	   8.1177248750923858e-01	   7.0992351561182510e-01	   5.6789870404450760e-01	   7.3148161000921841e-01	   9.4946876351319898e-01	   4.6271757694551940e-01	   4.5216801499602227e-01	   3.9703371887030192e-01	   4.8386342447442160e-01	   4.1998083107345419e-01	   2.3197791692337394e-01	   3.3483341916480669e-01	   2.4187928142629511e-01	   5.9472816054504518e-01	   5.6489717563840447e-01	   9.9272351695598593e-01	   8.4504123988899493e-01	   7.9289787544007995e-01	   6.8228268286152571e-01	   2.4864407853634510e-01	   2.5378187340545011e-01	   2.4388327387287578e-01	   7.1732539420436781e-02	   3.7321051105860858e-01	   3.1587323215829777e-01	   6.3368737716806248e-02	   1.1652506248717158e-01	  -1.0312122939624238e-01	   5.1559214888155964e-03	   8.0414641190114922e-01	   7.2902616766898065e-01	   6.7508568937507796e-01	   4.6529695905156065e-01	   3.9862151722589323e-01	  -6.9058047128977548e-02	
   7.5475751871383867e-01	   6.5668591177163105e-01	   0.0000000000000000e+00	   1.4297387366163135e+00	   7.7727198209014758e-01	   6.2565975547822206e-01	   1.0899997224089633e+00	   8.7623985992615738e-01	   6.7288908692726668e-01	   5.3617366637465602e-01	   8.7626928149745686e-01	   6.6435195091468235e-01	   7.9189636231020399e-01	   6.2875816115519467e-01	   8.6494770929200260e-01	   7.3335069374491757e-01	   4.6422483360022866e-02	   1.1825027802021018e-01	   1.1492891234261864e+00	   9.3314255880365793e-01	   5.3676100658799641e-01	   5.0801646000326373e-01	   1.1938733949501530e+00	   1.2360759702412805e+00	   6.4727415113290188e-01	   6.7637577533815063e-01	   5.2981644626829150e-01	   4.3292754126210053e-01	   1.1705635341461949e-01	   1.5333774844575682e-01	   4.9872912226567889e-01	   6.4419303483694379e-01	   7.9222132391466638e-01	   7.5007377525601826e-01	   8.6421194322498285e-01	   7.4824999125664649e-01	   1.6796326188253741e-01	   2.0846208518342979e-01	   3.7434724035799344e-01	   2.2403473037101732e-01	   4.2090084337255418e-01	   2.5685993592636935e-01	   4.9402060354264665e-01	   5.7406839060318893e-01	   1.6788746186196535e-01	   2.7896240448395049e-01	   7.1792601996094541e-01	   7.5551029648747403e-01	   1.7067662221897908e-01	   2.5202865322901513e-01	   4.9034138255940374e-01	   4.3606790377593763e-01	   7.4036195497907942e-01	   8.4914760175201254e-01	   7.1540109256767259e-01	   6.7663922768828400e-01	   3.8672712273102305e-01	   5.7642896779592467e-01	   5.0955646207688599e-01	   5.1201799036098328e-01	   4.0155061442684092e-01	   6.8219788314959906e-01	   1.6392902246917054e-01	   2.4638562805727543e-01	   7.7447785868408880e-01	   8.1065297762231492e-01	   8.5909746542594001e-01	   6.7053194496816582e-01	   8.1904512027948162e-01	   8.5557766402233382e-01	   6.3758262350276138e-02	   1.4990313006067010e-01	   4.0905433928483903e-01	   5.2941762285701410e-01	   4.6075120182468077e-01	   5.7209995310323314e-01	   5.9976094147995673e-01	   6.4575778213684809e-01	   2.0034403337633180e-01	   3.5634497294234191e-01	   4.6232316076277946e-01	   7.0768729720811541e-01	   6.5574708816407867e-01	   7.8901087887715660e-01	   9.7919464977130211e-01	   9.9141050286561683e-01	   3.8859326174919723e-01	   4.6628605080864327e-01	   5.5484089977721596e-01	   5.9884668799221363e-01	   1.0157550659397576e+00	   8.5260257569989295e-01	   7.2278480474596563e-01	   8.2421639662785440e-01	   3.3077036773261120e-01	   3.8146643692099280e-01	   5.4637001589473666e-01	   5.4629349465745902e-01	   8.2503640857552707e-01	   8.5890214690017030e-01	   1.8391696337488647e-01	   3.0479577618033066e-01	   1.3846581760061560e-01	   2.0653351675938156e-02	   2.0006752459993374e-01	   1.1422482042529904e-01	   1.3851609201154949e-01	   2.0367642118897689e-01	  -7.2887390721152787e-02	  -1.4790913445504572e-02	   8.2184030392581842e-01	   7.2544331748704849e-01	   7.9095441324302584e-01	   4.8393509063926599e-01	   4.8023352444723022e-01	  -1.7796030760118614e-01	
   8.9203462384180554e-01	   9.6140028835837887e-01	   1.4297387366163135e+00	   0.0000000000000000e+00	   7.1948379119388217e-01	   6.7130481336907366e-01	   1.1932566938105129e+00	   1.3411324387715888e+00	   6.5649174373036956e-01	   4.9862783508055858e-01	   9.7441212113915221e-01	   7.6605185728431757e-01	   8.5355476076641779e-01	   7.4525529235765020e-01	   7.7029049566043006e-01	   6.6951618128093104e-01	   1.3581981224867892e-01	   1.9256183095505769e-01	   1.1554049997134663e+00	   1.0875630837962864e+00	   5.5590471199258962e-01	   5.0260292645182658e-01	   1.0720604638592492e+00	   1.1909833392531692e+00	   6.6472085133159964e-01	   7.7714101035304584e-01	   4.7821261421124606e-01	   4.2528820773684323e-01	   1.7114695267189978e-01	   2.4997456046776878e-01	   6.1220145717869889e-01	   8.3836730170749862e-01	   1.0934924845645371e+00	   1.0767118142151286e+00	   8.7115230105178665e-01	   9.1495516063400562e-01	   2.0859153490543467e-01	   2.1943619090644184e-01	   5.1741579541684746e-01	   3.6454877093283611e-01	   5.1404439897809151e-01	   3.6481514972239548e-01	   7.5205139582528502e-01	   7.7471480496882239e-01	   4.4282878895713734e-01	   5.2925752764655309e-01	   1.0240286833421144e+00	   9.8899652115565595e-01	   5.4473827940635045e-01	   5.4193253862313218e-01	   7.2509715498820715e-01	   6.4490231627579686e-01	   7.9128867491829080e-01	   8.2929908375888894e-01	   8.9194154628965316e-01	   9.5794645960824942e-01	   5.0323580529851841e-01	   6.7904655868337083e-01	   6.5259924394820235e-01	   7.7563713475620644e-01	   5.2170382512412861e-01	   9.3272328148828487e-01	   2.1446439540800410e-01	   3.3376531225026912e-01	   6.9476338331321141e-01	   9.4358191219267684e-01	   1.1278061542641447e+00	   1.0073334802129723e+00	   7.9646252725684841e-01	   8.8499320317968144e-01	   1.8996438414800110e-01	   2.4498294142038218e-01	   5.7065471997165740e-01	   6.6570009046959810e-01	   6.1341801947085683e-01	   7.3340117001028171e-01	   7.2364445650252207e-01	   8.7748859338524188e-01	   3.0260680638684112e-01	   4.3114910825574299e-01	   5.8708894701677450e-01	   7.4937283716881231e-01	   7.1739990276683308e-01	   7.6947224687747062e-01	   9.4554490082016673e-01	   1.1744608891756543e+00	   4.9248250467561633e-01	   5.5710727394309123e-01	   5.1475740724823449e-01	   6.1960542669789342e-01	   9.6755720514781163e-01	   6.0872600930680210e-01	   7.8607458813147890e-01	   6.4098922265690550e-01	   5.5102868646400482e-01	   5.7914182019474425e-01	   8.3369559095106438e-01	   8.0303873873924192e-01	   1.0692625658037709e+00	   9.3072544941893076e-01	   3.6758163290983875e-01	   3.9735606158916131e-01	   3.1323750695954683e-01	   1.0445110407200693e-01	   3.4018517942473875e-01	   2.6383190612788188e-01	   1.7845366983868394e-01	   2.3903251363423814e-01	   7.9901457982874471e-03	   3.3220678532219056e-03	   1.0059120058015238e+00	   8.4920884156042631e-01	   9.2223371614381533e-01	   5.4239165771687159e-01	   4.5714558305885289e-01	  -6.3881041781338674e-02	
   4.0400090546957296e-01	   4.9033554295947207e-01	   7.7727198209014758e-01	   7.1948379119388217e-01	   0.0000000000000000e+00	   1.4030417216456037e+00	   9.1023558609270672e-01	   6.6571236892341279e-01	   1.4556365703825291e+00	   1.2324765671315163e+00	   5.6534585722302733e-01	   3.8090788186452396e-01	   6.9936913642605625e-01	   6.2877843323403537e-01	   1.2407799342844321e+00	   1.1911070096945089e+00	  -2.8815763829333224e-01	  -1.9184356418466317e-01	   5.0614970409376825e-01	   4.3396163274012739e-01	   1.0025045622126636e+00	   9.7235147896635377e-01	   8.2827169573315662e-01	   8.3397100992289319e-01	   8.1979431342152753e-01	   8.9858100902751459e-01	   1.2322768003311710e+00	   1.0911503335443717e+00	  -1.6225781252186680e-01	  -1.8626382764885999e-01	   4.1814573678633554e-01	   4.4869649138032186e-01	   4.4040223727813654e-01	   3.9824817640162535e-01	   5.2816320581970766e-01	   5.3085852955224166e-01	   1.0882594827784703e-01	   1.4013242330987433e-01	   6.6997263551279373e-01	   5.1128584979888392e-01	   5.5662215955611227e-01	   3.0415142723367261e-01	   2.6348121454656259e-01	   4.0506865825697197e-01	   8.6867830636956495e-02	   1.4112988703404095e-01	   6.6659328281307095e-01	   6.1049386513946691e-01	   1.1556339732747040e-01	   1.4864013192461745e-01	   4.0685641013795404e-01	   3.7220837524344236e-01	   7.1608781194058391e-01	   7.1559343337530879e-01	   6.4676356590997064e-01	   6.0316568681879135e-01	   7.4574709931046923e-02	   1.9058190231759561e-01	   4.4923384068453237e-01	   4.4316868151663569e-01	   3.9234290439590186e-01	   4.9986247868933237e-01	  -1.5276005348886434e-01	  -7.5899396309328848e-02	   6.6444726560939027e-01	   6.2532905080710277e-01	   6.6330617978498685e-01	   5.3871363008037421e-01	   5.5007444293134211e-01	   4.0447144906597676e-01	   3.1756579859270573e-01	   3.3388619236047939e-01	   2.8850887967985006e-01	   2.2344800333884604e-01	   3.3259083527800076e-01	   2.1335325410410702e-01	   2.7507731196113344e-01	   2.9222178936316218e-01	   2.3420634318241988e-02	   1.6375884902183691e-01	   2.6407386924850029e-01	   4.5913737590847736e-01	   8.8802128493345989e-01	   9.4570784018143095e-01	   8.3565468277804567e-01	   7.4923152945572347e-01	   6.6875537300264465e-01	   7.5049633959857154e-01	   8.9376778429494541e-01	   8.4009901977942059e-01	   7.3430638798463044e-01	   5.0924168363678368e-01	   8.0452259494998879e-01	   1.0039586137311991e+00	   5.0798025514581224e-01	   3.9282239839755306e-01	   5.7216452679017360e-01	   5.1490194857804461e-01	   4.9336678906591658e-01	   5.7118337936336605e-01	   3.9860655716042070e-01	   4.7930422027425379e-01	   2.5113888800455164e-01	   8.6578784426854100e-03	   3.5748047034016939e-01	   1.0460607648770553e-01	   1.7279784992149005e-01	   2.2128266258064155e-01	  -1.2745900061469970e-01	  -5.3563243537670370e-02	   3.9506516405709774e-01	   3.7212158835003023e-01	   7.2963363358273048e-01	   4.0487411991618599e-01	   4.7859911364904090e-01	  -1.3337618193811604e-01	
   3.7905996321472973e-01	   4.6189030862330194e-01	   6.2565975547822206e-01	   6.7130481336907366e-01	   1.4030417216456037e+00	   0.0000000000000000e+00	   5.9856689679352593e-01	   6.8385544810660892e-01	   1.0470408249185275e+00	   1.5225464113653153e+00	   3.7168735767731065e-01	   2.6924819556044977e-01	   4.7805773990710398e-01	   4.8925615675923517e-01	   9.8305515750698336e-01	   1.1425560987231578e+00	  -3.2987716770719516e-01	  -3.0098762622225805e-01	   5.0880935268660443e-01	   4.5386464387739439e-01	   1.0142487013190256e+00	   1.0135346661474118e+00	   6.2268836737638023e-01	   6.4605571123068639e-01	   7.6061527560392572e-01	   9.2849793013235404e-01	   1.3483913542313879e+00	   1.5056876483536326e+00	  -1.5794226385233856e-01	  -1.5766041381672385e-01	   4.0452872347414132e-01	   4.3612614184273035e-01	   3.8694780194495798e-01	   3.5663365249226248e-01	   4.7325230061692058e-01	   4.8647375170264351e-01	   8.0824326079125985e-02	   7.8897897534865161e-02	   6.4589729368070525e-01	   5.1967056251202981e-01	   4.7827558311969109e-01	   2.5704881193140605e-01	   3.5037856176990761e-01	   4.4929208404059423e-01	   1.9846948918103094e-01	   2.2616093311210878e-01	   7.2069521503301026e-01	   6.2656544361209732e-01	   2.0198878288397609e-01	   2.2584658705789390e-01	   3.9261774055306370e-01	   3.7967135634465443e-01	   7.0975769506648179e-01	   7.9705943398712753e-01	   6.5023928961335131e-01	   6.6275287745139244e-01	   3.6251992533968000e-03	   1.0457941543795432e-01	   2.7871198137912689e-01	   4.7678786061677048e-01	   1.9949327108897830e-01	   4.3270704882821054e-01	  -1.9865364273650160e-01	  -1.2247622834461896e-01	   4.1812909801776033e-01	   4.8431777516714802e-01	   6.1642295583776330e-01	   5.8287778399403856e-01	   5.8232024747998545e-01	   5.0913845584053219e-01	   1.8623934494228128e-01	   1.1767353184889828e-01	   2.0910225504131766e-01	   1.7752021465797255e-01	   2.9002420014275809e-01	   1.2064337018456472e-01	   1.4514232127024035e-01	   1.9607880030205355e-01	  -6.0674972390566156e-02	   6.5253231731346395e-02	   2.4972701146078566e-01	   3.6684948367711667e-01	   8.8779278068773171e-01	   8.7362419753525400e-01	   6.0651845160863171e-01	   6.4139290167360186e-01	   7.2787282562426847e-01	   7.8219943719446683e-01	   8.2540004519651911e-01	   9.2665427697895675e-01	   7.9732525623998940e-01	   4.6255355348517463e-01	   7.7918059676235363e-01	   8.2207828396993454e-01	   5.9689796463048728e-01	   4.1603023459709265e-01	   5.5497424429140851e-01	   5.8523845541025599e-01	   5.8407055201705882e-01	   6.2540041942176050e-01	   4.8897178335597691e-01	   4.6040276905836480e-01	   3.1905920291148254e-01	   5.2284049987288472e-02	   4.2456811752533774e-01	   1.7532436973227411e-01	   1.8466813035674862e-01	   2.1932810393474070e-01	  -4.8535974017423135e-02	  -4.1968734067718047e-02	   3.9206328590177653e-01	   4.0978746157031726e-01	   7.4856137224371577e-01	   4.6926545677812564e-01	   5.1559331287917820e-01	  -1.4615263237700007e-01	
   5.0128157783560412e-01	   5.9691220299414982e-01	   1.0899997224089633e+00	   1.1932566938105129e+00	   9.1023558609270672e-01	   5.9856689679352593e-01	   0.0000000000000000e+00	   1.0712023484990310e+00	   9.0645957390826748e-01	   5.3627529016839814e-01	   1.0823734709149555e+00	   6.8846728259749623e-01	   1.0518965378362712e+00	   8.7195312753550835e-01	   8.3628109239331816e-01	   6.8363131958387768e-01	  -4.1180260283838754e-02	   7.0056789430126054e-02	   5.7708159093587530e-01	   5.2846315846918579e-01	   5.1231350883841076e-01	   4.9434672326785539e-01	   1.1074288244582251e+00	   1.1383016090899187e+00	   6.3724582351649128e-01	   6.9475594999645551e-01	   4.6227238574115065e-01	   3.5727558426998068e-01	   5.9419418629900668e-02	   5.3845771685354284e-03	   5.2001511286010271e-01	   6.4923926830953305e-01	   9.1480664087831220e-01	   8.6134762793592601e-01	   8.2093555695226350e-01	   8.4219431934798472e-01	   1.7176176123699635e-01	   2.5237688485109383e-01	   5.1318364203972211e-01	   4.0093516370644766e-01	   5.0735096944925651e-01	   3.9357556093548213e-01	   4.3720077405997199e-01	   5.8998077334677945e-01	   2.2339435651324618e-01	   3.2700453147865099e-01	   7.1621474404719332e-01	   7.1495654561497468e-01	   3.0282840533821420e-01	   2.9371877229104865e-01	   6.5096459883419666e-01	   5.3559796294684670e-01	   6.7712527374681630e-01	   5.5892935256571186e-01	   6.4853300022682447e-01	   6.2327190259699083e-01	   2.9316572336704344e-01	   4.1997364038940915e-01	   6.1295180953158901e-01	   5.0547049837514924e-01	   6.5620290420016525e-01	   8.8591353773451487e-01	   6.8923106695909134e-02	   1.4540314076889463e-01	   1.0591669687289398e+00	   1.2844397145955606e+00	   9.8297992011700686e-01	   8.6591849811184085e-01	   4.4821709182915775e-01	   4.1681828450655878e-01	   3.1217028417362758e-01	   3.7511595834892797e-01	   4.9128194896597438e-01	   5.5505045409083920e-01	   4.5087646662997061e-01	   6.8269025364266023e-01	   6.0092528255142375e-01	   6.7048344183834496e-01	   2.1634454240639825e-01	   3.9774919179931628e-01	   3.7101213416423801e-01	   6.5507172334474761e-01	   6.1027615685929204e-01	   7.0932781500781761e-01	   1.1416841962788720e+00	   1.0151049474016767e+00	   4.3905424344849886e-01	   5.2577368111615419e-01	   5.4930611913644356e-01	   4.6378068818418844e-01	   7.0542149895152695e-01	   4.7033449053308840e-01	   7.8236067657481412e-01	   7.6527700035163337e-01	   4.4163189273823467e-01	   5.5235648648180946e-01	   6.7315796531387351e-01	   5.7508194647778721e-01	   5.6551223984622012e-01	   5.5779350810146400e-01	   3.4445430396184051e-01	   4.2984220374090809e-01	   2.3782994156308668e-01	   3.2714694650148000e-02	   3.3046421280061489e-01	   1.9631955295265702e-01	   1.9501343355773043e-01	   2.5382744783162570e-01	  -5.7783384152423407e-02	  -1.0348975416153959e-01	   6.4268491467951483e-01	   4.7529629450469113e-01	   6.6038537661770036e-01	   3.1257797508322865e-01	   4.1009606839448542e-01	  -4.4114583953347518e-02	
   7.1201788279673062e-01	   7.9926403341961627e-01	   8.7623985992615738e-01	   1.3411324387715888e+00	   6.6571236892341279e-01	   6.8385544810660892e-01	   1.0712023484990310e+00	   0.0000000000000000e+00	   6.4271690719568009e-01	   5.1601959498136363e-01	   9.1357622126504878e-01	   1.0344966487802465e+00	   7.6350038059432979e-01	   1.0053227331081924e+00	   6.7950901826591781e-01	   6.9216359840115671e-01	   1.7038915481376429e-01	   1.6697950742571560e-01	   8.3249041502910759e-01	   8.1686368645919849e-01	   5.0087077550928560e-01	   4.8095527308300379e-01	   9.0324574558963422e-01	   9.6444241226501481e-01	   5.7700738643066907e-01	   7.0686687671619375e-01	   4.3236803359497988e-01	   4.5751270917085407e-01	   2.8981513888775262e-01	   3.2605535574375549e-01	   6.5075936761028863e-01	   9.3964181285282788e-01	   1.1406494238084801e+00	   1.1455975242005865e+00	   6.8710382598437247e-01	   7.9285383577150348e-01	   1.1361961323993985e-01	   1.4537716433003095e-01	   4.9322442428769642e-01	   4.1204845794018519e-01	   5.1329959976425676e-01	   3.9569123830023811e-01	   6.1923935350056569e-01	   6.7027130118221423e-01	   4.1697759524162992e-01	   4.9598833089645761e-01	   8.7599754188494261e-01	   7.9290242757370566e-01	   5.8246924185591475e-01	   5.0614068180761684e-01	   7.2258302505126581e-01	   6.9237142421491427e-01	   6.3947794483319420e-01	   6.1794461155489266e-01	   7.2790500528951796e-01	   8.6656655213280565e-01	   3.8203545113680226e-01	   4.7488264135943625e-01	   4.8684858400519437e-01	   7.1431315529652883e-01	   5.3063135837943087e-01	   1.3300957826447231e+00	   2.3885526005158617e-01	   3.8305505541772833e-01	   6.0207812884132328e-01	   9.9882998960801339e-01	   8.5811484519171466e-01	   9.6681522350813798e-01	   5.2874376804488199e-01	   6.1171116183452334e-01	   2.7355059224989192e-01	   2.8703777865742602e-01	   6.1575028455946035e-01	   7.3393637555822377e-01	   5.5680191651492306e-01	   7.4055114041459280e-01	   6.3435935240562291e-01	   7.3622309027268662e-01	   3.2619457386459327e-01	   3.8319106638692041e-01	   5.6485525317161545e-01	   6.9713426308828241e-01	   6.4977370142589264e-01	   7.0634571113987221e-01	   6.9400263061139333e-01	   9.5371757602827001e-01	   4.9776632890499894e-01	   6.0552088130173720e-01	   3.9971461339231162e-01	   4.8096197225913717e-01	   8.3413168022633188e-01	   3.9970328668883676e-01	   9.0909888068056788e-01	   5.8462534782109010e-01	   6.5742281468423314e-01	   7.5547395177148768e-01	   7.5979020350829007e-01	   8.2448926873942807e-01	   9.4513210356957800e-01	   8.3264322010276892e-01	   7.0474836337804780e-01	   6.1477797606822793e-01	   5.7370341027601923e-01	   3.2661007597470426e-01	   5.0328707283539043e-01	   2.8255296018609771e-01	   2.7828887885664078e-01	   3.1637701569401983e-01	   7.5851204676393821e-02	   1.4906725498686514e-03	   7.9017201277714211e-01	   7.3984924691315646e-01	   8.1524872573787377e-01	   6.0867822029579144e-01	   5.0071491870701212e-01	  -2.7168247279188179e-02	
   3.6975726769390527e-01	   4.0654105326720363e-01	   6.7288908692726668e-01	   6.5649174373036956e-01	   1.4556365703825291e+00	   1.0470408249185275e+00	   9.0645957390826748e-01	   6.4271690719568009e-01	   0.0000000000000000e+00	   1.2260746087375882e+00	   5.2734951328693924e-01	   3.6960283099606628e-01	   6.6425267803245824e-01	   6.1531627995319671e-01	   1.1254665587897263e+00	   1.0429513474749192e+00	  -2.2552970317736970e-01	  -1.7084714264241641e-01	   4.3648702762390545e-01	   3.7286521440674431e-01	   7.4400285879682226e-01	   7.2854856210768237e-01	   6.9845036576473740e-01	   6.8314991160413219e-01	   5.2364152694734711e-01	   6.1368008779467986e-01	   8.1710317499194351e-01	   7.4870491591146482e-01	  -1.3811874373432295e-01	  -1.7824838192702902e-01	   2.1922285503832500e-01	   2.6603928954347400e-01	   4.2585699065890698e-01	   3.3932020098993781e-01	   3.9616542251652626e-01	   3.9955671081616356e-01	   8.4188909637716441e-02	   8.7406752182002598e-02	   5.6461889909592156e-01	   4.3567663588442740e-01	   5.2056106411994763e-01	   3.0143519983281641e-01	   2.1216074868210338e-01	   3.1490094446873157e-01	   8.3704240532439383e-02	   1.4546277076616498e-01	   5.5940413072815831e-01	   5.2553106687908935e-01	   1.6597943100624959e-01	   1.7958963000106537e-01	   4.1510338663971719e-01	   3.5866130919914896e-01	   5.9367224218445414e-01	   6.1223073745156176e-01	   6.0903932416612117e-01	   5.7400104007298403e-01	   5.0829846996713765e-02	   1.3733789280177289e-01	   4.3710301327826850e-01	   3.5522278215529735e-01	   4.4749821172998222e-01	   5.2171701488459299e-01	  -3.4018607336804757e-02	   1.0197660866932240e-02	   6.3808423346361798e-01	   5.7791572983885153e-01	   6.2945950966304620e-01	   4.6782005718245268e-01	   5.4967024156921285e-01	   3.6592537948296461e-01	   2.1248648602014997e-01	   2.4781203997650234e-01	   2.6054271256926154e-01	   2.0760074268375037e-01	   2.0529498481310771e-01	   2.2096210136585820e-01	   1.7772353706726599e-01	   1.8038101677868951e-01	  -1.0029013047131380e-02	   1.6868797883649231e-01	   2.8225470296959337e-01	   4.3491070436519341e-01	   7.9628538110675062e-01	   8.0926978159853968e-01	   7.6127078659005676e-01	   7.2514213202388589e-01	   5.8744566361678030e-01	   6.3662572622051516e-01	   7.7089475866061508e-01	   7.0999433951669411e-01	   7.2536015793455988e-01	   5.4948070794512582e-01	   7.2476901172231878e-01	   8.8508350752618015e-01	   4.6252622923097442e-01	   3.9421055300237984e-01	   5.1032928142499290e-01	   4.5468527329904507e-01	   4.5889218557991523e-01	   5.5706924680983594e-01	   3.5574149635286112e-01	   4.9115608181008469e-01	   2.3298294596397778e-01	   2.0593059709363287e-02	   2.9068260821283254e-01	   1.0666741374321927e-01	   1.3625912049123032e-01	   1.8194072516146900e-01	  -1.6239679840611965e-01	  -4.4404109231723284e-02	   3.7930964382605153e-01	   3.3445349572893696e-01	   6.7230190393710842e-01	   3.4200664155315513e-01	   3.4386627857086827e-01	  -7.9860338712215401e-02	
   3.1279767972259220e-01	   3.1007847855025128e-01	   5.3617366637465602e-01	   4.9862783508055858e-01	   1.2324765671315163e+00	   1.5225464113653153e+00	   5.3627529016839814e-01	   5.1601959498136363e-01	   1.2260746087375882e+00	   0.0000000000000000e+00	   2.7978952378797317e-01	   1.7099111190695140e-01	   4.1573972218780719e-01	   4.0078887965234805e-01	   9.9074462308789202e-01	   1.0951734748257582e+00	  -3.5763263867420209e-01	  -3.5695327768122542e-01	   4.0087612365761705e-01	   3.4324315597945348e-01	   9.0027788999121872e-01	   9.1275744573616879e-01	   5.0322514294729825e-01	   4.9436057990545790e-01	   5.5672019278357010e-01	   6.8388400658994719e-01	   1.0826092066353938e+00	   1.1052708855120923e+00	  -1.6481796739712606e-01	  -2.2190397593522049e-01	   2.2839326134847529e-01	   2.2975503812413831e-01	   2.6137350780382906e-01	   1.9568097214618388e-01	   2.8519263400572709e-01	   2.9486428853951047e-01	   4.0525804708350890e-02	   3.7375958472396838e-02	   5.6421717231541746e-01	   4.5561417025171363e-01	   4.6593564252514674e-01	   1.9904746752173222e-01	   2.0758568650773246e-01	   2.9266942337987378e-01	   1.4717655643502543e-02	   4.9689763275497567e-02	   5.2458293983181048e-01	   4.4646946344419575e-01	   3.9259374396971122e-02	   4.2004614405792548e-02	   2.8258746359453046e-01	   2.3313345904034044e-01	   5.6985699145615198e-01	   6.5674738380278330e-01	   5.3952309134457044e-01	   5.0224685042067674e-01	  -4.2248620962655040e-02	   1.6360628881340288e-02	   2.3526798654009948e-01	   2.8609648432891749e-01	   1.8277525087797336e-01	   3.0045032524907411e-01	  -1.5564616172446763e-01	  -1.3358865294576974e-01	   3.2446362805551782e-01	   3.1972066510451669e-01	   4.8383901791282813e-01	   3.5931505807606784e-01	   5.9168795494619197e-01	   4.1275274070236467e-01	   1.5175380808426991e-01	   1.1482259419542160e-01	   1.6218387590058092e-01	   1.1669120804432806e-01	   1.7037721930823674e-01	   4.8386345342350548e-02	   3.4036933512441019e-02	   2.7319704348462967e-02	  -8.0461117188038375e-02	   5.9892324872592877e-02	   2.5484320532014110e-01	   3.3981159134461975e-01	   8.2262860649561720e-01	   7.9163128170372121e-01	   5.0521147300451141e-01	   5.4154308769841020e-01	   6.1131429196937803e-01	   6.0386914452647722e-01	   7.8110930654657418e-01	   7.8100267134801415e-01	   6.7857216271195853e-01	   4.4441757983489111e-01	   6.6538582778412159e-01	   7.3162620088661290e-01	   4.6248701392938124e-01	   2.9437510941914830e-01	   4.1487336672355035e-01	   4.2590397874234825e-01	   4.1564873598027940e-01	   5.2901099888632896e-01	   3.3077067941630622e-01	   3.6560284764005035e-01	   1.6900281155128946e-01	  -3.6759825737341739e-02	   2.2954234266929086e-01	   2.6285388744437522e-02	   8.8305207873176153e-02	   1.3562500117836671e-01	  -1.3904528237191005e-01	  -4.5376501168949299e-02	   2.5617945824827415e-01	   2.8786858447961722e-01	   6.7567532913234274e-01	   3.8255881217589494e-01	   3.6223195849698270e-01	  -2.3088723644181092e-01	
   7.0840971094754901e-01	   7.9595288728637881e-01	   8.7626928149745686e-01	   9.7441212113915221e-01	   5.6534585722302733e-01	   3.7168735767731065e-01	   1.0823734709149555e+00	   9.1357622126504878e-01	   5.2734951328693924e-01	   2.7978952378797317e-01	   0.0000000000000000e+00	   1.0147190425446175e+00	   1.5647541334485440e+00	   1.1641374258697579e+00	   7.6523404306311771e-01	   6.0456163266995433e-01	   2.5074025017117818e-01	   3.3534179487139654e-01	   7.2630868041688545e-01	   7.1401435720748319e-01	   4.5920585353835602e-01	   3.8677897809200834e-01	   1.1220381802044879e+00	   1.1045741746002911e+00	   6.9596522982682341e-01	   6.4140910484385893e-01	   3.3156178409593051e-01	   2.3031386687432348e-01	   3.5649402993986290e-01	   2.6442295795699972e-01	   6.2770425398006213e-01	   8.0534012819050704e-01	   1.0269500605622441e+00	   9.9263647253365606e-01	   8.1523550106072806e-01	   8.7714431443570251e-01	   1.9855952578866531e-01	   3.1214688165828286e-01	   4.8377872338251515e-01	   3.7986932758691427e-01	   5.0748367841569886e-01	   5.3707757876930284e-01	   5.2023384581201249e-01	   7.1846329824260646e-01	   3.1025684701232870e-01	   4.1388462490097011e-01	   7.2465754058821596e-01	   7.3131034804902684e-01	   3.8583547596297491e-01	   3.7635710481821216e-01	   6.6070390886594943e-01	   5.9203145666701174e-01	   6.2399201825952455e-01	   5.1283712226317202e-01	   7.2807135425504133e-01	   7.3170444164716764e-01	   5.4601980372688330e-01	   6.0209790842535826e-01	   5.4595570979553865e-01	   4.2089498041015927e-01	   7.1854217828880318e-01	   7.9291369847656301e-01	   4.1505862010607819e-01	   4.2703320808680756e-01	   8.4710333062952747e-01	   9.8286492452941721e-01	   7.4020173324642624e-01	   6.7394291433218145e-01	   4.8437673706726347e-01	   4.3387534917807835e-01	   3.7241744064031446e-01	   3.8563704097389401e-01	   6.8633051006539481e-01	   7.4405332442403382e-01	   6.1175963755478269e-01	   8.9662772453877093e-01	   7.5736181140057213e-01	   8.1768925535415193e-01	   4.2567753829629185e-01	   5.9000525463023568e-01	   6.5296110103960781e-01	   9.2943248035487147e-01	   6.1616864118781867e-01	   6.6679852976864229e-01	   1.0158773856353547e+00	   9.5876968134219920e-01	   3.9362794619210301e-01	   4.9206430659635003e-01	   4.0193597195599706e-01	   3.4756162732583373e-01	   5.7118319127974559e-01	   4.3009859274251516e-01	   6.8958918836062233e-01	   5.5292443051485818e-01	   5.9900015807022855e-01	   6.5061394027515063e-01	   8.4009008286669695e-01	   7.1211500779302295e-01	   7.6114089289158271e-01	   7.2217208851726089e-01	   3.4394760393774371e-01	   4.4151948119463180e-01	   2.7293773049581360e-01	   1.0951622021966230e-01	   4.1159285439931370e-01	   3.4159688514797043e-01	   1.2095691656377025e-01	   2.1850547587424890e-01	   7.6480874952236766e-02	  -7.8160068910780242e-03	   7.7522303684546967e-01	   6.9570131859422102e-01	   6.6368895486424029e-01	   4.3326331017066821e-01	   4.8802681103993834e-01	  -9.2490597400574290e-02	
   8.4519830369542803e-01	   7.6745550194085244e-01	   6.6435195091468235e-01	   7.6605185728431757e-01	   3.8090788186452396e-01	   2.6924819556044977e-01	   6.8846728259749623e-01	   1.0344966487802465e+00	   3.6960283099606628e-01	   1.7099111190695140e-01	   1.0147190425446175e+00	   0.0000000000000000e+00	   8.3775269142940445e-01	   1.2168869797799406e+00	   5.7915000107700210e-01	   5.6876860635846227e-01	   5.1398727501587982e-01	   5.0064592764970217e-01	   8.0162449102644262e-01	   8.3335539799315428e-01	   4.3317648984049434e-01	   3.5273669602538027e-01	   7.3796191298537972e-01	   7.5708502522820209e-01	   4.9392828116552762e-01	   4.5131205606637415e-01	   2.1901497890289248e-01	   2.0274494718966476e-01	   6.1587317085682514e-01	   6.0857091923070017e-01	   6.1769051731045010e-01	   8.2021864368143349e-01	   9.8776351979153743e-01	   1.0323852286942696e+00	   5.1871679992910469e-01	   6.2788427307803696e-01	   1.2148221014324727e-01	   2.0220349812955871e-01	   4.2401208297582171e-01	   3.6065842282600241e-01	   5.5061329514832247e-01	   4.7817503684784007e-01	   4.9070269499726538e-01	   4.6750271774845475e-01	   2.8973426911007300e-01	   3.5281518971507075e-01	   6.2595450179309087e-01	   5.9252016104864291e-01	   4.2941815143765538e-01	   3.5866234736349834e-01	   5.2667557782846219e-01	   5.3468619059755662e-01	   4.5665816079707017e-01	   4.2484601250626597e-01	   6.3052131168739534e-01	   7.4727793279739352e-01	   5.9223453577737017e-01	   6.4620827115124835e-01	   5.2087626686080080e-01	   5.3889422154785904e-01	   6.8494579437741754e-01	   1.0464773318366021e+00	   6.3000250638419919e-01	   8.0199993202812703e-01	   4.9756013609494587e-01	   7.4024573027208440e-01	   4.6678308429062909e-01	   5.3972535605480554e-01	   4.4311069990417751e-01	   4.9561867090644907e-01	   3.7455791770938129e-01	   3.4576320617040868e-01	   7.7835418546266266e-01	   7.9011807259221034e-01	   6.5968054783156116e-01	   7.7160879845037122e-01	   7.4010743800289747e-01	   7.8553342152580052e-01	   5.0052927678890491e-01	   5.1923360561476672e-01	   6.6564146390632162e-01	   8.3010339740785266e-01	   5.4006596774018922e-01	   6.4643632244330307e-01	   5.2741570915247993e-01	   8.0490268527314734e-01	   3.6680939672468699e-01	   4.7025610727897238e-01	   2.5490742539251132e-01	   2.8922260147414613e-01	   4.4943968233827847e-01	   2.5362521101543067e-01	   5.3347266546135585e-01	   3.1728139483781342e-01	   5.3836885667449896e-01	   7.6707555220571555e-01	   5.9295298722118173e-01	   7.1074248035320686e-01	   6.9263770515322698e-01	   6.4229712527892935e-01	   4.6586822550891621e-01	   4.4338811632354863e-01	   4.3450391636794372e-01	   3.5427001918232320e-01	   3.0981034652819245e-01	   1.4298917845308734e-01	   1.7540405018852467e-01	   2.4008004809610131e-01	   8.9183195072929974e-02	   7.6123534575316107e-02	   6.7540466175655633e-01	   5.6106905525232365e-01	   5.0375421612391957e-01	   5.7465380372985519e-01	   4.3754467788075296e-01	  -9.9775984681379021e-02	
   6.3026290871212198e-01	   7.8953553529844012e-01	   7.9189636231020399e-01	   8.5355476076641779e-01	   6.9936913642605625e-01	   4.7805773990710398e-01	   1.0518965378362712e+00	   7.6350038059432979e-01	   6.6425267803245824e-01	   4.1573972218780719e-01	   1.5647541334485440e+00	   8.3775269142940445e-01	   0.0000000000000000e+00	   1.0716057166145065e+00	   1.0348903110485328e+00	   7.8917593028381883e-01	   1.1582496609914619e-01	   2.1652867587250824e-01	   6.1731375703771252e-01	   6.3745599469421499e-01	   6.6856579799473459e-01	   5.5813058930687220e-01	   9.7754648473786243e-01	   9.7418162336518743e-01	   8.1555143591624990e-01	   7.3991979654487849e-01	   5.1073114465794522e-01	   3.7403730243112354e-01	   2.1901100965469614e-01	   1.3911946406230238e-01	   5.6584235064993016e-01	   6.5686111601522212e-01	   7.6716829762844141e-01	   7.2959857514907167e-01	   7.1752068948309411e-01	   7.8796413743152371e-01	   1.8062682276813530e-01	   3.1023457106546148e-01	   6.9903038515360905e-01	   5.2026848999371089e-01	   5.6541880023296676e-01	   5.3647998485384329e-01	   5.3064918670643513e-01	   6.8860802176302194e-01	   3.2401895295559568e-01	   3.9168849006328560e-01	   8.2189376903727407e-01	   7.3315936170076468e-01	   3.5951719343437366e-01	   3.3821916794102685e-01	   6.6002724456138573e-01	   5.3771735179288105e-01	   6.5690998697837422e-01	   5.1849032361105585e-01	   8.3473740093719018e-01	   7.5749747952838542e-01	   4.4927235225797163e-01	   5.0960634438356722e-01	   6.0302517385334720e-01	   4.2706839790856271e-01	   7.3014572474012085e-01	   6.5945325391535869e-01	   2.8951822499705104e-01	   3.3173058873263678e-01	   8.0551860412117993e-01	   8.8000230575964100e-01	   7.2673355289491193e-01	   6.2141599396820824e-01	   4.9370213097904075e-01	   4.0644059065958266e-01	   5.0503734338901662e-01	   4.4810420112074073e-01	   5.5867308871419785e-01	   5.9884985981090644e-01	   5.6153641615772609e-01	   6.7034047481955805e-01	   6.5177462828067556e-01	   6.9606256955873880e-01	   3.7559229358565871e-01	   5.5287810374055979e-01	   5.9802283096888054e-01	   9.0351963611705144e-01	   7.8246229076878948e-01	   8.0425663897985156e-01	   1.0511257714231204e+00	   1.0146358865500804e+00	   4.9372897149643108e-01	   5.6865890428716359e-01	   5.7201689546452250e-01	   4.8004681119979892e-01	   5.2345761604363072e-01	   3.5159024178816811e-01	   6.4416162333070548e-01	   5.5098553954456109e-01	   5.8986280712089956e-01	   6.0635646364604057e-01	   9.6914813807755729e-01	   7.6052731923123074e-01	   6.5787062292419540e-01	   6.2709916800144572e-01	   2.8200881175544223e-01	   3.7619779618142851e-01	   2.0097617567590748e-01	   2.8006789904777795e-02	   3.3631896007703066e-01	   2.8382656258035399e-01	   4.6651909304555074e-02	   1.5768803938140419e-01	   3.1515269640236085e-02	  -6.3805428256522176e-02	   6.9423373111897035e-01	   5.3649693248985098e-01	   6.1015074166570504e-01	   3.3983694797982167e-01	   4.1971546109071500e-01	  -1.5031788021781781e-01	
