   0.0000000000000000e+00	   6.6443933642771258e-01	   4.1144232724083643e-02	   5.1069896022654607e-03	  -8.5680101728873359e-02	  -3.8647443826593707e-02	   1.3404107051858749e-01	   1.1814602326613043e-02	  -1.1118437513144343e-01	  -3.0054623764788492e-02	   2.9676433232858179e-01	   2.7729123163290653e-01	   1.5979329595751604e-01	   3.1073844402698630e-01	   1.5918273406842798e-01	   1.4977127942370794e-01	   4.1413081247770012e-01	   3.7151016594149727e-01	   6.8245383849016117e-01	   5.5631976346020340e-01	   1.1946405455292218e-01	   1.7993495385595654e-01	  -3.1763163142766435e-02	  -1.7299584986034297e-01	  -1.8564876377267844e-01	  -2.1954218744519127e-01	   2.1473729200813924e-01	   2.4221453676299787e-01	   2.1560694737794350e-01	   2.0553059855185479e-01	  -1.1503369253327286e-01	  -1.8337209771060795e-01	   1.2957069136251861e-01	   9.6497719013592817e-02	  -1.9198470366440193e-01	  -9.1850430412266343e-02	   1.2723708959075533e-01	   5.1838572986932112e-02	   3.8123081730449437e-01	   1.7701964194014363e-01	   4.4230582785551203e-01	   3.6940104469777391e-01	  -6.8121965537684015e-02	  -2.2706423116488766e-01	  -1.3586748869002510e-01	  -1.5834366453027024e-01	   5.3089841421005571e-03	  -1.9168902750100466e-02	  -2.6806412249605394e-02	  -8.3570844510597750e-02	  -7.5422093942467641e-02	  -2.5873312870374054e-01	   1.1190923092634357e-01	  -1.6894053734027227e-02	   2.8704274874384506e-01	   1.9360006196772186e-01	   7.1256811290101540e-01	   6.3866097670006050e-01	   4.7834139761900341e-01	   5.4945492907923410e-01	   8.1562846571504621e-01	   6.3747935339859307e-01	   7.0032457998658981e-01	   8.2279607929427923e-01	   1.3917536660450057e-02	   2.2387758491197621e-02	  -3.4240522373779388e-03	   1.6051088883147074e-02	   3.5349374967156350e-01	   3.6984453567938702e-01	   1.6653148990911315e-01	   7.3007790838726772e-02	   3.8216591720393706e-01	   3.8501100079760858e-01	   3.1753716547055383e-01	   2.3292643658154116e-01	   2.9705110305064902e-01	   1.9718780203871086e-01	   6.3310000235136096e-02	   2.0258000169908849e-01	   2.5094849871914215e-01	   8.7901816238255812e-02	   3.9867040220629135e-01	   4.5410275394425337e-01	   1.5976806678769220e-01	   1.0578740276855013e-01	   3.3942974475194104e-01	   3.4815919706266502e-01	   4.3795354047593571e-01	   4.5171008904245563e-01	   3.3243039198075121e-02	  -4.0290511539761549e-02	   1.8718374900644930e-01	   2.5249611505937331e-01	  -7.0269617171182450e-02	   7.1699609532657066e-04	   8.2405996765345491e-02	   2.1684119387990277e-02	   5.0044227316361467e-01	   4.9542090259152849e-01	   4.8502603815215528e-01	   5.3066214691350932e-01	   5.2389772672348722e-01	   4.9554106840352369e-01	   2.4764231993475272e-01	   1.4349280227449515e-01	   4.5160810229589943e-01	   3.6270927718731422e-01	   1.5505927971280387e-01	  -1.3665348723851123e-01	   2.3882133720445405e-02	   1.4095968606833945e-01	   2.6289796586756747e-01	   1.9125651283610304e-01	  -9.3122401946157243e-02	  -1.4156479322432015e-02	
   6.6443933642771258e-01	   0.0000000000000000e+00	   2.2374523429580198e-01	   2.7285377989336645e-01	   1.2071499238660192e-01	   2.1077647698263480e-01	   1.7553636996537331e-01	   2.8329418712896448e-01	  -1.5510074715917874e-02	   1.1955574240493633e-01	  -5.3666550852846620e-02	   3.1700909046109138e-01	   9.2441672798600476e-03	   2.0369601700745188e-01	   1.9469125391197314e-01	   1.7450896504294272e-01	  -2.1528163712699732e-02	   1.0970869634972120e-01	   3.5405709306520461e-01	   6.0596846107341951e-01	   2.9182983325749728e-01	   3.7008908762643011e-01	   1.6840589106583675e-01	   1.0882136669230751e-01	   9.2137979610111428e-02	   7.9332854177043832e-02	   1.1687958492262725e-01	   2.7110511517157743e-01	  -1.2835651359990169e-01	   1.8100930807119012e-02	   4.8500417734279884e-02	   2.7773581213257958e-02	   5.3442378617838550e-02	   1.2467593812240760e-01	  -1.4401272900012484e-02	   5.1091128332477150e-02	   3.6688564007658309e-01	   2.9711041604774235e-01	   6.2876641523405974e-01	   4.1038556885171673e-01	   6.3285945010189226e-01	   5.6302316034742517e-01	   9.3766982313861033e-02	   3.1559375048627519e-02	   6.0904305903844692e-02	   6.4087296997529561e-02	   2.4805967529861755e-01	   2.2406795006779356e-01	   3.3766670301253737e-01	   2.7117738517438833e-01	   2.9231565520018826e-01	   1.3256272223936991e-01	   5.3875738215023161e-01	   4.5501077129195405e-01	   6.7241499015484740e-01	   6.2478471126379265e-01	   5.0989123815803616e-01	   1.0238545265520884e+00	   6.7032973206094915e-01	   8.5827170719116275e-01	   4.0903298017192119e-01	   9.3664073032354334e-01	   2.4167000308715109e-01	   5.0442918809027104e-01	  -6.4773061975657853e-02	   1.6470645583788558e-02	   7.1921330514527856e-02	   1.1889965180291981e-01	   4.5066651180525741e-01	   5.3605275733562197e-01	   3.4775303565506101e-02	   8.3623813116835768e-02	   1.1393389858494171e-01	   2.8200122031101804e-01	   1.0493257736493738e-01	   1.5321293257014015e-01	   1.8918713306621618e-01	   1.4212878071557652e-01	  -6.6861243646581581e-02	   3.3538903491778543e-02	   9.4416836205050036e-02	  -5.8031649171281709e-02	   4.2568485821754298e-01	   4.4969872180079706e-01	   1.9591245236947538e-01	   1.1671775782992307e-01	   5.5892758419919197e-01	   5.5419613319445327e-01	   7.4157316315598620e-01	   8.0746824798716321e-01	   2.4364971491783272e-01	   1.8051487206066801e-02	   3.8716139435049679e-01	   4.0867385009752139e-01	  -1.0408759745471353e-01	   1.0930306649530613e-01	   2.4274533080271210e-01	   5.8356085634652312e-02	   7.9317194500529620e-01	   5.3781316385598310e-01	   6.7191180206889101e-01	   6.6326729699091280e-01	   7.4517766638209859e-01	   5.7067680086157613e-01	   4.0448826521572301e-01	   1.1407646620514623e-01	   7.6805818960337391e-01	   5.5077197736016181e-01	   1.9292338456757871e-01	  -2.2303448509936785e-01	  -9.0371183447081033e-02	   4.8635331675933069e-01	   4.6538185834340917e-01	   3.8108606897298425e-01	   1.3038727132409439e-01	   2.1858968920180710e-01	
   4.1144232724083643e-02	   2.2374523429580198e-01	   0.0000000000000000e+00	   9.2625184140912731e-01	   6.8526269042818255e-01	   5.2421278724673170e-01	   7.4207265576770887e-01	   4.3181131431960318e-01	   3.5973784718631574e-01	   4.0835639024465364e-01	   2.0222618420603319e-01	   3.7115350189352031e-01	   2.4002512227376815e-01	   5.1375574744744676e-02	   4.8888643909938212e-01	   3.2115282300101189e-01	  -2.6575092940915868e-01	   3.5829583302957220e-02	   3.8065296478159899e-01	   5.0893442237468611e-01	   4.5880131021197712e-01	   4.6595552822376168e-01	   1.3330522495311614e+00	   1.0860480837002593e+00	   1.0378570390091484e+00	   7.3339669085702519e-01	   2.5049692887121844e-01	   3.4593606689544215e-01	   2.5442380785635726e-01	   9.3162310131765624e-02	   7.6310913285780979e-01	   5.9125078489612004e-01	   4.9876984189905649e-01	   3.6197667600136824e-01	   6.6908724892484384e-01	   3.5874049139466468e-01	   2.8093385981514113e-01	   3.5385299500373862e-01	   2.2933788709406755e-01	   2.6230600658062780e-01	   2.2297834272523509e-01	   4.4987020380617299e-01	   2.8607120477712045e-01	   1.7188207412167131e-01	   2.2174155104107038e-01	   1.0324076928767151e-01	   2.2040366568403147e-01	   1.9145382734656402e-01	   1.9402347481654886e-01	   1.4688277549650025e-01	   3.9478657413135609e-01	   3.5103032898368236e-01	   2.8910336793890612e-01	   2.7953067913971524e-01	   2.2834625014265744e-01	   2.3334021104277652e-01	  -8.2665805601309247e-02	   2.9142628785913938e-01	   2.5155709715892494e-01	   2.0807395410518487e-01	  -1.5762022207336210e-01	  -1.9533469658666085e-02	   5.4504400272653693e-02	  -5.5554763323698983e-03	   7.9436172805222593e-01	   6.1371482381179865e-01	   6.2634109028417906e-01	   3.8750355772139172e-01	   6.4056949590423962e-01	   7.3157766070716523e-01	  -6.3376320433472869e-03	   2.3538658912955013e-01	   1.2111597154458806e-01	   1.3622550570641401e-01	   5.5458004666011002e-02	   8.4440137632106935e-02	   1.0732162766026877e-02	   2.2268311777662539e-01	   5.3912374589092871e-02	   1.8037103898245643e-01	   3.4274878043204443e-01	   4.8569754706277901e-01	   1.4940080545464157e-01	   4.6814423938343552e-01	   8.6668217293580074e-01	   7.0475222393522130e-01	   1.0299022555828759e-01	   2.3701350194876464e-01	   3.4422316572829442e-01	   3.7879706749371478e-01	   4.5556020680309173e-01	   6.7569687546087620e-01	   6.0914547472734237e-01	   7.7718580495493383e-01	   1.2957329710019055e-01	   1.7337227143703521e-01	   3.8795072984887707e-01	   1.6759829621184522e-01	   2.9316291341340162e-01	   3.0505650265023432e-01	   3.1048278823672582e-01	   3.6871645818311000e-01	   2.4913330596519456e-01	   2.4316176966558856e-01	   1.3828347213200329e-01	   9.9347674967922600e-02	   1.5519824732057202e-01	   7.9022860229201172e-02	  -1.3784175887375597e-01	   5.1646929167425221e-02	   2.4871564884901398e-01	   4.8908561144956431e-01	   2.3102303977453970e-01	   6.7792746794374104e-01	   4.0820255261220323e-01	   5.7855270729260449e-03	
   5.1069896022654607e-03	   2.7285377989336645e-01	   9.2625184140912731e-01	   0.0000000000000000e+00	   8.1551751955274587e-01	   9.4119504953390898e-01	   5.5726924117925336e-01	   8.9661491724126752e-01	   5.1921442483146674e-01	   6.7545800461472227e-01	  -6.7200895806055400e-02	   4.6091161192538371e-01	   2.3073337302329794e-01	   1.4639235586132082e-01	   3.4239527088172306e-01	   3.2205208580555750e-01	  -2.9670690558713603e-01	   4.8994106682724227e-02	   1.6722641226218338e-01	   2.7789574551655477e-01	   3.8498079352347536e-01	   4.3044230136755812e-01	   9.4919648118060007e-01	   1.3398713357060823e+00	   8.9739698245505350e-01	   1.0526298118553727e+00	   9.1138734160923773e-02	   2.2611314971132912e-01	  -6.5694119601699824e-02	   2.4963743433551847e-02	   7.3894307086374422e-01	   7.3782731560616899e-01	   1.9613201352500095e-01	   2.6774786883212731e-01	   4.6678327014314325e-01	   3.9144541511158859e-01	   2.1929363394667845e-01	   3.5186278356121120e-01	   1.8771491496776230e-01	   2.3727032363972425e-01	   3.4935439597374919e-02	   2.3841091301689446e-01	   3.3863220454190546e-01	   2.5808212488332333e-01	   3.0355256346255605e-01	   2.2401961992463826e-01	   3.2988802430590347e-01	   3.4913200665713440e-01	   2.9221705598482478e-01	   2.8411377715927572e-01	   4.6695124149278877e-01	   4.1273854824220180e-01	   3.0565012209387232e-01	   2.8322841171203184e-01	   2.2683505918090463e-01	   2.8662114141709699e-01	  -1.5147519059366055e-01	   2.4286519272627533e-01	   2.9134952771302025e-01	   3.6824416735350224e-01	  -7.0128465175917962e-02	   8.3488670494361830e-02	  -3.4242604414508699e-03	  -2.7270343578175784e-02	   4.0401308081645304e-01	   5.2378178662110964e-01	   6.1026346554411637e-01	   4.9193207352822799e-01	   4.4168379796526369e-01	   5.3107501818739999e-01	   1.1793398590013551e-01	   3.9221866825938623e-01	   7.7352821866533583e-02	   1.9760751694993853e-01	   2.2543094906581917e-02	   1.6539744050006355e-01	   6.1460451741917041e-02	   2.1265309013734290e-01	   7.1970320570696605e-02	   2.2478914771417738e-01	   4.4336492929478621e-01	   5.8949323005136733e-01	  -9.7415002198513595e-02	   2.0259939913246702e-01	   6.4322087830147057e-01	   7.0089947416740228e-01	   6.9460748021061475e-02	   9.7995787805619378e-02	   2.9933865699855922e-01	   3.5766332042307347e-01	   6.3209424879931064e-01	   5.2449815750576012e-01	   7.7067531313999460e-01	   6.2882889253600660e-01	   2.7544847371206804e-01	   1.8560754180433331e-01	   5.4191220752937430e-01	   2.3075976076958826e-01	   3.7268786643497676e-01	   3.0810184634799492e-01	   3.0490168447424054e-01	   3.0855544186961997e-01	   2.5016630882397389e-01	   2.3161244558503732e-01	   1.3290099264756589e-01	   9.1625757034491107e-02	   9.7005717267040992e-02	   5.0864021163838591e-02	  -4.6499612427818707e-02	   1.8247620373352502e-01	   3.0187819706568964e-01	   5.1161212407500167e-01	   1.9533911807589088e-01	   7.3389638156314441e-01	   3.3295411561161170e-01	   6.1124464996158451e-02	
  -8.5680101728873359e-02	   1.2071499238660192e-01	   6.8526269042818255e-01	   8.1551751955274587e-01	   0.0000000000000000e+00	   1.0013983826315240e+00	   3.9106515191129598e-01	   6.1158826564715962e-01	   1.0546986918597054e+00	   9.9866156170607479e-01	  -1.9038629974524164e-02	   3.4996297882113514e-01	   5.0389702140780357e-01	   2.9195216241823041e-01	   5.1327790958058250e-01	   3.1552376424618239e-01	  -1.2356710795403303e-01	   1.6782385759354193e-01	  -1.0127256826602521e-01	  -1.2406199002677516e-02	   4.2745508420424505e-01	   3.8558226279945740e-01	   7.9155077256931317e-01	   9.9756685229210762e-01	   9.2377805922067557e-01	   6.5806041802282178e-01	   2.5728887005162082e-01	   1.8285459384691327e-01	   5.6462904194709174e-02	   1.7035896965981784e-01	   6.6952047936523462e-01	   5.8188092962747784e-01	   3.5571859221111460e-02	   8.3069080143841678e-02	   2.6374722785312082e-01	   1.6774033085354673e-01	   2.1527096446524260e-01	   3.2094388955741343e-01	   4.7857211745245799e-02	   5.7475911735170417e-03	  -7.8678238994609684e-02	   9.2537484724886959e-02	   2.4065769612567528e-01	   1.9999452627186998e-01	   1.7684931906599266e-01	   2.0175303252537277e-01	   1.8589363321233049e-01	   1.8961603874728222e-01	   2.5470438701266884e-01	   2.3686735426674044e-01	   3.8721989361341425e-01	   4.0637174410239862e-01	   2.8389104468193266e-01	   2.2453040721038203e-01	   1.2186552605914663e-01	   1.5295749910983741e-01	  -7.8323787524090194e-02	   2.1946813186468880e-01	   1.0750537646107305e-01	   2.0211645916808582e-01	  -1.0871452550912049e-01	   9.7134493700213667e-03	   6.5620984405694041e-02	   6.7222227083574932e-03	   3.0175431117138635e-01	   2.6690632485132249e-01	   2.6132984505350609e-01	   1.8639712616712045e-01	   3.8587408595339012e-01	   3.8502764032840436e-01	   1.2009490970406868e-01	   3.3285257166764026e-01	   1.6004966223380468e-01	   1.0872137284744113e-01	   1.2909497763906519e-01	   2.1718883604105116e-01	  -7.7521590445684902e-03	   9.6635416652928824e-02	   1.0318343895780994e-01	   3.8496969459809327e-01	   4.3887570581156998e-01	   5.2878489601664602e-01	  -1.2624340472087728e-01	   7.6429378989863128e-02	   4.8724864875843571e-01	   4.9635786220712980e-01	   1.4900541268095369e-02	   2.7666320680602090e-02	   2.4973059900103950e-01	   2.1707522080937819e-01	   4.9903570304334788e-01	   7.4423556895878717e-01	   6.8162769766098585e-01	   6.3478449542942572e-01	   7.1971945708690505e-02	  -5.8888699036027781e-02	   2.5214450570902847e-01	   1.1445001379941894e-01	   1.5911733765082128e-01	   1.7801802456615745e-01	   1.6049192079611668e-01	   1.4586735738465087e-01	   1.2751095343195029e-01	   8.6802203477550841e-02	   1.0532801221692571e-01	   1.5728188441000782e-01	  -2.7990880861210449e-02	   1.9614628547311400e-02	  -2.3137277527979169e-01	   1.1402522379760848e-02	   3.5831673004976766e-01	   4.2778235488318983e-01	   2.4039917506582600e-01	   4.5643292448270195e-01	   1.8903513830124685e-01	  -1.7593333950799295e-01	
  -3.8647443826593707e-02	   2.1077647698263480e-01	   5.2421278724673170e-01	   9.4119504953390898e-01	   1.0013983826315240e+00	   0.0000000000000000e+00	   1.4764378985950855e-01	   5.8830525109338627e-01	   9.3158457187638366e-01	   1.1066484221953570e+00	  -1.4202755369855025e-01	   3.0207646303752200e-01	   3.3807377578785969e-01	   2.1479168205230745e-01	   5.5474436455292198e-01	   3.3268531324333261e-01	  -2.2402475035430208e-01	   6.6993081296442214e-02	  -5.1541250222838821e-02	   5.4970046254074277e-02	   5.1776150439017643e-01	   5.2847820938592216e-01	   5.1209109881035286e-01	   7.8261030778552776e-01	   7.7748175407910880e-01	   1.0252609535807899e+00	   2.6972707647250210e-01	   3.0409986042613618e-01	  -2.2385187735842048e-02	   1.1990110152745868e-01	   5.2362138193311125e-01	   4.7131641157646503e-01	  -1.1042841077965346e-01	  -3.4389252850970636e-02	   2.2202194682619728e-01	   2.0016648983733035e-01	   2.3788502896523717e-01	   4.3776665777028628e-01	   4.2536003460740185e-02	   3.8315263107172350e-02	  -5.7236778843905559e-02	   3.8317944585621266e-02	   3.5852400463302669e-01	   3.4708280462459867e-01	   1.5814043287114773e-01	   2.1181994069247079e-01	   3.3418944714433174e-01	   3.4219938254141474e-01	   2.0061578354205148e-01	   2.4385422527141093e-01	   4.7009190580888349e-01	   4.0679226401766233e-01	   3.5635142810219611e-01	   2.9576731823619618e-01	   1.7474965356568029e-01	   2.0015643867419525e-01	  -1.2438238790786596e-01	   2.3976007881015116e-01	   9.9471479988784334e-02	   2.4880323749425615e-01	  -8.6992351894318032e-02	   3.5987174842794026e-02	   3.9420615807352136e-02	   1.0851584080021825e-02	   1.1314871648700385e-01	   8.7047376530911144e-02	   2.8106900259508938e-01	   2.3041077440453447e-01	   3.2069286073797110e-01	   4.1082708478641422e-01	   8.7157853185145129e-02	   4.7085653374543945e-01	   1.1646470985536417e-01	   1.0680082170740331e-01	   6.2958200706241557e-02	   9.0540401187519770e-02	   7.3244746682609010e-02	   1.5902305136136530e-01	   1.2356771165424815e-01	   3.7103035755084474e-01	   5.1659018326340189e-01	   5.4342111097719659e-01	  -1.5142418833257876e-01	   4.5129647303302683e-02	   4.8136687785246107e-01	   4.8463466542976508e-01	  -6.2625098724124251e-02	  -7.6101321577813658e-02	   2.0263607384105436e-01	   1.7734966992467027e-01	   5.2486085365265545e-01	   5.5393802700719297e-01	   6.0661242616556055e-01	   4.7996793938928939e-01	   2.4154964757702252e-01	   3.3451446019672280e-02	   5.0004925127412814e-01	   2.0755955915128516e-01	   2.4935268034978714e-01	   1.6038535881916066e-01	   8.9648209875593521e-02	   2.8230519767109011e-02	   7.1947746099070023e-02	  -4.5324044724461957e-02	  -4.5196340259128644e-02	   1.7337263875503210e-02	  -1.3752524233483768e-01	  -1.6221882009082911e-01	  -1.3903007471507016e-02	   2.1336955772034949e-01	   5.3460189617352594e-01	   5.5031848921336912e-01	   2.1584636200901092e-01	   4.3244473316420645e-01	   1.4813352656453563e-01	  -1.2008885435142590e-01	
   1.3404107051858749e-01	   1.7553636996537331e-01	   7.4207265576770887e-01	   5.5726924117925336e-01	   3.9106515191129598e-01	   1.4764378985950855e-01	   0.0000000000000000e+00	   7.2193307368698378e-01	   1.5705556726483685e-01	   2.8053484902987569e-01	   4.3916337557031310e-01	   7.4266477845891921e-01	   4.9471207511490445e-01	   2.8836861586706486e-01	   2.6845157087081650e-01	   3.3278511448535758e-01	  -1.3101535136102138e-01	  -4.3857060172761815e-02	   2.9483696957327538e-01	   2.9394498526818219e-01	   2.1289619760061979e-01	   2.6431265081916816e-01	   8.4743072588685719e-01	   7.2142065413634426e-01	   2.9388887645759187e-01	   1.3147459724646918e-01	   1.6747023973142966e-01	   9.7888672317903588e-02	   2.9476678015974089e-01	   7.5509563250737904e-02	   5.8272006547661392e-01	   6.0057751833608419e-01	   7.0880404409505182e-01	   6.9148381900751787e-01	   4.9300804984189173e-01	   3.8072431821459701e-01	   1.8257548732208259e-01	   1.4674279040863297e-02	   3.4391766527127504e-01	   2.1538912652967543e-01	   1.2374788310224585e-01	   4.1899077790099415e-01	   1.5389111376001463e-01	   5.0632770892821831e-02	   3.2276686268216292e-01	   2.1500078142848489e-01	   2.0528605580054934e-01	   2.2910454305327549e-01	   3.0247679964891172e-01	   2.2731674817772968e-01	   1.4582834743914960e-01	   1.7710768470216282e-01	   9.2817160425081618e-02	   1.6590635313592988e-01	   2.8413543356312432e-01	   3.0905451768858816e-01	  -1.8025450521322872e-01	   4.2078804657357596e-02	   3.3229601393763836e-01	   2.9197043136981160e-01	   1.2419646088625000e-01	   2.0690043960748164e-01	   6.9505823486662344e-02	   3.2656032981277956e-02	   7.8204187371676526e-01	   8.6360933957327080e-01	   6.8505115696157937e-01	   5.2610155398650249e-01	   2.7643714836320332e-01	   3.3100863250639828e-01	   2.5452673844490586e-01	   2.7243597195216968e-01	   2.6623607884998068e-01	   3.2709249284568565e-01	   2.3563287465975563e-01	   3.1361917327733968e-01	   1.9174822000050348e-01	   3.0261405851802908e-01	   3.8994089387729054e-03	   5.2689457866850919e-02	   1.0637362792058093e-01	   1.8486933522777055e-01	  -1.1698310080765706e-01	   2.8219975861562696e-01	   4.1567536305999231e-01	   4.5552267429194093e-01	   1.6276361149196839e-01	   3.1687373523055407e-01	   3.2461492973788958e-01	   4.1317121738020385e-01	   4.8954646932667728e-01	   5.5070013628610570e-01	   6.7021439595133203e-01	   6.4325652477068274e-01	   1.0843108081122148e-01	   6.9695098273497819e-02	   2.4712822286439565e-01	   6.1744549883031755e-02	   3.5616732973170012e-01	   4.2415713016710660e-01	   3.3136963793974222e-01	   4.8446330607811033e-01	   3.0048943495489872e-01	   4.0025043476580924e-01	   3.3726694970900511e-01	   2.2557421017024687e-01	   2.7723153286161356e-01	   2.9410692809756522e-01	  -6.1179081896160798e-03	   1.7549911055322567e-02	   1.0776836228366549e-01	   2.7189086933570467e-01	   2.8995998506163068e-01	   4.4274159001747754e-01	   2.6146351829946612e-01	  -2.3344103658989540e-04	
   1.1814602326613043e-02	   2.8329418712896448e-01	   4.3181131431960318e-01	   8.9661491724126752e-01	   6.1158826564715962e-01	   5.8830525109338627e-01	   7.2193307368698378e-01	   0.0000000000000000e+00	   4.0098670547343335e-01	   4.8585067257937542e-01	   1.5147573195484615e-01	   6.9053895145663591e-01	   4.9373990444225202e-01	   3.7110237359440357e-01	   1.0106210175697762e-01	   1.3175466573685896e-01	  -7.0956482238266491e-02	   4.5094424726288239e-02	  -9.2390411670300099e-02	  -3.1177356528671388e-03	   2.3213952828654608e-01	   3.0588392025581546e-01	   6.8053219881940219e-01	   8.5681103075228138e-01	   3.6435754351203009e-01	   4.6398608827667981e-01	  -8.3030583167686578e-02	  -9.2331081283794136e-02	   6.7324895334279822e-02	   1.9468977982009303e-01	   8.0779810910867833e-01	   1.0154274076751442e+00	   3.0540159683797707e-01	   5.6967494911042804e-01	   2.5918727360538429e-01	   3.2159930865105796e-01	   1.6473206598296797e-01	   8.7187059803587652e-02	   2.3207614633794033e-01	   7.0976000587481450e-02	   1.1838027221191426e-02	   2.3461308134340358e-01	   3.2083823444054183e-01	   2.3827734766145228e-01	   3.8617983681551638e-01	   3.5535768388791877e-01	   3.8122251929251022e-01	   4.0933389488493416e-01	   4.8036116710983207e-01	   3.9173431013966714e-01	   2.5590884236869904e-01	   2.5451100856609704e-01	   1.6072366601253368e-01	   1.7616313499849628e-01	   2.8417522689923985e-01	   3.3175486293256795e-01	  -1.8905753601843905e-01	   8.9304854549301607e-02	   2.6674234637550320e-01	   3.5628217123007971e-01	   2.1103594066807330e-01	   2.7861889321683986e-01	   1.2033249620229643e-01	   1.6397499977573288e-01	   2.4622926904409626e-01	   3.7519140726492584e-01	   4.6371513869748826e-01	   4.5538464394270045e-01	  -1.7015363040702860e-02	   9.5839285290142795e-02	   4.0076248767646322e-01	   6.0002707775959729e-01	   3.0237238194257510e-01	   4.2906080612012820e-01	   2.2822832490748227e-01	   4.5843848350988953e-01	   3.0389345940056528e-01	   3.5466706986524776e-01	   4.7766535355599223e-02	   2.5033230293703235e-01	   3.1455641033469950e-01	   2.9007316882548284e-01	  -2.4492889618986396e-01	  -3.3395200497074978e-02	   2.5627125353396052e-01	   3.4377940100378179e-01	   1.1097940037456441e-01	   9.1482741225861280e-02	   2.9627321844685739e-01	   3.2102580667879949e-01	   4.5454917477787343e-01	   3.8998676457774445e-01	   6.4806732114265819e-01	   4.7815339684026725e-01	   9.3743943223425830e-02	  -3.7362940306912909e-02	   2.4695860116206625e-01	  -8.7606537608114386e-04	   4.4112582882095291e-01	   3.9196398108519959e-01	   2.8642750137404277e-01	   3.7396970616787262e-01	   2.8981666951717772e-01	   3.2405066966874813e-01	   2.9395437373919059e-01	   1.7789306287325876e-01	   1.8921254196206602e-01	   2.0406334111957958e-01	  -6.0416747239723415e-02	   3.6054839517878773e-02	   2.2004755811506402e-01	   2.9961426338464830e-01	   1.5028830374938965e-01	   2.8138497132952656e-01	   9.6249853417247191e-02	  -2.2731309783748693e-02	
  -1.1118437513144343e-01	  -1.5510074715917874e-02	   3.5973784718631574e-01	   5.1921442483146674e-01	   1.0546986918597054e+00	   9.3158457187638366e-01	   1.5705556726483685e-01	   4.0098670547343335e-01	   0.0000000000000000e+00	   9.9868798646137458e-01	  -4.2716161690507348e-02	   1.9402057571332870e-01	   4.5995729506686889e-01	   3.0969724595995629e-01	   7.0885279454307892e-01	   4.4530642247493835e-01	  -1.7050946731144404e-01	  -1.0330765993752914e-02	  -2.4896729122174616e-01	  -2.2022236007793999e-01	   4.4359280216788505e-01	   4.6020460956762416e-01	   3.8460136631163377e-01	   5.6689654287581681e-01	   4.0353430185990524e-01	   5.2055279793324805e-01	   5.2222171968431552e-01	   3.2094875371483245e-01	  -7.2364146908046906e-02	  -9.4574567424421420e-03	   3.2474200920634361e-01	   3.1947640003017180e-01	  -1.0690848120117688e-01	  -9.5190090754064816e-02	   1.3398385185175352e-01	   8.5265849341751243e-02	   1.1424565871222170e-01	   2.0994617458045015e-01	  -9.6880997224032664e-02	  -1.7024647960868494e-01	  -3.4260672470395076e-01	  -1.7869060718165067e-01	   1.0518520833043808e-01	   1.6855616817700886e-01	   9.8111705313520300e-02	   1.9093129892627439e-01	   1.5735626924983354e-01	   1.9286143358943886e-01	   1.4396607331580713e-01	   1.8149283736002017e-01	   2.7218434733322283e-01	   3.3906929810540959e-01	   1.9427002043968372e-01	   1.8589994853914446e-01	   9.0831364027672473e-02	   1.1442080058383065e-01	  -1.9580326293753730e-01	   6.8435163478824917e-02	   1.3280835538412034e-01	   2.2177251561959621e-01	  -3.5496219829913585e-02	   2.4056962745380342e-02	   2.8702188934441243e-02	  -3.2371127394073933e-02	   2.1393645196503519e-01	   6.5658576287613332e-02	   1.7679300842528639e-01	   1.1764611723578279e-01	   2.6927349689476598e-01	   3.3558883449166194e-01	   1.7117379058025656e-01	   2.9568428711757683e-01	  -8.7478997613347209e-03	  -1.0054923490721950e-01	  -3.5374774243849660e-02	  -1.1664757863659272e-02	  -4.8368017987180649e-02	  -4.9271403557470318e-02	   1.1922128252875301e-02	   2.6999852013170061e-01	   3.5350783361470478e-01	   3.9702681404512308e-01	  -7.6972521910303571e-02	  -3.6314118037840189e-02	   3.8370153700344978e-01	   4.0316459520600256e-01	  -7.0075249754161878e-02	  -3.4051615523779900e-03	   1.8385503733210010e-01	   1.4944731211620116e-01	   5.0777667694562023e-01	   7.1695755039758935e-01	   5.4849072034664359e-01	   5.4884853162534664e-01	   1.7768966305618430e-01	  -1.9554247880961714e-01	   2.8148194204943766e-01	   7.0089149517669994e-02	   1.3386367574542876e-01	   2.0139853354240450e-01	   3.6324154689643721e-02	   8.4791189692365772e-03	   2.5806496690444068e-02	  -4.6354251688111303e-02	   8.2595124771770251e-02	   1.6729691795346832e-01	  -1.5009243162418134e-01	  -6.9680992842988287e-02	  -5.1573108443731717e-02	   1.1780562623295940e-01	   4.8645344523646750e-01	   3.7288922851222878e-01	   2.3740127246779791e-01	   3.4101661237169156e-01	   4.1887898888808284e-02	  -2.9655762869122781e-01	
  -3.0054623764788492e-02	   1.1955574240493633e-01	   4.0835639024465364e-01	   6.7545800461472227e-01	   9.9866156170607479e-01	   1.1066484221953570e+00	   2.8053484902987569e-01	   4.8585067257937542e-01	   9.9868798646137458e-01	   0.0000000000000000e+00	  -7.7485557914925354e-02	   2.7926754398633991e-01	   4.1232495743311826e-01	   2.7757436436691885e-01	   7.1281771432991359e-01	   6.3076170295354650e-01	  -1.4658620933229916e-01	   3.7042012322369484e-02	  -1.4065771196904348e-01	  -1.1698145442887539e-01	   5.0281347717729630e-01	   4.6390301579894627e-01	   3.7546772650772547e-01	   5.9537586952518951e-01	   4.9109061291600337e-01	   5.4358639069340120e-01	   5.3031383855553371e-01	   3.5778391121850278e-01	  -4.7984288433019842e-02	   3.7112767688298853e-02	   3.0710848768822741e-01	   3.0548614854131323e-01	  -1.9808912416889840e-01	  -1.4239373426555604e-01	   1.0117708047946143e-01	   1.0659786571396201e-01	   1.0181200600043643e-01	   1.0307999660884287e-01	   6.5349096221168981e-02	  -1.2625894655445791e-01	  -2.4542631785848765e-01	  -1.0344159246567344e-01	   1.4432280869523514e-01	   2.0518378519744629e-01	   1.1533117533158646e-01	   1.7381307947975602e-01	   1.5617113776362698e-01	   2.0755907970322060e-01	   1.6276108821940258e-01	   2.4515857039900535e-01	   3.4850849575950882e-01	   3.7548761938630409e-01	   2.9901210894649161e-01	   3.0057265317965648e-01	   1.9876365043771613e-01	   2.0685368498791395e-01	  -1.2039128761082271e-01	   1.9693452424639038e-01	   1.0549465793627710e-01	   2.7667108064326418e-01	  -5.4817640394662970e-02	   9.9535077031196559e-02	  -2.4443325673090623e-02	  -4.0430299934946214e-02	   2.0988480736112455e-01	   2.0810069150178254e-01	   1.9036338004448691e-01	   1.4388266268099392e-01	   2.6711303277919995e-01	   3.2309866763595002e-01	   8.3603759975643469e-02	   3.3777902852407599e-01	  -2.9794718635259291e-02	  -2.6064968425385834e-03	  -1.1010772584502557e-01	  -5.0650302460425387e-03	  -1.3015232256470582e-01	   3.2081401074347327e-04	   1.5347538521945547e-01	   3.7358237442204290e-01	   3.3865763236762247e-01	   4.1411789843660940e-01	  -2.1430166557577540e-01	   6.1304048889725168e-02	   3.4675543014908961e-01	   4.3825892177883830e-01	   1.0812064768808813e-01	   6.9134311248875480e-02	   2.8319704361109638e-01	   2.4890875998602363e-01	   7.0984150724460027e-01	   7.0144559438791831e-01	   7.2287906641717481e-01	   5.3666159368683686e-01	   2.1511027608890709e-01	  -1.7151806039372924e-01	   3.4285861690033409e-01	   1.1746585659923986e-01	   1.8854968489243451e-01	   1.6780288664325316e-01	   1.0299824615247992e-01	   1.5596139126548225e-02	   5.6849765620447766e-02	  -5.4624011266207882e-02	   4.7668644565605593e-02	   2.0260395785615451e-01	  -1.2260796409378821e-01	   2.8568530459943189e-02	   5.8907210562548301e-02	   2.5157831097921846e-01	   6.2035729475769219e-01	   4.3004392352428755e-01	   2.6350008028756949e-01	   3.3509038715284872e-01	  -1.9071091558872662e-02	  -3.2812889716573873e-01	
   2.9676433232858179e-01	  -5.3666550852846620e-02	   2.0222618420603319e-01	  -6.7200895806055400e-02	  -1.9038629974524164e-02	  -1.4202755369855025e-01	   4.3916337557031310e-01	   1.5147573195484615e-01	  -4.2716161690507348e-02	  -7.7485557914925354e-02	   0.0000000000000000e+00	   5.0083901105559769e-01	   7.9870463510285816e-01	   4.4620017744198748e-01	   1.8652883432728301e-01	   8.3187643236317763e-02	   2.7684426151861502e-01	   1.8677783068618642e-01	   2.4513818424043207e-01	   1.8582182768664698e-01	  -1.1964925423501074e-01	  -1.2407806339776482e-01	   3.4821871958243916e-01	   7.2258487618988204e-02	  -9.2690685905213746e-02	  -1.0272767652281695e-01	   5.1799474947972581e-02	  -3.6150725082870115e-02	   5.6397680326445609e-01	   1.4606717538588485e-01	   2.2163452192029784e-01	   2.3079436486554375e-01	   4.5154656637364188e-01	   3.8526877308763829e-01	   5.7507095889416535e-02	  -2.4472153571145233e-03	  -1.3625687400782160e-01	  -2.8487698868070660e-01	  -4.6711024803321441e-02	  -2.5723060960845384e-01	  -1.5882517878434647e-02	   5.1539653761625392e-02	  -1.2909048399731501e-01	  -1.9194177588577707e-01	  -4.0836766359339475e-03	  -2.8907845220659558e-02	  -1.6640453638843766e-01	  -1.7756944629855057e-01	   9.5229650068859762e-04	  -5.1414027666006633e-02	  -1.9792030239279351e-01	  -1.6789949050042113e-01	  -3.2025186402448780e-01	  -3.2083747722377653e-01	  -1.1840769523059999e-01	  -1.6774257004165496e-01	   9.0794496422342316e-02	  -3.0479524656379440e-03	   7.3439399638066921e-02	  -7.8173932907801308e-02	   4.1986532882887173e-01	  -7.8444053247692276e-03	   4.1382858317564941e-01	   1.7512103683679911e-01	   6.6083741893425463e-01	   3.5249374155839724e-01	   1.2974237109784109e-01	   7.1762119115118650e-02	   2.5770414878019753e-02	   4.1095249909661449e-03	   2.9705763006058095e-01	   2.9202107759503654e-01	   3.8887360670070686e-01	   1.7763332023481287e-01	   3.7295572338627886e-01	   2.3176994173736587e-01	   2.9707528039792958e-01	   1.9319488916093769e-01	   4.8385215917345945e-02	   4.7790038858450581e-02	   1.3792317583443972e-01	   1.2151130724747278e-01	   1.9313295271023811e-01	   2.3810503500823937e-01	   2.4355702775406107e-01	   6.7378964062886224e-02	   1.6788063702665823e-01	   2.5073275108313614e-01	   2.1662670568933859e-01	   6.9517655601339476e-02	   3.5040653368005755e-03	   3.5697254189945782e-01	   1.2049433292095653e-01	   2.9672034998326796e-01	  -6.4326566322622403e-02	  -2.1172875157571178e-01	  -1.9521518311313199e-01	  -1.8091295094625615e-01	   5.9324766688049202e-02	   2.2002197178644819e-01	   1.6083038801096272e-01	   3.4054241945684666e-01	   1.8622335887649455e-01	   2.9098315461756341e-01	   2.4072475591106257e-01	   2.4951513189449714e-01	   1.2249562049371748e-01	   1.8906573066825322e-01	  -7.3257173480312340e-02	  -1.0024943634071337e-01	   1.4232947228753412e-01	  -1.3211724824493820e-01	   8.7356544044069173e-02	   9.0966330151292352e-02	   5.1265863901606659e-02	  -1.7218257290046260e-01	
   2.7729123163290653e-01	   3.1700909046109138e-01	   3.7115350189352031e-01	   4.6091161192538371e-01	   3.4996297882113514e-01	   3.0207646303752200e-01	   7.4266477845891921e-01	   6.9053895145663591e-01	   1.9402057571332870e-01	   2.7926754398633991e-01	   5.0083901105559769e-01	   0.0000000000000000e+00	   7.5293838362210974e-01	   9.2895684276213975e-01	   3.0471681272497170e-01	   3.3773734262940552e-01	  -1.9809231220298668e-02	   1.8855814250505729e-01	   2.3616315251263859e-01	   3.0179601792303168e-01	   2.2614030449212263e-01	   2.5803071264797972e-01	   5.7530309938529078e-01	   5.7436417918667360e-01	   2.5395583259044319e-01	   2.1919806835975800e-01	   1.1878710140081596e-01	   8.9118483175937097e-02	   3.2867263936705687e-01	   2.2244560136887678e-01	   5.3923397510080173e-01	   6.0127395416735385e-01	   4.7450809171339769e-01	   6.0135901262732905e-01	   2.9750874914260600e-01	   3.6501317410118900e-01	   2.0598980142883813e-01	   4.2487264063833907e-02	   1.7131652645237733e-01	   1.0584331866142437e-01	   1.2134009833518770e-01	   3.4998031356368575e-01	   2.5731202965259187e-01	   2.0565726138808571e-01	   3.2839923783642960e-01	   3.0886760440450822e-01	   2.6067569644285238e-01	   3.3068855805428482e-01	   3.6999014716800005e-01	   2.8136419935140267e-01	   2.0251798265871027e-01	   1.3461321873398283e-01	   8.4146273665024501e-02	   4.6276975428724269e-02	   1.9874229710146193e-01	   2.3178467445248938e-01	   3.4443127007117706e-02	   1.3208110559537670e-01	   3.0078814313067653e-01	   2.8996327525092658e-01	   2.8492565231542799e-01	   2.7708043574977692e-01	   1.8024829505132206e-01	   1.5514665414890033e-01	   4.5718699993019440e-01	   5.4709041177518181e-01	   4.5658905849254061e-01	   4.8846819002164421e-01	   1.9863729044780859e-01	   2.9831097885518837e-01	   5.7753025390618051e-01	   5.1932247622820749e-01	   3.5063544857902684e-01	   4.1802783034941626e-01	   3.6697137249459577e-01	   4.4504171126679826e-01	   4.1471562444009624e-01	   3.4402108742250948e-01	  -2.9322108767781626e-04	   8.7456784194844817e-02	   3.2402430045996566e-01	   3.6748454409147019e-01	   2.5345304440060175e-02	   3.0163429349740467e-01	   4.0700643332092118e-01	   3.6920868144659308e-01	   1.1562014792086905e-01	   1.2954946638154347e-01	   2.6174129168605698e-01	   2.2221991132407337e-01	   3.3404306782074955e-01	   4.0843928359967435e-01	   4.8897157639816102e-01	   3.3080401238779050e-01	   4.6811420514945093e-02	   6.2788002961369827e-02	   1.4321212624115012e-01	   1.7648190698462830e-02	   3.8191450799919097e-01	   3.8883102662189462e-01	   2.5079042053256095e-01	   3.7394418268830248e-01	   2.9652786334949283e-01	   2.9985501865901615e-01	   2.0900114132134451e-01	   8.1425476764637281e-02	   2.1115670892959140e-01	   1.3674356127415224e-01	   2.6601117164657986e-02	  -3.5091421983755977e-02	   1.3146348090769766e-01	   1.9362445076044979e-01	   1.7220225287730007e-01	   3.0442319208040441e-01	   7.0061046890993670e-02	  -8.3508664947781405e-03	
   1.5979329595751604e-01	   9.2441672798600476e-03	   2.4002512227376815e-01	   2.3073337302329794e-01	   5.0389702140780357e-01	   3.3807377578785969e-01	   4.9471207511490445e-01	   4.9373990444225202e-01	   4.5995729506686889e-01	   4.1232495743311826e-01	   7.9870463510285816e-01	   7.5293838362210974e-01	   0.0000000000000000e+00	   9.0993775035387370e-01	   4.1424151157571143e-01	   2.3053538647935351e-01	   1.4809282477392521e-01	   2.2116951929242745e-01	  -1.6762924898782824e-02	  -3.9882745013574090e-02	   1.3635419837533316e-01	   1.0876609050670305e-01	   4.9543575285191416e-01	   3.6884998769492888e-01	   1.6999641305575308e-01	   1.6480318212448133e-01	   2.4903099350932334e-01	   9.8240144955185599e-02	   3.8712341502541359e-01	   1.9418947555796903e-01	   4.1371189291196941e-01	   3.8011822039025961e-01	   1.8090345425271898e-01	   2.1501873870069638e-01	   6.5145012023138825e-04	   5.3245941551677044e-03	  -2.3103381945995035e-02	  -1.1436316411109101e-01	  -9.6518303244425813e-02	  -2.3317399820844298e-01	  -2.7121389929212769e-01	  -1.1987769140038804e-01	  -7.7855266842980267e-04	   8.6952721217478015e-03	   9.5178008995733920e-02	   1.5458910227821046e-01	   1.1565444097826956e-02	   7.0924262872931187e-02	   2.0057676623808673e-01	   1.5771213026508449e-01	   7.1620677646956607e-02	   5.7989732191686953e-02	   2.3871185903753468e-03	  -6.7175967202159972e-02	   4.1167298259321902e-02	   4.2854920122073765e-02	  -6.4278871841984636e-02	  -5.1900520536242063e-03	   1.2968071032185302e-01	   8.0165638737888137e-02	   3.4585294598501870e-01	   9.5995537074408263e-02	   2.5171757393429062e-01	   1.2129128837969826e-01	   4.0071399868183377e-01	   1.9014285600994910e-01	   1.2224050557537300e-01	   1.1137782367479691e-01	   8.3144413696187872e-02	   1.0148805927191913e-01	   3.3135370353585480e-01	   4.1241347716951871e-01	   2.6930312786195559e-01	   1.7668480187420513e-01	   2.6285970354236909e-01	   2.9530914872815678e-01	   1.8220796413631532e-01	   1.3878099429744015e-01	   1.6097970525662594e-01	   3.1562316664873935e-01	   3.4431544411467080e-01	   2.9033304529551440e-01	  -1.0669621778442255e-01	   9.6858179444685895e-03	   2.7351100991972310e-01	   1.4804639116193688e-01	   5.0986896006362900e-02	   6.7424046592541559e-02	   2.2014362940741697e-01	   9.4224365782779027e-02	   2.0491802861107233e-01	   5.4489248546408531e-01	   3.3501139430448712e-01	   3.6874896098339977e-01	   7.3071302576450503e-02	  -2.4081934916713260e-01	  -8.6188369198090149e-03	  -4.9259233296505472e-02	   6.7357947376342195e-02	   1.9334493980218564e-01	   1.0401857122696767e-01	   2.2028677177760958e-01	   1.5143244762701891e-01	   1.8220221809781231e-01	   2.1790311475186211e-01	   2.7729435732537677e-01	  -4.3570508822706085e-02	   8.2809227534710012e-02	  -9.1947416444026542e-02	   3.9994742283389464e-02	   3.8140065873090906e-01	   7.1401068263383063e-02	   1.9708242139844440e-01	   2.0290210001596543e-01	  -5.3908023124981774e-02	  -2.9940983027060664e-01	
