   0.0000000000000000e+00	   1.1287378205863881e+00	   7.5508689077745605e-01	   6.7204914869807153e-01	   5.7902500527185208e-01	   4.1391397596235524e-01	   4.1157564919420980e-01	   3.8932197710582994e-01	   6.6125828623167404e-01	   4.0435815210294562e-01	   2.3597094595289447e-01	   1.9120419607045644e-01	   6.5782737408656131e-02	   4.9205277781243208e-02	   8.6636646983009957e-01	   6.3783043164738273e-01	   6.0199204280862262e-01	   3.7568341821501294e-01	   9.2558502801904741e-01	   8.2495365265096809e-01	   1.2143676952429025e-01	   2.6515911564996508e-01	   4.7002766662338225e-01	   4.6051899001642571e-01	   5.3492830578678074e-01	   4.4654685451100512e-01	   2.7140270789584658e-01	   2.7685338255957592e-01	   9.6722903277444566e-02	   1.5405887921197062e-01	   3.0667966665011243e-01	   2.1672466637469046e-01	   2.2218951847103213e-01	   2.7777513750338434e-01	   3.2585279383840454e-01	   2.8747171613652872e-01	   1.8244032525890491e-02	  -3.3012305251596222e-02	   2.9140167533117556e-01	   2.1831517972020270e-01	  -2.7032778654598199e-02	   1.9417561809909001e-01	   2.5814065860149626e-01	   1.9655414315810549e-01	   2.9887983010874506e-02	  -6.7292075554406224e-03	   3.0453388359078526e-01	   3.4450643624349209e-01	  -1.1596782632246469e-01	   4.4401816235605344e-03	   1.4188291321308635e-01	   3.0564670115695342e-01	   6.1005379239597901e-01	   6.0502976510923479e-01	   4.9984590443789745e-01	   4.9566570013834743e-01	   9.3497366777716240e-01	   1.0548314390810003e+00	   4.6196920153284865e-01	   3.8513120889440078e-01	   3.6559682439633906e-01	   2.4149621874089666e-01	  -5.3712765907216749e-02	   1.4880793426196190e-01	   1.7336663577830991e-01	   1.2687138174037188e-01	   4.0157532823592218e-01	   1.9996937334685741e-01	   7.8411809164590662e-01	   4.6220273224450287e-01	   3.2915568316938765e-01	   3.5947914608216575e-01	   3.6110690270761880e-01	   8.4104062163092699e-02	   4.8629191033084340e-01	   4.2189458737297980e-01	   4.3901650396328384e-01	   4.3521375501563303e-01	   4.2836409345175691e-01	   3.5872994661385993e-01	   5.1956738659733270e-01	   5.4235386732881574e-01	   6.7942967748746963e-01	   5.6050146436113557e-01	   5.7335092256745546e-01	   5.6564654145692794e-01	   7.3037594027119878e-03	   4.1882589311533891e-01	   6.5944253782726669e-01	   6.0270083124466223e-01	   6.8801954904070661e-01	   5.2564122461959362e-01	   5.2236518289636724e-01	   4.7180464753730028e-01	   7.2541732022760727e-03	  -1.5620920992125892e-01	   3.0028941526853686e-01	   6.3691754890340596e-02	   5.8291403326550106e-01	   7.8841608165498855e-01	   3.9370661210578339e-01	   3.3471225594132348e-01	   3.2122903842013828e-01	   8.8873712272502861e-02	  -1.4516679235754409e-01	  -3.4711863903893642e-01	   2.4314201730809532e-01	   7.3823142955736318e-02	  -1.2556524345720077e-01	  -1.5128622253183172e-01	   2.8486738581926530e-01	   4.1881535029121447e-01	   5.3282590060253066e-01	   4.2986247863195554e-01	   1.4359861995715212e-01	   1.1437086872425140e-01	
   1.1287378205863881e+00	   0.0000000000000000e+00	   7.1139681288806522e-01	   5.6700653753462493e-01	   4.1517740259317198e-01	   3.7992522730840877e-01	   4.1802325458066386e-01	   4.7951946072952278e-01	   5.4540041953495577e-01	   4.5149508818675554e-01	   2.3417577496257103e-01	   4.0959803827754415e-01	   6.3825402961439570e-02	   2.1048057010578708e-01	   7.6827608398898739e-01	   7.0340962713977895e-01	   3.2652341115596689e-01	   4.1254512856129005e-01	   8.5184982035177037e-01	   9.0340047540500223e-01	  -1.2984978859987345e-01	   4.7343363319725218e-02	   3.4086892830959381e-01	   3.3954259768252193e-01	   2.1154465014237572e-01	   1.5665268228014115e-01	   1.7881191004893177e-01	   2.0514309795413777e-01	   4.6760282426932059e-02	   2.7979593259333640e-01	   1.2029665571620941e-01	   8.9047175385518249e-02	   3.3215994335772747e-01	   3.3410404357166118e-01	   2.0680825484029539e-01	   2.1618747566669955e-01	  -1.5015553489910791e-01	  -2.3733740968124928e-01	   1.9789037800834042e-01	   1.5593362851683129e-01	  -1.4306251452113389e-01	   1.5444088358513072e-01	   3.1223511933103215e-01	   2.3016705533922843e-01	   1.1779837443370963e-02	  -3.5457411526957805e-02	   3.2729740409420088e-01	   3.7172817946050207e-01	   5.3753638288486366e-02	   1.3961691073148361e-01	   3.1540688196055994e-01	   4.3659935636543223e-01	   7.1833280824843848e-01	   6.9214558481005806e-01	   4.9843558035188590e-01	   5.9193122721689617e-01	   8.7934777757464899e-01	   1.0968560735007464e+00	   4.2637280700767688e-01	   4.6445854758605842e-01	   3.0264490252720777e-01	   1.9339921513085612e-01	   5.1887803411487347e-03	   2.3578095415619826e-01	   2.8474722613939230e-02	  -6.8503977472551658e-02	   1.0638082500941744e-01	   1.5989035227352545e-02	   7.7022941747383222e-01	   3.9180162351614101e-01	   6.7730690421609840e-02	   9.6849516046997597e-02	   3.6142492025660178e-01	   1.7123230297733150e-01	   5.4722593326810443e-01	   3.2041524127463428e-01	   2.7874413000849618e-01	   4.0388570953157044e-01	   3.2636212119968144e-01	   3.0173513389960821e-01	   4.0828331394026479e-01	   5.6240545133081088e-01	   5.1983029762387245e-01	   4.8465467859892286e-01	   4.8389371714481311e-01	   5.3223782210885440e-01	  -3.6942536998394997e-02	   3.4565157368953697e-01	   6.3882322541297287e-01	   7.0917346385382940e-01	   6.2557455307198340e-01	   4.0199183289413798e-01	   3.6483884337117489e-01	   3.0997984091575637e-01	   8.5059384797360596e-02	  -9.3568225353570358e-02	   3.0239666777963453e-01	   1.7331494121346849e-01	   5.7792540106537327e-01	   7.2091395924479296e-01	   3.7740676585638450e-01	   2.2564005880512725e-01	   2.7937399852893691e-01	   5.4462646233819328e-02	  -3.0655649624921405e-01	  -4.8994836159762051e-01	   1.6375308618781068e-01	   4.3370599473640588e-02	  -1.5489918489797644e-01	  -7.2684897387703187e-02	   4.3645347784884481e-01	   4.6923312781949844e-01	   6.2648740231745370e-01	   5.6303493521770909e-01	   9.5255524248890305e-02	  -6.3259779255407850e-02	
   7.5508689077745605e-01	   7.1139681288806522e-01	   0.0000000000000000e+00	   1.1818106474552785e+00	   7.7363618208476526e-01	   8.2031174336125845e-01	   1.0081019811113203e+00	   7.5489947763158949e-01	   7.1262083539523169e-01	   7.1923308184967638e-01	   2.3876667016135258e-01	   1.7372669825694359e-01	   2.0259948936886912e-01	   1.5501045807244959e-01	   1.1053661424368513e+00	   1.0724841268794230e+00	   5.6007282746769464e-02	   1.3278239070572309e-01	   1.0851469027499769e+00	   9.5441374612500152e-01	   2.3910449449284943e-01	   4.5342131063184887e-01	   9.7776462137876308e-01	   8.7972296716223597e-01	   4.5310245765120077e-01	   5.1053939524140457e-01	   4.6705972848430710e-01	   6.0528383847766920e-01	  -1.5957924037025950e-01	   8.4384002239728473e-02	   3.8218243710580307e-01	   4.0081212441023439e-01	   2.7384850768218799e-01	   4.5123753665923216e-01	   5.2324933151051334e-01	   5.8363036539377922e-01	   1.1415269009930059e-02	  -5.9415219498671873e-02	   3.3733665927873713e-01	   2.8890054658450920e-01	   6.4462051447387494e-02	   3.5466092508297392e-01	   4.0133097642173859e-01	   2.5972091763346056e-01	   2.0142258737803720e-01	   4.6317031454012718e-02	   5.0514074254891461e-01	   5.4944525729539140e-01	  -1.1576653701028775e-01	  -5.0191360797793107e-02	   5.2301082647828172e-02	   1.7542849689046389e-01	   5.8361276934216277e-01	   6.0414241316314188e-01	   4.9470623134422681e-01	   4.9282758873858523e-01	   3.8065515166555802e-01	   5.2847082025217706e-01	   4.2321869048128108e-01	   2.3946546383945230e-01	   4.4267705530409307e-01	   2.7551343383845522e-01	   6.7150428431646383e-02	  -4.9909048038991120e-02	   4.8019039181977152e-01	   2.9829900779218604e-01	   5.4629464963570451e-01	   3.5031181587859844e-01	   7.6273783728250732e-01	   5.5895164307436274e-01	   5.1519406492653845e-02	   2.3490636754512495e-01	   9.7163865569651522e-02	   1.1448182780777424e-01	   2.6811891849131841e-01	   2.8588985405848061e-01	   3.0636077078721724e-01	   3.1101036356415840e-01	   1.2826302738820872e-01	   2.0866035833210170e-01	   3.3943975931026471e-01	   5.5136432603352592e-01	   8.6334744109193329e-01	   8.7550565145248460e-01	   7.2278521261873030e-01	   8.3407883511806047e-01	   1.6975315913771077e-01	   4.3189528160091961e-01	   8.4104920855175536e-01	   7.0807033408008813e-01	   1.0413188843161338e+00	   9.1249211548451148e-01	   8.3226559086295415e-01	   8.8588095766674002e-01	   2.2289831023210449e-01	   4.4998349831795369e-02	   5.9724984124721014e-01	   2.7319078127845731e-01	   5.6081637025208908e-01	   8.3159583009454419e-01	   2.1677599817472851e-01	   1.9633800114280636e-01	   1.5081956431873508e-01	   5.9044790214262573e-02	  -2.7169872542971191e-01	  -4.0813061714945259e-01	   1.7032025050837191e-01	  -1.3589825473145521e-02	   1.0614456473878322e-02	   7.3242757882704734e-02	   6.7198515662454616e-01	   5.5483203820975047e-01	   6.8984125738010504e-01	   7.1884892455127503e-01	   2.8455047591363358e-01	  -1.5808357135971846e-01	
   6.7204914869807153e-01	   5.6700653753462493e-01	   1.1818106474552785e+00	   0.0000000000000000e+00	   7.8893042936615410e-01	   1.0117249208072252e+00	   8.5641973961813789e-01	   9.1808908539772438e-01	   9.6358108363639439e-01	   9.5199638984148205e-01	   1.7657241768587534e-01	   2.0895555575168306e-01	   6.4920185507766681e-02	   1.2280993938576042e-01	   9.4889296094503595e-01	   1.0056327017974227e+00	  -3.1910309552005585e-02	   6.8523591437008884e-04	   1.1215985199605929e+00	   1.0954571712103125e+00	   2.0380307832478803e-01	   3.7419393388355332e-01	   8.1301784014281742e-01	   9.2859655124656448e-01	   4.8454145910934598e-01	   7.6390291562324741e-01	   2.9264514190788460e-01	   4.6441761264534726e-01	  -1.1913536672048312e-01	   1.3763438244778689e-01	   4.6484584188878231e-01	   6.1918729928969185e-01	   2.7060621067079882e-01	   5.8100729252603067e-01	   7.3852217678938137e-01	   8.5066120456138139e-01	   5.7155951856892311e-02	   4.8938203840442618e-02	   1.6440810317899709e-01	   2.0385119669548113e-01	   2.0989282394483239e-01	   4.2852070218855332e-01	   5.4841591930325673e-01	   3.2082787165655169e-01	   2.9890790836389436e-01	   1.5745013139145386e-01	   6.2444202916713298e-01	   6.1261582229240530e-01	   1.7140902071488783e-03	   6.7784013898818565e-02	   1.8488303388009653e-01	   3.0146870296001871e-01	   6.4149185529259545e-01	   5.9410292543888754e-01	   3.6220179946017861e-01	   4.1098617372020846e-01	   3.7141468290037666e-01	   4.6302153005313851e-01	   6.1827143862425848e-01	   3.2111172893743478e-01	   5.1625583967676791e-01	   3.3586098561059036e-01	   8.4995931895151505e-02	   6.3400187289799279e-02	   4.1902136545998886e-01	   4.8053190900552539e-01	   7.6773756695315887e-01	   6.0715364153568974e-01	   9.0170496015309676e-01	   6.0548046713536008e-01	  -5.3587289671959186e-02	   8.5164443957010297e-02	   2.1916255680930338e-01	   2.3791211888942027e-01	   3.7105042818007455e-01	   3.8751719610208119e-01	   4.6171892226663486e-01	   3.7811343615034704e-01	   4.6441119723198060e-02	   1.4382352025058251e-01	   2.7168107780618966e-01	   6.0056255863478503e-01	   9.0493724078459969e-01	   1.0713028148679469e+00	   7.3646891014119553e-01	   1.0831309869281349e+00	   5.0206158680943705e-02	   4.6386713041615235e-01	   6.0830924920139684e-01	   5.4621996416821905e-01	   1.1337982171563659e+00	   8.9109563889401977e-01	   1.1818506289176298e+00	   7.8982068712463394e-01	   2.0331752424646488e-01	   8.8264362162531640e-02	   3.9691867323845925e-01	   2.4247256747431589e-01	   5.8530042283167172e-01	   7.1832680469822363e-01	   2.4489825269088206e-01	   1.7931808925432766e-01	   1.2961645062630586e-01	   7.0669398915892093e-02	  -2.5391593379282562e-01	  -3.9443012884324213e-01	   1.1244972053340035e-01	  -8.1090429837079574e-03	   2.5061810602360068e-02	   7.0414541452198942e-02	   7.2462537371569702e-01	   7.0284603589646277e-01	   6.8151535168111999e-01	   5.6450310589988251e-01	   2.4818041238747973e-01	  -1.1541034251361254e-01	
   5.7902500527185208e-01	   4.1517740259317198e-01	   7.7363618208476526e-01	   7.8893042936615410e-01	   0.0000000000000000e+00	   8.2837801522222609e-01	   4.3610646848727319e-01	   3.7206315278036084e-01	   8.7937666480060672e-01	   4.5412772466023499e-01	   7.7049865373769066e-02	   1.0635763445692979e-01	   8.5976452836151893e-02	   7.0643941906302535e-02	   6.8792835508000005e-01	   6.5218347690397405e-01	   8.8807361701045945e-02	   1.0310631811334156e-01	   5.6721779094008906e-01	   4.6221357831997523e-01	   2.3644382892230353e-01	   5.3595617467763079e-01	   5.5923252071512319e-01	   6.0232560772092503e-01	   6.1235593828125912e-01	   7.9130864717576666e-01	   7.5277127745111005e-01	   7.3269450329503771e-01	  -3.1551085218167735e-01	  -1.9104363873889632e-01	   3.2111354773892065e-01	   2.7462418201769501e-01	  -5.5349416736981294e-02	   1.3573250264067049e-01	   5.4016124279644395e-01	   5.2499873358142046e-01	   2.3545863660997368e-01	   2.5553002950630521e-01	   4.0991549902750252e-01	   4.5266642717326300e-01	   2.5650832725487793e-01	   4.6068345825178542e-01	   3.2881487568415457e-01	   2.1088136196701440e-01	   2.4416180651284036e-01	   1.7794014097875785e-01	   4.3319652453624158e-01	   3.8341666598554114e-01	  -1.0294907193085524e-01	  -6.3536936601349278e-02	   3.7525273932359812e-02	   1.1008313386702834e-01	   4.1538555547974620e-01	   3.7645787715100654e-01	   3.5314241978601446e-01	   2.7351437434080594e-01	   1.5643958545231207e-01	   3.5744604330437008e-01	   4.7116994630013642e-01	   1.9691188309300106e-01	   3.8166961209830264e-01	   1.7446622754215144e-01	   1.1512978308556741e-01	  -1.6256737155334886e-01	   5.4802925962099613e-01	   4.0221933136147070e-01	   7.0763328030736172e-01	   5.3807926408255313e-01	   5.5131378992532187e-01	   4.8114945892383676e-01	   1.2248012799522788e-01	   2.1021250628725727e-01	   4.3076023332487987e-02	   7.4902665710949307e-02	   1.0758006934490572e-01	   4.7740442362754998e-01	   3.8686496484937988e-01	   2.9382444638781519e-01	  -1.1531099013829006e-01	   1.5045513681543957e-01	   1.6838534665831953e-01	   3.4883373344218044e-01	   4.6263298841651845e-01	   5.3259823731248557e-01	   5.0870332596696843e-01	   5.2773607391665966e-01	   1.0935226904246229e-01	   4.1156528016633248e-01	   4.3865094193221221e-01	   4.1741197362073967e-01	   6.3293936352977676e-01	   5.2738075077819435e-01	   5.9118882810789597e-01	   7.2948383784242310e-01	  -8.3261828418716766e-02	   1.5656036342976860e-02	   2.2665660742998867e-01	  -2.4377398241540414e-02	   4.3388649162356946e-01	   5.1524559675474502e-01	   3.1600718086414892e-01	   3.4714332135284587e-01	   2.2369294326833888e-01	   1.1033832306338423e-01	   3.4718140840912562e-03	  -2.4761611472249004e-01	   3.0133061792757115e-01	   6.2011850556259414e-02	  -2.6823183687577867e-02	  -8.7048713639256314e-02	   1.9988784638985041e-01	   3.0109737231415756e-01	   2.2798671116001007e-01	   3.5950647604346969e-01	   2.1259009193609790e-01	   2.7598348425067989e-02	
   4.1391397596235524e-01	   3.7992522730840877e-01	   8.2031174336125845e-01	   1.0117249208072252e+00	   8.2837801522222609e-01	   0.0000000000000000e+00	   7.1265969410028762e-01	   7.1453800265787493e-01	   8.0520063497171268e-01	   1.1596685362076953e+00	   1.0028481154338520e-02	   1.2745035440815830e-01	  -1.4723994888485463e-02	   6.6012760958513550e-02	   6.3921238621012622e-01	   7.9640998923997230e-01	  -2.3826059113273954e-01	  -9.6090277354948878e-02	   6.9115615163261157e-01	   6.6632562563019371e-01	   2.6773028140274013e-01	   5.0633996539994497e-01	   4.8759537922887763e-01	   5.0495084635727294e-01	   3.6443952700344640e-01	   6.8180943729447963e-01	   4.4825698910810086e-01	   6.3745866619533753e-01	  -3.2806655528906498e-01	  -4.3740747708032483e-02	   1.6518201544801664e-01	   2.8982322445350722e-01	   1.0134933196879815e-01	   4.0064458752448256e-01	   6.3441923202262340e-01	   8.9666380213162689e-01	   9.9223742241348084e-02	   1.5915226757595646e-01	   2.0645268515293841e-01	   3.0713031445668770e-01	   2.5940450059271569e-01	   3.5591463804011819e-01	   3.0645348306778103e-01	   1.9054107274951596e-01	   3.2093329051655289e-01	   1.9438223383175951e-01	   4.9546421139859764e-01	   5.2883522907620062e-01	   2.8384850519390353e-02	   1.5250490662715557e-01	   1.5496716011799871e-01	   2.9607915222290127e-01	   5.1754253201454836e-01	   5.3772548424487343e-01	   4.3829264270174328e-01	   4.9882644627534622e-01	   1.6801510207374087e-01	   3.2185176849993358e-01	   6.4353748442107772e-01	   3.7053401588093321e-01	   4.7680932234938195e-01	   3.4452933640013889e-01	   5.6931791713971648e-02	  -1.3121956564428278e-01	   3.5084257882470310e-01	   4.2729903073037317e-01	   8.6816343811954777e-01	   7.4940422994800893e-01	   6.7625159837392057e-01	   5.7613388743396021e-01	  -1.8908478276104057e-01	  -4.2635565570117648e-02	  -6.0029347350053983e-02	   3.4333234565993037e-01	   1.8215648880620261e-01	   2.9869553352593314e-01	   2.2393019273996678e-01	   2.6235918276667480e-01	  -1.0986684287307381e-01	   1.0347093880317773e-01	   1.0997280398441178e-01	   3.3989016576124986e-01	   5.1996407680850021e-01	   7.2513845683342060e-01	   4.0312625823563702e-01	   6.4990806067003626e-01	  -1.0096963935203195e-02	   4.1510562509984428e-01	   5.8255655025115050e-01	   5.3352169796658711e-01	   8.3682700842283275e-01	   8.4584164807304918e-01	   8.0562513144178816e-01	   7.6646914169602587e-01	   9.9327337586009562e-02	   1.2810887470753174e-01	   2.9847318374170190e-01	   7.2917912252144043e-02	   5.0219013296794168e-01	   6.0577885238695461e-01	   2.1398287253179521e-01	   2.4893496812788701e-01	   1.4368021949122539e-01	   1.4048820757287120e-01	  -1.6224336747381680e-02	  -2.2988242726665675e-01	   2.5787674102726038e-01	   2.1605453063602520e-01	  -5.4909218289281622e-02	  -7.7018512569657513e-02	   4.9697446984016436e-01	   4.7493873640042450e-01	   4.6875700219197736e-01	   5.1910242783886573e-01	   3.1619767714726954e-01	   6.2791298192910877e-02	
   4.1157564919420980e-01	   4.1802325458066386e-01	   1.0081019811113203e+00	   8.5641973961813789e-01	   4.3610646848727319e-01	   7.1265969410028762e-01	   0.0000000000000000e+00	   1.4272977221216079e+00	   5.1708465387553193e-01	   7.0826326758742275e-01	   2.3551547564863407e-01	   2.7087614275154331e-01	   2.9351288032072170e-01	   3.0891490776109898e-01	   6.2700345305310590e-01	   6.3317332828757733e-01	  -1.5980470017830911e-01	   5.4347933118658695e-02	   6.8229814554547230e-01	   6.7129615390264086e-01	   1.7025660949367236e-01	   2.5254098144011805e-01	   5.5734324559077975e-01	   5.0314808598460425e-01	   1.2161584619061511e-01	   2.9599532812999430e-01	   1.6931255005574192e-01	   2.6931787821243680e-01	  -9.8831573294707181e-03	   2.8295158195747783e-01	   2.0324397859141177e-01	   3.2996688504317073e-01	   2.6246457077824742e-01	   4.2945018556851144e-01	   2.6055520890715650e-01	   4.1503071307738904e-01	  -1.5134680305458914e-01	  -1.6329532596763302e-01	   1.6992190178056452e-01	   1.2310840213823582e-01	  -7.4145880833806632e-02	   2.0774942022653942e-01	   3.2504900928179198e-01	   1.4481059137964772e-01	   2.6662260281658562e-01	   5.3481455179490524e-02	   3.6784602180526382e-01	   3.6996798365721334e-01	   7.1407725242854034e-02	  -3.2939538693283331e-02	  -3.6326117397509357e-02	   8.2571479635567768e-02	   3.0195289690025140e-01	   3.1445936018276432e-01	   3.6464305185798435e-01	   3.1648715723332166e-01	   2.7471150786188381e-01	   3.5912126970691843e-01	   5.0432879628076999e-01	   2.7785851439585563e-01	   5.2949829004836291e-01	   4.9185597165519229e-01	   1.9017834965308594e-01	   1.7890930654972600e-01	   2.2564767676463676e-01	   1.9152675820567822e-01	   5.1354090463792257e-01	   4.0238801485654296e-01	   5.5871127766830087e-01	   4.4914626382881001e-01	  -2.1780969618379706e-01	   3.3913763638613995e-02	   1.6860799984430525e-01	   3.0016469113410976e-01	   2.2256264873465226e-01	   4.4376083696770298e-02	   1.1449919903624542e-01	   2.1130208565357564e-01	   2.9600958452258026e-02	   6.1919304564323402e-02	   1.7919341066391983e-01	   3.7940692057365072e-01	   5.1407171475812152e-01	   6.2590004311453351e-01	   3.2688152516194585e-01	   6.1721877768420708e-01	   7.1307373119868525e-02	   2.0946754624661779e-01	   6.8813858989902910e-01	   5.2148551395035270e-01	   9.0661476216409054e-01	   8.3266209389307055e-01	   8.9025572594479130e-01	   7.0224320852443500e-01	   2.5451384000193961e-01	   8.9835792074644774e-02	   4.4415080950949676e-01	   2.6263799436476359e-01	   5.0261951383127190e-01	   6.1073978901792592e-01	   3.1140549764983788e-01	   2.5296692782321917e-01	   2.6506590004593000e-01	   3.2850783543917672e-01	  -3.4140236585749877e-02	  -1.9980838798350345e-01	   2.8837673877913594e-01	   2.1583598040974883e-01	   1.1866457969995703e-01	   1.0448589479678808e-01	   7.0691739181206992e-01	   5.0500479628298511e-01	   7.3687241311089435e-01	   8.1772490824039201e-01	   3.4550712526754329e-01	  -3.7148085648612168e-02	
   3.8932197710582994e-01	   4.7951946072952278e-01	   7.5489947763158949e-01	   9.1808908539772438e-01	   3.7206315278036084e-01	   7.1453800265787493e-01	   1.4272977221216079e+00	   0.0000000000000000e+00	   5.7479585141390377e-01	   7.6018718575561517e-01	   2.5999832916095611e-01	   4.1983565815839241e-01	   2.6557594507074994e-01	   3.7256100012612442e-01	   5.4511079064691415e-01	   5.5460731599000890e-01	  -2.2441876699201210e-01	   2.4604538586001793e-03	   6.5405726370243056e-01	   7.3734299542330528e-01	   2.1591689169558149e-02	   9.4900789704824420e-02	   4.1681721290426338e-01	   4.1328284117581177e-01	  -4.8439445204370365e-03	   2.1094863508520242e-01	   7.8112423479999984e-02	   1.8400425146757829e-01	  -1.7054698926249241e-02	   3.2821132425581667e-01	   2.3371526474424720e-01	   4.0025759496511865e-01	   3.3321538016478935e-01	   5.5175129047719917e-01	   2.9069819067139813e-01	   4.5638478273757865e-01	  -2.2166110674489459e-01	  -2.0291919875843445e-01	   6.6546265634866777e-02	   6.7512189376270765e-02	  -8.8835165824057497e-02	   2.0810818587201854e-01	   3.0445544491056331e-01	   7.4422536709060197e-02	   2.8788021556113469e-01	   6.6471614989345840e-02	   3.3100192534366762e-01	   3.1768883130565728e-01	   1.9916066038373148e-01	   9.8933685963126475e-02	   8.5318917236589256e-02	   2.2231420386928397e-01	   3.2874539055485608e-01	   2.9572432649863695e-01	   3.4537526804287133e-01	   3.5281494982685774e-01	   3.1109842678867272e-01	   3.5054309376558374e-01	   6.4616600204690766e-01	   4.2566250460505262e-01	   5.8552808297215120e-01	   6.4403259463079010e-01	   1.4083529071664783e-01	   3.1208453592336161e-01	   2.1087470651388085e-01	   2.3953205153231966e-01	   4.6021995700001378e-01	   4.4641695786446917e-01	   5.4658301081342198e-01	   3.8064954899552683e-01	  -2.8802039670183094e-01	  -8.9321470684628493e-02	   2.9119001042353165e-01	   3.6600839480144126e-01	   3.6294437519879730e-01	   1.4168657927223025e-01	   1.6391896180187412e-01	   2.5852174178172704e-01	  -2.1577995358351219e-02	   7.2813905379782579e-03	   9.7033828308677197e-02	   4.0040964406828838e-01	   5.0045025044629177e-01	   6.2971551319868435e-01	   3.2086078818719610e-01	   6.7076026507402031e-01	   5.3395238498903187e-02	   2.4453480772277617e-01	   5.8649964327826021e-01	   5.3804181134298545e-01	   8.1756097741322775e-01	   6.6816684119046887e-01	   9.3508248916343251e-01	   6.0206692018034591e-01	   2.0151134320974756e-01	   7.2591875182084750e-02	   3.4071206312058394e-01	   2.7197508129810094e-01	   5.5057682853373702e-01	   6.0304071107569401e-01	   4.0598980125767253e-01	   3.1748730050934887e-01	   3.4938247741656331e-01	   3.7443590457097875e-01	  -7.5400598909027228e-02	  -2.5904299352856153e-01	   2.8723574295545873e-01	   2.4844184352966914e-01	   6.6879741782003108e-02	   1.5345687302570490e-01	   7.0977976679692589e-01	   5.7130239231537250e-01	   7.8205272823676630e-01	   7.6446140752424729e-01	   2.8371903359327344e-01	  -2.6324404488207869e-02	
   6.6125828623167404e-01	   5.4540041953495577e-01	   7.1262083539523169e-01	   9.6358108363639439e-01	   8.7937666480060672e-01	   8.0520063497171268e-01	   5.1708465387553193e-01	   5.7479585141390377e-01	   0.0000000000000000e+00	   9.0528267291781173e-01	   9.0667528216346022e-02	   1.2390737574143919e-01	  -5.1909483667253849e-02	   9.1555401359605781e-03	   8.2412763980048998e-01	   7.6380815834185800e-01	  -2.7946787597453948e-02	  -6.0830410635129367e-02	   7.1292480836284844e-01	   7.9784053932746313e-01	   1.1976541534156358e-01	   2.8185347942949285e-01	   2.9894386314477056e-01	   3.8627819891588294e-01	   2.7522337567166333e-01	   4.9921957630603864e-01	   2.4942640508914160e-01	   2.6777144617177229e-01	  -1.5380215403447070e-01	   8.1025127174579714e-02	   2.1344479383401310e-01	   2.1693312021133118e-01	   4.5543009097619699e-02	   3.3301609400985022e-01	   3.7626063306723789e-01	   4.6702291992125616e-01	   1.2993685815548311e-01	   1.4451058839416928e-01	   1.7397698805233894e-01	   2.0646872716449743e-01	   2.1296811347576586e-01	   4.0689078454399846e-01	   4.1928497691345179e-01	   2.4036086680390373e-01	   2.1590751310472753e-01	   1.3096200840737771e-01	   5.6235016486064970e-01	   4.6120346944752139e-01	   7.6557891903137332e-02	   1.5207957474231060e-01	   1.8753554543087567e-01	   2.9763323095630939e-01	   6.4129160827739584e-01	   5.3487290541800248e-01	   4.4396977536695370e-01	   3.6279792775613995e-01	   2.8405907431664101e-01	   4.1771548823564425e-01	   7.6880008306141556e-01	   5.3904214077398249e-01	   3.4401618476509654e-01	   4.4999942380668678e-01	  -2.0197741502923347e-01	  -1.2431351973797718e-01	   1.7096753076252855e-01	   2.8797654133394862e-01	   5.9876181688122909e-01	   4.5282032803917516e-01	   7.5509620706352809e-01	   5.1191416455769789e-01	   6.2895229277176411e-03	   4.5077212149800788e-02	   1.6574874754504895e-01	   3.5317427073140528e-01	   3.0925823707730637e-01	   3.8619238593250815e-01	   4.4576653953644019e-01	   4.1992527004631197e-01	  -7.6227725554851924e-02	   1.7459134985138874e-01	   2.3739533138147381e-01	   4.0539794505245008e-01	   7.1362904773000413e-01	   7.3984672316154121e-01	   4.0530016549839087e-01	   5.5021880759866493e-01	   1.4726566827528660e-02	   3.0560226672227514e-01	   5.0655003313535329e-01	   5.0306111506789186e-01	   8.3520952306149887e-01	   5.9750892050870763e-01	   7.8509171796869592e-01	   5.5849877751044641e-01	  -7.3811755726543818e-02	  -1.2099277153385360e-01	   1.8716381053360268e-01	   7.9398305169445807e-02	   5.7187029534499090e-01	   5.2929852522754861e-01	   3.0877896717930892e-01	   2.3585053602225886e-01	   2.3826643801236658e-01	   2.2485230455587452e-02	  -9.7362279124910425e-02	  -3.7246902878443522e-01	   4.1394345047369802e-01	   6.9051053420586622e-02	  -2.1242799005623150e-01	  -2.0150878478730777e-01	   3.8686348536332305e-01	   3.7870507804153886e-01	   4.8337667098963710e-01	   4.6394061569212913e-01	   2.9686099073667532e-01	   1.2271287022414609e-01	
   4.0435815210294562e-01	   4.5149508818675554e-01	   7.1923308184967638e-01	   9.5199638984148205e-01	   4.5412772466023499e-01	   1.1596685362076953e+00	   7.0826326758742275e-01	   7.6018718575561517e-01	   9.0528267291781173e-01	   0.0000000000000000e+00	   1.0628067175342936e-02	   1.2031210183120852e-01	  -1.2490978028421545e-01	  -2.7543184120881335e-02	   6.4919649952951952e-01	   8.1108917203846509e-01	  -2.9436384714673364e-01	  -1.9087247137381932e-01	   6.6643402756427139e-01	   7.1287569309909105e-01	   4.6169098097200850e-02	   2.1056357915295421e-01	   3.4952843508772741e-01	   3.7834192673778677e-01	   9.5144213810335596e-02	   3.7084721137917220e-01	   1.1447606267131040e-01	   2.8719635303790958e-01	  -2.3647619576830742e-01	   1.0083134728292739e-01	   6.2475746017088482e-02	   2.3993292918243614e-01	   2.1959524066603900e-01	   5.4642635586306332e-01	   4.5940157919335872e-01	   6.7467055892773709e-01	  -6.6717341740454530e-02	  -3.6656426222111106e-02	   4.2287074114780873e-02	   1.0329998346381111e-01	   1.6012712429207915e-01	   1.9291946019437936e-01	   3.3505865446916433e-01	   1.7048295725509421e-01	   2.0794998578645546e-01	   9.3366501462020635e-02	   4.7469416348605131e-01	   4.4644573973947216e-01	   5.0298849160807006e-02	   1.9529170601882087e-01	   1.9738696443688189e-01	   3.4723354942097301e-01	   6.3476306341850519e-01	   5.5543876834205097e-01	   4.2873520313133667e-01	   4.9288010695720530e-01	   2.6030420995996739e-01	   3.0147320581347070e-01	   6.4309992598087085e-01	   4.3168252502895182e-01	   5.4669066334571625e-01	   5.4697093388647866e-01	  -7.7171767297117166e-02	  -1.3070912309590876e-01	   1.8403632862052197e-01	   3.8042732854680811e-01	   6.3340034582175264e-01	   5.5148620511687763e-01	   6.4364539384859931e-01	   3.9937756106706712e-01	  -2.9304836363468834e-01	  -2.1133699453644969e-01	  -5.9275880914399823e-02	   4.2564145074732396e-01	   2.7909750426947816e-01	   1.3183089938016102e-01	   1.4006301072290889e-01	   2.0016840501192507e-01	  -1.0958176739498433e-01	   8.7951668628511476e-02	   7.5719359505991901e-02	   3.4141975722088069e-01	   6.3980093455753639e-01	   7.4819360163277948e-01	   3.5583838093237508e-01	   6.5157968121379684e-01	   5.3315831835455366e-02	   3.8292506094205048e-01	   6.7529618676144132e-01	   5.9772946578840525e-01	   8.4031039316138623e-01	   7.2169704195061979e-01	   7.6973655074718339e-01	   5.3550278077105551e-01	   1.0472019081026732e-01	  -1.7495816425831135e-03	   2.6179365868347715e-01	   1.1211366948470392e-01	   4.4206984130152371e-01	   5.1372862405237862e-01	   9.9721058547095384e-02	   6.1297451648827488e-02	   3.7450180891017676e-02	   1.7375657539208320e-02	  -1.8878458879226112e-01	  -3.0744491902096710e-01	   2.4766100807920197e-01	   1.6022647014061975e-01	  -1.5675878350784381e-01	  -1.1280913580778378e-01	   6.0599831318883757e-01	   3.7814660949897771e-01	   5.0117645890328499e-01	   5.1172650855295876e-01	   2.8592985632970158e-01	  -4.0917683253566255e-02	
   2.3597094595289447e-01	   2.3417577496257103e-01	   2.3876667016135258e-01	   1.7657241768587534e-01	   7.7049865373769066e-02	   1.0028481154338520e-02	   2.3551547564863407e-01	   2.5999832916095611e-01	   9.0667528216346022e-02	   1.0628067175342936e-02	   0.0000000000000000e+00	   5.2910804052091043e-01	   1.0462498205206863e+00	   5.3734184359020176e-01	   3.3271535374323935e-01	   2.0728662452132005e-01	   2.8917963558061932e-01	   5.6813409163522799e-01	   3.2757812819219334e-01	   2.3232864726789809e-01	   5.0784309245716823e-03	  -6.0316338300262701e-02	   2.8796868724828451e-01	   1.6231733631106388e-01	   1.2244415147093027e-01	  -2.7182641386879910e-02	   7.4268685049059188e-02	   1.7994868810013481e-02	   5.3478110695282666e-01	   4.7340837573614608e-01	   3.1091796727416154e-01	   2.0306358957868217e-01	   3.0394126783656117e-01	   1.9327727544002424e-01	   1.6706514778259535e-01	   2.6111755012789333e-04	   8.7579012890419250e-02	   3.4965272101045150e-02	   3.8130643186893777e-02	   8.0743438437528070e-02	  -9.1638263510111451e-02	   1.8943946284813551e-01	   2.0512679643986295e-01	   1.3145484689461256e-01	   2.0766323930919198e-01	   1.5559869082385402e-01	   2.6016985631144418e-01	   2.2629583622712457e-01	   1.3019674428127673e-01	   1.6523018031851855e-01	   1.1499672310911070e-01	   2.2930394733240855e-01	  -7.6618524899002838e-02	  -2.1459581873728803e-02	   2.1252039619923990e-01	   2.0087858525499785e-01	   2.1943088273659261e-02	   1.9288081704070451e-01	   3.6702329019945815e-02	  -8.3822164473343286e-02	   3.2597271150769230e-01	   2.4458006169254770e-01	   2.3774002282084822e-01	   3.4612311166549631e-01	   1.0156698959385931e-01	   9.1268960491885098e-03	   1.1466320161741735e-01	   1.1754225340578055e-03	   1.9518457356907565e-01	   1.7260918417900575e-01	   1.4864922482112528e-01	   3.1571562070135678e-01	   5.2968804658514523e-01	   2.1704945138146689e-01	   4.0251838046842003e-01	   4.8418236931649078e-01	   5.2083146987013507e-01	   4.9142274839210887e-01	   3.9182796927442359e-01	   4.2300114148482548e-01	   4.6534561355420345e-01	   4.7671333943155159e-01	   1.7176334841375335e-01	   1.7041144612632825e-01	   3.6495982342961741e-01	   3.3523616181037275e-01	  -9.3751009529619789e-02	   8.6191417955209359e-03	   1.1314039493202038e-02	  -1.0666985717738390e-02	   9.2407682497018750e-02	   1.1810488261829459e-01	   5.5601808216725064e-02	   2.5351014361330726e-01	  -4.4259875662520931e-03	   4.3912022374647697e-02	   3.1148553703868942e-01	   3.1366205430654104e-01	   4.1899334121279608e-01	   3.9018649575998632e-01	   2.6292989051545806e-01	   2.1476369865723516e-01	   3.0251246333410931e-01	   4.7324648296359878e-02	   5.6359476093837242e-02	  -1.0198403935127487e-01	   1.2736262143568441e-01	  -8.7029152450028888e-02	  -6.6318229170296880e-02	   7.7320631114768945e-02	   7.2141471638383206e-02	   4.2574436799785309e-01	   3.7805801607814787e-01	   1.9880591295327382e-01	   1.8713489168956954e-01	   2.5511484304523924e-01	
   1.9120419607045644e-01	   4.0959803827754415e-01	   1.7372669825694359e-01	   2.0895555575168306e-01	   1.0635763445692979e-01	   1.2745035440815830e-01	   2.7087614275154331e-01	   4.1983565815839241e-01	   1.2390737574143919e-01	   1.2031210183120852e-01	   5.2910804052091043e-01	   0.0000000000000000e+00	   5.0638482664239137e-01	   7.1707808396252670e-01	   2.2795873309594233e-01	   2.9387341307622239e-01	  -2.8447351606786995e-02	   2.1173999337275676e-01	   2.4579849706520901e-01	   2.4512755888861859e-01	  -1.4389082346465095e-02	  -9.2752537152778897e-02	   2.4573857702864627e-01	   3.0061928998851700e-01	  -6.2971858923388607e-02	  -8.5180589695246528e-02	   2.1621036626441004e-01	   1.0596087555866993e-01	   4.6909551230147187e-02	   2.9447228154452354e-01	   8.0916405535201741e-02	   1.3408748412824559e-01	   3.4304104426777643e-01	   2.0322049430756692e-01	   9.4679819322099679e-02	   7.6649706354630823e-02	  -9.8761545203564791e-04	  -5.3187806069951639e-02	   1.7548762219908579e-01	   2.1152148085913663e-01	  -8.5559889016746271e-02	   7.7214091784051073e-02	   1.1764414440129524e-01	   2.0404633637527512e-02	   1.5084725456453277e-01	   7.4051181368582977e-02	   1.6100700243877042e-01	   1.7278383277212966e-01	   3.9932696525249189e-01	   3.9798453045803300e-01	   3.5161023580128453e-01	   4.2764067269356937e-01	   1.7521275912760692e-01	   5.9048912964927605e-02	   4.0427581736317031e-01	   4.6919691615795384e-01	   2.9619669364400199e-02	   9.7021855207707661e-02	   2.8049769481764114e-01	   3.6387767551157313e-01	   2.6784394814705120e-01	   2.9194031294744432e-01	   1.2188650493070607e-01	   4.0288548710501404e-01	   2.2641398202561742e-02	  -1.4977444476584256e-03	   4.6726352755426777e-03	   3.4325087921297424e-02	   1.0204581453231443e-01	  -5.8948859126435299e-02	  -1.1037524012355507e-01	  -1.9385323600236239e-02	   2.7181004554172361e-01	   1.7930007950970150e-01	   2.2930900900562670e-01	   2.5570926780091541e-01	   1.1717425878317331e-01	   2.0997549431918308e-01	   4.0934445616837373e-02	   3.7463705874858040e-02	   1.0796404280795609e-01	   4.3969479025164171e-01	   1.8180822637493188e-01	   3.1562007083924271e-01	   1.8014127441157268e-01	   4.2124709641149183e-01	  -6.9164304241047012e-02	   2.2883521795326775e-01	   1.0680327465681631e-01	   1.8995387540358338e-01	   1.7106174167961863e-01	   5.9439121528318109e-02	   1.6454345726421712e-01	   2.4208178606985242e-01	  -1.1441367668662894e-01	  -4.8096322123392481e-02	   2.6707099320991295e-01	   3.4633522266292421e-01	   3.9207639963354568e-01	   4.0955017617480644e-01	   3.9159225869098230e-01	   2.5095223228710112e-01	   2.9977919654300872e-01	   2.5563340311088079e-01	  -7.7311870627525647e-02	  -1.2483973822738116e-01	   2.3581544983905089e-01	   1.6886295260430803e-01	  -1.1793298834914470e-01	   1.9367345344839984e-01	   3.2737413061287685e-01	   3.5729315939860784e-01	   3.9128017870284498e-01	   3.3839520490468555e-01	   1.3332484191366153e-01	  -9.3189900086560432e-02	
   6.5782737408656131e-02	   6.3825402961439570e-02	   2.0259948936886912e-01	   6.4920185507766681e-02	   8.5976452836151893e-02	  -1.4723994888485463e-02	   2.9351288032072170e-01	   2.6557594507074994e-01	  -5.1909483667253849e-02	  -1.2490978028421545e-01	   1.0462498205206863e+00	   5.0638482664239137e-01	   0.0000000000000000e+00	   9.6767843336588621e-01	   2.4787824099320666e-01	   2.0417347922729961e-01	   9.2799417853100613e-02	   4.0601295495759293e-01	   1.9057889254509916e-01	   1.0096073125611510e-01	   1.0232345292205594e-01	   2.0394851582446180e-02	   2.8817818054217181e-01	   1.2749847527392466e-01	   8.2679544493779719e-02	  -6.1291104768568569e-02	   1.0957065863556902e-01	   1.1065179427332537e-01	   2.8032897758323672e-01	   3.9980468470152009e-01	   2.0705738523644251e-01	   5.0059196875322225e-02	  -1.6633929358411931e-02	  -1.6933638299134501e-01	   6.4653675116255083e-02	  -8.2887442806902259e-02	   2.1612953898700682e-01	   1.9024611746797210e-01	   1.6500636373956210e-01	   1.9453847580963951e-01	  -1.2952207006671215e-01	   1.8943127084157954e-01	   7.0203686935238124e-02	   4.3100834346725181e-02	   1.5811272474505558e-01	   4.9625685311459070e-02	   8.3668764555604236e-02	   1.0297726743616961e-01	   1.7699699518688222e-01	   1.3250675190750990e-02	   5.6145575117006942e-02	   9.2427246662454068e-02	  -1.5508743446831336e-01	  -8.5957290255248023e-02	   1.0241860210444835e-01	   4.7868114527708144e-02	  -5.3873935113926560e-02	   1.0873875129492459e-01	   9.5035767158160811e-02	  -2.3941697461856256e-02	   1.0734442060821558e-01	   2.9502885579874918e-02	   2.4655401557778034e-01	   3.2126904338663065e-01	   8.9507519506081185e-02	  -1.7544907097462881e-01	   7.4750368491731167e-02	  -9.2532877118246995e-02	   1.0308371672105121e-01	   2.4700226953176485e-01	   1.9813553557000754e-01	   3.2971465254381410e-01	   3.6983539327331455e-01	  -9.7607929161853901e-02	   9.8357444801687191e-02	   3.1868905710367484e-01	   3.2223959262880508e-01	   4.1494176459412130e-01	   2.5954773553832999e-01	   2.4761076340858096e-01	   3.4355577166976509e-01	   3.9819801910242347e-01	   4.9583421228396242e-02	   1.2540743240964369e-01	   2.6926316292790820e-01	   1.9763991730398350e-01	  -8.4067558566187903e-02	  -4.0738594599769321e-02	  -1.3841879936822174e-01	  -6.6257800893877047e-02	   4.2796595566113746e-02	   1.5502739243802302e-01	   1.0732109503048252e-01	   3.9754858577561514e-01	  -9.5142632029658530e-02	   8.3506537787993718e-02	   2.8763556248284095e-01	   2.9113799878589197e-01	   3.2509718553489764e-01	   3.5182543752231094e-01	   3.7387079136872742e-01	   4.0031719879264055e-01	   3.6013882182542029e-01	   2.1152837149605502e-01	   1.5948892708301599e-01	  -1.0253592297591039e-02	   8.2468616777688020e-02	  -6.9278454210533441e-02	   1.3233829336083964e-02	   1.4418697983070342e-01	  -1.9084767016070519e-02	   3.5310536940336135e-01	   3.3951804943495340e-01	   1.6114908206249456e-01	   1.5634092801500507e-01	   2.3613240652000808e-01	
