   0.0000000000000000e+00	   8.2927644721150906e-01	   2.5740189804972452e-01	   1.0637241554062962e-01	   1.6166763727902586e-01	   1.2244154752125867e-01	   1.0141320133453477e-01	  -7.1162491752509757e-02	   1.9964765467327222e-01	   8.2632960895084054e-02	   3.3943307340585016e-01	   1.7573643357739951e-01	   4.0382247159218243e-01	   1.9068793194722525e-01	   3.4595558545733124e-01	   1.7150328090783734e-01	   6.1449169270659176e-01	   2.9348460825104428e-01	   3.9644254296765674e-01	   5.1750098609073136e-01	   3.1312028446018514e-01	   2.8794991644940382e-01	   1.5603990213090441e-01	   7.2305993608770755e-02	   2.1264197381441527e-01	   1.0695433292103756e-01	   3.6411895284984847e-01	   3.1079624441585929e-01	   1.1017548207196781e-01	   1.0725256366152298e-01	   2.2011038803579968e-03	  -1.2172828133251426e-01	   3.6830564837795132e-01	   3.0110696908145834e-01	   1.2962483402082212e-01	   9.2408673820697840e-02	   1.5196661086405266e-01	   1.4401307863169971e-01	   2.8552868699072315e-01	   2.7301402701970701e-01	   5.2465659490244509e-01	   5.3474694453881444e-01	   3.6363710606525801e-01	   1.0228132190836672e-01	  -1.8790384484219434e-03	   1.5234186242624773e-01	   3.2149441716429056e-01	   1.9741598725895521e-01	   1.3643938730075489e-01	   1.9229538357757717e-01	   2.5511703594885843e-01	   2.4689072229390857e-01	   3.8177786919780943e-01	   1.7651135654607919e-01	   4.4839194257967785e-01	   3.5765561606864843e-01	   1.2814219868640426e+00	   8.9643223478712741e-01	   6.2885182931323969e-01	   3.1912233453060873e-01	   2.2714748899890647e-01	  -1.7814688702404136e-01	   4.1768228908300353e-01	   2.7643070699162342e-01	   6.4240279890504653e-02	  -2.8594452872606025e-02	   2.7304528276342427e-01	   2.3873538229661673e-01	   7.3407302679267283e-01	   5.8575492622916758e-01	   2.8254551982711967e-01	   3.4007854855938174e-01	   2.8477878245942223e-01	   2.4698517344803911e-01	   2.2490349530682602e-01	   3.2629807418981654e-01	   3.1346916541714853e-01	   1.5655923496905735e-01	   7.7217376866342768e-01	   4.7578146686861417e-01	   7.1406094566142930e-01	   4.8843618742215567e-01	   5.8978491004214706e-01	   5.0521583403593828e-01	   3.3519405385162643e-01	   3.2933370709169429e-01	   4.0583495238328637e-01	   3.0038804276318554e-01	   5.1217591047727318e-01	   4.9173071540490271e-01	   2.8416806865342448e-01	   3.5550612723388836e-01	   2.8893869067614397e-01	   3.2164135037146374e-01	   3.6995059540426381e-02	  -1.8348758837176232e-01	   3.7280680693838053e-01	   3.3545580990286017e-01	   4.2239954072697949e-01	   5.4674986400717085e-01	   3.9878727691630522e-01	   3.4579598584544141e-01	   3.6064310908276542e-01	   3.9171573737447629e-01	   2.3654965686619930e-01	   2.2670334774376660e-01	   5.5773739612356821e-02	   2.6951732476141133e-01	  -1.0786328065414780e-01	   8.9290413816929259e-02	   1.8010754292356967e-01	   1.7525120623709817e-01	   1.0359027525941336e-01	   2.2462071379089554e-01	   2.0140793390926176e-01	  -1.2465848590659108e-01	
   8.2927644721150906e-01	   0.0000000000000000e+00	   3.1324786250456393e-01	   1.0262307045703099e-01	   2.4179778154990755e-01	   1.0417811593838225e-01	  -1.3600720656116372e-01	  -1.8852390037058522e-01	   9.3518375948688906e-02	  -7.9442464462814666e-02	  -4.3967752037113651e-02	  -6.1458608540842945e-02	   1.8203208598115847e-01	  -3.8737499993836050e-02	   3.1642007969100744e-01	   2.0224553283536756e-01	   6.4391209404290128e-01	   5.8891902294029652e-01	   1.8352009337503838e-01	   4.1318715290940755e-01	   4.7239165444269904e-01	   2.8475853054217054e-01	   4.9979321059317794e-01	   3.9085289385223865e-01	   6.4630268777828603e-01	   4.3060219479560574e-01	   5.9051334529524857e-01	   4.9101919471036293e-01	  -7.5301218657865529e-02	   1.5901453123938830e-01	   1.9512824403869472e-01	  -7.8943109563093639e-02	   5.2842630814070723e-01	   4.2564585333497995e-01	   5.5647519204826401e-01	   4.1071060721263120e-01	   3.3028682478424287e-01	   3.4155241196888819e-01	   4.5266996168011320e-01	   3.7790726148975590e-01	   6.5052259410990143e-01	   5.1696315017112071e-01	   3.7717367766993304e-01	   3.1751856808534323e-01	   1.7748771088759835e-01	   3.5698296679003799e-01	   4.1497960445849624e-01	   3.8222874034091808e-01	   2.9429094486790192e-01	   2.9518204677138349e-01	   3.4194002248137417e-01	   4.3023529437594565e-01	   5.6785986829182611e-01	   4.9191977534631504e-01	   6.0172391114586132e-01	   4.8567043010284461e-01	   1.2122700953424361e+00	   1.2160810891013278e+00	   3.1777502389679746e-01	   7.8665371171526888e-02	   7.9818046512217952e-02	  -8.1082610103127437e-02	   4.4494373373263696e-01	   4.9409699047842853e-01	   4.3404604815483960e-01	   1.6967711140126110e-01	   3.1815636335365133e-01	   2.3115681884442676e-01	   7.7114341773282535e-01	   7.5912829881592869e-01	   1.6123999395017519e-01	   3.7619061542507748e-01	   3.2001467794245836e-01	   3.9290007580529074e-01	   1.9152428343619401e-01	   4.0206697883858938e-01	   3.5399008616225225e-01	   2.6588262680040003e-01	   9.0617386578289960e-01	   7.9861362775181366e-01	   9.2157871346464226e-01	   7.6589151552180235e-01	   5.9718886359689272e-01	   3.8643836656736413e-01	   5.7036784751456537e-01	   4.3392063508607226e-01	   6.6919892504048384e-01	   6.4577628066545056e-01	   2.8978274332131565e-01	   3.4446723681972696e-01	   2.4244874198666339e-01	   4.3327324476687695e-01	   3.0566837048218304e-01	   4.2048462311061385e-01	  -1.5237926947661146e-01	  -2.7978035110400945e-01	   6.5857929761110745e-01	   6.2382004898382948e-01	   5.3578904025992169e-01	   5.6090234441943498e-01	   3.2311390991600719e-01	   1.4961274677870440e-01	   4.0429391239707757e-01	   2.4856158409435961e-01	   4.6840275059952707e-01	   3.3511938716833711e-01	   6.1759673255383139e-02	   3.4151890646815147e-01	  -4.1370126910056654e-01	   1.1110610325252085e-01	   4.8400805537095681e-01	   4.6328192307981092e-01	   2.5252048664099969e-01	   3.3911901498693059e-01	   3.1651709800621769e-01	  -1.9935085595506033e-01	
   2.5740189804972452e-01	   3.1324786250456393e-01	   0.0000000000000000e+00	   8.1591215728575861e-01	   8.2181875268002091e-01	   6.6122356505612800e-01	   7.2332392514414090e-01	   4.6161864751974208e-01	   7.3906051641824100e-01	   5.1187954793506629e-01	   1.6729147816114345e-01	  -1.3419370177250309e-01	   4.2416514851573062e-01	  -1.1954599506657056e-02	   6.9778497928023342e-01	   6.1330916818649039e-01	  -5.9091748743967991e-02	  -5.1226606016461090e-02	   4.6187089404073273e-01	   4.1600697792932506e-01	   3.4597733841691741e-01	  -2.4465868570547892e-02	   6.9146365591520864e-01	   6.7891490614098382e-01	   6.4654378069049867e-01	   4.9008515796828223e-01	   7.0593571839978797e-01	   5.4541907339168083e-01	  -2.7591503263637424e-01	  -2.9423121334383984e-01	   2.9231284204577418e-01	   1.8414669965595543e-01	   3.7043046887876097e-01	   5.2323499463696854e-01	   6.6623528215069494e-01	   5.5114425527827671e-01	  -1.2660362602068595e-01	   2.0392443584174219e-02	   2.3332005712826103e-03	   1.9723971486050251e-01	   6.4582802867747355e-02	   9.1220276460325905e-02	   3.2388680180282586e-01	   4.4956073066309769e-02	  -1.1377177547249903e-01	   4.8204852456904361e-02	   2.7404160864107563e-01	   1.8673127459851341e-01	  -2.0689472882792792e-01	   3.7842295920012300e-02	   1.6347621135588600e-01	   2.1986439807030245e-01	   2.3773285824830948e-01	   2.6551431951217863e-01	   2.8072956826708173e-01	   2.2046855418335118e-01	   2.1032232569328907e-01	   3.9926721679443722e-01	   7.7268020009252336e-01	   4.9720182826672965e-01	   7.5328327776174087e-01	   5.4936956715403862e-01	   2.5119654014431243e-02	  -1.9825105761055815e-02	   9.3660961021543954e-01	   8.3981144555944753e-01	   6.0599387366680646e-01	   4.7785513049269318e-01	   3.9217420745188614e-01	   4.6873666931140401e-01	   2.0002530644741889e-01	   5.6961342243558466e-01	   9.7525973641572145e-02	   1.8315530510886338e-01	   3.8098771139609744e-01	   1.7311424670656955e-01	   3.8780032787230839e-01	   3.4332952791326327e-01	   5.4895783613271507e-02	   7.7626983568986355e-02	   2.0122561284926099e-01	   2.8527861093286827e-01	   2.8553516577176585e-01	   4.0430612407535793e-01	   5.4192476318852578e-01	   5.5611842915726439e-01	   2.2912836715272306e-01	   4.8917928513285003e-01	   4.8462110047796936e-01	   5.9440416880687197e-01	   2.4341796262226018e-01	   4.6572163766349739e-01	   4.7829258492622129e-01	   7.7557431407271005e-01	   1.1953729239005899e-01	  -3.9815129308065404e-02	   2.8336545526851931e-01	   2.4267067525479546e-01	   2.4853103055963055e-01	   2.0229266930592640e-01	  -1.1060593538753102e-01	   4.0920769774734123e-01	   8.2931864188887483e-02	   6.7116290497383393e-02	   1.1565316294773616e-01	   1.7341379920159980e-03	  -5.6403429394225414e-02	  -1.3321745459754258e-01	   9.6801457404883315e-02	   1.1507219642852745e-01	   3.3871903037800510e-01	   4.2187471241138176e-02	   2.0522028881027413e-01	   1.1953731280406539e-01	   2.5842168773598484e-01	  -7.0857026635284426e-02	
   1.0637241554062962e-01	   1.0262307045703099e-01	   8.1591215728575861e-01	   0.0000000000000000e+00	   7.0700277691631630e-01	   1.0873720308367161e+00	   6.0757965692302052e-01	   1.0968092098526390e+00	   5.1415195038969486e-01	   6.4022812970962106e-01	   5.4641180438875427e-02	   3.9729055737579975e-02	   2.8365814611247631e-01	   1.5713917346824741e-01	   2.4772804022615108e-01	   5.6260760071811133e-01	  -2.1208229124746661e-01	  -1.2408965569998288e-01	   4.0366837827855939e-01	   4.5686748435048535e-01	   2.8403517673076151e-01	  -4.6438469153465542e-02	   4.2470919607076474e-01	   6.8747434151392683e-01	   4.0804354441359492e-01	   5.4399755399684580e-01	   3.8903481930174733e-01	   4.3695065097059704e-01	  -2.8155360794018303e-01	  -1.5054527697840034e-01	   4.2666417508676119e-01	   5.4242311432290458e-01	   4.7632573061992978e-01	   7.1628311773540709e-01	   4.0359197003213210e-01	   5.4542086746730778e-01	  -1.8480252832029787e-01	  -9.8791965715204575e-04	   1.6461295050225370e-02	   8.9045418772665863e-02	  -1.5575202686562682e-02	   7.6152922434927689e-05	   3.1069051811705273e-01	   1.5534755505734466e-01	   3.5614279276885104e-02	   1.5455931074686996e-01	   3.0534599330690509e-01	   2.5517553158919021e-01	  -5.7275659980097191e-02	   2.0246515541029317e-01	   3.1275017313381687e-01	   3.3825153941789310e-01	   3.6815486588013269e-01	   4.1771087137006158e-01	   2.8043339108886106e-01	   2.7402824515472157e-01	   7.6815877787627371e-02	   2.2391093818325547e-01	   5.0913305803794695e-01	   6.4005432364622750e-01	   5.5818879867627957e-01	   8.4179632218247691e-01	   2.4108638572877553e-02	  -4.5377788551431444e-02	   4.3243339495394395e-01	   9.7456661330856353e-01	   5.7343265925018039e-01	   6.9300760724337651e-01	   4.7598090817988820e-01	   5.0758100807776341e-01	   1.8765390192835130e-01	   7.5978457549796330e-01	   2.4930909835833953e-01	   3.2005392151671580e-01	   4.5983005697643087e-01	   2.6914956823091590e-01	   1.8511476585686049e-01	   2.4943467013413437e-01	  -9.5121841586102596e-02	   1.5833892337949490e-02	   2.0906078400470086e-02	   1.3689639155054459e-01	   5.4810782529198340e-02	   3.3325716917912451e-01	   2.7553970865741384e-01	   4.4497511639427040e-01	   3.7262594035221128e-02	   3.8851527604742470e-01	   2.6218461945512894e-01	   5.6906415321456427e-01	   5.9898675042121896e-01	   6.4414442367517466e-01	   8.4242342125601677e-01	   5.2105233538419227e-01	  -8.4793781201968815e-02	  -1.4932247716860356e-01	   2.3885970945280094e-01	   2.5866054249404397e-01	   5.3230897276323430e-01	   3.8506237715809377e-01	   7.3682535208997660e-02	   4.7005782455737866e-01	   2.5275137018671590e-01	   3.1890435545096002e-01	   2.3928732157374361e-01	   1.1989035819853718e-01	   5.8978207363150209e-02	   2.3220800505602511e-02	   6.1053127889706002e-02	   1.7582192128979354e-01	   5.3626676484201918e-01	   2.1459431405627558e-01	   4.6942705497034859e-01	   1.4875619584699024e-01	   1.2885928284721021e-01	  -1.2910359960054829e-01	
   1.6166763727902586e-01	   2.4179778154990755e-01	   8.2181875268002091e-01	   7.0700277691631630e-01	   0.0000000000000000e+00	   1.1959623725128621e+00	   3.8349552786340085e-01	   4.1364130273554406e-01	   7.3539033356791772e-01	   7.3115413293647802e-01	  -2.5415105194150617e-01	  -4.0753971211634960e-01	  -3.9860599310926614e-02	  -2.5790648484593681e-01	   5.3803001520769334e-01	   7.7739247362099029e-01	  -1.5260812727918782e-01	  -2.5360890622986076e-01	   2.8637965222124295e-01	   3.4979026072814778e-01	   4.7971589525889513e-01	   2.8779135206156914e-01	   3.8871860908199551e-01	   5.0971666959322115e-01	   5.1191050888720868e-01	   4.7701887946969768e-01	   9.6124508793063024e-01	   8.7381239563019386e-01	  -4.8038847406340668e-01	  -2.8844904989098663e-01	   1.8173480988822829e-01	   1.3493780731541560e-01	   3.2300290746576804e-01	   4.3392461268921728e-01	   5.1002388547643918e-01	   5.4819986325529002e-01	  -1.4628527216824369e-01	  -3.9537142911956744e-02	   9.2780061456928173e-02	   2.9781219108081525e-01	   6.7265504418120070e-02	   5.4026478401643457e-02	   3.2703434970475720e-01	   7.4182572757049009e-02	  -3.2355549123777062e-02	   4.9902152478071282e-02	   3.5332705011614973e-01	   2.5339091445909540e-01	  -2.4123227002541048e-01	  -1.1840386393579926e-01	  -1.4238243932572951e-02	   5.2504513787948293e-02	   3.7504198584484028e-01	   2.4315820500588772e-01	   4.9627366908694348e-01	   5.0571961496172002e-01	   1.7085646148937966e-01	   3.0144481396582173e-01	   6.8670577329650506e-01	   6.6001753988280010e-01	   5.4040947151894991e-01	   6.6338708208598662e-01	  -2.2342434761145342e-02	  -5.8738152175333194e-02	   6.1028145400603762e-01	   7.9342725092008182e-01	   7.1660405040181918e-01	   6.6245364655098282e-01	   3.6815054231284172e-01	   3.8344437716629487e-01	   3.6430438225625729e-02	   5.3327910274648815e-01	  -6.1085160663710281e-02	  -9.9969294207469916e-02	   8.0976330667033497e-02	  -7.8966961266562372e-02	   1.7880155872022541e-01	   2.7903261904551874e-01	  -7.5710065957288603e-02	  -8.6345563151530622e-02	   1.0449595098471910e-01	   5.8273381285525172e-02	   3.8992027973987242e-01	   5.9205073514959250e-01	   3.6004886706927508e-01	   4.9470770941992559e-01	   3.5131302669254272e-01	   6.4686630497909980e-01	   6.4198609483464930e-01	   8.2250729472906869e-01	   2.3694830826648217e-01	   2.1689724768949986e-01	   3.4752891527471841e-01	   3.7304668659912926e-01	   2.5977120054702452e-01	   3.0049433597916887e-02	   3.5818888122795894e-01	   3.8664460905237596e-01	   4.1930565313327356e-01	   2.4878850196394717e-01	  -7.5357380309320141e-02	   2.9519421320169459e-01	   8.8284906292016740e-02	   7.9058379059856326e-02	  -1.1032312257148888e-01	  -2.0464486069586990e-01	  -1.2990254883776015e-01	   1.0083798166334094e-02	   3.3833586300990415e-01	   7.5743126358293819e-02	   2.0278711775610112e-01	   1.5693049889844421e-02	   1.8153721932913833e-01	   8.1670188394809662e-02	   7.8286972647511693e-02	  -2.4341257626075419e-01	
   1.2244154752125867e-01	   1.0417811593838225e-01	   6.6122356505612800e-01	   1.0873720308367161e+00	   1.1959623725128621e+00	   0.0000000000000000e+00	   4.6950889815236807e-01	   7.4132223764950245e-01	   7.1852598072363361e-01	   1.1335759618737631e+00	  -9.2136460248257626e-02	  -2.0861943050774495e-01	   8.9574019666181129e-02	  -1.9657937736384679e-02	   4.8663941424246077e-01	   8.7569649937628224e-01	  -2.6876339414885186e-01	  -3.5122169705612727e-01	   2.6578154904138784e-01	   3.0957164598693560e-01	   4.3076842922973396e-01	   2.1091353964122939e-01	   2.4128165552304648e-01	   4.2473337846782200e-01	   3.9256640816990451e-01	   4.6749352219660800e-01	   7.5005765506490318e-01	   8.1401697782843130e-01	  -3.9852944793266770e-01	  -2.8903914486919990e-01	   2.3149679349256358e-01	   3.0004780270002707e-01	   2.9091180597095861e-01	   4.3761915230581522e-01	   3.1877462385831901e-01	   4.3114365475190003e-01	  -2.1693547306716623e-01	  -2.1926659811659616e-02	   5.3269597066262706e-02	   2.2026888399999284e-01	  -1.1724841855837109e-02	  -6.0912357222074671e-02	   3.3900123255672687e-01	   1.1773596991454856e-01	  -5.6540944268747492e-02	   7.0590816187895925e-03	   3.6627732162110854e-01	   2.8909686247051869e-01	  -2.3007716544973078e-01	  -5.3753856623965729e-02	   6.3933006096820760e-02	   8.1983903099635685e-02	   5.0439846424608525e-01	   4.0076580487044333e-01	   4.1774106396798216e-01	   4.5076538015857526e-01	   8.8958589836978338e-02	   2.2022762835521731e-01	   5.7491269731107797e-01	   9.1518823079652212e-01	   6.1769671559073291e-01	   8.2841556652971515e-01	  -1.5265752259777604e-01	  -2.1905059647256211e-01	   3.6284437797367908e-01	   7.4640512010250815e-01	   5.0905180336634270e-01	   6.0764562649664544e-01	   4.7841859474461579e-01	   4.2923023041497121e-01	   5.9373160107609242e-02	   6.3700686020938735e-01	  -1.5296392817919001e-03	  -4.8133888935752857e-02	   1.9615735646259308e-01	  -5.3397462272416788e-03	   1.7399902213249735e-01	   2.2166021953847459e-01	  -1.4071605463422082e-01	  -1.5467834724761811e-01	  -2.8824384404308658e-02	  -3.1878846473916644e-02	   1.9879451251813329e-01	   5.1170772583223711e-01	   1.7289793509714946e-01	   3.7967893118831531e-01	   1.2725237432272382e-01	   4.7523863877203193e-01	   5.7039917073162427e-01	   8.5736968160646088e-01	   4.6681896235395548e-01	   3.4504401563864567e-01	   5.4338234795617479e-01	   3.6854125717112979e-01	   1.9043513479595825e-01	  -3.7665618458553325e-02	   3.1231614478553998e-01	   3.8898206967750593e-01	   4.8425032794101835e-01	   3.3353653412861439e-01	   4.9988007294252965e-03	   3.9903946776531907e-01	   1.1022307918463896e-01	   1.9751155440598392e-01	   5.6911603539007413e-02	  -7.5505385182327883e-02	  -6.3761871897336814e-02	   5.0903742895639467e-02	   3.0371953726093459e-01	   2.3208154306846202e-01	   3.6353019750424553e-01	   9.6046528020453673e-02	   3.9896270511118204e-01	   1.9096013971062972e-01	   1.2370300922585475e-01	  -2.2599282470607557e-01	
   1.0141320133453477e-01	  -1.3600720656116372e-01	   7.2332392514414090e-01	   6.0757965692302052e-01	   3.8349552786340085e-01	   4.6950889815236807e-01	   0.0000000000000000e+00	   8.2769157394058013e-01	   6.6863075947800676e-01	   6.3733646093866525e-01	   6.5465748068925922e-01	   3.3578132757943541e-01	   7.5579905090309563e-01	   3.0100347120750787e-01	   3.3841027829291526e-01	   2.0237495122959165e-01	  -2.8637209471495606e-01	  -2.7000124744652765e-01	   5.1265807478023073e-01	   3.0137148544947917e-01	  -1.5793694149485488e-01	  -3.7784402984763815e-01	   1.0382817320835470e-02	   5.4897254962755104e-02	  -1.5539226707179332e-01	  -1.5832785103592453e-01	   1.2122017158861710e-01	   3.0354022390598192e-03	  -1.4985888692786484e-01	  -3.3351841545718230e-01	  -6.5899497084358466e-02	   2.3732428849479924e-02	   3.8618487267792413e-02	   1.4089157761529469e-01	  -1.1153511622956873e-01	  -1.3833926415460523e-01	  -4.5756667217514041e-01	  -3.8240605715083092e-01	  -4.1642076859720756e-01	  -3.3320921425807071e-01	  -3.6241818009224042e-01	  -2.2478684301692653e-01	  -8.7462113140816353e-02	  -3.1609851457767135e-01	  -4.1072904293829959e-01	  -3.5392673925837181e-01	  -1.4035592764350296e-01	  -1.7838937627529866e-01	  -3.8906870823639256e-01	  -7.3475714750103296e-02	  -6.6980965959654295e-03	  -5.6810837984769415e-02	  -7.6070110841837568e-02	   2.5367302356657861e-02	  -1.5550790038951326e-01	  -1.2725625046418157e-01	  -1.1498146146966153e-01	   3.9238573684495820e-02	   5.4814497663491724e-01	   4.6542120840956908e-01	   1.0206253180173110e+00	   5.1688328062054734e-01	  -1.4953378403334022e-01	  -2.1546846138539924e-01	   2.4369398953553326e-01	   2.9336670698169598e-01	   1.4948358160247360e-01	   9.2453429960246594e-02	   9.8221062076095156e-02	   2.5996840867056333e-02	   4.9248809404859650e-02	   4.1794362616133474e-01	   1.5214164863857194e-01	   1.6900822300301016e-01	   4.9922636204536164e-01	   1.6588247966835895e-01	   1.2537139304198491e-01	   7.4346617841792639e-02	  -2.7209156898860820e-01	  -2.2848686503981047e-01	  -2.1963988006668470e-01	  -1.4103316012599273e-01	  -1.7252679197108733e-01	   7.0537908089235490e-02	   2.7008818374216068e-02	   6.5240046118279313e-02	  -2.2974753969543432e-01	  -5.4189680792573414e-02	   2.9301643299613067e-01	   3.2848208894248609e-01	   3.5593954294544661e-01	   3.8537273927909588e-01	   3.7298994726134960e-01	   4.5287332914752193e-01	   2.5091396204100425e-01	   3.1524656154069386e-03	  -1.6766734553515245e-01	  -1.4689741497200592e-01	   5.9862727155193779e-02	   8.8660995136747342e-02	  -1.0804591047483697e-01	   4.8202988668788394e-01	  -3.7654906033783637e-02	   9.2271245842716676e-02	  -1.3142370710925595e-02	  -6.4326014664152983e-02	   3.5792399468262104e-03	  -1.9227324375093963e-01	   4.5458242763917195e-01	   2.4739983761698570e-01	  -4.3569081219132248e-03	  -1.6787781004912761e-01	   2.3485721683037919e-01	   5.9092178403648735e-02	  -3.6607922960584793e-02	  -3.4614029760593315e-02	
  -7.1162491752509757e-02	  -1.8852390037058522e-01	   4.6161864751974208e-01	   1.0968092098526390e+00	   4.1364130273554406e-01	   7.4132223764950245e-01	   8.2769157394058013e-01	   0.0000000000000000e+00	   3.1023333723665508e-01	   5.2084749164728916e-01	   2.9435065216212608e-01	   3.7179388486386389e-01	   4.1497265294565050e-01	   3.1305453337276790e-01	   1.0445518299350663e-01	   2.6700185814360022e-01	  -3.5748669503921199e-01	  -2.0599813964839744e-01	   5.1256870031969337e-01	   4.2267072767673791e-01	  -7.2743974685450991e-02	  -2.1956853499976631e-01	   1.9630082313044719e-01	   3.7287593623454574e-01	  -5.6754187685245112e-03	   1.3789348153017747e-01	   6.8927155812828073e-02	   8.7979055865940736e-02	  -4.4573628016114530e-02	  -5.4443885019233376e-02	   2.7850089256866828e-01	   4.5751291145768641e-01	   2.5902660707258640e-01	   4.3788419486600000e-01	   6.9800626851456229e-02	   2.0143095695542784e-01	  -3.2865743179670964e-01	  -1.7775861161686216e-01	  -2.3609861832393553e-01	  -1.5440175672149145e-01	  -1.8960616982250472e-01	  -1.1354298334593560e-01	   7.1676445178648823e-02	   6.8202980271368507e-02	  -8.7230868766495107e-02	  -9.4317438429862809e-03	   1.4057129859118403e-01	   1.3881136405992975e-01	  -1.1089824445655067e-01	   1.8852793421885206e-01	   2.1975283780757957e-01	   2.2061952678283447e-01	   1.8269837019451257e-01	   2.7728396613803935e-01	  -1.1996679109274520e-02	   1.2667697947565110e-01	  -1.3653351496801280e-01	   4.0910502923807879e-02	   3.6754884213499622e-01	   4.9998341285221082e-01	   6.7221256579618383e-01	   9.4986588586947462e-01	   1.8125489814211299e-03	  -2.8468985190513510e-02	   1.7637192202971888e-01	   5.1604649406347769e-01	   3.2480188834064078e-01	   4.1471319144950203e-01	   2.4354497157058502e-01	   2.4163170811645518e-01	   1.2027371552798144e-01	   5.3042964836284701e-01	   3.0598133403027411e-01	   2.7972928307008060e-01	   5.4378586524739558e-01	   2.8940815819895349e-01	   1.4139929299000589e-01	   2.0153842019634235e-01	  -2.8640747929913440e-01	  -1.7801295896662817e-01	  -2.0693556429359242e-01	  -8.8808073502616103e-02	  -1.0365671511039165e-01	   1.9014802301724332e-01	   1.0033816538767547e-01	   2.1395247416642832e-01	  -2.4591295695254134e-01	   4.7253600458487616e-02	   1.1018992870022287e-01	   3.2934342882448692e-01	   5.2004265564240404e-01	   5.4740750943474226e-01	   5.5625685360589272e-01	   2.9797990554468551e-01	  -8.6100447342126504e-02	   4.1009435877627967e-02	  -7.7184557817474631e-02	   3.0909571064488824e-02	   2.9494617799261230e-01	   2.8603586483398269e-01	  -2.3866876373103686e-02	   3.6469744296543666e-01	   9.3746752805921679e-02	   1.8890568231156762e-01	   1.8069749726814874e-01	   6.5394190531568905e-02	   1.9130939279271370e-01	  -1.8532703827216823e-01	   2.0648657672045595e-01	   6.9310587636016163e-02	   2.1973987192738551e-01	   1.1012002824126757e-01	   4.4994883332190155e-01	   1.1118858117232867e-01	   1.7079982499519336e-01	   1.0390093152234552e-01	
   1.9964765467327222e-01	   9.3518375948688906e-02	   7.3906051641824100e-01	   5.1415195038969486e-01	   7.3539033356791772e-01	   7.1852598072363361e-01	   6.6863075947800676e-01	   3.1023333723665508e-01	   0.0000000000000000e+00	   1.0864235860997307e+00	   3.0749289854478373e-01	  -5.0506274084342953e-03	   4.3486889286867880e-01	   1.3401991956366116e-01	   7.8899922052742688e-01	   6.8622856917936037e-01	  -2.3521539508095163e-01	  -3.2898080047256345e-01	   3.3879603859623769e-01	   3.1107114582997974e-01	   2.7021547643737026e-01	  -1.3883889194546475e-01	   1.4125843814489050e-01	   1.7644977601346454e-01	   2.3186737243625893e-01	   1.0670887458821551e-01	   5.3620328736471745e-01	   4.6188360524280758e-01	  -3.1961736319277162e-01	  -4.4131986281502100e-01	  -1.2193436524847441e-01	  -1.4801373562712375e-01	   3.7205538239224692e-02	   1.2601517140590560e-01	   1.5750221567134987e-01	   4.7048229944973166e-02	  -3.2983487331528683e-01	  -2.5106489020320749e-01	  -2.8201726495907892e-01	  -5.7789577797563371e-02	  -2.9412119602486403e-01	  -2.0791980243037239e-01	   2.4397735466426151e-01	  -1.0311111324257624e-01	  -4.5760833063578032e-01	  -3.2339157082359643e-01	   9.3929458115221673e-02	   5.1357443002653318e-02	  -5.6478022580055653e-01	  -3.4731218600148589e-01	  -2.4333512080270042e-01	  -2.3251099617223103e-01	   1.6546180790027859e-01	   6.9010999123381517e-02	   7.7466912150759959e-02	  -2.8541583618869829e-02	   4.5459555540675316e-02	   2.0366771296135602e-01	   6.1552086240477011e-01	   6.0372400554006478e-01	   8.5497767848625306e-01	   4.4231703056121763e-01	  -3.3558531133326386e-01	  -3.3949647429795188e-01	   4.3498122821198765e-01	   3.9160679543702998e-01	   8.7282377451361720e-02	   4.3566942661455124e-02	   2.3425501012686917e-01	   2.1185178620321632e-01	  -7.4685804978661827e-02	   3.2916695493665987e-01	  -1.3851974315281673e-01	   1.0287212210259432e-02	   1.3792147626025214e-01	  -1.8275547672447723e-01	   1.8632531979696476e-01	   4.1217799613376516e-02	  -9.0987086049371974e-02	  -2.2732028188627104e-01	  -8.6725953002732697e-02	  -4.8461814156994305e-02	   2.4820209483943288e-02	   2.0924807618060970e-01	   2.0066084974180590e-01	   2.6172678162649343e-01	  -3.4636622614053578e-02	   2.0411631290807108e-01	   5.9331034717771347e-01	   5.9980869451086749e-01	   2.9163070158859211e-01	   2.4365537448308663e-01	   3.7609012982040291e-01	   5.9410832621260323e-01	   4.2531295797527219e-01	   9.8089629924640681e-02	   3.6095052836256913e-02	   1.5285838115667899e-01	   1.2668050333348937e-01	  -6.8202680651442650e-03	  -6.5861123434770436e-02	   2.9758896633585713e-01	  -3.6369035863520228e-02	  -4.7524830056234972e-02	  -2.1660247327953455e-01	  -2.6700546648381074e-01	  -2.8365055899770486e-01	  -1.8611826701131048e-01	   4.5940555541873229e-01	   2.7675664435042957e-01	   5.3982940591934935e-03	  -1.5040273527428574e-01	   2.8742991812081808e-01	   1.9799039031352636e-01	   8.8619867675350530e-02	  -1.1596494664212514e-01	
   8.2632960895084054e-02	  -7.9442464462814666e-02	   5.1187954793506629e-01	   6.4022812970962106e-01	   7.3115413293647802e-01	   1.1335759618737631e+00	   6.3733646093866525e-01	   5.2084749164728916e-01	   1.0864235860997307e+00	   0.0000000000000000e+00	   1.7422013903691866e-01	  -7.0546332234456208e-02	   2.5296163065477351e-01	   1.5397653625062152e-01	   6.9384125460172419e-01	   8.6210622992230357e-01	  -4.3810064623331491e-01	  -5.8514299840915474e-01	   1.6570129496171229e-01	   1.3100136568588447e-01	   1.8782832127586324e-01	   3.1866834300668501e-02	  -5.6763262865330011e-02	   6.4659999684191199e-02	   1.1004211978352078e-01	   8.5281561985421417e-02	   5.1544684191031576e-01	   4.9478881274288022e-01	  -4.4627927983714727e-01	  -5.0682225184811769e-01	  -1.5631241007148486e-01	  -9.3142224480728994e-02	  -6.4977054107488302e-02	   4.2983905592681948e-02	   2.4794833353130756e-02	   3.3261171177618801e-02	  -3.3976353758255456e-01	  -2.0674596722963445e-01	  -1.7875092175194920e-01	   8.5993202288501980e-03	  -2.6830490376090027e-01	  -2.7792737738152601e-01	   1.0898509228039981e-01	  -1.8489817416436266e-01	  -4.5562939664911922e-01	  -4.4281929829499761e-01	   7.6792354447161398e-02	   3.7607481666097495e-02	  -5.8687126306507575e-01	  -3.8400963488535717e-01	  -2.6048650270731299e-01	  -2.8406472102786184e-01	   2.3250395989597972e-01	   1.2699840535269191e-01	   1.3499094428769365e-01	   9.4799395436404615e-02	  -5.5482521933270836e-02	   1.2548289884815600e-01	   5.7908869557542753e-01	   1.0156833443816486e+00	   8.6524497039458559e-01	   6.7441895423444242e-01	  -4.2065732331791317e-01	  -4.6425807553197285e-01	   2.1830253978276878e-01	   3.6384931422207994e-01	   7.0486536508468367e-02	   1.3156680909446228e-01	   2.1354355568748576e-01	   1.4501355765196872e-01	  -8.9229736473269802e-02	   3.6023788416855085e-01	  -2.0975423684430558e-01	  -2.0426321377645174e-01	   7.5256403426613536e-02	  -2.4939576725917420e-01	   3.8780991464635976e-02	  -6.3759579021352335e-03	  -2.9695472418971064e-01	  -4.3369948173202177e-01	  -2.3168915548679092e-01	  -2.6139670847623830e-01	   1.9288532426097436e-02	   2.9258930307614417e-01	  -1.6168558511072697e-03	   1.3635583762239151e-01	  -6.2879023523574024e-02	   1.6501243160448478e-01	   6.7827204391582296e-01	   7.4573060862545104e-01	   4.0533422726130325e-01	   1.7682929725700400e-01	   4.3927457524543917e-01	   4.2226322315032899e-01	   3.3491358740507815e-01	   4.7144949452426983e-02	   9.9557642913357079e-03	   9.1113223818381439e-02	   1.8066212551192121e-01	   6.3456130300538038e-02	  -4.6420081703357347e-02	   3.8717606646744057e-01	  -9.3514236889475674e-02	   1.4232730210634231e-02	  -1.8489877994469206e-01	  -2.7794582355549180e-01	  -1.8517537294297493e-01	  -5.9702623010425830e-02	   4.7118151672021091e-01	   2.9787712811496903e-01	   3.7172844562756359e-02	  -1.4881436510582530e-01	   2.6902614893608989e-01	   1.4302425540062949e-01	  -3.4071307634558956e-02	  -2.3482049611571865e-01	
   3.3943307340585016e-01	  -4.3967752037113651e-02	   1.6729147816114345e-01	   5.4641180438875427e-02	  -2.5415105194150617e-01	  -9.2136460248257626e-02	   6.5465748068925922e-01	   2.9435065216212608e-01	   3.0749289854478373e-01	   1.7422013903691866e-01	   0.0000000000000000e+00	   1.0023410051849009e+00	   1.3639675961431730e+00	   7.8290958769869834e-01	   2.7978473476244975e-01	  -9.4839221052660128e-02	  -1.8852265859196894e-02	  -1.9643922610828725e-03	   5.7838331702193746e-01	   3.5758395118520847e-01	  -1.8438212033409188e-01	  -2.6728617604214877e-01	  -5.9532334309404189e-02	  -1.5023456464388016e-01	  -2.5117469395698289e-01	  -3.1889197269432157e-01	  -2.1270969716915086e-01	  -2.8609611076667241e-01	   2.9578374258156137e-01	  -2.2391359084175402e-02	  -1.0511017948276488e-01	  -1.1705509987665724e-01	  -8.9766230550761980e-02	  -9.0371516983450431e-02	  -3.9914165949680042e-01	  -5.0999983749002442e-01	  -2.2488213379613481e-01	  -2.2906590882502864e-01	  -4.0177621576585626e-01	  -4.0682780606684804e-01	  -1.5667595733007270e-01	   1.4720323573868450e-03	  -6.3297190379111379e-03	  -2.0519877753746019e-01	  -4.1143923937193505e-01	  -2.8989886581951568e-01	  -1.9353967572868300e-01	  -1.7408972698030045e-01	  -2.2967149387062658e-01	  -7.5633398886057482e-02	  -2.4943149119619971e-02	  -1.1009420284745965e-01	  -1.5403807904034533e-01	  -7.2758738563769493e-02	  -3.9607345678709399e-01	  -3.4382933000884375e-01	   5.4697729636375279e-02	   7.9731173436498839e-02	   1.3156316759030628e-01	   4.0588986269341577e-02	   4.9164708281553526e-01	  -6.5397325766428260e-02	  -3.8776410986287348e-02	  -1.1109474541283600e-01	  -1.5899911726742752e-01	  -3.1214152481461716e-01	  -3.4700140369634058e-01	  -3.6874700870718613e-01	   9.1730668878440530e-02	  -5.5015403617862182e-03	   1.4741528646501170e-01	   1.2868095592757195e-01	   1.6923053532322563e-01	   2.8136513840743788e-01	   4.2566656262589919e-01	   3.0049859584705030e-01	   1.0474857231834925e-01	  -9.5769450174249579e-02	   1.5039433129402638e-02	  -2.2114747616198388e-02	  -3.3956499764832844e-02	   1.8638931399396163e-02	  -1.3934801487487275e-01	  -1.4265453047130272e-01	  -2.3093480464267423e-02	  -5.8734359925637136e-02	  -3.7113316237666316e-01	  -3.5467782815269450e-01	   4.5592318922203424e-02	  -1.7410996280258741e-02	   2.4870832463444908e-01	   3.4369789203847317e-01	   1.7979827430087278e-01	   2.8151464555472605e-01	  -3.4262070462509520e-03	  -5.5872198860049120e-02	  -3.5135269908547195e-01	  -2.4634071973403288e-01	  -1.6878587185186100e-01	  -3.7626613076189759e-02	   2.9115108646395382e-02	   1.1089555629391230e-01	  -1.0289116685811618e-01	  -6.3800780457284725e-02	   1.1379624585160453e-01	   5.0497956564181240e-02	  -2.2819573283576599e-02	  -2.4749365698924741e-01	   1.4914103901793677e-01	   2.4637217211990731e-01	  -1.3025907477175780e-01	  -1.1687298905537663e-01	   1.4914678505345252e-01	   6.8106462849383195e-02	   1.5053128796157667e-01	   2.0456574290508675e-01	
   1.7573643357739951e-01	  -6.1458608540842945e-02	  -1.3419370177250309e-01	   3.9729055737579975e-02	  -4.0753971211634960e-01	  -2.0861943050774495e-01	   3.3578132757943541e-01	   3.7179388486386389e-01	  -5.0506274084342953e-03	  -7.0546332234456208e-02	   1.0023410051849009e+00	   0.0000000000000000e+00	   8.0419513312383917e-01	   1.0708276335044793e+00	  -3.7756016987212634e-02	  -2.0551886364834887e-01	  -9.9915274661909456e-02	   1.2948156695050650e-01	   5.1777070921314516e-01	   4.5082671707831601e-01	  -3.0206446337572507e-01	  -2.1734980137451052e-01	  -7.2016815177610938e-02	  -5.8631864634282729e-02	  -3.2471119661757264e-01	  -2.8551094008617872e-01	  -4.1944477503369815e-01	  -4.2032698508043176e-01	   4.1758473967167969e-01	   2.6281812523515896e-01	  -3.5175355731723701e-02	  -1.4381727893040970e-02	   2.4829069322933623e-02	  -2.4558089118703507e-02	  -4.2863111722008618e-01	  -4.4626735529526462e-01	  -1.5691816698717476e-01	  -1.8534019319954906e-01	  -3.2892953125201013e-01	  -3.9571066146382261e-01	  -1.1063988323727926e-01	   1.2650805834196752e-01	  -2.2221308900666308e-02	  -3.4870621654611864e-03	  -9.6309059971205993e-02	  -7.9890634575379808e-03	  -1.1519806986903725e-01	  -1.6447659924710048e-02	   1.0504706621815370e-01	   2.2066301129372348e-01	   1.9794312569045414e-01	   1.6692768457765905e-01	  -5.5441973446424073e-03	   3.5210621600496241e-02	  -2.7637008952098935e-01	  -1.7176490992907148e-01	   3.4583570642720531e-02	   3.8095736288809259e-02	  -5.2862630485714955e-02	  -1.1678187053175067e-01	   2.0567724672289417e-01	  -3.3369842885612289e-02	   1.3234061293416988e-01	   1.5158278635317010e-01	  -3.0022036145494496e-01	  -3.5628624017145571e-01	  -2.7864623460255528e-01	  -2.8677535265710669e-01	   1.4313974228198717e-01	   7.7142075232853324e-02	   1.2510317803847915e-01	   1.1399963571675177e-01	   3.7926159432135337e-01	   4.9200896896036767e-01	   3.8818238182696141e-01	   4.4100844212994073e-01	   3.6465961951247738e-02	  -6.7945225863516007e-02	   4.5320983912808435e-02	   6.2314335789271563e-02	  -2.6826338326847984e-02	   4.9816230944142934e-02	  -1.9476321139676459e-01	  -1.8911146280140839e-01	  -1.1155598422387863e-02	  -2.2005801530008282e-02	  -3.9990641131179799e-01	  -3.4160046724249277e-01	  -1.6775109520327769e-01	  -1.2199533296949698e-01	   2.7776907957910218e-01	   3.6339221533908461e-01	   1.6358122338743797e-01	   8.7486719096533008e-02	  -3.3069024654010382e-01	  -6.8078803189385501e-02	  -3.2964606270737939e-01	  -1.3373834549704222e-01	  -1.7071681897665551e-02	   2.2344731896413360e-02	   1.6805079822676011e-01	  -1.7195756367089976e-02	  -5.9491506662727067e-02	  -8.2082518099709401e-02	   1.9214928439273615e-01	   9.3487094731893733e-02	   6.8085365443401991e-02	  -2.4956539291642693e-01	  -7.2990636315694080e-02	   6.6367118857912771e-02	  -1.2493493123925566e-01	  -8.6591244027842424e-03	   1.6916700998756634e-01	   5.6120878103281230e-02	   1.7757214696857915e-01	   2.4118917574949417e-01	
   4.0382247159218243e-01	   1.8203208598115847e-01	   4.2416514851573062e-01	   2.8365814611247631e-01	  -3.9860599310926614e-02	   8.9574019666181129e-02	   7.5579905090309563e-01	   4.1497265294565050e-01	   4.3486889286867880e-01	   2.5296163065477351e-01	   1.3639675961431730e+00	   8.0419513312383917e-01	   0.0000000000000000e+00	   7.6006989073301923e-01	   4.7723149925510211e-01	   1.4146800416587035e-01	  -1.3887974954792057e-02	   1.0902121630115326e-01	   7.2433165231630459e-01	   5.4574096762383417e-01	   6.6679558554372000e-03	  -2.7105169913926469e-01	   2.2792403678182371e-01	   1.4375735580088039e-01	   3.9513809943492679e-03	  -5.3291500289462411e-02	   4.2927702900098293e-02	  -3.9291942033369776e-02	   1.9974473887956579e-01	  -7.7161021981068476e-03	   6.7277932643735425e-02	  -2.2601008352904892e-02	   1.6176457532304198e-01	   1.4490682945151556e-01	  -7.5579019691629057e-02	  -2.0567410978554851e-01	  -2.6261353630510853e-01	  -2.0843713798262425e-01	  -3.2364446703758487e-01	  -2.7749057888310574e-01	  -6.2676694249657508e-02	   5.4970622734902851e-02	   1.8456220571179943e-01	  -7.1089690571470118e-02	  -2.8053462461033657e-01	  -1.3668928320745821e-01	  -2.1417393677207932e-02	  -1.7079222630919703e-02	  -1.7958196847183705e-01	  -9.3866753697435645e-03	   1.2811588583198089e-01	   7.0353927722394752e-02	   6.0608074455060591e-02	   1.0177828505927032e-01	  -1.2394170218151127e-01	  -1.3750253648092667e-01	   2.0110729297075011e-01	   3.2369720104536576e-01	   3.1429760740260759e-01	   1.6314780663546821e-01	   6.5890559324109910e-01	   1.1965857893646918e-01	   1.1149882487819041e-01	   4.1778209411504688e-02	   1.5013102283071042e-01	  -3.7887141327081951e-02	  -6.1603616692507322e-02	  -1.0778972301474139e-01	   3.4000786016957407e-01	   2.9804442025389793e-01	   1.0960323228083639e-01	   2.9865551630277970e-01	   2.5374833455040069e-01	   3.9802823600689363e-01	   5.0569988493445694e-01	   3.0935450622825811e-01	   1.9511881325098762e-01	   1.4386559002740629e-02	   1.4728927118753185e-01	   1.6989759080456807e-01	   1.4822890371759900e-01	   2.9645381276366733e-01	   1.4725477547477956e-02	   4.0922749211131620e-02	   3.1591382458967288e-01	   2.6074310576377047e-01	  -2.0349062668968884e-01	  -8.5118795816442383e-02	   2.1529277326247739e-01	   2.3110608204494740e-01	   3.6480038863552611e-01	   4.7878132046619032e-01	   3.0327238623848418e-01	   5.0932399400434525e-01	  -7.4035004085389869e-03	  -1.0218083108983066e-01	  -9.7095156372034530e-02	   3.8359926664876475e-03	   2.0343310076333786e-02	   9.4291517949133180e-02	  -5.1971553281424235e-02	   2.1372182919433108e-01	  -5.3967054871853812e-02	  -4.4864820465880069e-03	   1.5626540365087457e-01	   5.5996904385299577e-02	  -8.6354856696429852e-02	  -1.8701732039238489e-01	   9.8629183961897515e-02	   3.6564208393967224e-01	   6.9844888924765897e-02	  -4.4699526970473247e-02	   2.1701185531376505e-01	   2.0594284199195417e-01	   2.8465051611198833e-01	   1.5492642776212850e-01	
