   0.0000000000000000e+00	   1.4428674894917599e+00	   1.3796571351450879e+00	   1.1491083549190750e+00	   1.0295876578574872e+00	   1.1521678647622187e+00	   1.0403030936613193e+00	   8.4925953436134827e-01	   8.0088682107219311e-01	   9.5394100569062257e-01	   6.4681939747534045e-01	   4.2877782667492148e-01	   5.3402059030537674e-01	   4.9805062139183759e-01	   1.0430846466979105e+00	   1.0929499391412163e+00	   3.8400920860417370e-01	   3.6739046518498136e-01	   1.2517174997333085e+00	   1.0923222054525836e+00	   9.7324669529618746e-01	   1.0212659642786497e+00	   6.6872466820485454e-01	   7.1325616928304958e-01	   8.9089590957560505e-01	   1.0421077427980832e+00	   1.0182865253640621e+00	   1.0380346422382325e+00	  -1.8293765733714967e-01	  -8.5479549278072414e-02	   3.6257595071527943e-01	   4.5992035669024495e-01	   6.6002080709252431e-01	   7.3572497076439836e-01	   4.6610617476802529e-01	   6.1543987987578341e-01	   4.2675054576613936e-01	   5.3786727878827034e-01	   8.2614903605339274e-01	   7.6812448997579885e-01	   7.3424449393496860e-01	   8.3760203823965651e-01	   6.2184543514958723e-01	   4.0947547161567960e-01	   3.3930895329902405e-01	   4.5444459865439868e-01	   8.6644605799020957e-01	   8.2323911810105699e-01	   2.3942580476484179e-01	   2.3426387367632123e-01	   5.4687959652139173e-01	   3.1769319044778627e-01	   6.6405943198097017e-01	   4.3837468106407895e-01	   8.5681666092070918e-01	   8.9921583256422433e-01	   1.5233415498380971e+00	   1.2149448990442950e+00	   8.5850653053542136e-01	   5.8379291721510107e-01	   8.0743994006912212e-01	   4.2195261848167520e-01	   6.5634285492464406e-01	   5.7403036235019378e-01	   4.2113460611531595e-01	   3.9410063104903054e-01	   8.4495808849993903e-01	   8.1962688816689733e-01	   1.1793032494461713e+00	   6.9197555291671597e-01	   1.4625502344647143e-01	   6.9687005425805179e-02	   5.5214920916252241e-01	   2.6742290159469884e-01	   6.0940894996587547e-01	   5.9675642513010330e-01	   7.9808801284350539e-01	   6.7137416682246154e-01	   6.7103287123208644e-03	   3.8910388600744589e-01	   8.6938153162382981e-01	   7.9430102726799956e-01	   9.3909528324605862e-01	   1.1489098040179622e+00	   9.4027327752870815e-01	   8.9647598451486699e-01	   7.9077494834856843e-01	   8.6881950418999787e-01	   1.1465646617030094e+00	   1.1139466923842507e+00	   1.3571033477984928e+00	   1.0836515537484288e+00	   9.6001938749532456e-01	   7.6209302269354939e-01	  -3.2650192239683663e-02	  -6.5810576548443302e-03	   9.9014673106255802e-01	   8.5582003504436532e-01	   1.1130369196089978e+00	   1.1546891123085836e+00	   4.7540943726655360e-01	   3.6203014040138293e-01	   4.0095843024118633e-01	   4.2901957027686022e-01	   6.0030682914492028e-01	   4.8708936875655651e-01	   3.6508815676543827e-01	   2.0376084272835207e-01	  -9.2084086208013768e-02	   5.6848003144597137e-01	   9.5290930472502833e-01	   1.0624452073207884e+00	   6.5266754374448233e-01	   6.2509445078745229e-01	   7.0214158430497942e-01	   1.0070559517255009e-01	
   1.4428674894917599e+00	   0.0000000000000000e+00	   1.1532551794685324e+00	   1.4423071403319110e+00	   9.6913244860963643e-01	   9.7238205032553615e-01	   9.7776881194557552e-01	   1.0703329564500208e+00	   7.3889847261907970e-01	   7.3948989888875449e-01	   7.0274354109679327e-01	   6.3369852920085523e-01	   5.9717244016869597e-01	   7.0542546467943035e-01	   9.2370118902103104e-01	   9.3623690941756199e-01	   3.5913690203513288e-01	   4.0441009270356215e-01	   1.1215253689629892e+00	   1.2940071102981450e+00	   8.5092996022933820e-01	   8.6229369317698734e-01	   7.0760533264687475e-01	   9.0210258174786562e-01	   8.6328884922105176e-01	   9.5091266097594651e-01	   1.0089990769307813e+00	   1.0229836955888192e+00	  -1.9033881360348215e-01	  -6.5699322868602500e-02	   4.6740105690473432e-01	   5.4349421930498043e-01	   8.8824083881195026e-01	   1.0011417936994320e+00	   4.0350065956750186e-01	   5.8161495629302662e-01	   5.4424469137538622e-01	   6.1648360345360109e-01	   8.6171869492243869e-01	   8.4160433700877513e-01	   9.0993176351224070e-01	   9.5650357804189523e-01	   4.6943578832202260e-01	   3.0945440357457948e-01	   2.2117700230894233e-01	   3.6121074401653369e-01	   7.6504168854475896e-01	   6.6550590259960429e-01	   2.2980208088366258e-01	   2.1669881631896332e-01	   5.5537723504093905e-01	   3.6642758689893989e-01	   7.2081885262223222e-01	   4.4585708865178458e-01	   7.7191831794017340e-01	   8.3775625414484589e-01	   1.3981849132280293e+00	   1.3641597094812141e+00	   8.2223437204241134e-01	   6.8421925351804702e-01	   7.9700779060027693e-01	   5.4376402948620595e-01	   6.3522726230479121e-01	   6.5172532404071337e-01	   2.9405390753238497e-01	   3.3459161815098087e-01	   8.7842485074431043e-01	   8.8809881012181990e-01	   1.1288239012608359e+00	   6.4224107497171412e-01	   3.7165123086943502e-01	   2.3872469877810709e-01	   6.6074067042955065e-01	   5.3158249157413107e-01	   7.5526974019727044e-01	   8.4607999749239371e-01	   8.3618484160582973e-01	   8.6615002749742576e-01	   9.3477069278450217e-02	   4.1946671177864636e-01	   1.0178048753631319e+00	   9.2052857853785985e-01	   1.0273190662010752e+00	   1.2545779518502267e+00	   9.8020979303570488e-01	   1.0251839721004088e+00	   8.0125399557528854e-01	   9.2890462516677075e-01	   1.0168111594197935e+00	   1.0107803941792723e+00	   1.2454725120311922e+00	   8.8180039438690661e-01	   1.0122111083965717e+00	   7.0074042789425262e-01	  -3.9192517412426915e-02	   5.7512430237503721e-02	   8.4155963637818065e-01	   7.0889478937047945e-01	   9.3386087728237710e-01	   9.7089675540196418e-01	   5.5115259773866443e-01	   4.3972174129556013e-01	   4.6836166313313843e-01	   4.7108731712806384e-01	   5.8462027767436864e-01	   4.8516209814836819e-01	   4.1433315276344324e-01	   2.2131309157332213e-01	  -8.7553835881488892e-02	   4.7398266064017358e-01	   8.6570281934607896e-01	   8.3999435807634737e-01	   5.4015502727451725e-01	   7.3512408786993277e-01	   7.2181873206314462e-01	   1.7592225539080020e-01	
   1.3796571351450879e+00	   1.1532551794685324e+00	   0.0000000000000000e+00	   1.2276353106603379e+00	   1.0873516785165405e+00	   1.0923088142861828e+00	   1.3660943658324836e+00	   8.6026115675499670e-01	   9.7693243318148248e-01	   9.5331504198784978e-01	   5.9354257739896821e-01	   3.6452110461861276e-01	   5.8306506676309078e-01	   4.7821202528226553e-01	   1.2251994766916412e+00	   1.0898008083578412e+00	   2.6738511438803464e-01	   3.3665542502504675e-01	   1.2353570733996695e+00	   1.0112798600615804e+00	   9.8577336612717925e-01	   9.1817819696596559e-01	   1.0567540267645661e+00	   9.9162762870782617e-01	   1.3277844541937474e+00	   1.2659148389620301e+00	   1.0412186468629381e+00	   9.8378949109977842e-01	  -1.4139226544689784e-01	  -2.7003343334857981e-02	   5.2669385583299033e-01	   6.2266556018701380e-01	   6.6947317935184392e-01	   8.4010549674046997e-01	   7.4098894170353691e-01	   8.8934571766964376e-01	   4.8578247258511553e-01	   5.7543463253109506e-01	   8.8332519824780276e-01	   7.1056598776184388e-01	   7.3010115757419713e-01	   7.7461803989298150e-01	   4.9034270244008560e-01	   2.7992634026551022e-01	   2.8147233866307614e-01	   3.6960147462623660e-01	   7.2568964230370503e-01	   6.7986507050268918e-01	   2.4336972942833190e-01	   1.9953548498985915e-01	   6.9273182280751822e-01	   4.1455017362130242e-01	   6.9682162969714156e-01	   5.6057097212552531e-01	   8.5404264581331690e-01	   8.7310439695008657e-01	   1.0375722821287272e+00	   1.0093451236125754e+00	   8.0140442157988290e-01	   4.9629092913422845e-01	   6.9600081881856990e-01	   3.0584784681101002e-01	   5.1471748130209005e-01	   4.4199902187798290e-01	   7.3660617376763204e-01	   5.1844666552943641e-01	   9.9326350222796800e-01	   9.6148055466631577e-01	   1.1462910914620976e+00	   7.7648849442063228e-01	   2.4907412838803078e-01	   1.4322960307808424e-01	   5.5630039099540141e-01	   1.3981602241149244e-01	   6.2634499047140391e-01	   4.9375965264528193e-01	   7.5849513558049542e-01	   6.2057034744633488e-01	   8.8916491146487905e-02	   5.3665527251057388e-01	   7.9394530906002359e-01	   8.5745918785110398e-01	   1.2081257624394885e+00	   1.0495501750810510e+00	   1.3758117316594287e+00	   1.1889143264698085e+00	   9.8917210480021511e-01	   8.7045561043901420e-01	   1.1463149257631136e+00	   1.0768884481510070e+00	   1.4125403360259463e+00	   1.2442259850829329e+00	   1.2275177193769629e+00	   1.1694074282511320e+00	   1.1208489464264814e-02	   5.0615536989688903e-02	   1.1918554928409519e+00	   9.2087961863566015e-01	   9.5206238198337989e-01	   1.0783648139077842e+00	   4.9651088736705340e-01	   4.4760545566616372e-01	   4.1543012012581809e-01	   4.5527817906920459e-01	   6.5875404142849092e-01	   5.2965495889320779e-01	   2.9243702387518961e-01	   1.7327550608541856e-01	  -4.7664150379316039e-02	   6.7834476427970625e-01	   1.0529322717901466e+00	   1.1047004958208262e+00	   6.7567682421271924e-01	   6.2104023605228753e-01	   7.0101850019390921e-01	  -1.4256960888986207e-02	
   1.1491083549190750e+00	   1.4423071403319110e+00	   1.2276353106603379e+00	   0.0000000000000000e+00	   1.0566589839537237e+00	   1.0990554370620225e+00	   9.7357404854885121e-01	   1.2282200896993509e+00	   7.5721920377005048e-01	   9.2704628886779117e-01	   6.2435489897790752e-01	   6.8168716054630629e-01	   5.3981987654226160e-01	   7.2443099553582047e-01	   7.1546057896680726e-01	   1.0585943658728838e+00	   1.5898659743995169e-01	   2.4481408222992654e-01	   9.8975805509580816e-01	   1.2204625859201683e+00	   8.0505311820989756e-01	   8.8579067213087970e-01	   6.5615105113741556e-01	   9.1912842710125287e-01	   8.6146125413807961e-01	   1.0058947863879579e+00	   9.3942076413900688e-01	   1.0289629401042235e+00	  -2.8359411881467889e-01	  -9.1700923834029752e-02	   4.3336956468174170e-01	   5.2467097402862617e-01	   7.7157870966331221e-01	   8.8013870673265704e-01	   3.3652005984425493e-01	   5.5484115799895073e-01	   4.0687294046428873e-01	   5.0013232518612905e-01	   7.3034128803380494e-01	   7.7452591179417374e-01	   6.9724449585489578e-01	   8.0540699346560651e-01	   4.2865573892122544e-01	   2.4428533278505501e-01	   2.2588484474220785e-01	   3.4452170636653406e-01	   7.0329149872576469e-01	   6.6173856545477183e-01	   2.7774241535069571e-01	   2.3766111425774267e-01	   6.7900161879709153e-01	   4.8391180082424862e-01	   6.9123694725695140e-01	   3.9955501712937913e-01	   8.1996986683304884e-01	   8.7543881657209788e-01	   1.0170846304324688e+00	   1.0957579560221604e+00	   9.1269461539742736e-01	   7.5634190316692718e-01	   7.8986071874381825e-01	   6.1067533116870343e-01	   6.0378710308447892e-01	   7.1391212959919859e-01	   3.1849401007841194e-01	   4.0847389195614070e-01	   1.0897175762024438e+00	   1.1736978250870100e+00	   1.1031653793889042e+00	   7.0255825052908472e-01	   2.5229348527405260e-01	   2.3153053908262988e-01	   5.4948445059544104e-01	   4.7720982109027527e-01	   6.3494703104017391e-01	   7.6517650464624365e-01	   6.7717561259491477e-01	   7.9240428563954890e-01	  -2.8726652309107537e-02	   3.2530645263136426e-01	   7.1860860157024264e-01	   7.4549944264957013e-01	   8.3293299817079558e-01	   1.0227901400968324e+00	   9.3192707301331601e-01	   1.1526254575287600e+00	   8.1863221709273326e-01	   8.6096638864136765e-01	   1.0469381528462989e+00	   1.0585208469711229e+00	   1.3255973600164179e+00	   9.0890605428945936e-01	   1.1238484860758058e+00	   7.3443635727798151e-01	  -3.4703140864379534e-02	   6.3063504219779021e-02	   9.2282870152582808e-01	   8.6527014541957115e-01	   9.0663298354177868e-01	   9.2505596534877566e-01	   6.1733703775874060e-01	   4.6322713988148012e-01	   4.6574227664094048e-01	   4.6353187650153838e-01	   6.0112882709256521e-01	   4.5275427089620152e-01	   3.1726928291895490e-01	   1.5709949902561526e-01	  -9.5134050839611004e-02	   5.6629647067264166e-01	   8.5661896367191936e-01	   8.8088883730576617e-01	   5.6299929759748446e-01	   5.1884222517971723e-01	   5.4178568004002192e-01	   3.5065272481102105e-03	
   1.0295876578574872e+00	   9.6913244860963643e-01	   1.0873516785165405e+00	   1.0566589839537237e+00	   0.0000000000000000e+00	   1.7590350909037393e+00	   1.0611490275352862e+00	   1.0328684537257995e+00	   1.1688272247404037e+00	   1.2482851183094226e+00	   4.4759396637358961e-01	   3.3687063139567819e-01	   3.5853948424087217e-01	   4.4720055888472104e-01	   8.6138942742074742e-01	   1.4333676129329382e+00	   3.5832385454157151e-02	   1.5346612049199357e-01	   8.4627174150664009e-01	   8.0383758061420452e-01	   8.8867521203068800e-01	   1.1160698271923088e+00	   6.2169011159246179e-01	   6.7534840063578339e-01	   7.4091417580253649e-01	   9.0050987601578425e-01	   1.3392517042838072e+00	   1.2680846457085484e+00	  -3.4036586634715216e-01	  -1.9953952093575678e-01	   2.4767297103687369e-01	   3.0965057285696973e-01	   5.7327228558882937e-01	   6.1901974156913564e-01	   3.6122886471759758e-01	   5.1697201789498504e-01	   3.8128261122863355e-01	   5.2412312432068509e-01	   9.5303371666690784e-01	   9.3597113485973105e-01	   5.5889568378545662e-01	   7.4228584865125657e-01	   3.6000688427930322e-01	   1.4622732904756885e-01	   2.2973030192529120e-01	   3.3275108730241643e-01	   5.6616020276184287e-01	   5.5487816609876794e-01	   2.6140931322629618e-01	   2.1533981393208432e-01	   4.1706706157413354e-01	   2.5968283288070321e-01	   5.6742198060846005e-01	   3.4229693089819296e-01	   8.2286731561087589e-01	   8.1634816920961906e-01	   9.4470002195735880e-01	   9.6720421170741655e-01	   1.0077493969161364e+00	   7.9623117663070242e-01	   9.1265268932459109e-01	   5.6204601199798876e-01	   4.5223358183072343e-01	   4.2120383416682888e-01	   4.4574170214916570e-01	   4.8079501198584540e-01	   1.0817994036636214e+00	   1.0649267426631734e+00	   7.7886543618708681e-01	   6.1660894276255684e-01	   2.0144446459060039e-01	   6.1134389180570112e-02	   3.0492583589343147e-01	   2.2354451830840780e-01	   2.8701733162830234e-01	   4.6399666005418477e-01	   4.8082212541029778e-01	   4.9932088058319446e-01	  -1.3547332089600131e-01	   1.8067785572877126e-01	   5.5927730568061218e-01	   5.3026887763427644e-01	   8.6872930582991570e-01	   1.1377859967463970e+00	   7.8796983370763740e-01	   8.1705758013699881e-01	   1.0420370601278317e+00	   1.0348581493502800e+00	   1.2416500930059300e+00	   1.0928311335802230e+00	   1.2006171468141735e+00	   9.1680475901070557e-01	   1.0229031039630208e+00	   8.2101204430594088e-01	  -6.6904019315333116e-02	  -3.6484269223536342e-02	   7.4374251169081251e-01	   6.8392976776032777e-01	   8.5796149601064042e-01	   9.9244246783788614e-01	   7.7747048616113290e-01	   6.3704491259565166e-01	   6.1574043361529285e-01	   6.3537057933401442e-01	   7.0324650210206308e-01	   5.0549978640825621e-01	   3.4188300928775905e-01	   2.7243331589401659e-01	  -1.2204529773571333e-01	   3.5410704789557335e-01	   6.4244930849898330e-01	   7.6441055366157595e-01	   5.1085783682776920e-01	   6.0069088862168829e-01	   5.3093574276823396e-01	  -5.1095748636350427e-02	
   1.1521678647622187e+00	   9.7238205032553615e-01	   1.0923088142861828e+00	   1.0990554370620225e+00	   1.7590350909037393e+00	   0.0000000000000000e+00	   9.7068589849416909e-01	   9.4482380905464391e-01	   1.1438660116509938e+00	   1.5605300527654535e+00	   4.2074238618822046e-01	   3.0237216094423253e-01	   3.4684500031466908e-01	   3.7799721361295185e-01	   8.0955487134468673e-01	   1.6147741776685354e+00	   3.8932448414250830e-02	   1.3366512504516864e-01	   8.2386295912996765e-01	   7.8727195761789603e-01	   1.0124194239207001e+00	   1.2734302361685383e+00	   5.7749290655937235e-01	   6.4355638779130853e-01	   7.8994208622425610e-01	   9.9417302753950954e-01	   1.5182029085635944e+00	   1.5560678310364382e+00	  -4.4547858759594677e-01	  -2.6641258463362866e-01	   2.2677366310223401e-01	   3.2922651150023902e-01	   5.2388233520753846e-01	   5.8260996809022947e-01	   3.3800145979857010e-01	   5.1696358542692233e-01	   3.7077231346467354e-01	   5.0599090048831630e-01	   9.2197725783553786e-01	   9.1755418813649214e-01	   5.5213570822346680e-01	   7.8616403810295377e-01	   3.7400069280630355e-01	   1.4347125997946583e-01	   1.6876871285102019e-01	   2.6299922981345614e-01	   6.2966700152035382e-01	   5.6369695933929975e-01	   1.7694207073961762e-01	   1.1536747147319577e-01	   4.3583599552267205e-01	   2.2895911583403891e-01	   6.7470710616191032e-01	   3.7716824518836473e-01	   8.7840602236628396e-01	   8.3847605904204436e-01	   1.0494241974652454e+00	   1.0520023990280416e+00	   1.0320972237428347e+00	   8.0113410780087535e-01	   8.8723333483800082e-01	   5.7097143107986115e-01	   4.1682878483407959e-01	   3.6697920938202189e-01	   4.5900134210222421e-01	   5.4792049536838972e-01	   1.0117971050855670e+00	   9.6797996648438522e-01	   8.2994412286295094e-01	   6.5845251012786954e-01	   1.3232698361940209e-01	   1.7609783797332051e-02	   2.2813948821732255e-01	   1.3194013108249339e-01	   2.7867123704095897e-01	   4.4459193936621016e-01	   4.8067129889842186e-01	   4.4904249829163634e-01	  -1.3302867137729460e-01	   1.7446248622205326e-01	   5.5755071955285807e-01	   5.0369916395615566e-01	   8.0885704735951058e-01	   1.0749155805368118e+00	   8.4752374081602233e-01	   8.7084093042141064e-01	   1.0426444976460467e+00	   1.0177895702462525e+00	   1.3782986586065766e+00	   1.3197625365033625e+00	   1.2128498800586480e+00	   9.0549218852133051e-01	   9.9176919169047073e-01	   7.7068756226205393e-01	  -6.0413332506999866e-02	  -2.2732329588951005e-02	   7.3677288651779327e-01	   6.9799646158430673e-01	   8.5322734804458145e-01	   9.1844993778337947e-01	   6.3070466475629172e-01	   5.2062182645281396e-01	   4.9235747728231805e-01	   5.3180869465671976e-01	   6.8690238728788511e-01	   4.8978777950684849e-01	   3.4378588549718292e-01	   2.2378738713901597e-01	  -1.2987421681009892e-01	   3.5858116480677060e-01	   6.0344013575947830e-01	   7.4799775710864236e-01	   4.9820278973427273e-01	   5.5384093240522692e-01	   5.0842020512291475e-01	  -6.8284853749022448e-02	
   1.0403030936613193e+00	   9.7776881194557552e-01	   1.3660943658324836e+00	   9.7357404854885121e-01	   1.0611490275352862e+00	   9.7068589849416909e-01	   0.0000000000000000e+00	   1.0960227714480943e+00	   8.8436715747834860e-01	   8.7988472560581577e-01	   7.3073413425284439e-01	   5.2657305619528905e-01	   6.9861993327867722e-01	   5.8537088041226237e-01	   1.0712020852507793e+00	   9.6492507215949996e-01	   2.4649106498555018e-01	   3.3508304604074479e-01	   1.0197497200543657e+00	   8.4881282003403868e-01	   6.6502382443878083e-01	   7.2748749271232671e-01	   9.7775256081902506e-01	   9.3914429833733593e-01	   8.7304948019680573e-01	   8.6922357647227511e-01	   9.0505552471834916e-01	   8.8291076209066188e-01	  -8.1999504383324234e-02	  -1.8469098556480119e-02	   6.0695081266591699e-01	   5.7278832480936481e-01	   7.7199762069711730e-01	   8.6143644220337423e-01	   5.1614061316050019e-01	   6.0918568836688847e-01	   5.0281321988978600e-01	   6.2037274670723286e-01	   8.1931877737734238e-01	   7.5025475646769813e-01	   6.9515079424085324e-01	   6.3653542664445095e-01	   5.1131706408963151e-01	   3.5078186669047695e-01	   3.7555321265136804e-01	   4.9008736467716763e-01	   6.5725289665825259e-01	   6.6350780417846955e-01	   3.6744686378555902e-01	   3.5982600467830134e-01	   5.7534076653352983e-01	   3.7151422128266243e-01	   5.2225655743623089e-01	   4.1993887606122610e-01	   7.8840438071593533e-01	   8.7576762137264907e-01	   8.3374633915492213e-01	   8.3980203954501698e-01	   7.9627127568123790e-01	   5.7542430125564392e-01	   9.6360368730488100e-01	   5.1191736821270772e-01	   4.7465741859812965e-01	   4.7436044605461702e-01	   7.1559775883281562e-01	   6.8496761277869167e-01	   8.4696801676390510e-01	   8.3712065415759218e-01	   6.5789960467029196e-01	   4.2840609734239199e-01	   4.1617426457822504e-01	   2.1719847406358853e-01	   5.2210798660568147e-01	   2.5257930259300876e-01	   5.9517702861348809e-01	   5.9603043088814656e-01	   7.1228013240343657e-01	   6.6247773703434798e-01	   1.7010505021040102e-02	   2.9449996338814755e-01	   7.1569014551791754e-01	   6.3611304374706745e-01	   1.1081760252303552e+00	   1.0013331385741899e+00	   9.4918232366300526e-01	   9.6161727545043285e-01	   9.1074866583695235e-01	   7.9992327942216102e-01	   9.5731228302315963e-01	   9.1111157877226134e-01	   1.0973292600148585e+00	   9.3698385632506276e-01	   1.0383672463673754e+00	   9.9937957960288537e-01	  -4.5220057478164453e-02	   6.0565146223146432e-02	   8.2712037640585967e-01	   7.3258373362781037e-01	   8.9456605376336862e-01	   1.0305833714825972e+00	   6.4138525595248908e-01	   6.3644575161467554e-01	   5.2351560981397049e-01	   5.8280744250757699e-01	   7.0919415300012967e-01	   5.8412322021327456e-01	   3.6860873924109733e-01	   2.5716506093275104e-01	  -1.7336872962206311e-02	   4.4219299413597779e-01	   8.1800070766923672e-01	   9.2154368233249695e-01	   5.9291834909223129e-01	   6.9017363458792746e-01	   6.8225382520740341e-01	   3.6132375004806060e-02	
   8.4925953436134827e-01	   1.0703329564500208e+00	   8.6026115675499670e-01	   1.2282200896993509e+00	   1.0328684537257995e+00	   9.4482380905464391e-01	   1.0960227714480943e+00	   0.0000000000000000e+00	   6.7123796936152502e-01	   9.1770096931098943e-01	   6.5450885963092376e-01	   7.7156884578249341e-01	   5.5409411743651305e-01	   7.2213852916043697e-01	   6.7020349603510898e-01	   8.6509686055920587e-01	   1.6295458285301609e-01	   2.8866552237495219e-01	   7.6339454741928836e-01	   8.5210149443354066e-01	   5.1203525091424251e-01	   7.1306298351073572e-01	   6.4402851387950111e-01	   8.4786094908057219e-01	   5.8303245126436765e-01	   6.7901569994637756e-01	   7.7656901432411629e-01	   8.2214902632698328e-01	  -1.9073856079450474e-01	  -3.4244588699064188e-02	   4.8176094407559222e-01	   4.9463011400673584e-01	   8.4505911456341698e-01	   9.5205410800475043e-01	   1.9442620267097119e-01	   3.8262382780274862e-01	   3.4511072917787255e-01	   4.8513124735681973e-01	   6.6446545472547958e-01	   7.1638725989206886e-01	   5.7624537918248087e-01	   6.1310090536892892e-01	   4.5124934509996800e-01	   3.0600308616522226e-01	   3.7362159720081667e-01	   4.9053557070364040e-01	   6.8083966124589301e-01	   6.2192023229678539e-01	   4.0894905392526876e-01	   3.4915805096354086e-01	   5.6652257407810191e-01	   4.0326310901372808e-01	   6.2525633258009516e-01	   3.5076033993092115e-01	   7.8642894593806179e-01	   8.4307429727710637e-01	   7.7777585745638322e-01	   8.6666169850767427e-01	   9.0892064480419987e-01	   8.4249797160297346e-01	   1.1459278791585488e+00	   9.6245268548296947e-01	   5.1807938827713129e-01	   6.7448095321089385e-01	   3.5206650250418670e-01	   5.8314242264081773e-01	   8.5353891549820071e-01	   9.4663628648659803e-01	   6.3584487799157630e-01	   4.2232991508573725e-01	   4.1444504080866645e-01	   3.6386703972173734e-01	   4.4525318413447379e-01	   6.4895007156629203e-01	   5.0359388953310358e-01	   8.0415805843692345e-01	   5.5122880197746404e-01	   6.8234056178202673e-01	  -4.6523799301923012e-02	   1.8864063761595642e-01	   6.2694607340570263e-01	   5.0352597390436116e-01	   7.7109800627771197e-01	   8.6211813944329407e-01	   6.6604323542060340e-01	   7.8541646860706027e-01	   7.4313159433146714e-01	   6.9181440065418798e-01	   8.7945509673497491e-01	   8.8664460147663149e-01	   1.0024901492184846e+00	   7.0662589250109487e-01	   8.9625669429899313e-01	   6.2169215021049207e-01	  -9.2537210098406250e-02	  -2.7305820999700220e-02	   6.3161206465892494e-01	   6.6589210437467028e-01	   8.4769880620780835e-01	   8.6470921438991288e-01	   7.2028075785778067e-01	   6.3080371249328171e-01	   5.2995723697680541e-01	   5.7582780854516502e-01	   5.6310929478637939e-01	   4.4653545749237661e-01	   3.3503054858986275e-01	   2.2457218543885943e-01	  -1.1375921388924753e-01	   3.1673166834689453e-01	   6.6809978388458435e-01	   7.4926452488053552e-01	   5.0330928262678742e-01	   5.8071768867807605e-01	   4.8804762517782052e-01	   3.9039922103948237e-02	
   8.0088682107219311e-01	   7.3889847261907970e-01	   9.7693243318148248e-01	   7.5721920377005048e-01	   1.1688272247404037e+00	   1.1438660116509938e+00	   8.8436715747834860e-01	   6.7123796936152502e-01	   0.0000000000000000e+00	   1.2223475183916770e+00	   3.0458941583757942e-01	   2.1624739016630540e-01	   3.6359374563924757e-01	   3.4799842577645496e-01	   8.2310375287234561e-01	   1.0847912338467298e+00	  -2.1161814834200973e-02	   1.2995568470688898e-01	   7.8777503438337582e-01	   6.8226711953555996e-01	   9.8471683671698429e-01	   9.6976259107877849e-01	   6.4418419178141528e-01	   6.2031630458912246e-01	   7.1982205625886975e-01	   7.0757033562321836e-01	   1.0171019938900829e+00	   9.1404537878635006e-01	  -3.8343980457281435e-01	  -1.8652789550182405e-01	   2.2040930003702297e-01	   3.0099745147286960e-01	   3.2266402300720731e-01	   4.1820011699929149e-01	   4.3244882916758287e-01	   5.0725670827542002e-01	   4.8006166200112682e-01	   5.8509757785950123e-01	   7.2203955545392373e-01	   7.1654589682647163e-01	   4.8171306319289020e-01	   5.8054734652526674e-01	   1.9056135412055503e-01	   1.9249809137704126e-02	   5.1567592942063374e-02	   1.3402749733694824e-01	   4.6553118869556670e-01	   3.8793915742531354e-01	   7.4975982468057700e-02	   2.5315424067084171e-02	   3.6572854320095644e-01	   1.8269481417197342e-01	   6.7587981591253410e-01	   5.2268141607322827e-01	   6.2829058535819349e-01	   6.1747724810420401e-01	   7.2872172572253779e-01	   7.2698489965007218e-01	   6.8163299614204487e-01	   4.8369580210133012e-01	   5.7254820727573885e-01	   3.1717581986959631e-01	   2.3559880023075419e-01	   2.2273221048828518e-01	   5.8838986053453324e-01	   4.6405343520399434e-01	   7.4944517454979309e-01	   6.7104753876472611e-01	   7.7889433472556002e-01	   6.5726755740337206e-01	   1.9647796156860056e-01	  -2.9592535409836081e-02	   2.6472459195771142e-01	  -6.0766178968092381e-02	   3.1678683322986601e-01	   3.2049430404411566e-01	   3.3967913600394017e-01	   2.8442611055064293e-01	  -1.0243480330868043e-01	   2.5516120364244921e-01	   4.7220056445211994e-01	   4.8032850652635706e-01	   7.7942173573169904e-01	   8.1540226724425824e-01	   8.9219655374008455e-01	   7.5915829916563082e-01	   8.3035375853863425e-01	   7.7850980099158384e-01	   1.0194214017617931e+00	   9.2987415264220830e-01	   9.2902025046681269e-01	   8.3742962589487169e-01	   8.8289225802098348e-01	   9.0189349669057550e-01	  -8.9856783976517030e-02	  -6.6268512023904866e-02	   6.0377087272607266e-01	   4.8418526626529662e-01	   5.6057032350865654e-01	   6.9441889825301739e-01	   4.6500870516123444e-01	   4.8473933496153809e-01	   3.6370285503810834e-01	   4.8882272193178744e-01	   6.6960277786288525e-01	   5.7343065340544519e-01	   1.9705273250125857e-01	   1.4094977072287798e-01	  -1.6101674987538411e-01	   4.6365133915269890e-01	   5.6031733907010350e-01	   6.0048485013005748e-01	   3.1997949393670000e-01	   4.7704913133538507e-01	   3.7883720017053585e-01	  -2.4126987251311172e-01	
   9.5394100569062257e-01	   7.3948989888875449e-01	   9.5331504198784978e-01	   9.2704628886779117e-01	   1.2482851183094226e+00	   1.5605300527654535e+00	   8.7988472560581577e-01	   9.1770096931098943e-01	   1.2223475183916770e+00	   0.0000000000000000e+00	   3.6946693748050335e-01	   2.9289492669782868e-01	   3.5288994206651886e-01	   3.3436930061485182e-01	   7.4848188843574459e-01	   1.4398129906986132e+00	  -6.2741315021010796e-02	   5.8844095142999493e-02	   7.6773804483545482e-01	   6.9472407925798541e-01	   8.9677850492392497e-01	   1.0612750160489199e+00	   4.8090435813950699e-01	   5.4037346649204521e-01	   6.8398059787146759e-01	   8.0954744651334631e-01	   9.8295333200713764e-01	   9.8277452939325871e-01	  -4.6214499955018751e-01	  -2.1167274574546158e-01	   1.4787007757502013e-01	   2.4611263128802269e-01	   2.9764932843304531e-01	   3.8576932010659054e-01	   2.4843351796621835e-01	   3.9708426027578664e-01	   2.2541350612077668e-01	   3.8758288506103711e-01	   6.0132809109725138e-01	   6.3251828567766477e-01	   3.5233554473145179e-01	   5.2845590042252222e-01	   3.6108850874501519e-01	   1.4992788100530091e-01	   1.7163574480402818e-01	   2.4938277453025043e-01	   5.7861832251696221e-01	   5.3260733763660140e-01	   1.1857397678728863e-01	   6.1031535872603862e-02	   4.1020578811702169e-01	   1.9474513486650671e-01	   6.3250068800758552e-01	   3.7274124400972980e-01	   7.4264993747875740e-01	   7.0791658790769674e-01	   7.3467909424669886e-01	   7.2250596053626848e-01	   8.1734729302253328e-01	   6.1573179679252887e-01	   7.8867496093557654e-01	   5.5421320059853052e-01	   3.2126620227812996e-01	   3.2993012796915622e-01	   4.6956480313837845e-01	   5.3967332125118683e-01	   7.3711103900676500e-01	   7.1313503551247814e-01	   7.7688424913319543e-01	   6.5181796875712461e-01	   5.8463821056774570e-02	   1.5510997392914795e-02	   1.7685888138799583e-01	   5.2749586995824299e-02	   2.4703096438018102e-01	   3.8834148847530364e-01	   3.1810550152143080e-01	   2.6467986979462788e-01	  -1.6171887956154540e-01	   1.5730218475186769e-01	   4.1654649712264613e-01	   3.9038640232033994e-01	   5.9539337986827212e-01	   7.8293866106493704e-01	   6.9975387287409452e-01	   7.1526609345841807e-01	   7.0938187854568657e-01	   6.4792569388233456e-01	   1.0539526299921769e+00	   1.0218053689812407e+00	   9.5666257595409521e-01	   7.7717886071110454e-01	   7.8272229340090715e-01	   6.4590908401883640e-01	  -6.9200860743536860e-02	  -8.4271880386277892e-02	   6.2108444342121960e-01	   6.4123093204784365e-01	   6.9332427586884227e-01	   7.2821427124222615e-01	   4.4414120828952236e-01	   3.7967400932989531e-01	   2.7546542409900338e-01	   3.5868357532147038e-01	   5.1687281202590296e-01	   4.0387124610964853e-01	   1.3228903498664893e-01	   4.7764693153086561e-02	  -1.4350887366930817e-01	   4.0033979518705509e-01	   5.4120269116380737e-01	   6.6749841638595953e-01	   3.9845446612996244e-01	   3.1284632179764199e-01	   2.9185681067648861e-01	  -2.5102677587351468e-01	
   6.4681939747534045e-01	   7.0274354109679327e-01	   5.9354257739896821e-01	   6.2435489897790752e-01	   4.4759396637358961e-01	   4.2074238618822046e-01	   7.3073413425284439e-01	   6.5450885963092376e-01	   3.0458941583757942e-01	   3.6946693748050335e-01	   0.0000000000000000e+00	   1.0678719624451340e+00	   1.3476213270027648e+00	   9.5817311595926546e-01	   6.3421588122984973e-01	   5.1490283461533592e-01	   5.0298905933840921e-01	   5.3218619606841955e-01	   8.4134922641965471e-01	   7.1571618271767290e-01	   3.3052769388534403e-01	   4.9669907595041068e-01	   5.2260586168697098e-01	   6.8152183596549420e-01	   4.6052332375668076e-01	   4.3592089111097471e-01	   3.7976071097083908e-01	   4.1444946996211995e-01	   2.4112675698325547e-01	   3.1833642959703795e-01	   5.1805943799055010e-01	   5.6271100835940291e-01	   5.3525224231665125e-01	   5.7264226543104069e-01	   8.1445812696481948e-02	   2.2813022141638203e-01	   2.8099529795149564e-01	   4.3723359348334356e-01	   2.9924686276330559e-01	   3.9645215090119607e-01	   4.2798204716793753e-01	   3.9574908750443988e-01	   6.9770473133737820e-01	   5.9403069347885495e-01	   4.8341213986650733e-01	   5.9210997081335415e-01	   8.1383093245458737e-01	   7.5796326197621389e-01	   4.2944366272197465e-01	   4.3524806540213845e-01	   4.6644559075312941e-01	   3.1746364540965299e-01	   3.7616188080134449e-01	   2.7601429245099490e-01	   5.1976518519533288e-01	   6.2464210801114128e-01	   5.1826172261192371e-01	   4.8296950406712635e-01	   3.7486159528847990e-01	   2.6871259518064144e-01	   5.7210651970945237e-01	   4.4514719528305213e-01	   6.6673135510186465e-01	   7.7008787158667158e-01	   1.3499140976632179e-01	   2.8961037539935608e-01	   3.3344069195525233e-01	   4.6128981087827675e-01	   4.4099250489626329e-01	   1.1219928910180768e-01	   4.3189784104951034e-01	   4.2055739275309639e-01	   8.1820990966337848e-01	   5.1039831545127268e-01	   9.2225209530530872e-01	   8.2533543507928553e-01	   6.7306753212174764e-01	   6.3427254171848435e-01	   4.2525694748534834e-02	   3.2149039365903720e-01	   7.3853100426587526e-01	   6.4334416068292766e-01	   6.2397011298144811e-01	   7.1337165503753608e-01	   4.4308309231185966e-01	   5.5890747340957958e-01	   2.9167337238097402e-01	   4.0790232671800131e-01	   3.8394679883236776e-01	   4.3488302405062113e-01	   5.2691398362542630e-01	   3.7270736429375212e-01	   3.4725059090138688e-01	   2.9093284750154802e-01	  -1.9562774587497869e-01	  -1.7419958190659174e-01	   5.6932595044589573e-01	   5.8415273375003152e-01	   7.0229472270697624e-01	   6.2668803600258238e-01	   1.7640712726644450e-01	   1.7751124157752871e-01	   1.3275419876435129e-01	   1.5315308760323676e-01	   2.9101124583886018e-01	   2.6170390532414844e-01	   1.3264367505102065e-01	   2.9372454139347345e-02	  -1.5967425160656254e-01	   3.2786730647660939e-01	   8.6524141734646398e-01	   6.7800809920263616e-01	   3.4795445370235439e-01	   3.2634178651048762e-01	   3.9618047796670169e-01	  -3.5172856071308736e-03	
   4.2877782667492148e-01	   6.3369852920085523e-01	   3.6452110461861276e-01	   6.8168716054630629e-01	   3.3687063139567819e-01	   3.0237216094423253e-01	   5.2657305619528905e-01	   7.7156884578249341e-01	   2.1624739016630540e-01	   2.9289492669782868e-01	   1.0678719624451340e+00	   0.0000000000000000e+00	   1.0445529541131300e+00	   1.4312693892656132e+00	   3.0513012810392010e-01	   3.5249616182148907e-01	   3.2774877216182940e-01	   5.0989237177681557e-01	   5.6562145639741324e-01	   6.9965114734469891e-01	   1.4472768777569159e-01	   3.6483779966642432e-01	   3.9594103924293278e-01	   6.8861610288670028e-01	   3.0491568083220488e-01	   3.2354471120640599e-01	   2.2035388099428849e-01	   3.2678714925300417e-01	   4.9184194721015526e-02	   2.2370491890899216e-01	   4.9447057840707803e-01	   5.1440072153603311e-01	   5.8968696644741581e-01	   5.7253960545681892e-01	  -3.6408434195382346e-02	   1.2190308636610198e-01	   2.7806043038279227e-01	   4.1817431884256612e-01	   1.5931520177953135e-01	   3.1754681995218864e-01	   3.4455339563795406e-01	   2.9410385196640010e-01	   4.8084582744696547e-01	   4.8488513206153461e-01	   3.8493145488757607e-01	   4.8515034127950796e-01	   6.5031667409082028e-01	   5.7717519244356763e-01	   4.7515144385276953e-01	   5.3848203980498144e-01	   4.7659227574888580e-01	   5.1262247465895694e-01	   3.9118695444557733e-01	   3.0174187577661538e-01	   4.3528364497495120e-01	   6.0117958858898368e-01	   4.1720976145341737e-01	   4.3576861502255365e-01	   3.7879310708762393e-01	   3.7405481277264241e-01	   5.8845167964567935e-01	   6.7881772549589448e-01	   5.5642695150624322e-01	   9.0634279725344991e-01	   3.8186181618903782e-02	   3.5148499016906437e-01	   2.9136676737356132e-01	   4.5254907869025340e-01	   3.3125482925628041e-01	   1.2299566774078190e-02	   4.7388579133454417e-01	   4.8392751815869550e-01	   7.6906426005744000e-01	   8.5925433467778900e-01	   7.1978168692897349e-01	   9.8533698065410136e-01	   4.6956690236760251e-01	   6.9262033602933848e-01	  -8.4206601171650755e-02	   1.6371381743454300e-01	   5.3627335937165566e-01	   5.0171085927900960e-01	   3.5561618932049249e-01	   4.9406002804275251e-01	   2.8808595703973200e-01	   5.1423980260201985e-01	   2.0035747947539517e-01	   3.2250706414614511e-01	   2.8214814719387804e-01	   3.6350698313008861e-01	   4.1179910096188804e-01	   1.9611022037352852e-01	   3.2111681532882297e-01	   1.4667784211357218e-01	  -4.1893652843983642e-01	  -2.9252871952207693e-01	   3.1356474076334029e-01	   3.6430948875860825e-01	   5.0972367373851657e-01	   4.5364531471936753e-01	   2.9305010535975357e-01	   2.1436855580566658e-01	   1.9056650692757568e-01	   2.2179838355724718e-01	   3.3405052880975600e-01	   2.9161011742870924e-01	   1.7788912882890406e-01	   1.2176211546332302e-01	  -3.1901285606097096e-01	   1.8823559312566021e-01	   6.2100259571832106e-01	   4.5079997110986281e-01	   1.9222073652190785e-01	   2.3871569264248038e-01	   2.0783455143847207e-01	  -4.7420980690438173e-02	
   5.3402059030537674e-01	   5.9717244016869597e-01	   5.8306506676309078e-01	   5.3981987654226160e-01	   3.5853948424087217e-01	   3.4684500031466908e-01	   6.9861993327867722e-01	   5.5409411743651305e-01	   3.6359374563924757e-01	   3.5288994206651886e-01	   1.3476213270027648e+00	   1.0445529541131300e+00	   0.0000000000000000e+00	   1.1221147718424551e+00	   6.6466143461837535e-01	   4.6445072166636447e-01	   4.2594320528889729e-01	   6.7494783291851201e-01	   8.0255444508095741e-01	   7.0532412611064010e-01	   3.3664953186323987e-01	   5.0627312701257599e-01	   6.2952778366058704e-01	   7.7226934711113193e-01	   5.7808352673296626e-01	   4.9395617886611232e-01	   3.1196145748336096e-01	   3.3719643952583672e-01	   1.9353919603612785e-01	   3.4184018745668959e-01	   5.6129029394149987e-01	   6.6390246894501381e-01	   3.7262570726200039e-01	   4.5886210080437950e-01	   2.3769652474848302e-01	   3.0690820479675696e-01	   3.4041560362751316e-01	   5.1454996334034120e-01	   2.0866105380758018e-01	   2.5939217711657558e-01	   2.9535931238394109e-01	   2.6926643429499553e-01	   4.5729623825408017e-01	   4.1386746717303435e-01	   2.5378794136827248e-01	   3.3672167769514305e-01	   6.4176208465286688e-01	   5.1232785471275921e-01	   2.3809175220781501e-01	   2.8906311570972754e-01	   4.5756301334485677e-01	   2.9653007398300718e-01	   4.3218395501028617e-01	   4.1317549395651049e-01	   4.0677439370358470e-01	   5.2685526888418566e-01	   4.3385282976393141e-01	   4.2144440357253438e-01	   2.1739077938282497e-01	   8.5583438966629455e-02	   4.0910213499926584e-01	   2.8431688755379680e-01	   4.4106119626203549e-01	   5.8796210646016045e-01	   3.4299847741386014e-01	   4.4008528948065251e-01	   1.8862413054324897e-01	   3.0867130839898960e-01	   4.5035377379567509e-01	   1.7355758878420635e-01	   4.1951200310891856e-01	   4.1433845757898885e-01	   8.0628409376256283e-01	   3.5325995824380818e-01	   9.1612545268804690e-01	   7.1084267498555198e-01	   5.2006810740051634e-01	   4.7147865521785925e-01	   9.4957803630017878e-02	   4.5956805490633379e-01	   6.3884058462298254e-01	   7.1566086970461773e-01	   5.1343425024306943e-01	   5.7452941230198606e-01	   4.9800144147464820e-01	   6.4299973071324301e-01	   2.3350226447155598e-01	   3.2926205848946943e-01	   3.2471973211140137e-01	   3.7850218334362484e-01	   4.4235245818690028e-01	   3.0114468335088046e-01	   3.3843757217047243e-01	   3.1839351703564323e-01	  -3.5887080957462286e-01	  -3.5714457491972068e-01	   3.8328650816514409e-01	   3.5005315417025112e-01	   4.7811891925301614e-01	   4.4914614814085152e-01	   3.7459722040513753e-02	   6.7859962306670477e-02	  -3.0142608831364433e-02	   4.5316381590832365e-02	   2.9915098243046390e-01	   3.0324363678923405e-01	   8.5844228742909551e-03	  -3.0785385341971613e-02	  -3.2474418371710267e-01	   2.5433561935717341e-01	   7.2789208117866921e-01	   5.2293294957303993e-01	   2.1734276725649296e-01	   1.9280190038690770e-01	   2.4371440521498811e-01	  -1.6613584821469807e-01	
