   0.0000000000000000e+00	   1.2613501097997792e+00	   7.7112912051231153e-01	   7.0399749379600163e-01	   3.8947271537985706e-01	   3.1577904089631664e-01	   8.1134998281889492e-01	   7.6419008433665236e-01	   5.5333391033264379e-01	   3.6677534201984108e-01	   1.1001365669441532e+00	   8.3593978106544453e-01	   8.4658517163315350e-01	   7.5720973757130250e-01	   8.1081892036104075e-01	   5.0972091869245850e-01	   6.5951313796629130e-01	   6.4793717137510076e-01	   1.3194610386491090e+00	   1.2188386093548007e+00	   4.2423210859251437e-01	   3.4897090224603700e-01	   5.3531753876471400e-01	   6.1835096115430499e-01	   1.9567509095173580e-01	   1.9415489445147358e-01	   1.7775033128583911e-01	   2.2925049305739673e-01	   6.8103913342260858e-01	   1.6615339140074803e-01	   2.9825812281871394e-01	   2.5992170260096437e-01	   5.7446198769458101e-01	   5.7143337624231583e-01	   2.3743128849155168e-01	   2.1586709486291089e-01	  -2.5131922803219898e-02	   2.8409412712583593e-01	   4.3980915158732548e-01	   4.3532665563792605e-01	   4.2156398091019048e-01	   4.3490398199292457e-01	   8.1618508946770574e-01	   7.7935399847621634e-01	   3.5106518117065960e-01	   3.9434986648348169e-01	   8.0617550903976620e-01	   9.2385988560112808e-01	   6.9774898227121562e-01	   8.6109008122979902e-01	   1.1918693097323869e+00	   1.1515728957564690e+00	   9.1462333695078613e-01	   9.3077079863696022e-01	   8.5475008446077516e-01	   9.8124735136678654e-01	   1.3104393992003049e+00	   1.2394510286540856e+00	   1.1463141978434441e+00	   8.5407121705376332e-01	   8.2850339349271707e-01	   5.4180564978696266e-01	   7.7409476002326472e-01	   6.9492241930931298e-01	   4.1959024018578572e-01	   3.8615480553478254e-01	   5.4143575721335080e-01	   4.7172076006007013e-01	   1.1484073107373942e+00	   9.3902836099680465e-01	  -3.4397491246619151e-02	   1.9790880621845336e-01	   8.1720771756256316e-01	   2.8912787638523091e-01	   5.9047436042431167e-01	   6.6413268409129667e-01	   4.0447912736501490e-01	   3.0059376110147273e-01	   6.5529486377089952e-01	   5.7402414585048767e-01	   1.1155108470294550e+00	   9.8944812636197876e-01	   8.6544614056245284e-01	   9.0943107082876362e-01	   9.7574874142693180e-01	   7.7630278469144343e-01	   5.4337862620647592e-01	   7.5807145818676336e-01	   8.4098352534676390e-01	   9.6351602698279848e-01	   7.4570814625248538e-01	   6.5001658713511823e-01	   3.7854332324521711e-01	   4.2751045980046443e-01	   4.2009277177791832e-01	  -3.5081296822834236e-02	   7.8460150353167946e-01	   2.8257758680133949e-01	   9.7019505637766379e-01	   1.0154604165852237e+00	  -1.7899372911983136e-01	   4.3305836950500937e-01	   4.0145646223465670e-01	   5.5775532372072933e-01	  -1.8076146991565081e-02	  -2.2772417974163220e-01	  -5.7818600851823387e-02	  -2.4268235433117014e-01	   9.3551125470358085e-02	   1.1881320074713173e-01	   6.4480269185125838e-01	   9.2304148752136506e-01	   7.6362594826034424e-01	   4.1732063088476257e-01	   3.5489653871271837e-01	  -1.6783652659727583e-01	
   1.2613501097997792e+00	   0.0000000000000000e+00	   5.3101356753005979e-01	   6.7954098398144303e-01	   3.4453538690747232e-01	   3.0312807447916484e-01	   6.2330125892490573e-01	   7.6007785153553620e-01	   4.1826203369813242e-01	   2.8850875418869598e-01	   9.1088334535490423e-01	   1.0623691169857485e+00	   6.3772575204433002e-01	   7.8729404568297867e-01	   6.2439944217299281e-01	   5.1004381731210113e-01	   8.0490785777649332e-01	   8.2680429192904004e-01	   9.7950848930016854e-01	   1.3120628209819074e+00	   2.9486335485049148e-01	   2.3653340756665858e-01	   3.4752342716621210e-01	   5.0484021871922635e-01	   1.1692385992149500e-01	   1.1852836309962933e-01	   1.7411471702215817e-01	   1.7728431701987740e-01	   7.4462022946923934e-01	   3.1813928979386680e-01	   2.5632383837505890e-01	   2.3905398048236151e-01	   5.6332272920803261e-01	   6.1467521274066261e-01	   1.2208871722543325e-01	   1.0789435963176336e-01	   1.3592614514963330e-01	   4.7852377084398667e-01	   3.7958655769799338e-01	   4.2680274032453613e-01	   5.4616641378931385e-01	   5.1886110349712677e-01	   9.8665365341866185e-01	   9.4703798941874495e-01	   4.7493103904698086e-01	   5.0395711075095162e-01	   9.2292858077043094e-01	   9.4204719164720352e-01	   6.0527614094255000e-01	   7.0457797072041861e-01	   7.8504150318699528e-01	   7.2661973916045608e-01	   7.0732701243926899e-01	   7.6257787217129624e-01	   7.2135194237507916e-01	   8.6653795069047068e-01	   1.2178672536930630e+00	   1.2845970851423565e+00	   7.1806766262036992e-01	   5.6499083904954117e-01	   6.1023915190806999e-01	   4.9024329078146933e-01	   8.2804957265183110e-01	   8.4068420447354597e-01	   2.4661838034278069e-01	   2.4812069410451604e-01	   4.1412404276820836e-01	   3.5735120731969999e-01	   1.0168154216569838e+00	   8.5516232260970815e-01	   1.5683710288709893e-01	   1.7530982387017377e-01	   8.1129237851919378e-01	   2.6414691015205399e-01	   5.0507444069909946e-01	   6.3000469511276458e-01	   4.9617338271270872e-01	   4.8280191274765727e-01	   7.1865673781539452e-01	   6.2391307135939056e-01	   1.0657059352311995e+00	   9.9397483509138973e-01	   7.3501627363289501e-01	   1.0011810222003292e+00	   6.3436387311828857e-01	   6.0304449867816179e-01	   3.7545788523027324e-01	   5.4844598384875054e-01	   4.8685033374502640e-01	   7.1094018540976078e-01	   6.8723434400066741e-01	   4.9444839462933932e-01	   3.0798584365563125e-01	   2.8053563722792724e-01	   3.2757914117491987e-01	  -9.1117303948213772e-03	   6.5582775283873040e-01	   2.2877010195434075e-01	   1.0207430904096686e+00	   8.5640512013773495e-01	  -3.5801094086198366e-02	   3.1487574918666805e-01	   5.1741155662071725e-01	   4.4447675521218521e-01	   1.5206365346476275e-01	  -1.7945255759936449e-01	   1.6745983550930635e-01	  -8.6175911746659686e-02	   1.1537790478331415e-01	   1.6390374066501102e-02	   4.7635350450090708e-01	   8.9275220942323175e-01	   6.8189572774514073e-01	   5.0321157792794224e-01	   2.7488553137906685e-01	  -2.9942576143194143e-02	
   7.7112912051231153e-01	   5.3101356753005979e-01	   0.0000000000000000e+00	   9.3600193090617734e-01	   8.1383186070953584e-01	   4.3730159061690249e-01	   1.2169042082603756e+00	   5.8589371127383949e-01	   9.8683336084987228e-01	   5.8849991739825069e-01	   6.0089270139458606e-01	   3.0345671180153361e-01	   6.3906847601811712e-01	   3.0077181371207529e-01	   9.7037777889166887e-01	   6.9724253303273187e-01	   1.2077246207182581e-01	   1.1267803867923380e-01	   1.1749916679659584e+00	   8.9173121086982876e-01	   3.4502981719179238e-01	   2.2216680895034954e-01	   1.3537436019698761e+00	   1.1949593632649103e+00	   4.9381039662623882e-01	   3.9391888687794568e-01	   4.0568840767328523e-01	   3.5931678624799057e-01	   1.8426755423636978e-01	  -1.2163651433275813e-01	   5.2889107792902801e-01	   5.1967996658281757e-01	   5.6170467797732004e-01	   7.4922417862050539e-01	   5.2490939748036181e-01	   4.7395559437480433e-01	  -3.4339736568489175e-02	   2.3405782423087790e-01	   4.0056730372048155e-01	   2.8980329074652833e-01	   4.1528363395888218e-01	   2.4848131455483061e-01	   3.7408372036050652e-01	   3.0094153943548690e-01	   1.6110132914288072e-01	   3.3549465275180779e-01	   4.2296927938300410e-01	   5.9446512120926187e-01	   4.0409897541779544e-01	   5.0275235725927381e-01	   6.4594763922931064e-01	   6.3849221203190742e-01	   4.9612778704529970e-01	   6.6123115822571166e-01	   6.7709738053948532e-01	   7.5998329262974362e-01	   5.4437723973225305e-01	   4.7731286516896770e-01	   1.0145039662022006e+00	   6.4871001182771937e-01	   8.5255214583144123e-01	   2.2524186953901798e-01	   4.9619784963121472e-01	   3.5474803096177177e-01	   9.9895043549216134e-01	   4.7989598259694022e-01	   8.3841687226090733e-01	   7.1586607411105985e-01	   7.0235061264263854e-01	   7.8575766291341387e-01	  -7.0841212820032848e-02	   2.3510504435829671e-01	   4.8955415516470474e-01	   3.1515712919391331e-01	   4.6537755900288097e-01	   4.7554329789496785e-01	   3.2141463029100059e-01	   2.6250695642940264e-01	   1.4511792443910485e-01	   1.1782571555533433e-01	   4.0918741955183024e-01	   5.1067029745239134e-01	   9.2360412921903301e-01	   6.3865319094238704e-01	   1.2624875938558884e+00	   1.0071426689956418e+00	   5.6722705977149634e-01	   7.9004983865077638e-01	   1.2213622059459825e+00	   1.1240491352422290e+00	   9.9911546472834500e-01	   1.1430193843596987e+00	   7.2967185799533074e-01	   1.0738412250095069e+00	   2.0386711291535517e-01	  -1.3340269492649222e-02	   3.8449517616014689e-01	   1.1748928673261128e-01	   7.7744640606168702e-01	   9.1931030422825888e-01	  -1.3259090774643090e-01	   7.3364008704228345e-01	   2.3626784021266134e-01	   5.2198729436149804e-01	   6.9799760069387831e-02	  -2.9585318412368123e-03	  -8.3798835332877242e-02	   8.0254254087390023e-02	   1.3266185379071715e-01	  -7.3353063889748920e-03	   4.8114954299134016e-01	   6.0875118503835635e-01	   6.4563415377196332e-01	   3.6844960317296782e-01	   4.5231456273226939e-01	  -9.2472462012091004e-03	
   7.0399749379600163e-01	   6.7954098398144303e-01	   9.3600193090617734e-01	   0.0000000000000000e+00	   6.6337451611509524e-01	   7.3785114716579314e-01	   1.1519158977130124e+00	   1.3194282211424755e+00	   7.4787390905379836e-01	   9.3042340771060039e-01	   5.2070350026572765e-01	   5.1878499167985315e-01	   2.7078475116236600e-01	   3.9605613635668602e-01	   4.3236998160419482e-01	   5.2732475421571201e-01	   2.8611777034625019e-01	   2.9392797473733789e-01	   8.2571183567029671e-01	   8.1634965579050878e-01	   2.7186011012902167e-01	   2.0752274512376115e-01	   6.6601791198949900e-01	   9.9331386380008635e-01	   2.8468120655946894e-01	   3.2824571128872776e-01	   1.7158257296974522e-01	   6.0193897274126371e-02	   3.4225185353374454e-01	   1.5305102120464020e-01	   5.8305404432285535e-01	   6.7687831308462154e-01	   6.6035064480649563e-01	   8.5769512601981879e-01	   2.8516419951224675e-01	   3.1535940843974758e-01	   1.1445053452857720e-02	   3.1905005873731668e-01	   3.0442792864266077e-01	   2.8100429925893139e-01	   6.2972207129531266e-01	   2.6549021574409154e-01	   3.7626327035223378e-01	   3.1933274046476795e-01	   1.7880254772133669e-01	   3.5235944677689601e-01	   4.9625470647177322e-01	   6.1351863525242767e-01	   2.9380842201205970e-01	   3.0899303019476754e-01	   4.1738267458493672e-01	   4.5448351908969714e-01	   3.1743006116183475e-01	   4.3160208062012384e-01	   7.0106154420152578e-01	   7.1232797700573969e-01	   5.9431463924970573e-01	   5.5836650973878121e-01	   6.1890413500524877e-01	   4.6908841074685392e-01	   8.5771895250754637e-01	   6.7541445811513412e-01	   5.4984165957706943e-01	   6.8279550045173265e-01	   6.2006167042229676e-01	   8.1084072989104761e-01	   6.9421517739419547e-01	   6.6688923503095454e-01	   5.2513633539338445e-01	   6.5644841906357987e-01	   1.6351546980537424e-02	   4.9074729265264749e-01	   4.8365961580885264e-01	   3.7276659775150017e-01	   5.2035663900886497e-01	   5.1987719821565559e-01	   3.5214960722591993e-01	   4.2561771716200869e-01	   4.3974141098234976e-01	   3.1528839411440318e-01	   5.6886017484288043e-01	   7.4902351181936822e-01	   5.6948403046995533e-01	   6.7277367977164837e-01	   8.0569581833628701e-01	   8.8227780860568450e-01	   2.7952165680359858e-01	   4.4060066910143370e-01	   6.3436239189914023e-01	   8.4948143395019837e-01	   9.5360196545289988e-01	   6.8331394349753094e-01	   6.7471588077109013e-01	   5.1650495115493555e-01	   5.3801181516570144e-02	  -1.3848768556697277e-01	   3.9297724571846104e-01	   1.7185927025239450e-02	   9.3663163281632356e-01	   7.6066995109750524e-01	   9.0920544814308404e-02	   4.8390526475528561e-01	   4.6080006655835842e-01	   4.8531905574127332e-01	   3.0595502738531161e-01	  -4.3412908341670560e-02	   1.2012072757678513e-01	   8.8530086340908531e-02	   5.3516675854192057e-02	  -4.8140685415575764e-02	   3.7039681844930528e-01	   4.4031586667331857e-01	   3.4333023979493782e-01	   3.3119742034716826e-01	   5.4400122036001886e-01	  -2.0322691936642653e-02	
   3.8947271537985706e-01	   3.4453538690747232e-01	   8.1383186070953584e-01	   6.6337451611509524e-01	   0.0000000000000000e+00	   1.0134624754764794e+00	   6.3429334378658908e-01	   4.7942129165479314e-01	   9.1874279174061113e-01	   7.6235812281221160e-01	   2.6109722605810748e-01	   1.7852584747246758e-01	   3.9770755547086090e-01	   2.1136229413680341e-01	   4.5435154488028112e-01	   6.2713861422939743e-01	  -4.0803558937881337e-03	  -2.3604241294399079e-03	   6.5247559863768445e-01	   4.7047852878950008e-01	   6.8669712749804956e-01	   3.9906582091416931e-01	   7.9986247338482097e-01	   8.4833471171227370e-01	   7.2288924048527547e-01	   6.1991162783952014e-01	   6.5857531866161678e-01	   4.9124964702887025e-01	   1.5248560100416964e-01	   1.0939487204332141e-01	   6.7137696803583147e-01	   6.5330313871820500e-01	   3.3465444202708189e-01	   4.3161098817204324e-01	   4.5064010199592230e-01	   3.3614498067132648e-01	  -1.7233756672636910e-01	  -1.7112454452119126e-02	   3.0686546896585273e-02	  -6.2579135304489930e-04	   6.9064191050986851e-02	   4.6338859761867468e-02	   1.9829018366963552e-01	   1.4756897022703350e-01	   1.3791399389243363e-02	   9.5160227917365781e-02	   1.1343936447229981e-01	   2.7799880611237626e-01	   6.3839604243162706e-02	   1.4612411220290442e-01	   2.1564539608316421e-01	   2.3417190553511444e-01	   2.6100734687076821e-01	   3.0676399152652289e-01	   1.9008355476515976e-01	   3.2780821269269900e-01	   2.7744346092502925e-01	   2.5832867977912821e-01	   5.2811404348097946e-01	   5.2952141934687735e-01	   6.1397611340432112e-01	   2.7749096918621929e-01	   1.3155101673123559e-01	   1.1342225064312621e-01	   6.4980878957962374e-01	   4.3136520613930729e-01	   5.0629776416757899e-01	   4.3730891681717265e-01	   3.1698685306713820e-01	   5.1530473771807694e-01	   1.8540790880111871e-01	   2.7635927148139527e-01	   2.1260421359077303e-01	   3.6668163257290942e-01	   3.1292061423046524e-01	   4.0543098059368987e-01	   1.5241379886145037e-01	   1.9803059596889189e-01	   7.0233608387413049e-02	   7.4055844764302450e-02	   1.9956334736198236e-01	   2.6887710992591174e-01	   4.5897920947112308e-01	   2.6959478232067324e-01	   6.5476402613054085e-01	   4.4417579202989987e-01	   2.9400769294189649e-01	   4.1240284151712725e-01	   5.4913260138790554e-01	   4.7464115409920227e-01	   5.6670489310756456e-01	   6.0108914179953365e-01	   5.0066534749818059e-01	   5.8980225818450627e-01	   1.2509629725594396e-01	   5.4613430425505448e-02	   3.5982740604621333e-01	   3.3956812461844188e-01	   3.7787531667862528e-01	   4.5704868841437135e-01	  -3.5219000428032700e-02	   4.0746407096946136e-01	   1.3760008175829075e-01	   1.9069797546655620e-01	   1.5163858192170747e-02	  -1.0072405346999111e-02	   3.1959758384094317e-02	  -5.9098472955230956e-02	   8.1910159963913917e-02	   7.0722991727531603e-02	   2.5884692787947372e-01	   2.7244208442384088e-01	   2.6868656016663439e-01	   2.0468766928254115e-01	   4.6715455508876047e-01	  -1.1960476018636840e-01	
   3.1577904089631664e-01	   3.0312807447916484e-01	   4.3730159061690249e-01	   7.3785114716579314e-01	   1.0134624754764794e+00	   0.0000000000000000e+00	   4.8532591470556496e-01	   7.2684806002100288e-01	   5.8542186790554429e-01	   1.1552483743969364e+00	   2.0659011462671278e-01	   2.1690532843371763e-01	   2.5050445798408910e-01	   1.8354652304089741e-01	   2.2442208929357554e-01	   5.0424496351320636e-01	   1.5167755163390048e-01	   7.0774339598736066e-02	   4.1926807691669443e-01	   2.8912130929874169e-01	   6.4979646551009129e-01	   4.5783424587824945e-01	   4.3659987351439239e-01	   6.3500904810625491e-01	   4.9003273617107235e-01	   5.2896117529109088e-01	   3.7260550271322007e-01	   3.2953342539739894e-01	   2.8425471898344956e-01	   2.2101384307806551e-01	   7.2896177704681053e-01	   8.6289232702817609e-01	   4.1247995313599223e-01	   4.0689149912229966e-01	   3.1940342833117114e-01	   2.5746130580134796e-01	  -1.6732488989563424e-01	   6.1617043143591628e-02	  -6.0631605010536931e-02	   1.2723539276775771e-02	   5.6712438922372571e-02	   8.8870088832173094e-02	   1.2593531072536387e-01	   1.0091066440167354e-01	   2.8387019730000247e-02	   1.3058207573985681e-01	   9.0210508886410634e-02	   2.4060087707984434e-01	   2.7676475868850886e-02	   5.5766326375841890e-02	   1.1737183111323699e-01	   1.7727943277628636e-01	   1.4735201141931042e-01	   1.9289536148513173e-01	   1.8628481008318420e-01	   3.4417503699838919e-01	   2.5376597214612728e-01	   2.2719297653008810e-01	   3.0067361187451647e-01	   3.8704682690153208e-01	   4.9871582335410569e-01	   6.4039077630423247e-01	   1.3971975870017495e-01	   1.5348425873429083e-01	   3.6860135887255907e-01	   5.9763576818191477e-01	   3.7703660823770002e-01	   3.7612771506665565e-01	   1.3838347437005055e-01	   3.0914778456002856e-01	   2.6977594581001929e-01	   4.9420679343898644e-01	   1.4711821750173337e-01	   3.9351088675576917e-01	   2.5939423485818669e-01	   5.2247077575760159e-01	   1.6842926108281508e-01	   1.8807949559088516e-01	   2.1765539897825026e-01	   1.3535398676274482e-01	   2.7077030807513947e-01	   2.1282952236803976e-01	   2.9882493240520014e-01	   2.1392970400710368e-01	   3.8070943310142519e-01	   2.4647873855707192e-01	   2.5284145331676100e-01	   2.4258396459755768e-01	   3.2098971139489402e-01	   3.3694461840311518e-01	   4.6735414409164050e-01	   3.8444039996921636e-01	   2.8009941723599252e-01	   2.4498739833656460e-01	   8.6687686323893065e-02	  -6.4775590538739880e-02	   3.4971982411891428e-01	   2.4517719574576735e-01	   3.7583164955804660e-01	   2.9881521135511752e-01	  -2.6074229490611965e-02	   1.8940954386429068e-01	   2.3191408859410539e-01	   1.5524710869984762e-01	   1.6952882637976843e-01	  -1.1807915816501794e-02	   7.2043382984087384e-02	  -9.7098774443324876e-02	   1.4639226316586901e-01	   7.3894580771703841e-02	   2.0791101893278696e-01	   8.4768298427630118e-02	   6.3400490326100664e-02	   7.0049861492538668e-02	   2.6026520247377316e-01	  -2.8915963732632982e-01	
   8.1134998281889492e-01	   6.2330125892490573e-01	   1.2169042082603756e+00	   1.1519158977130124e+00	   6.3429334378658908e-01	   4.8532591470556496e-01	   0.0000000000000000e+00	   1.0237515767314322e+00	   9.6056550828164700e-01	   6.7035729807628230e-01	   7.3792396082827560e-01	   4.2294154551533403e-01	   5.5055954864405798e-01	   4.4010107933827902e-01	   6.8488634221304967e-01	   4.2196206323776336e-01	   3.0459701620249957e-01	   2.8273608639648512e-01	   9.3593636135554925e-01	   8.8811624844450676e-01	   2.6543582531346693e-01	   1.7568338504953668e-01	   7.6473552771890518e-01	   8.2633427860581254e-01	   1.6692250939901110e-01	   1.4955484211544609e-01	   1.6761496442453100e-01	   9.8733869671408209e-02	   3.7661220342624935e-01	  -2.7592512983714790e-02	   3.9469222053467945e-01	   4.0306705196937198e-01	   6.5266885967905686e-01	   7.4761747059603223e-01	   3.1026676606948600e-01	   3.1574188363763045e-01	  -1.1880506394645479e-01	   1.9705900219476233e-01	   2.3739272007634499e-01	   1.6841941632712804e-01	   5.8277238634599460e-01	   2.9157690962107702e-01	   3.2298742146946197e-01	   2.6185041307224777e-01	   1.5111619937361576e-01	   3.0014320039136599e-01	   3.9927935284934202e-01	   4.8574452037692029e-01	   4.1748459920465875e-01	   5.1405955367619827e-01	   6.1077361237764882e-01	   6.4531185542968050e-01	   4.8344093234281216e-01	   6.8141848956395368e-01	   6.3774814991459217e-01	   7.6344530486460938e-01	   6.6188453968241745e-01	   6.0408955588062963e-01	   9.3595339591024940e-01	   5.2648611281062929e-01	   1.3334070323702183e+00	   5.6096542149236950e-01	   6.1524384632318940e-01	   5.3861485120096630e-01	   7.3181449170442436e-01	   5.4810316120260372e-01	   7.1670781095725589e-01	   5.9813103220421249e-01	   6.4017927103964101e-01	   6.6181196736260484e-01	  -1.0967009731602477e-01	   2.9624647680027494e-01	   5.6524346123087021e-01	   1.7295302636034188e-01	   4.9793704985569859e-01	   4.2784164754106052e-01	   3.8841960503168727e-01	   3.1121397144903234e-01	   3.3126750578169406e-01	   1.9094315646805610e-01	   5.3226908859638677e-01	   5.5129466766118396e-01	   7.0773473485690919e-01	   7.0701454047295442e-01	   9.7916612514061163e-01	   8.6622006221557457e-01	   3.0226936075411776e-01	   5.2782120169979585e-01	   8.8595833523351475e-01	   1.0798835690745749e+00	   9.4618939394352031e-01	   1.0890527106182528e+00	   6.5982136707942918e-01	   8.5157283343873880e-01	   2.2012322563081785e-01	  -4.0738073148120287e-02	   3.6807296711175141e-01	   4.6345433805426689e-02	   8.8874585429295339e-01	   1.0160029999287001e+00	  -1.7804852996126747e-02	   7.6249542559750516e-01	   3.5252040915117611e-01	   6.1929164731928132e-01	   1.3760309404608057e-01	  -6.1898070023685782e-02	  -5.2380402802299934e-02	   5.8395478798270326e-02	   1.2475297902586442e-01	  -3.9962238511600662e-02	   3.8856245061237782e-01	   6.3899291761082555e-01	   6.0000710141441949e-01	   3.5312446714425166e-01	   3.9689163243305270e-01	  -9.7786023849650530e-02	
   7.6419008433665236e-01	   7.6007785153553620e-01	   5.8589371127383949e-01	   1.3194282211424755e+00	   4.7942129165479314e-01	   7.2684806002100288e-01	   1.0237515767314322e+00	   0.0000000000000000e+00	   6.5950185258622351e-01	   7.5675031720583563e-01	   6.2677015234331390e-01	   5.4641328106580267e-01	   3.5883747857998177e-01	   4.8546642604457590e-01	   3.8636819663324695e-01	   4.0598852092518539e-01	   4.5788959738701901e-01	   4.0522426104587045e-01	   6.6690987135936741e-01	   7.5384424780750559e-01	   3.2275575034508042e-01	   2.8503771939234013e-01	   3.3946688188131757e-01	   5.9348913769802958e-01	   5.9183492713896719e-03	   7.5052087488523545e-02	   6.2249037184294601e-02	   3.2490850596299707e-03	   4.7819396351373156e-01	   1.5531555125120558e-01	   3.6440845548481943e-01	   4.4236098304543647e-01	   5.4802758445894129e-01	   5.7877405599143916e-01	   8.8735107568069765e-02	   1.0343148336031587e-01	   2.2378809903213512e-03	   2.6610341814298621e-01	   2.2815723525910350e-01	   2.4931655381923651e-01	   6.0361510028817877e-01	   3.0919558870488595e-01	   4.1801773924758207e-01	   4.2680859908502827e-01	   2.2926965880624234e-01	   3.7981897604690285e-01	   4.9887700157426751e-01	   6.1184297155825318e-01	   3.8510650103041583e-01	   4.4639696212690161e-01	   4.5378444034258875e-01	   5.7828115157567705e-01	   4.4076818801406720e-01	   5.5467545525697770e-01	   6.6923865623521916e-01	   8.0674737330825463e-01	   7.3390660897130411e-01	   7.0240532054887261e-01	   5.9006264689606069e-01	   4.6975491834782612e-01	   9.1132466846501570e-01	   1.0983392767162976e+00	   5.2368378198030308e-01	   6.6883378508991453e-01	   3.1533314246763605e-01	   7.0467493732317199e-01	   4.5432958396312983e-01	   4.4101050440330197e-01	   5.5292180581016437e-01	   5.8881093438785093e-01	   4.5524514432797474e-02	   3.7777423034720919e-01	   4.5772950968767545e-01	   1.8462436782908276e-01	   4.5700186012152566e-01	   5.5466488257829449e-01	   2.8001560838526174e-01	   3.4039312424989887e-01	   5.6009016348835095e-01	   3.9223931316737398e-01	   6.0991695549593272e-01	   5.5717579824028263e-01	   4.5985988282603429e-01	   6.0349021922411650e-01	   5.5600621209558465e-01	   5.6777495799008237e-01	   2.3983694280160450e-01	   3.1115421351307948e-01	   5.4994524051234261e-01	   8.1877158588872367e-01	   8.1767777564758659e-01	   5.8873410876263610e-01	   4.1112086891099725e-01	   3.3895647699813908e-01	   1.0718388148128226e-01	  -1.9455893196371354e-01	   4.4537998991046218e-01	   3.2605912697531464e-02	   9.6017523569775876e-01	   7.8831434539612999e-01	   2.3760929626701698e-02	   3.5239631466839222e-01	   5.0105338081234529e-01	   4.3477503651424176e-01	   2.5232728871196991e-01	  -2.0484661772400034e-01	   1.1003350677691986e-01	  -2.9461731334681756e-02	   1.1582412390959694e-01	  -5.0122949122686861e-02	   3.7094655181541802e-01	   4.8264248389623488e-01	   3.8538095523967808e-01	   2.6169366728945109e-01	   3.0418491204789921e-01	  -1.1191996003610802e-01	
   5.5333391033264379e-01	   4.1826203369813242e-01	   9.8683336084987228e-01	   7.4787390905379836e-01	   9.1874279174061113e-01	   5.8542186790554429e-01	   9.6056550828164700e-01	   6.5950185258622351e-01	   0.0000000000000000e+00	   8.4133686925499607e-01	   5.3411350913269096e-01	   2.3370351401777856e-01	   5.2827017091932493e-01	   2.8340614038949075e-01	   6.5048576206091524e-01	   4.3809327792513220e-01	   1.5712700278310665e-01	   1.6034800548658956e-01	   7.7633492570024498e-01	   6.0381118923277688e-01	   4.7322082624215900e-01	   3.4701381616450411e-01	   7.6056848361356999e-01	   7.5378659816700311e-01	   3.5717487206577336e-01	   3.5022733454886040e-01	   3.4510370166849952e-01	   3.0605906966662322e-01	   2.2704357903570752e-01	  -9.3391062236209438e-02	   4.0119598276176482e-01	   3.6928948500197201e-01	   1.7526443658601742e-01	   3.0901417905231587e-01	   1.2795216681561158e-01	   8.3658934021726264e-02	  -1.3033169595340799e-01	   2.8540463163736814e-02	   2.5874312154144152e-01	   1.6831764389936812e-01	   2.7485316991235598e-01	   4.7923758039749211e-03	   2.0328343757250997e-01	   1.9653114641602670e-01	  -1.3070196805948070e-01	   8.7663968162227258e-03	   1.9874767871083415e-01	   4.3352735578983492e-01	   1.6617135183287826e-01	   3.1822490868623576e-01	   3.8443068675377767e-01	   5.2993347546103298e-01	   4.0431344200282254e-01	   5.1334605855589488e-01	   4.4127575283251241e-01	   6.1448675907426697e-01	   5.1347853563521950e-01	   4.8585598975757599e-01	   7.3349836514898248e-01	   5.8114573625683630e-01	   6.8711531798900005e-01	   3.0330431806140523e-01	   2.7029655401021424e-01	   2.8044043358981252e-01	   5.2178446121477140e-01	   3.5904096649414380e-01	   4.0376087523368304e-01	   3.1461757521253497e-01	   5.0818360613381874e-01	   6.5370028653416001e-01	  -4.7443699777223618e-02	   3.3323653642423806e-01	   3.3483158940052582e-01	   2.3655980349721431e-01	   3.6938772600433478e-01	   3.1420575513329918e-01	   5.0029849497104852e-02	   1.6065360865625661e-01	   1.8349813368278822e-01	   1.4463499430766438e-01	   3.0773029673111274e-01	   3.7629424430611169e-01	   4.8591375721601193e-01	   2.9549896616168642e-01	   7.7336113593088207e-01	   6.0841946495218802e-01	   3.8096109929948796e-01	   6.2047119339560108e-01	   8.7040559977008036e-01	   8.6683356708095971e-01	   7.9760697202804498e-01	   9.9799958522766119e-01	   6.1331440209576149e-01	   8.9698946398799184e-01	   2.2664599750986997e-01	  -2.2844338203375164e-01	   4.6328448399010835e-01	   1.6594020456667768e-01	   6.0970872149262956e-01	   8.1234660724701357e-01	  -2.2052917979170458e-01	   4.2758564188887122e-01	   1.3947256369892777e-01	   2.8189968072991567e-01	   8.5659699558317121e-02	   1.5562064516818856e-02	  -3.5814540972350255e-02	  -1.0188414907958951e-01	   1.9399158633769381e-01	   8.1145750143148010e-02	   5.6713151081486679e-01	   4.9371244309469842e-01	   5.5360631194342891e-01	   2.6032977312182037e-01	   4.1221537850286954e-01	  -1.7453598845361351e-01	
   3.6677534201984108e-01	   2.8850875418869598e-01	   5.8849991739825069e-01	   9.3042340771060039e-01	   7.6235812281221160e-01	   1.1552483743969364e+00	   6.7035729807628230e-01	   7.5675031720583563e-01	   8.4133686925499607e-01	   0.0000000000000000e+00	   2.9167432331207138e-01	   2.1302600695567614e-01	   1.9966768332670282e-01	   1.2938352281453031e-01	   1.9819766094996702e-01	   3.6118061255405132e-01	   6.3617539420436950e-02	   7.8954831664593883e-02	   4.5175589522957593e-01	   3.1441928453047163e-01	   3.5947999577641632e-01	   2.8560723403817867e-01	   5.5150209022504293e-01	   7.4817865461093480e-01	   4.2346199311712740e-01	   4.7797332572771839e-01	   1.5654762018057342e-01	   1.0975607963651186e-01	   1.4592412479203354e-01	   1.5870400157439929e-02	   5.7881561071912513e-01	   6.8750548568873870e-01	   2.7901318807826769e-01	   3.7376165917071996e-01	   1.7575007881649246e-01	   1.4737884726713327e-01	  -2.4497799542123147e-01	   6.8938493023105252e-03	   2.2064492221621549e-02	   7.9779609704730386e-02	   1.5222516116678278e-01	  -2.0371075901439332e-02	   7.1696266753668622e-02	   3.0699403261820933e-02	  -1.2122051739060224e-01	   3.9962112119464452e-03	   1.2598812494948627e-01	   2.7126321561402633e-01	   8.5129827167019528e-02	   9.8897329543671322e-02	   1.9758894103326524e-01	   2.4432672706093189e-01	   1.4786104012626827e-01	   1.7709426822115351e-01	   3.4988184016508911e-01	   4.4360073883900508e-01	   3.0894491493275511e-01	   2.8343188998845809e-01	   3.8542720790349799e-01	   4.2849714195279021e-01	   6.0252574981685736e-01	   6.0731438772568058e-01	   1.9347977066471550e-01	   2.5248517581909924e-01	   4.7111449494750124e-01	   7.0428430704571399e-01	   3.4772520469599866e-01	   3.3446463011522265e-01	   1.5761703898673804e-01	   3.5226868425430713e-01	   8.3153456446299501e-03	   5.6712482683257204e-01	   2.0172431808304303e-01	   4.5420795828267679e-01	   2.8773261796255017e-01	   3.4052626639457512e-01	   1.0133843705915301e-01	   1.7083861528192251e-01	   1.3590765102795202e-01	   1.0108229254755879e-01	   2.6003297909202827e-01	   3.2738685982799859e-01	   2.7259628290324661e-01	   1.9589799367945671e-01	   5.6036169549724624e-01	   4.7902810560699016e-01	   2.3570556458531744e-01	   3.7602730655062877e-01	   4.9100180645004415e-01	   5.5525040225877476e-01	   5.8552563778847588e-01	   5.0851178235074224e-01	   4.5469422738553311e-01	   3.7831997644568360e-01	   1.5563518222040508e-02	  -2.2581533930356573e-01	   3.0679395253460451e-01	   4.6695350446240548e-02	   4.9533849205164826e-01	   4.0682339199470730e-01	   1.0151664917920645e-02	   2.8130611851754250e-01	   2.8898242473180002e-01	   2.6056588107583328e-01	   2.0807279913822660e-01	   5.1566810565273437e-02	   5.5255126979291316e-02	  -2.1014411774527453e-02	   9.7703898188665664e-02	   1.0459604015565147e-02	   2.8263120012331611e-01	   1.2621807098363114e-01	   1.3145695778490618e-01	   1.8991137313636050e-01	   3.8033098511694052e-01	  -2.8036478437135703e-01	
   1.1001365669441532e+00	   9.1088334535490423e-01	   6.0089270139458606e-01	   5.2070350026572765e-01	   2.6109722605810748e-01	   2.0659011462671278e-01	   7.3792396082827560e-01	   6.2677015234331390e-01	   5.3411350913269096e-01	   2.9167432331207138e-01	   0.0000000000000000e+00	   8.1327791243067526e-01	   1.0344011850228620e+00	   8.9301820372192375e-01	   8.3807351051235857e-01	   3.9999388000042180e-01	   7.3294618432645309e-01	   7.8040935859560934e-01	   8.0916388302770070e-01	   8.0722013867174325e-01	   2.3303334231629313e-01	   1.0881449387545174e-01	   4.4123897140200735e-01	   4.7163834423886325e-01	   5.0114833702331898e-02	   4.7329150880140052e-02	   4.7962222595867701e-02	   1.2961005053074270e-01	   8.0741772354475105e-01	   1.9777493618610598e-01	   2.4254977306443326e-01	   1.7154385583591281e-01	   4.5948321288040872e-01	   4.9148372922789346e-01	   1.2432182972921377e-01	   9.1556276265091899e-02	  -1.9894421663460490e-02	   1.9649463113222970e-01	   3.0699490904316157e-01	   3.0756914904208893e-01	   5.4896137151875457e-01	   4.0033929118299966e-01	   5.0483038749212206e-01	   4.8873155645689748e-01	   2.1503543188463059e-01	   2.4589597889147397e-01	   4.1468370724652726e-01	   5.3828200449944197e-01	   4.6703239434495525e-01	   6.1734626506851542e-01	   7.8470818364192729e-01	   8.0405007185228017e-01	   6.1817400640783626e-01	   6.7825817643483222e-01	   6.0545033480183452e-01	   7.4781019239259772e-01	   1.0291568926295616e+00	   1.1350778285021301e+00	   7.4511163975217765e-01	   5.1028662248743062e-01	   8.4449124892197736e-01	   4.6260098333169647e-01	   1.0185718035351226e+00	   7.5621370610161753e-01	   3.0654546589237652e-01	   2.6499979537476814e-01	   3.2959852560308334e-01	   2.8565021204273139e-01	   8.4978464157504652e-01	   6.8394597463098816e-01	  -1.6017097689610674e-01	   1.8107790256703041e-01	   8.0962488102410635e-01	   2.0260696906114378e-01	   5.0660071260170803e-01	   5.0594150475616140e-01	   2.6919521335881047e-01	   2.5680364228033981e-01	   6.1508076009390056e-01	   5.1895476058750956e-01	   9.7878233914250667e-01	   7.8141068050406326e-01	   8.4504682520534236e-01	   8.5550163803862023e-01	   7.4825715698942896e-01	   5.6776912935895996e-01	   4.7699563862062222e-01	   6.0655740580292916e-01	   5.6716385124643964e-01	   7.2489760592490704e-01	   5.2518444090434580e-01	   5.6395196045214235e-01	   2.3452873715200867e-01	   3.7958078146637958e-01	   5.4355793576803979e-01	   5.1228355584688337e-03	   5.5010075472908071e-01	   1.4841842720217277e-01	   6.3307977558414286e-01	   7.3471811756670580e-01	  -1.1169221620188638e-01	   5.1578029468765496e-01	   3.9201150367058235e-01	   5.6288508273735993e-01	  -4.1948098097854790e-02	  -2.6714559595236931e-01	  -1.9865199338809442e-01	  -1.9089657894274384e-01	   3.2708065734088854e-02	   7.6360683207075231e-02	   4.7628751215643683e-01	   6.0126621594424723e-01	   5.7670578520431071e-01	   3.4149454520165207e-01	   2.0603630818103502e-01	  -1.9738161145453162e-01	
   8.3593978106544453e-01	   1.0623691169857485e+00	   3.0345671180153361e-01	   5.1878499167985315e-01	   1.7852584747246758e-01	   2.1690532843371763e-01	   4.2294154551533403e-01	   5.4641328106580267e-01	   2.3370351401777856e-01	   2.1302600695567614e-01	   8.1327791243067526e-01	   0.0000000000000000e+00	   5.4711786851902122e-01	   9.8306301014619468e-01	   4.0733359022177651e-01	   5.1246914765921003e-01	   7.2600349329902136e-01	   7.7958484823611773e-01	   5.7740234858430095e-01	   6.9806674605898622e-01	   1.8993367969095282e-01	   1.9842252565208474e-01	   2.0982214600311425e-01	   4.5467724093590833e-01	   9.3794232227623203e-02	   2.1697058948604381e-01	   1.1449023499932669e-01	   2.1317644213192566e-01	   7.5582070349859287e-01	   5.3651326815856792e-01	   2.3273197599050829e-01	   2.5794850031896399e-01	   3.5665011858791607e-01	   3.7582572048609414e-01	  -1.4895346867278451e-02	  -1.0412240934824830e-02	   5.4967935941651258e-03	   2.4010197651881554e-01	   1.9359577296468800e-01	   1.9368552645341097e-01	   4.1539263522267694e-01	   2.8513070181662475e-01	   4.7105323577664104e-01	   5.0317383447146280e-01	   1.8366871680391678e-01	   1.5904234099979575e-01	   4.6151364006020756e-01	   4.4523723537552634e-01	   3.2596862083127442e-01	   4.0336494508768100e-01	   5.7520415322307106e-01	   5.4915436963269382e-01	   4.9259896910563200e-01	   4.6505807463236859e-01	   4.3534582810367140e-01	   4.7234013477967363e-01	   7.9990634055968224e-01	   8.9756857531375922e-01	   4.3681091081901136e-01	   3.7197427581216380e-01	   4.2187244882126840e-01	   3.7276522626050745e-01	   6.4758282166765846e-01	   9.0936854551484725e-01	   1.7442429480597996e-01	   2.1512882336160305e-01	   2.1342126673701520e-01	   1.8156029125880163e-01	   4.7520152832706541e-01	   4.3949238870176699e-01	  -3.8185369478345804e-02	   1.9799801619342344e-01	   6.5941109103442141e-01	   3.8018774325620802e-01	   5.8760285637218279e-01	   6.0075290509146007e-01	   2.9390551049969937e-01	   2.2368360762716277e-01	   6.4139854514128158e-01	   5.4056037548473912e-01	   8.9958584990742818e-01	   8.6417311373043892e-01	   5.6745841740630709e-01	   8.1792512015129248e-01	   4.4908238902005837e-01	   5.2635618059707423e-01	   2.8279951848159890e-01	   4.4847900035839333e-01	   1.7324569040355997e-01	   3.6583272444120141e-01	   3.6279011432371577e-01	   2.6085773800867951e-01	   2.1502185634783355e-01	   1.4446556859324006e-01	   3.4358489241098661e-01	   2.1153398999325002e-02	   4.2915693534664084e-01	   1.3428398265944169e-01	   5.3212587614706641e-01	   4.5175454740546228e-01	  -4.5779921596794872e-02	   1.3010158425915380e-01	   2.6503240194829830e-01	   2.1170418492762602e-01	   2.0640031643418742e-02	  -1.5427677927065561e-01	  -9.3654204004580840e-02	  -1.8984956871282163e-01	   8.4722446296135068e-02	   1.0004501001218039e-01	   2.9367039029357539e-01	   4.7143473203720287e-01	   2.9770199889925353e-01	   1.8256192559134748e-01	   1.2384515669578580e-01	  -1.9734674879390704e-01	
   8.4658517163315350e-01	   6.3772575204433002e-01	   6.3906847601811712e-01	   2.7078475116236600e-01	   3.9770755547086090e-01	   2.5050445798408910e-01	   5.5055954864405798e-01	   3.5883747857998177e-01	   5.2827017091932493e-01	   1.9966768332670282e-01	   1.0344011850228620e+00	   5.4711786851902122e-01	   0.0000000000000000e+00	   6.9805081367094390e-01	   1.2712358013941063e+00	   6.1390440749243391e-01	   3.7410668177568512e-01	   3.2386565579775650e-01	   8.1833533646899670e-01	   6.9250270786207158e-01	   4.1775364031740614e-01	   2.3573813939586433e-01	   6.2627897494496321e-01	   5.6457204378328152e-01	   2.5505174249359097e-01	   2.2728620075524203e-01	   4.0635636256314334e-01	   6.0224505143227147e-01	   5.1673713755054307e-01	  -1.2060015606507601e-02	   2.5651901724723947e-01	   1.9887972940839846e-01	   3.1359026040099525e-01	   3.4170585679354237e-01	   2.8428404518608708e-01	   1.2602690907936959e-01	  -7.6374364251529159e-02	   2.0302435944070429e-01	   3.1605311768020933e-01	   2.4920635775364777e-01	   2.2330618987498302e-01	   3.1267966377179868e-01	   3.4186739890836876e-01	   3.8370542247598044e-01	   2.3973468968078104e-01	   2.1560043992341096e-01	   2.6242482606056933e-01	   4.0205579077006104e-01	   5.2734465232546246e-01	   7.5820577741109818e-01	   7.4865763413390807e-01	   8.0783407895520432e-01	   7.1541147079201728e-01	   8.1068691693651340e-01	   4.3972545779423178e-01	   6.2295581218499152e-01	   5.8205225905513625e-01	   5.9221032740102597e-01	   6.7563377730676244e-01	   4.7194247627737806e-01	   5.9742865089633301e-01	   1.8314695441125248e-01	   4.2663498339598516e-01	   2.1934950359667038e-01	   4.2211718184084868e-01	   1.6320355347578216e-01	   2.8082329699021186e-01	   2.3102023683628423e-01	   7.4016363975895150e-01	   5.2816709743595813e-01	  -2.3545451744624368e-02	   7.4697117677587743e-02	   4.6774915992252680e-01	   4.9689075095441196e-02	   2.9015922652014287e-01	   4.3272674913831588e-01	   1.4710513500858741e-01	   5.1853322358384912e-02	   2.2046406946441016e-01	   2.6032806683198284e-01	   4.8155299384462158e-01	   3.3984903346029111e-01	   9.9823653033619508e-01	   6.3920109548971826e-01	   6.8380550735415757e-01	   4.4640368100071715e-01	   7.8541673930506317e-01	   7.6986351715068024e-01	   6.8218374153175620e-01	   6.4321307396290639e-01	   4.3395333139002606e-01	   6.3602678254594647e-01	   1.6326930446868038e-01	   4.9751396477199306e-01	   4.5349521984443569e-01	  -1.2933960970184146e-02	   3.9022914223185751e-01	   1.5797372207056423e-01	   3.9828804639549126e-01	   5.3547744086725901e-01	  -2.8198850327023894e-01	   4.1502952738381360e-01	   2.0748752751589633e-01	   3.6546202319980631e-01	  -1.5598950729996697e-01	  -1.7949145134918520e-01	  -1.7914006358335338e-01	  -1.2378617239915889e-01	   1.1792933569240673e-01	   3.9663114981753032e-02	   3.4865139826486574e-01	   5.4155850161846741e-01	   5.8424413353863391e-01	   1.3171845597087606e-01	   4.8143550181448440e-02	  -1.2873276608174170e-01	
