   0.0000000000000000e+00	   1.0989110163475044e+00	   6.3978425675529671e-01	   5.8281392129976073e-01	   7.2928282425840785e-01	   6.3980168981555607e-01	   7.4408174334571420e-01	   6.5704414843535408e-01	   6.9025126457052222e-01	   6.0465156072438164e-01	   8.2797197543820111e-01	   7.3073583147037569e-01	   6.1144022055616687e-01	   4.8388048364255148e-01	   5.5099470331030775e-01	   6.8264187661309617e-01	   3.6096113018368930e-01	   5.5542938185183766e-01	   7.0413639290977403e-01	   6.9407602984954608e-01	   4.4415187332091244e-01	   4.0602240923395105e-01	   3.9438475367403197e-01	   4.4105089375967710e-01	   3.1672218724316992e-01	   3.4465228151252697e-01	   4.9146037266649023e-01	   5.0377604986970681e-01	   4.4632892186922268e-01	   5.2410373907973751e-01	   4.6783239536267379e-01	   3.6549600181815745e-01	   5.7615083209505757e-01	   5.6377397092656079e-01	   1.6109457983200243e-01	   2.1938070779484234e-01	   1.0451754431460712e-01	  -2.2734312566795814e-01	   3.3371558908941357e-01	   5.0105099377046669e-01	   3.1373836669662214e-01	   1.2401323339616403e-01	   7.6447059956600372e-01	   6.2328446379505698e-01	   7.6675336581529097e-01	   7.7402067143360331e-01	   8.2333827708202922e-01	   7.2047520860383685e-01	   8.5911061563155933e-01	   7.6440206220308804e-01	   8.1674131275214223e-01	   7.7906593826831827e-01	   8.7978252789457589e-01	   6.4393631312921218e-01	   1.0633987004945431e+00	   1.0309125989406471e+00	   8.1665851450180860e-01	   7.3945574042235629e-01	   8.5767696800411530e-01	   7.4467964303844825e-01	   6.5885761429024181e-01	   4.3952735392664832e-01	   6.0272653305210011e-01	   6.1043568742979104e-01	   2.3400106698468959e-01	   3.5015670736554905e-01	   7.5204332979071864e-01	   6.2481126907716134e-01	   6.1688584394587642e-01	   6.9656901716350550e-01	   1.5923859392694684e-01	   3.2514515877327282e-01	   4.4237802159035844e-01	   5.9712892640293802e-01	   3.3781599132191725e-01	   5.2569713457713052e-01	   3.8168641697914657e-01	   2.0926068776972062e-01	   4.5594634863458894e-01	   5.1570315809286993e-01	   5.9126954323569103e-01	   6.7214545253404856e-01	   4.9816626238110556e-01	   7.5750895739535795e-01	   5.8687600197586254e-01	   8.4646239907223553e-01	   2.6157023460070483e-01	   3.0524845617261487e-01	   7.3747466578027898e-01	   9.4738125299527742e-01	   8.0377942182641904e-01	   6.3909941686738814e-01	   5.3151132616927688e-01	   5.5348581150629528e-01	   2.8327789486791832e-01	   4.4431107362627675e-01	   5.4885413297356833e-01	   6.2596066654214499e-01	   1.1173230096258064e+00	   1.1061499209155645e+00	   5.5916463993889098e-01	   5.6182067492880827e-01	   3.7312285512541177e-01	   3.8773588921772989e-01	   6.4520772221112216e-02	   2.5727818471088948e-01	  -5.6514912656367502e-02	  -6.2439342428788943e-04	  -1.1219786634084153e-01	   9.2405402204431733e-02	   3.3972244449587963e-01	   7.2193993136413592e-01	   8.4346648983432271e-01	   5.4494084196083625e-01	   6.8089928599965918e-02	  -2.8253122653764789e-01	
   1.0989110163475044e+00	   0.0000000000000000e+00	   3.3688933839940532e-01	   5.3627955984216547e-01	   4.8056820337908390e-01	   5.9879170740369070e-01	   3.7005112893552211e-01	   7.1629755738775402e-01	   5.1728507656749634e-01	   6.0638329997195217e-01	   4.8349673329577741e-01	   9.5747677642991635e-01	   3.6053053832459087e-01	   6.8167768059693012e-01	   2.6573457095781344e-01	   5.9223987483657536e-01	   4.9669751736545714e-01	   7.1865635048819709e-01	   4.3502901659963727e-01	   6.3503168895217754e-01	   2.8934690256404777e-01	   2.9043074466527474e-01	   2.1148212425680835e-01	   2.8495881923350214e-01	   2.4062407972708566e-01	   3.3625979413253154e-01	   2.2387375195618703e-01	   2.7204384846710444e-01	   2.9719466761969371e-01	   5.8419959608190564e-01	   3.5446296923762888e-01	   2.9544291601574624e-01	   4.6038746239601902e-01	   5.6982937103540066e-01	   1.1260913181670300e-01	   2.6780620409008782e-01	   1.1095482781267255e-01	  -3.3551752884602458e-02	   1.2646383502940420e-01	   4.0480891922777357e-01	   2.8069480866278601e-01	   3.0749199081108153e-01	   7.2248753040521863e-01	   6.7627342387697575e-01	   6.6537961809266433e-01	   8.1716879924421870e-01	   8.1360505004412653e-01	   7.1116520609381062e-01	   7.2663891912309631e-01	   9.3279535706368677e-01	   7.5514167840518165e-01	   8.4075614202104731e-01	   1.0013295658903110e+00	   8.0160684958491024e-01	   7.2023244274508036e-01	   8.0904902860772898e-01	   9.4231567288127827e-01	   9.6393646696457014e-01	   5.7225233588477842e-01	   7.7928774953863200e-01	   5.5400755032325899e-01	   5.6948454536129645e-01	   4.1742837620866319e-01	   6.2811249394125312e-01	   1.2123994996190762e-01	   2.6748620473722307e-01	   3.9069098943423852e-01	   4.6182308603237143e-01	   5.0909184740296776e-01	   5.6492071750150696e-01	   2.4829308487553156e-01	   5.3222042382339629e-01	   3.5693998556832013e-01	   7.0173534464634535e-01	   4.8080558533312318e-01	   6.7996403718789855e-01	   4.4744880415719307e-01	   4.8261887860679864e-01	   4.9033729211255617e-01	   5.9435691674214375e-01	   6.0498257794575139e-01	   6.2603191127461011e-01	   2.9347502240718271e-01	   6.9500531172233204e-01	   3.1913605655963512e-01	   5.9870513974762363e-01	   5.4169958449008272e-02	   5.0007019872209235e-02	   4.0496932231626398e-01	   6.1741228792919234e-01	   7.8024847111030482e-01	   4.1159530112875065e-01	   4.6731139537895117e-01	   2.6394566307992667e-01	   1.5203317956501017e-01	   2.5082881527968559e-01	   3.0320772873582230e-01	   4.0150329454825956e-01	   1.0224632509035125e+00	   7.0262604456204980e-01	   5.4304560967573134e-01	   2.5846649707358055e-01	   2.9111971245834645e-01	   2.1997706623020022e-01	   1.6297494524565193e-01	   2.5598271313512716e-01	   9.3150067231128703e-02	  -4.2342540720546357e-02	   1.7892384614061098e-02	   1.2109441746663945e-01	   3.5080323328161600e-01	   6.8901420512410794e-01	   5.6215602382120955e-01	   3.8519232618190036e-01	   1.2242483803230629e-01	  -1.4079921014917954e-01	
   6.3978425675529671e-01	   3.3688933839940532e-01	   0.0000000000000000e+00	   9.7424500559100391e-01	   1.0205422419969945e+00	   4.7240959451564768e-01	   1.2958903641270703e+00	   4.1445601540441374e-01	   7.7449238400630616e-01	   4.4982101128158208e-01	   5.5979419932191987e-01	   1.5049800624929796e-01	   7.2346983510435536e-01	   7.2175743349863236e-02	   1.0498641438588929e+00	   5.7613514962623369e-01	  -3.4411156228846260e-02	   1.0700254845316473e-01	   9.4848536798104122e-01	   5.2697793652480041e-01	   4.3325803281968578e-01	   3.2739897020325692e-01	   1.1231182436870277e+00	   1.0422151371671724e+00	   6.2923439943888571e-01	   6.1962816399049292e-01	   5.4365099249599980e-01	   5.0176673810833539e-01	   4.2795909052308290e-01	   1.8836839486969531e-01	   9.8179912075130105e-01	   8.0802360182370703e-01	   6.0215325176722700e-01	   4.6869130077516896e-01	   6.2373067252338421e-01	   3.3907309876090136e-01	   1.6724773957115624e-01	  -2.6791647339677543e-01	   3.9092188776330528e-01	   3.3527158704340537e-01	   3.8669715390335641e-01	  -1.5128448640429231e-02	   4.4467149166665210e-01	   2.4036253605187952e-01	   5.3695742753514075e-01	   3.6748760132909553e-01	   3.2385328702250799e-01	   2.9214848647518271e-01	   3.4006652429801437e-01	   1.6777223194438917e-01	   4.2483942175257888e-01	   2.5524640261468573e-01	   3.1712102977089313e-01	   3.0116300832445875e-01	   4.9670076638026406e-01	   4.7202333826086301e-01	   3.5163324018230158e-01	   3.4237732935335102e-01	   6.5307699958118803e-01	   2.0753166014744184e-01	   5.5493395873424145e-01	   2.9138530182636851e-01	   2.9401551942032422e-01	   1.2737920866760971e-01	   1.0353890544436455e+00	   7.6990548283469795e-01	   9.3801171512164827e-01	   5.9155408528698017e-01	   6.6914554690922445e-01	   7.2767443722362113e-01	   2.8205647002394496e-01	   1.6743235258235856e-01	   5.6955778233626186e-01	   3.9680431764329044e-01	   2.7066006230657691e-01	   3.1923392270714557e-01	   4.7689417916407567e-01	   1.9512834826044975e-02	   2.0102100561372521e-01	   3.1141566472245769e-01	   2.8048088977314667e-01	   4.4110124946962936e-01	   5.8957306850496183e-01	   5.9611138699652710e-01	   8.2158906804974652e-01	   6.3178881564361167e-01	   6.4920193607106269e-01	   6.5924194514643708e-01	   6.9746074003834613e-01	   5.9426891409959903e-01	   5.9872878637695959e-01	   9.8434192853971680e-01	   4.5701058746998130e-01	   8.2046166279471999e-01	   3.5247269660438385e-01	   2.5577970479542145e-01	   4.9525554609238420e-01	   4.4082119980162926e-01	   5.2855341713180692e-01	   8.2763019502264257e-01	   3.3758124649865939e-01	   5.6721599013923862e-01	   3.9159619108946503e-01	   4.8406622029534579e-01	  -5.5002763690230737e-02	   1.3579822804430580e-01	  -1.6685006811430564e-02	   2.2717155975071102e-01	  -3.3702325063201005e-01	   5.9486533193633215e-02	   3.2854995832612710e-01	   4.3202346259673752e-01	   5.6792164937210232e-01	   4.5369030347491601e-01	   1.0489174898456369e-01	  -3.1092520237860394e-01	
   5.8281392129976073e-01	   5.3627955984216547e-01	   9.7424500559100391e-01	   0.0000000000000000e+00	   7.3081143647674052e-01	   7.7527484231130039e-01	   8.5180194062299397e-01	   9.3878710073763683e-01	   7.3546422328182104e-01	   7.6032953066329301e-01	   4.2065088423510533e-01	   4.5690145198852788e-01	   4.9992942356543724e-01	   4.1191269176531986e-01	   6.2963897734542851e-01	   7.7389482685064037e-01	   1.7105384093395182e-01	   3.0655725038013898e-01	   7.6706892845580377e-01	   7.1003001730904625e-01	   2.1196842379877806e-01	   2.3094542220975478e-01	   7.4350377063175566e-01	   1.0101356235345387e+00	   5.9197567328742640e-01	   7.7746567317357362e-01	   2.9477542096166681e-01	   3.4900239962346991e-01	   2.8894706381998875e-01	   3.7996889503512188e-01	   8.1585801798040658e-01	   8.9429733161941494e-01	   7.8396899895165006e-01	   8.3094727927675993e-01	   7.9595115443325082e-01	   8.7431148447156937e-01	   1.7237251694344194e-01	  -9.8988061844738851e-02	   2.1180182699153077e-01	   3.5329329981618318e-01	   3.0210942543605823e-01	   3.2013745046173292e-01	   6.8710381465707426e-01	   4.5042307398033121e-01	   6.5675537494613645e-01	   6.1144077902633687e-01	   5.4620497988270467e-01	   5.1662319714418314e-01	   3.7890274170391303e-01	   3.1292311944887019e-01	   5.1442484582285153e-01	   3.7183721741722919e-01	   4.3416832346445372e-01	   4.6033455745339114e-01	   4.4040697020915665e-01	   4.2739605624726151e-01	   4.3506763324016423e-01	   4.2591396000842457e-01	   5.8616545214464699e-01	   2.9894427017741088e-01	   5.3149289369366470e-01	   6.8597660246890113e-01	   2.3785554304056158e-01	   1.9311385049348095e-01	   8.8391975412133184e-01	   1.1699195514480758e+00	   8.1503991193707614e-01	   9.2409055020977093e-01	   8.1099706172565811e-01	   7.4430355372568180e-01	   3.7784172755806211e-01	   3.6758832382921058e-01	   5.7598932746985898e-01	   6.9227603720659936e-01	   3.7958151039563731e-01	   5.7329425674524770e-01	   6.6369084048016558e-01	   3.4551180101439288e-01	   3.7300109670900228e-01	   5.0986677168187122e-01	   5.8113632852856856e-01	   8.1314130357780567e-01	   4.2183583008497272e-01	   9.1142008343879555e-01	   6.6951817786512391e-01	   9.1201759379788772e-01	   3.4145299181617750e-01	   4.2116718089744754e-01	   4.7423836067490988e-01	   4.3311682333818979e-01	   1.0043931353760636e+00	   9.1422967591333504e-01	   8.9339131726583987e-01	   6.9853620615864354e-01	   3.0518010091436332e-01	   2.4711588236190776e-01	   4.2082686313333356e-01	   3.3612087335510521e-01	   7.2922624441201411e-01	   7.7202299471917635e-01	   5.8186621948874517e-01	   4.0270451152679143e-01	   5.1591555174884118e-01	   5.4669577599098118e-01	   1.7782876534338136e-02	   1.1899406634672052e-01	   1.2257947164416078e-01	   1.7829660740422182e-01	  -2.2996960863209814e-01	  -4.0899890389233307e-02	   4.2779821123484518e-01	   6.1408524376977336e-01	   6.9362373482672113e-01	   5.4205487004210096e-01	   2.1129863023576434e-01	  -1.5050589433889514e-01	
   7.2928282425840785e-01	   4.8056820337908390e-01	   1.0205422419969945e+00	   7.3081143647674052e-01	   0.0000000000000000e+00	   8.1041909222729747e-01	   1.2293533878769394e+00	   6.0176267683204965e-01	   1.1863773238900495e+00	   6.9031982259673996e-01	   6.8484011972607239e-01	   3.9198938016414464e-01	   8.1058371382175876e-01	   2.6324407891423202e-01	   1.0264156529485773e+00	   6.7858763771232189e-01	   6.1414210464785207e-02	   1.9905373056856204e-01	   8.7233214791092406e-01	   6.7369244164124842e-01	   5.8291623362070188e-01	   5.5930572804151002e-01	   6.0143680759719176e-01	   5.7870224617593247e-01	   1.8712913640451756e-01	   3.0822732527548724e-01	   5.8859320148414873e-01	   5.3025572559764067e-01	   5.9966206410282408e-01	   3.9038045510959873e-01	   6.4635152002744767e-01	   5.5129387282874243e-01	   4.7251620085363211e-01	   4.1499463774943968e-01	   2.9122447894650327e-01	   2.3607718187297388e-01	  -7.3957422316972846e-02	  -4.1375488587303333e-01	   1.2916290748341255e-01	   1.5808878008209559e-01	   2.0999959402643542e-01	  -1.3902298111154812e-01	   3.6774042732018852e-01	   2.1305924875627977e-01	   5.0700233122986615e-01	   4.5788193510120256e-01	   3.5182628446838554e-01	   3.5261364991318561e-01	   4.0405980214767562e-01	   3.3182616641738027e-01	   3.6039778356205904e-01	   3.5732535602036392e-01	   4.1706519751285398e-01	   3.9062383191945116e-01	   5.1900816471860256e-01	   5.0317737551941510e-01	   2.8505430349783573e-01	   3.4261139529474310e-01	   7.8497700096133904e-01	   4.2654646501628091e-01	   6.3159226597962881e-01	   3.8811760228379955e-01	   4.4704985252928875e-01	   3.5468449047840750e-01	   4.9377456371804462e-01	   3.8807342192723127e-01	   6.1841689688902957e-01	   4.6752048901677379e-01	   6.9780735803188343e-01	   6.5911472818259487e-01	   1.6655121594306960e-01	   2.8314884070893370e-01	   4.3445597703852823e-01	   3.3187258138319597e-01	   1.1100213991460622e-01	   2.8716299949140334e-01	   2.0213125227424272e-01	  -3.9223228151655113e-03	   3.4985317921468700e-01	   3.5136441792941930e-01	   3.9502141907454302e-01	   4.9344734435563770e-01	   5.4914027481145888e-01	   5.8070333388756346e-01	   5.3732684136318387e-01	   5.4126337388349444e-01	   3.4784749286120870e-01	   2.6997258937228974e-01	   7.0260902283319471e-01	   7.0941894703533792e-01	   7.1341231374062297e-01	   9.4141764586780619e-01	   4.6892719343344591e-01	   7.2310273738109254e-01	   5.4133313253022908e-01	   5.0712252400181612e-01	   5.5692970007671994e-01	   6.0662948915621184e-01	   6.4796048234179571e-01	   8.1300446582731112e-01	   3.6109503057102799e-01	   4.7113870191929835e-01	   2.5164105544147031e-01	   3.4771599913253948e-01	  -1.0938781441536163e-01	   1.1133439558457132e-01	  -2.2801147015360301e-01	  -3.4477046053106447e-02	  -1.5503497345529571e-01	   3.4433907913481576e-01	   3.8878021131743412e-01	   5.3470397441524786e-01	   6.1467982699820722e-01	   3.7572798159298287e-01	  -1.3329629520671149e-01	  -6.1117782152721201e-01	
   6.3980168981555607e-01	   5.9879170740369070e-01	   4.7240959451564768e-01	   7.7527484231130039e-01	   8.1041909222729747e-01	   0.0000000000000000e+00	   5.5676553698041276e-01	   8.7334352803541049e-01	   1.0000974052249150e+00	   1.3284186758424210e+00	   4.3530856359577752e-01	   6.2083695845678166e-01	   4.9890185494040146e-01	   6.0263501738214909e-01	   5.1576992901945595e-01	   7.0358833276337862e-01	   1.4139212274273538e-01	   2.5690231354702564e-01	   4.8872795098122290e-01	   5.5581585600954297e-01	   5.2188256118995580e-01	   5.5157822634530962e-01	   2.1572012471347907e-01	   3.4423868122840789e-01	   2.8716278931444711e-01	   5.1493050497156612e-01	   6.4792368141220591e-01	   6.8596834079182956e-01	   2.0996480924500793e-01	   3.8000039930243162e-01	   3.5917572934511399e-01	   3.8348989197552352e-01	   5.3753542398625398e-01	   6.1280742876654348e-01	   2.5828053687991881e-01	   5.5936204422803326e-01	   3.2028386979337611e-03	  -1.6652607940499348e-01	   7.1835242888063464e-02	   3.3048082908315618e-01	   1.2003189217331046e-01	   2.0422158255947237e-01	   7.4811878039456892e-01	   6.2357070374755430e-01	   6.5784014575556182e-01	   8.6420537847807877e-01	   6.9200326728405526e-01	   8.3409237481314380e-01	   6.0067756539265660e-01	   6.5120000695467728e-01	   5.4077694540149768e-01	   6.3267272043022293e-01	   6.2931358244322111e-01	   5.8042894185134042e-01	   6.2878765149678195e-01	   5.9868908699979473e-01	   2.7377392725352012e-01	   2.6101647117203958e-01	   8.1651640658429903e-01	   6.3486662786150139e-01	   5.3967008650575732e-01	   7.0075823659467729e-01	   3.5855637989249001e-01	   3.9160676018792445e-01	   2.4966891586121531e-01	   4.6716394938095357e-01	   5.7074762428400261e-01	   7.2313246882308635e-01	   5.6164069471893030e-01	   4.5383770787120509e-01	   1.1371647938028311e-01	   4.4905725220337950e-01	   1.8306101359471097e-01	   3.8712001310271349e-01	   4.9759060449980179e-02	   3.9270142968292721e-01	   2.6794476995220923e-01	   2.8473285045821883e-01	   3.2730861679475926e-01	   5.3251241756138556e-01	   5.3803935278049531e-01	   6.9046287132806705e-01	   4.1386788655476159e-01	   7.1357150605666975e-01	   4.9828245812673144e-01	   7.0201807616460621e-01	   1.6230952771877818e-01	   1.0766947713469253e-01	   6.8860674261551968e-01	   6.8502712677038047e-01	   9.3237821370917184e-01	   7.0719692546934454e-01	   8.4687891751643396e-01	   6.1033571828031308e-01	   2.7216641305876427e-01	   3.7304294305657515e-01	   4.7091336228869946e-01	   4.4769861948213691e-01	   7.4422928293046542e-01	   7.1696140086726734e-01	   5.9080310091119315e-01	   4.1541246729062031e-01	   3.8257759086423410e-01	   3.6689467767867789e-01	   1.3400200535706555e-01	   1.3130476248871206e-01	   1.0996899797286502e-01	   1.3880868851117489e-01	   2.0253262543841553e-02	   2.0940174616240476e-01	   4.5238302914515049e-01	   4.5459629555053682e-01	   7.4013636532082938e-01	   5.7611252157389969e-01	   1.4604845829633989e-01	  -2.7077159522236388e-01	
   7.4408174334571420e-01	   3.7005112893552211e-01	   1.2958903641270703e+00	   8.5180194062299397e-01	   1.2293533878769394e+00	   5.5676553698041276e-01	   0.0000000000000000e+00	   6.8263927185467987e-01	   8.1969777916524045e-01	   4.7221470603766569e-01	   8.3005897566491116e-01	   3.8446513190859405e-01	   9.1461949914065710e-01	   2.2714062456113826e-01	   8.7591097992393574e-01	   6.7671057630513753e-01	   3.6660010363618240e-02	   2.3208219906780875e-01	   9.6632167545158143e-01	   5.7651455262529772e-01	   3.3024909843957279e-01	   3.0232693911359132e-01	   7.5005649705405142e-01	   7.6708402546271082e-01	   2.8537688901681135e-01	   3.6074778565701254e-01	   4.1096147345017836e-01	   3.5846930781427233e-01	   7.5828797001240000e-01	   4.2056566782557714e-01	   9.4856291860026576e-01	   9.2004055171984422e-01	   7.1456756215276029e-01	   6.0257836328233472e-01	   4.4684862438170680e-01	   3.0329438861250380e-01	  -3.1625648700784673e-03	  -4.5045615285722845e-01	   2.4091051915598305e-01	   1.7929911437773316e-01	   3.3119599327588700e-01	  -2.9790958591377266e-02	   3.3803808374129468e-01	   1.8270441004301990e-01	   5.1075379358193462e-01	   4.1116084073343734e-01	   2.8582972291361491e-01	   2.6434976598772036e-01	   3.9541182280089754e-01	   1.9500309498259286e-01	   3.6749099118630874e-01	   2.6644217302793088e-01	   2.8188834511926969e-01	   2.6806615512037218e-01	   4.5574358265050890e-01	   4.1609208923585461e-01	   2.9682630640377983e-01	   2.7816046077297851e-01	   7.2068997499444065e-01	   1.8968655741345089e-01	   6.3633008654451428e-01	   3.8901035994577710e-01	   3.8574017258323756e-01	   2.5953828694971526e-01	   7.0332393365739376e-01	   6.3797668226868653e-01	   8.5459172410022632e-01	   6.1597862114442092e-01	   5.5628997957561765e-01	   6.0070523106781137e-01	   2.7466726254916207e-01	   3.0300638575089772e-01	   6.8293345901961056e-01	   5.3255832899540911e-01	   3.5862778767034875e-01	   4.7197400292749897e-01	   4.2278860899275261e-01	   9.6632723865374595e-02	   3.4597796569456613e-01	   3.7204980420764638e-01	   3.6526177876234278e-01	   6.2536303043530506e-01	   4.7678148343247273e-01	   6.5379758543158739e-01	   5.6197393630028969e-01	   6.6533399559499395e-01	   3.5163158368044450e-01	   4.5995382431293491e-01	   5.8791202510492335e-01	   5.2526791943288154e-01	   6.4276973518686353e-01	   9.1733777034541253e-01	   5.2160742385148473e-01	   8.1155634246642427e-01	   3.5990370531730542e-01	   3.9241475817558363e-01	   4.7074528898321533e-01	   4.8641771317139526e-01	   5.4873939205326738e-01	   8.1122614393290471e-01	   4.1403510571070445e-01	   6.3672130035552277e-01	   3.5172587902210511e-01	   5.2177391073190615e-01	  -6.1750315822489160e-02	   1.4627564382197150e-01	  -1.3016946352232639e-01	   3.6286095281882848e-02	  -3.7808028774248131e-01	   3.1436770318822110e-02	   2.4492948697931394e-01	   4.4124157085827825e-01	   5.7961014743571881e-01	   4.2837043622112775e-01	  -1.5311994169337761e-03	  -3.9079273049818686e-01	
   6.5704414843535408e-01	   7.1629755738775402e-01	   4.1445601540441374e-01	   9.3878710073763683e-01	   6.0176267683204965e-01	   8.7334352803541049e-01	   6.8263927185467987e-01	   0.0000000000000000e+00	   6.8574918017214992e-01	   7.7381478342581056e-01	   6.3878490215202932e-01	   1.1551470793900036e+00	   5.9664372970540047e-01	   1.0123266464620420e+00	   3.5015392462946121e-01	   8.6887582982484313e-01	   2.6138299275088939e-01	   4.7935378773250836e-01	   5.5353910734697531e-01	   6.6256583358214804e-01	   5.2058545183032039e-02	   9.1929333512862157e-02	   2.4970609790729484e-01	   4.0264703787033351e-01	   1.0857078499233302e-01	   2.6145001906892595e-01	   9.8543148446778819e-02	   1.2287029536916531e-01	   4.8362574781763623e-01	   7.5408554315980070e-01	   4.7243885958907389e-01	   6.4828053950471398e-01	   9.1792848452976072e-01	   1.2633614408974221e+00	   3.0067009739034672e-01	   6.6417535565171770e-01	  -6.9451585972550647e-02	  -2.2212748294692564e-01	  -1.6414515681938368e-02	   1.5653772573109592e-01	   2.1916825696604300e-01	   3.1580354415947254e-01	   5.3480664833994984e-01	   4.7491710186036507e-01	   5.1800041996394941e-01	   7.0663357139710015e-01	   5.3282082917310902e-01	   5.6744253312147075e-01	   5.2068750786686524e-01	   5.7238019987364730e-01	   4.9558075942715113e-01	   5.2717334693874496e-01	   5.0708129518948253e-01	   5.2756543710783110e-01	   4.0936861698965266e-01	   4.3493166567339303e-01	   4.0180089714290973e-01	   3.9742309180252777e-01	   6.5502646607383774e-01	   4.7313164995509066e-01	   7.0527404179997388e-01	   1.2003301331637013e+00	   4.8307918770646585e-01	   6.8738171286451899e-01	   2.9353277039576764e-01	   6.2680338681227110e-01	   4.7547590000166484e-01	   7.5202062262752123e-01	   5.2289584881312290e-01	   4.5016273254454475e-01	   1.8410086947019860e-01	   5.2399630836087074e-01	   4.1674514267214280e-01	   8.0467634637675700e-01	   4.8666484408279082e-01	   8.9544502818861327e-01	   4.7335475122820414e-01	   4.7986090529777270e-01	   3.6060163175024323e-01	   5.2702748915761111e-01	   6.2186456731610384e-01	   8.7763753818095924e-01	   3.0045656590387482e-01	   8.9654900811570848e-01	   3.9240758603727782e-01	   8.2583620632885613e-01	  -3.7423980025908049e-02	   9.6524496174412548e-03	   3.6860513423928709e-01	   3.8722529798921596e-01	   9.5103734164564768e-01	   5.6056337947317858e-01	   8.9555289442699759e-01	   4.5122411046938848e-01	   1.1882477737580209e-01	   1.9969782644498654e-01	   1.9094719425266432e-01	   2.2285670388016507e-01	   7.3251098165119122e-01	   6.0250504068185884e-01	   8.1133154179489519e-01	   4.0964879422724876e-01	   4.9041155968390521e-01	   5.1947874856776899e-01	   1.9830866067237626e-01	   1.6178183887254982e-01	   2.0108000224104017e-01	   1.7719260239601143e-03	  -1.2802863880263857e-01	  -9.8513713165084602e-02	   2.3853931061070213e-01	   4.9026305572757323e-01	   5.5832745224036140e-01	   5.8723810272572108e-01	   2.1619502439246333e-01	  -7.5709101579344101e-02	
   6.9025126457052222e-01	   5.1728507656749634e-01	   7.7449238400630616e-01	   7.3546422328182104e-01	   1.1863773238900495e+00	   1.0000974052249150e+00	   8.1969777916524045e-01	   6.8574918017214992e-01	   0.0000000000000000e+00	   1.0737278872476428e+00	   7.2991631210848507e-01	   5.2800117926045254e-01	   9.8706419680473101e-01	   5.3257691158860010e-01	   9.7427164965892177e-01	   7.8632293360739913e-01	   1.0038361934230215e-01	   2.3955721327438328e-01	   7.1970968324077389e-01	   5.6929685902583738e-01	   6.1038229425553592e-01	   5.8192603646135777e-01	   4.1279518694612621e-01	   4.5358232814789934e-01	   3.0211051635543346e-01	   4.1069785466816688e-01	   5.9530792357520779e-01	   5.0556306067091628e-01	   5.4979599306949489e-01	   4.5589982829593961e-01	   5.2117097446050598e-01	   4.3350209923121108e-01	   5.4649189723330260e-01	   5.3087545299275463e-01	   3.1546747942062286e-01	   4.3361616644872025e-01	  -3.5861117338380627e-02	  -2.7460101027234984e-01	   5.5072243707175006e-02	   2.0677012409612203e-01	   1.2291363400285026e-01	  -1.8458938007767649e-02	   6.4113377949007833e-01	   4.4579633351745357e-01	   7.3157601967760699e-01	   7.3652939307077325e-01	   5.9290745764724928e-01	   6.8253052885448195e-01	   6.2726406729675066e-01	   5.8775468161544020e-01	   5.7795151129972355e-01	   5.8313769598845411e-01	   5.4728993977509810e-01	   5.6926163842298216e-01	   6.1428313417465696e-01	   6.0160153505598180e-01	   1.9998111381967346e-01	   3.0569554615795558e-01	   1.0185260752579464e+00	   5.9232521055555354e-01	   8.2483544817996979e-01	   5.6239308236714569e-01	   5.1996851354395635e-01	   4.5628059266669929e-01	   4.6282290758561917e-01	   4.1894073754232874e-01	   6.1980835276518453e-01	   5.8810134521125379e-01	   7.0123828768669139e-01	   7.3489945419526392e-01	   1.1129471809396737e-02	   2.8094984046484367e-01	   1.6792748605348248e-01	   3.5572159899938288e-01	   5.3930720563753733e-02	   2.9483545346103462e-01	   2.4493472955204154e-01	   1.6205590409209036e-01	   3.1915137472781085e-01	   4.3697434785711747e-01	   4.7138079934688948e-01	   5.5572031976985214e-01	   4.7717017824930008e-01	   5.9490622646115054e-01	   5.8560337992331313e-01	   6.4412829601513188e-01	   2.5662410186634699e-01	   1.4333020667530930e-01	   8.0537952911069977e-01	   7.5339430830047083e-01	   9.3096841607528136e-01	   9.9536214832873737e-01	   6.5972225227264170e-01	   7.2871866448417555e-01	   4.4524029880764721e-01	   5.2325031791027987e-01	   6.5100552998695049e-01	   6.8610204589183688e-01	   7.4137479488785829e-01	   8.6317656668997644e-01	   4.8299337775767298e-01	   4.4970008245430915e-01	   3.6319212954816671e-01	   3.8277281579032163e-01	  -7.6021919739635138e-02	   1.0336290560811420e-01	  -1.5544429571549070e-01	   2.0757864384531925e-02	  -1.6291016183798082e-01	   2.8278389629540762e-01	   5.7586259969998366e-01	   6.7745217056748031e-01	   8.5855604306249822e-01	   3.9800484457198937e-01	  -1.2558224428111883e-02	  -4.7261824331513635e-01	
   6.0465156072438164e-01	   6.0638329997195217e-01	   4.4982101128158208e-01	   7.6032953066329301e-01	   6.9031982259673996e-01	   1.3284186758424210e+00	   4.7221470603766569e-01	   7.7381478342581056e-01	   1.0737278872476428e+00	   0.0000000000000000e+00	   4.9671043035285722e-01	   5.5472162228319799e-01	   5.6409831694656998e-01	   6.5854570168720161e-01	   5.7556382945579287e-01	   7.5779915668201137e-01	   1.6280723517126156e-01	   2.3402545849106460e-01	   5.3213182975942119e-01	   5.4146351745376209e-01	   4.1720014290584800e-01	   4.7989899104115707e-01	   1.7529112147788650e-01	   2.9125807643795881e-01	   1.7720482496236914e-01	   3.5767578964000407e-01	   4.5604160417195205e-01	   4.8574196234409567e-01	   2.1560337476811134e-01	   3.5622487793082525e-01	   2.3276649970904278e-01	   2.6498802463683535e-01	   3.9111130346672063e-01	   4.8312255214949013e-01	   1.5293641849973758e-01	   4.3810926764905944e-01	   1.9250173569674268e-02	  -1.3416917810870693e-01	   4.7354298608133137e-02	   3.1728155902232513e-01	   8.3768436072085020e-02	   1.4197588384883641e-01	   7.1472342590986360e-01	   5.1546345950504802e-01	   5.5018328557792318e-01	   7.2056145455812715e-01	   6.9386084755977817e-01	   7.7533314285957899e-01	   5.4082167186202790e-01	   6.3293594605384962e-01	   4.9731108075907560e-01	   5.7940204053256805e-01	   5.6377012301708995e-01	   5.0464120988645145e-01	   5.5187103007022476e-01	   5.5586426141583012e-01	   2.1895433898836131e-01	   2.1019142376611141e-01	   7.2011514832354329e-01	   6.2092585509883713e-01	   6.3087601961419593e-01	   8.2890148827307741e-01	   3.7872067551338662e-01	   3.5494130341655888e-01	   3.2369421059678716e-01	   5.0149664606962763e-01	   3.8978551385043086e-01	   5.0029215387873527e-01	   5.2331704678914881e-01	   5.1185368707871359e-01	   1.2433882471172771e-01	   3.5919886197776307e-01	   1.8677147384086559e-01	   3.1517181505427311e-01	   4.5358042884896900e-02	   2.3253453049949452e-01	   2.9029580425335139e-01	   2.4716275192754938e-01	   3.0407594130295562e-01	   4.6914983959837542e-01	   5.0987964486376769e-01	   5.9396116011010291e-01	   4.1021145917056145e-01	   5.7788930791468573e-01	   5.0112108246478126e-01	   5.9229724830373209e-01	   1.9218108650926144e-01	   2.9388734547743694e-02	   7.2275179915573451e-01	   5.8205565952032923e-01	   8.5835805374997232e-01	   6.8267142781984369e-01	   6.8938087994844344e-01	   4.8135211404330069e-01	   3.6946743212430611e-01	   4.1632200192971108e-01	   4.3951376597413117e-01	   4.4926293925464250e-01	   7.0247210733453447e-01	   6.7400333954407832e-01	   4.4544611434679754e-01	   2.6716157906514071e-01	   2.9621193598209089e-01	   2.5669651965536100e-01	  -8.1510545001844181e-02	  -1.5318495452954311e-02	   4.7947951083583393e-02	   6.7479439971116384e-02	   5.5058312253198197e-02	   2.1208343943852881e-01	   4.2942209781857327e-01	   5.3166801813616027e-01	   6.9166554054614182e-01	   4.3820819878813483e-01	   1.1167791142736454e-01	  -2.5226732303536936e-01	
   8.2797197543820111e-01	   4.8349673329577741e-01	   5.5979419932191987e-01	   4.2065088423510533e-01	   6.8484011972607239e-01	   4.3530856359577752e-01	   8.3005897566491116e-01	   6.3878490215202932e-01	   7.2991631210848507e-01	   4.9671043035285722e-01	   0.0000000000000000e+00	   6.1737659511680776e-01	   1.2672748608251467e+00	   5.4921099114332872e-01	   6.3768828899060637e-01	   6.8947081837932922e-01	   3.1320674740444254e-01	   4.1862346733850847e-01	   6.5064399679998375e-01	   4.9167984520266522e-01	   1.7210463932481082e-01	   1.4536373034721967e-01	   3.5408561496158419e-01	   3.3970006494223765e-01	   6.6005186294831972e-02	   7.3720484410099110e-02	   1.8386807927243129e-01	   1.4656026387101509e-01	   8.7646950989468986e-01	   6.1511419522884336e-01	   5.1826238860158935e-01	   5.1689318913405280e-01	   6.3751548965285432e-01	   6.2266404014337495e-01	   1.4656118291242404e-01	   1.8893933974793550e-01	  -5.6549292793597133e-02	  -3.4010355362539701e-01	   2.0654711266003575e-01	   2.5801123061414627e-01	   3.0235490807761156e-01	   1.4290349613395066e-02	   3.9156167619753834e-01	   3.1606606184197594e-01	   4.9280754419705503e-01	   4.8376590082384363e-01	   4.4164526734002446e-01	   3.8972184913178004e-01	   5.2820094651452765e-01	   4.1333916902115286e-01	   4.3000575500707000e-01	   4.0794905964625655e-01	   3.9202869946628416e-01	   3.0866694383885662e-01	   5.6513956150406242e-01	   5.1845254730666268e-01	   2.7597621927646465e-01	   3.3704157860966849e-01	   7.3546542970090723e-01	   3.4955032070561026e-01	   8.9600034029103492e-01	   5.8359593099814822e-01	   7.7431167163244130e-01	   5.3178461150275691e-01	   3.4831314374219330e-01	   3.4437087206751382e-01	   4.9202677195845185e-01	   3.9347725910921283e-01	   4.3533570727597437e-01	   4.4537317875980792e-01	   3.1937274549281268e-02	   2.1144442524085472e-01	   4.4246870168000080e-01	   4.0611521951994545e-01	   2.9935625190642007e-01	   3.7103760618165260e-01	   2.8476989303979161e-01	   8.4609222518154781e-02	   3.1445102383388068e-01	   3.9676150199997506e-01	   4.3441639898608214e-01	   5.1307389527292468e-01	   4.7254442101534699e-01	   5.5207446453090681e-01	   4.9224980213616809e-01	   5.5419907377746280e-01	   1.9940221909723971e-01	   1.7436581688089448e-01	   6.9041510087525237e-01	   5.7125799901867935e-01	   5.5542626279960361e-01	   5.3157371888253213e-01	   4.1351030976620778e-01	   4.8076538525193990e-01	   3.6553147803606789e-01	   4.8671185702182596e-01	   4.0579150845178213e-01	   4.7875081518964202e-01	   5.4017768734017380e-01	   6.6465520102534725e-01	   4.0349432605129892e-01	   4.4705977308121608e-01	   1.9990643122229532e-01	   2.4813366739903428e-01	  -9.7182850156402864e-02	   6.7625766687481575e-02	  -2.0668733179805698e-01	  -2.2135350077483701e-01	  -2.0927887344681453e-01	   4.6555711207267252e-02	   1.6718966093699986e-01	   3.8820656280581745e-01	   5.2790446270369529e-01	   3.2344002107885017e-01	  -9.2760216025581071e-02	  -4.0008355891536918e-01	
   7.3073583147037569e-01	   9.5747677642991635e-01	   1.5049800624929796e-01	   4.5690145198852788e-01	   3.9198938016414464e-01	   6.2083695845678166e-01	   3.8446513190859405e-01	   1.1551470793900036e+00	   5.2800117926045254e-01	   5.5472162228319799e-01	   6.1737659511680776e-01	   0.0000000000000000e+00	   5.5717966747633829e-01	   1.4251962338418933e+00	   1.9337568580626052e-01	   7.4677607082398378e-01	   3.0258131789922099e-01	   5.4369562260572457e-01	   3.9519503005216777e-01	   5.4937032064475955e-01	   3.1741536130553819e-02	   8.1013166520329943e-02	   7.2036444351876103e-02	   1.9522306279468604e-01	   3.6176590012309363e-02	   1.2420137101611151e-01	   3.1240328696338672e-02	   2.8466630801259996e-02	   4.4882455155007717e-01	   8.3148750739328514e-01	   2.6441094832515044e-01	   3.3951241429232865e-01	   5.8136137099312213e-01	   8.4194877763739973e-01	   1.4134352499502473e-01	   4.6097765205101338e-01	  -9.5532831109361616e-02	  -1.7109765740746080e-01	  -1.1641479875417261e-01	   1.3699024437185650e-01	   1.8752987766870985e-01	   2.9979107858595433e-01	   4.7430692350040238e-01	   4.8876641283026379e-01	   5.0053759035592771e-01	   7.4541043396093176e-01	   5.1107649455605775e-01	   5.1724682869797856e-01	   6.5683739921172668e-01	   8.2799503325351642e-01	   6.1277759570795887e-01	   7.6035590754636684e-01	   6.7588848410510194e-01	   6.7264714372714862e-01	   4.5343198143127883e-01	   5.1036845028819067e-01	   3.9849738000667478e-01	   5.0707871417625050e-01	   6.1872771110666192e-01	   7.1919809603484408e-01	   6.3197324481585204e-01	   8.4228657346848201e-01	   5.0184550627651414e-01	   8.6937374335383044e-01	   1.2140973941758134e-02	   2.5921293567232473e-01	   3.1269074769540350e-01	   5.7160323031839366e-01	   3.7070281822402446e-01	   3.5088536832575873e-01	   7.1437389723418204e-02	   4.2267184134130825e-01	   2.7973018258991522e-01	   8.7721150984671525e-01	   4.6392789743869556e-01	   9.8358287806610289e-01	   3.1491072168592610e-01	   4.8066263877148524e-01	   3.0798450894948526e-01	   4.5096784297809689e-01	   5.3703125055084666e-01	   6.8774283817837134e-01	   1.9878392990201138e-01	   7.1220035668220794e-01	   2.5150296352527013e-01	   6.6643282634463530e-01	  -2.1171878897383062e-01	  -1.3426086269633392e-01	   2.2387604076870979e-01	   3.9168874388505659e-01	   7.2575916521319639e-01	   2.8367000576985058e-01	   6.2948745971708897e-01	   2.0309054611077748e-01	   4.8839761245805920e-02	   2.1371816561249593e-01	   1.3939821889979695e-01	   2.4716142060552787e-01	   7.1068510910536520e-01	   4.7258068464930331e-01	   6.8070223523784668e-01	   2.8218286683574934e-01	   3.4704526637655908e-01	   3.3141253029716122e-01	   1.7746499223298176e-01	   1.6757684331335795e-01	   1.1911430978033791e-01	  -1.5508747844282939e-01	  -1.1830352506497828e-01	  -8.4265556857091001e-02	   1.9940040947433865e-01	   4.4868966938415911e-01	   4.6790772997718377e-01	   3.6524842276779096e-01	   1.5736341581593943e-01	  -7.5322701256016256e-02	
   6.1144022055616687e-01	   3.6053053832459087e-01	   7.2346983510435536e-01	   4.9992942356543724e-01	   8.1058371382175876e-01	   4.9890185494040146e-01	   9.1461949914065710e-01	   5.9664372970540047e-01	   9.8706419680473101e-01	   5.6409831694656998e-01	   1.2672748608251467e+00	   5.5717966747633829e-01	   0.0000000000000000e+00	   5.8897583609966198e-01	   9.4468395643086367e-01	   7.5093882096920417e-01	   1.0440285918759841e-02	   1.7826925403812433e-01	   7.4041122514376490e-01	   4.4473565994674680e-01	   2.9768169658191335e-01	   2.7479205372672932e-01	   4.7653455213871432e-01	   4.4942902962510400e-01	   1.7116441422157957e-01	   1.7005768043328406e-01	   3.2272452304650312e-01	   2.3671471896930596e-01	   7.7459530308102309e-01	   4.8735954433022594e-01	   6.0610059773650427e-01	   5.6154037108663879e-01	   6.0241432724891164e-01	   5.6641203430006459e-01	   2.4425233086427300e-01	   2.1597100844924927e-01	  -7.9167917464344165e-02	  -3.4578169775233170e-01	   1.3132152423050109e-01	   2.1068550644766129e-01	   2.3479069403355102e-01	  -3.6257211330846459e-02	   3.8117877276973128e-01	   2.4874498455144059e-01	   5.1583796345307542e-01	   4.8388678850575984e-01	   3.8211305534166135e-01	   4.1696908942873112e-01	   5.2084869185518157e-01	   4.3995400783944549e-01	   4.4213575498863095e-01	   4.2450710313042489e-01	   3.9603323367301568e-01	   4.2349677882893416e-01	   5.5576314809238903e-01	   5.3985388664672840e-01	   1.1342825117143329e-01	   2.1709440366585595e-01	   7.4634296575754377e-01	   3.7514083658723746e-01	   9.2886366302662948e-01	   5.4081348159824960e-01	   6.2803626968310788e-01	   4.5491474225380824e-01	   4.7495947027430663e-01	   3.6353220174859779e-01	   4.7970114140834735e-01	   3.8996546964289575e-01	   4.6616597528023002e-01	   5.0416537353475721e-01	   6.1386544071506288e-02	   1.4661396652665229e-01	   3.5099627257192872e-01	   3.8594285253966193e-01	   2.2521202502533944e-01	   3.5459165634580692e-01	   2.4776908304340967e-01	   3.1383107859865166e-02	   1.5037316648307572e-01	   2.7868009586182441e-01	   3.0418346590274187e-01	   4.2723833260296817e-01	   4.7101275712295831e-01	   5.3515319490146751e-01	   5.8714962454359865e-01	   5.2147540422415206e-01	   2.8328466884945253e-01	   2.8857610878997353e-01	   7.6277101329050401e-01	   6.1133585188890716e-01	   6.3126200509918862e-01	   6.8954380445911601e-01	   4.8814606741809546e-01	   6.1775848882595907e-01	   3.1251370384317195e-01	   4.1292331864016840e-01	   4.2393920907562560e-01	   5.2186112387002692e-01	   5.7346139211189828e-01	   7.4254250003514866e-01	   4.4745303726700303e-01	   5.1257584784432764e-01	   3.1269615636728371e-01	   3.4719223809994149e-01	  -1.0613713838644695e-01	   8.3365807571439993e-02	  -1.9420075226090805e-01	  -7.8392647846360825e-02	  -3.2723550943240326e-01	   9.7426270380073801e-02	   2.9183065870048319e-01	   4.6114136130671712e-01	   5.9703619327198498e-01	   3.5063826759110761e-01	  -1.2872056590685159e-02	  -4.5122166259004592e-01	
