   0.0000000000000000e+00	   1.2089717166890406e+00	   9.2865021910060475e-01	   8.2283022595866795e-01	   6.7365176380415992e-01	   3.0290139375006236e-01	   9.7144470638368241e-01	   8.9886300554939436e-01	   6.6693298684872326e-01	   5.0050641922643546e-01	   1.1236915198259412e+00	   9.2135888501347318e-01	   9.6926343773890222e-01	   8.6169464710669896e-01	   8.2040144599538323e-01	   8.6307872584190415e-01	   7.6732268174947860e-01	   7.5886352380349342e-01	   1.3359247186637160e+00	   1.1871142982321843e+00	   1.3428196940485074e-01	   1.5114067077244098e-01	   7.1424353345120051e-01	   6.7319913009643362e-01	   4.0688427760657592e-01	   3.8470269028278281e-01	   3.5906758515017956e-01	   3.3933365903725038e-01	   7.3447147553866166e-01	   6.6829721439963163e-01	   7.0084338083299058e-01	   6.7507805314469049e-01	   1.0272795897515299e+00	   9.9252105562280368e-01	   3.7213027610441374e-01	   4.4463693210810673e-01	   2.9873179182066600e-01	   3.5874566542351810e-01	   5.5002057374445434e-01	   6.5821651968918327e-01	   7.9465206377977926e-01	   6.5231026454149665e-01	   5.3131955352878868e-01	   4.0489060012931749e-01	   3.2283540148773104e-01	   3.3839528191057289e-01	   8.2501568459902486e-01	   8.0346414203464800e-01	   3.6791119375948172e-01	   3.6998499389333295e-01	   6.6126724714353724e-01	   4.0706047135263040e-01	   1.0277562132723459e+00	   8.9660547549433156e-01	   9.4951431365238703e-01	   8.1538769446535853e-01	   1.3271151288601626e+00	   1.0165642601734044e+00	   6.9664958060533300e-01	   3.9140140409028157e-01	   8.9677080030821132e-01	   6.9986936846561898e-01	   8.2471562085856887e-01	   7.3513009908572768e-01	   3.4551729526781372e-01	   3.4212670094932984e-01	   6.9433648106878720e-01	   5.1720155252168765e-01	   9.4112370581315097e-01	   8.1614753210084245e-01	   5.9103748042041793e-01	   3.7891316108663753e-01	   7.6937472568624998e-01	   7.5953735008050627e-01	   6.8306938227428105e-01	   6.4147515578093051e-01	   1.0441562308887531e+00	   8.3470551645184887e-01	   7.7258690922684881e-01	   7.5045803172500281e-01	   9.2581611796929630e-01	   8.2820540678208265e-01	   1.0418667571576170e+00	   1.1306673744805822e+00	   8.7360329716234619e-01	   6.1422300076717962e-01	   6.8533227547998354e-01	   7.4801546551540243e-01	   7.8312511608280799e-01	   8.8937332800200908e-01	   9.7162265098647849e-01	   5.2967188011587363e-01	   6.1112179987773940e-01	   5.3936446038633801e-01	   6.3886319296702743e-01	   4.4556199264645957e-01	   8.8932868643127683e-01	   9.3771552767300725e-01	   8.6334373905632988e-01	   9.8851617427400529e-01	   4.1166072852064189e-01	   5.0330297030514737e-01	   5.2341248377026639e-01	   5.0887915691332708e-01	   6.0761506337492976e-01	   5.2833141740127776e-01	   3.4745620939461108e-01	   3.9452854478387511e-01	   3.3224339807375947e-01	   3.1871245137794474e-01	   7.2893009514982343e-01	   1.0669268087520065e+00	   1.1340655421506867e+00	   8.2626566706237270e-01	   7.1672991266496155e-01	   3.8900940335780076e-01	
   1.2089717166890406e+00	   0.0000000000000000e+00	   7.3502548697055092e-01	   5.9430301034417043e-01	   6.3987923259924606e-01	   3.1438118790296982e-01	   6.6493661669288862e-01	   5.7345025131994087e-01	   5.0698458004491920e-01	   2.7113579156041362e-01	   7.0202861645693593e-01	   5.8414406207295710e-01	   5.6103678601387086e-01	   5.3741039161670234e-01	   6.8703163757522290e-01	   7.0701457901809994e-01	   8.2194396829856076e-01	   9.2999904362310493e-01	   9.1060476802666068e-01	   8.9505035491287344e-01	   3.1354730743326503e-01	   2.9334951762774542e-01	   6.0547924265076047e-01	   5.0062436961740331e-01	   3.8433189834921611e-01	   3.6838703861235289e-01	   4.6370282971803650e-01	   5.1779903899886981e-01	   7.0866200233591015e-01	   4.8725877760233793e-01	   6.5133594152784047e-01	   5.8852017338227092e-01	   8.4704467811507356e-01	   8.2955434510686199e-01	   4.2274444442533243e-01	   4.3438355692254682e-01	   2.8332498335133649e-01	   2.9987411137039666e-01	   6.0374493675277363e-01	   6.3128460431854494e-01	   7.8059333564818212e-01	   8.0538426357101800e-01	   3.9788076651796356e-01	   2.9596865531000588e-01	   2.7872796730257515e-01	   3.0297625782204596e-01	   6.7943753237584836e-01	   6.5205798354339051e-01	   2.3092397253328723e-01	   2.8210752671285733e-01	   4.9154859945339019e-01	   2.8518329334846149e-01	   8.9608399946191553e-01	   7.7394068225480528e-01	   9.0946297333386905e-01	   6.9874890196322537e-01	   1.2165474860698409e+00	   1.1767876951421352e+00	   4.2924113713634965e-01	   3.1710654221466433e-01	   5.1447977300442405e-01	   4.5740900569671650e-01	   6.0421270207304023e-01	   6.2865322627260278e-01	   3.1850102184702550e-01	   1.9675937928383108e-01	   6.1300590336517202e-01	   4.1448711266303540e-01	   8.7233638986419737e-01	   7.4410095721795810e-01	   5.5940154949172105e-01	   3.2628369729686141e-01	   7.1556299144224045e-01	   8.9354129555885631e-01	   5.5168770679486845e-01	   7.0137357204885953e-01	   8.5773132683633380e-01	   6.3188728406235717e-01	   8.0121749474666193e-01	   9.4638675380013138e-01	   9.1149950986909756e-01	   8.0387631289606598e-01	   8.4604082305800510e-01	   8.0612162795630493e-01	   7.3541973296770624e-01	   4.4285142021174762e-01	   5.8839953832491543e-01	   5.4188004375335797e-01	   7.1290823153215077e-01	   7.3482980037103107e-01	   7.4951061524514884e-01	   3.2994610834023308e-01	   4.3972766736399405e-01	   4.1897803962319013e-01	   8.1476106157343486e-01	   5.6024657210563922e-01	   8.7703796624113672e-01	   7.8382137754691050e-01	   8.2224576848774089e-01	   7.4997096004180763e-01	   4.1591173237811108e-01	   4.5288940746639195e-01	   5.5805771320830033e-01	   4.8703039196898723e-01	   5.4182818157025858e-01	   4.9825613744874209e-01	   3.3904927911932314e-01	   3.6321758661629588e-01	   3.9444639890515654e-01	   3.1713651570055079e-01	   5.5938547640304537e-01	   8.0464878981848509e-01	   7.4267472628246323e-01	   7.6768164508838288e-01	   6.3277094878636320e-01	   5.2047466569118173e-01	
   9.2865021910060475e-01	   7.3502548697055092e-01	   0.0000000000000000e+00	   1.4516278574858592e+00	   1.0180792765858711e+00	   5.6341623566666998e-01	   1.3714292283134097e+00	   1.0800282933784910e+00	   1.1654332608457441e+00	   7.0314617759691356e-01	   7.4140564752932314e-01	   7.1464233578244951e-01	   7.7603054099482449e-01	   9.6046471401596700e-01	   1.1509768545353205e+00	   1.1197429835131754e+00	   4.1281106032776976e-01	   3.5651126547281536e-01	   1.1958690422653304e+00	   1.0548641701542425e+00	   3.3047001649958285e-01	   2.5033025845630380e-01	   1.3834821262273562e+00	   1.3607934968067035e+00	   8.5627621739851656e-01	   8.0186163732712323e-01	   5.7061262571813454e-01	   5.3887893767791939e-01	   5.4096995720078289e-01	   5.7494737463712553e-01	   1.0995909167956337e+00	   9.9651679603661403e-01	   9.8811432732817772e-01	   9.9694248205176450e-01	   6.9987566559844450e-01	   7.5535071501097117e-01	   3.0971128447932572e-01	   4.2486141920850984e-01	   7.6116345893079107e-01	   8.3256166046408686e-01	   6.2736089642232518e-01	   4.3748188587270204e-01	   3.5062704102105058e-01	   2.5457216769228064e-01	   1.7682024471782792e-01	   1.5616379914248199e-01	   6.4473768494390438e-01	   5.7773556931451653e-01	   1.9218117962197631e-01	   1.9307116979830782e-01	   6.2079845057165073e-01	   3.5249042409803427e-01	   8.9101937925989905e-01	   5.5205849151012809e-01	   9.0447138055921972e-01	   7.8262638614377966e-01	   6.5556473611139654e-01	   5.5779826065705018e-01	   6.4867553704788627e-01	   2.4955477462674286e-01	   1.0748132089382942e+00	   7.2621230730446784e-01	   5.0598092549913620e-01	   4.7068185587811678e-01	   9.0223120616986319e-01	   6.7384711419893573e-01	   9.9598673683979677e-01	   6.3036896352019933e-01	   7.0841401262542447e-01	   6.7560764742033796e-01	   5.4804970684462506e-01	   2.9406449523194789e-01	   5.6203153126169125e-01	   5.6894972165877622e-01	   6.0058806665750653e-01	   5.1918325871760163e-01	   8.4747817527587044e-01	   7.3988524733842365e-01	   4.1327090638485642e-01	   4.6650595973156206e-01	   6.8340761886916479e-01	   7.2934930708946066e-01	   1.0810944213960714e+00	   1.2999205114534469e+00	   1.0604830433065346e+00	   9.6772724869435778e-01	   6.6860027165041735e-01	   1.0493679494701316e+00	   8.8856499781694964e-01	   9.5219400719336422e-01	   9.1706786468689006e-01	   6.0340444231297652e-01	   8.1077003530466996e-01	   7.1173059368893732e-01	   4.3314756081597050e-01	   5.1917062936274228e-01	   7.6867421235452993e-01	   8.9771305081090902e-01	   6.4642192930114095e-01	   7.0331618349574354e-01	   3.4086506341175360e-01	   4.9677765962618353e-01	   3.9066724288909832e-01	   3.5632134176820618e-01	   3.6084742482525967e-01	   4.8125226388199105e-01	   2.8403043209755363e-01	   3.1020141585588273e-01	   2.3053488509076403e-01	   4.2400956555321126e-02	   7.7000215358350821e-01	   7.9045850372227466e-01	   8.7342155027494073e-01	   4.2290654127004773e-01	   5.1406960573034344e-01	   3.0426430000492810e-01	
   8.2283022595866795e-01	   5.9430301034417043e-01	   1.4516278574858592e+00	   0.0000000000000000e+00	   9.7467771270245707e-01	   5.7511549230002545e-01	   1.0737005298105826e+00	   1.0885031077092324e+00	   9.6416658552781709e-01	   7.1078977002242205e-01	   6.1909738326272534e-01	   6.2054785451201955e-01	   6.3750746193436070e-01	   8.4994835747879716e-01	   1.0425273240814532e+00	   1.0876622256092776e+00	   2.7492577793160167e-01	   2.4894751581869468e-01	   1.1833347336910669e+00	   1.0767290985870033e+00	   1.5955333811432018e-01	   8.9797134105965071e-02	   1.1640047315558695e+00	   1.4281987782320436e+00	   7.5443385735169854e-01	   7.5365301949696850e-01	   4.5004655718131070e-01	   4.3681509705051136e-01	   3.9721703948436432e-01	   4.9794522135593672e-01	   9.0907877583137231e-01	   8.9514772929512065e-01	   8.1196101822348266e-01	   8.4460705882148290e-01	   6.5923388554118878e-01	   7.9180227731167196e-01	   1.5463658159563004e-01	   2.6481477106410567e-01	   4.8303051689989607e-01	   5.7341936951353201e-01	   4.0900711176183491e-01	   2.8283931241093446e-01	   3.3009114837994363e-01	   1.9338883206725047e-01	   1.3827223680417491e-01	   1.0803561900031468e-01	   5.7749311047196383e-01	   4.6054980945189106e-01	   1.3684404775053363e-01	   1.2602364498020432e-01	   5.4032174388800069e-01	   2.7637225865971016e-01	   8.4453295481033186e-01	   4.4373492919998186e-01	   7.7871470060765413e-01	   6.6102944676092423e-01	   5.5079120107941115e-01	   5.0075429623756773e-01	   6.0193149740491581e-01	   2.5933428327547825e-01	   9.0056277742075852e-01	   6.7025622949305863e-01	   4.4204337200951493e-01	   4.0904231976270011e-01	   7.9545590934634991e-01	   7.6327432876112100e-01	   9.4814221194594461e-01	   7.0215348787251219e-01	   6.8536815793857864e-01	   6.6695664116400166e-01	   3.5343165839504348e-01	   1.4011554656049030e-01	   4.9915937784875625e-01	   5.3854339072301260e-01	   5.1870605468081132e-01	   5.1988730283330542e-01	   6.5901937111689546e-01	   5.5496995134007410e-01	   3.2961671945311072e-01	   4.0163181314417212e-01	   5.5879236310088476e-01	   6.1323308100289853e-01	   8.6209341224410208e-01	   1.1468277084025011e+00	   1.0190569554523723e+00	   1.1258469522955470e+00	   5.5235354629795297e-01	   1.1243710457845544e+00	   7.7646542088517201e-01	   9.5087123760400827e-01	   8.6467300215810916e-01	   5.0858222588594471e-01	   8.0337943540346568e-01	   5.4836952268479289e-01	   2.7614575355318383e-01	   4.6368262599673121e-01	   5.5906578468855916e-01	   7.5629808948050103e-01	   5.2301007451730297e-01	   5.4136533353282701e-01	   2.4284164730101765e-01	   3.5272337749170107e-01	   2.4457446535500724e-01	   2.3960533362725328e-01	   1.8294069753153749e-01	   3.1173827833882117e-01	   1.9001746105480216e-01	   2.0997286619702310e-01	   2.1792192134961813e-01	  -8.2711815432055705e-02	   5.9441949047808573e-01	   6.0622661440283843e-01	   7.3008194947294669e-01	   3.8195013595077565e-01	   4.4789583603676014e-01	   2.4511401306420533e-01	
   6.7365176380415992e-01	   6.3987923259924606e-01	   1.0180792765858711e+00	   9.7467771270245707e-01	   0.0000000000000000e+00	   6.9880395735057232e-01	   8.2786328565561762e-01	   8.3077191051164412e-01	   8.6613508029631958e-01	   6.7947853347126308e-01	   3.5933154422835001e-01	   3.2725215592535761e-01	   3.3030648474127389e-01	   3.7264006447287029e-01	   1.1157771010953752e+00	   1.1296821883086157e+00	   8.5697494924733511e-02	   1.2294655838073679e-01	   6.7552407655299318e-01	   5.9207546836593150e-01	   3.5904029303548429e-01	   2.4789004028553832e-01	   8.5639867199178765e-01	   8.2618865661741536e-01	   5.1107347404682102e-01	   4.0696145483649709e-01	   1.0652978730093965e+00	   8.9822111441608277e-01	   1.2559734104834339e-01	   1.3668577637428642e-01	   4.1558414595757598e-01	   3.5293488930034811e-01	   3.8282396418949438e-01	   4.0083297764329273e-01	   3.0959051502943935e-01	   3.8671163949106641e-01	  -1.0822145680084280e-01	   3.6595367242721777e-02	   3.7542751167009802e-01	   3.9351713154732848e-01	   2.2547185401354292e-01	   1.1006230149463005e-01	   2.0115044321462561e-01	   7.2624279100512001e-02	   2.4319439822691833e-02	   5.6550478400412760e-02	   3.8725653802372068e-01	   3.4638713629534285e-01	   8.5098885027205820e-02	   1.4042892335901194e-01	   3.3530685844096775e-01	   1.6423154315776325e-01	   7.8012347292180706e-01	   4.9423384297709172e-01	   6.1799670143300778e-01	   5.2638531880800021e-01	   4.4940371220179320e-01	   5.1863513103159709e-01	   5.5544051145210693e-01	   3.7732702089617182e-01	   5.4308662061743729e-01	   5.2966291907377117e-01	   1.7442034233419607e-01	   2.5218596453067149e-01	   4.4392589219490319e-01	   3.7421780216871725e-01	   5.9622001642930111e-01	   3.7428296270887718e-01	   5.4101568594908267e-01	   5.0980134755930540e-01	   1.4558889718915852e-01	  -1.8029079908490012e-02	   2.0671270289163660e-01	   3.4574656936242432e-01	   1.8755221317121590e-01	   2.5027288149624966e-01	   3.4169347423748792e-01	   1.9093484588763007e-01	   8.2241708181597331e-02	   1.8189509577753302e-01	   2.6680562196209268e-01	   2.5776500208175845e-01	   6.4146186097840907e-01	   7.6152996985756205e-01	   8.1087329376678297e-01	   4.8347279712432384e-01	   3.8526247231515276e-01	   6.2400778996389372e-01	   1.1488466722745088e+00	   1.0370157482624003e+00	   8.1240720905496955e-01	   5.2901064141810128e-01	   9.0466593112295368e-01	   9.5860835431418367e-01	   2.6833255198103001e-01	   3.2938238334651282e-01	   3.5406085314463553e-01	   4.3472354163699534e-01	   5.3182364517392400e-01	   5.3561837039340654e-01	   5.7747697671102682e-01	   7.5968401899009796e-01	   5.5899343500164012e-01	   6.2283463696901953e-01	   2.9136828877448917e-01	   4.6766456402122919e-01	   4.7503801036401694e-01	   5.4000836353436732e-01	   1.3259155312326240e-01	  -2.0619119224623408e-01	   2.4230437023224879e-01	   4.3134802851277343e-01	   7.7496240963549357e-01	   4.5210681045172102e-01	   2.9756866509423047e-01	   1.8160105643770369e-01	
   3.0290139375006236e-01	   3.1438118790296982e-01	   5.6341623566666998e-01	   5.7511549230002545e-01	   6.9880395735057232e-01	   0.0000000000000000e+00	   4.6210548496619719e-01	   4.3367310415271221e-01	   8.2874051216236055e-01	   1.2143216645340158e+00	   1.4006351968758823e-01	   1.8148942574077045e-01	   6.0189141419337358e-02	   1.4255127738234258e-01	   4.2365011125471863e-01	   4.3549462506638864e-01	  -7.9947540045407398e-02	  -4.3999662748286303e-02	   4.0248476181030057e-01	   4.0655683642863127e-01	   2.6390314923654412e-01	   1.7301923431226773e-01	   3.6054770519529028e-01	   3.4521018161833217e-01	   4.3688408421737901e-01	   4.3623895598060219e-01	   6.0335995762422312e-01	   7.7965890100980728e-01	  -1.0100234195623703e-01	   4.2181868048391379e-02	   2.6998950064738869e-01	   2.0130758434804541e-01	   2.4313530573576875e-01	   2.2628733138116869e-01	   2.2874087556397221e-01	   3.6296776589038054e-01	  -7.0803325686834048e-02	   4.0453955804604456e-03	   1.9766622144726234e-01	   2.5125138169206218e-01	   1.4171972765311919e-01	   1.0068942131571931e-01	   2.1174161914895945e-01	   1.6658275800387659e-01	   7.8121991659686862e-02	   1.3178093546234024e-01	   3.2926866877533617e-01	   3.7263480286156175e-01	   1.2717077092331880e-01	   2.0730532088529591e-01	   3.3061013744291567e-01	   2.8887712809337573e-01	   5.7949973047070480e-01	   4.4225931964481380e-01	   4.7985678828810163e-01	   5.0255340771202328e-01	   2.3138986840824766e-01	   4.0576185814829896e-01	   5.5184395306436917e-01	   4.4540402538300716e-01	   4.0325879525237956e-01	   4.3119143339150107e-01	   7.1019304309345263e-02	   2.0649435243169326e-01	   3.0820287782249689e-01	   2.6384078310694614e-01	   6.2503687723501200e-01	   4.9724218679855070e-01	   4.8114325900873878e-01	   5.2237229725242051e-01	   5.1758774426323123e-02	  -1.1933078585582246e-01	   1.1663047426606921e-01	   6.4145196285035162e-03	   1.9082524348520075e-01	   2.3887942156922726e-01	   2.3742128742939639e-01	   2.3489775253504652e-01	  -2.7751421365684491e-02	   8.0847091309042038e-02	   8.3457465034770528e-02	   9.8287801886178000e-02	   2.2553842583482672e-01	   4.1004261397707908e-01	   2.9320375550924482e-01	   2.5503808798298910e-01	   8.6898982976583203e-02	   2.6025643625783407e-01	   5.1744280626238071e-01	   5.8368371008189701e-01	   6.3692779987390469e-01	   4.1152492139132768e-01	   5.5750649457398560e-01	   6.0155421867540393e-01	   7.4915027742685936e-02	   1.4801303391639822e-01	   3.6116932343211594e-01	   4.0776142021404832e-01	   5.3752470121352647e-01	   4.6570520881914385e-01	   6.3807746515730379e-01	   6.7460766468159550e-01	   5.8592768849770571e-01	   5.6951460059196046e-01	   2.9881726366410788e-01	   4.1525805096403168e-01	   5.3330600519679650e-01	   4.8328708207731075e-01	  -1.8245764190875507e-02	  -2.4459972254511847e-01	   2.9304770695425314e-01	   3.4478042705269407e-01	   4.6553951621764078e-01	   2.8540715291486690e-01	   2.0495038736265628e-01	   3.1806731434817709e-01	
   9.7144470638368241e-01	   6.6493661669288862e-01	   1.3714292283134097e+00	   1.0737005298105826e+00	   8.2786328565561762e-01	   4.6210548496619719e-01	   0.0000000000000000e+00	   1.6958255625441963e+00	   1.0068760621240767e+00	   7.3684158622369800e-01	   9.4404444755771544e-01	   9.8128475891621858e-01	   1.0328333309286801e+00	   9.8613207826692750e-01	   7.9935055511888820e-01	   8.0007453695938058e-01	   5.7245036188997267e-01	   5.2951739296322353e-01	   1.1006843872534189e+00	   9.8859248747481532e-01	  -1.8931578375924026e-02	  -2.7544906029600906e-02	   1.0581956117852884e+00	   1.0492021182632654e+00	   4.3156322721544754e-01	   4.0612533165358178e-01	   3.6174894372236716e-01	   3.0619825537652712e-01	   5.8734210661657116e-01	   6.9042313747977768e-01	   8.4628669925193101e-01	   8.4996372933620912e-01	   1.0923090938504925e+00	   1.1111056490790530e+00	   4.9461809221355224e-01	   5.7692051032997771e-01	   1.6204874195252822e-01	   2.0452361786743528e-01	   4.4820321465625512e-01	   5.0359055800646280e-01	   6.2358248538346139e-01	   4.3051318841158448e-01	   4.1537284944568476e-01	   3.5083026947039514e-01	   4.0469850494859644e-01	   3.9994797710206959e-01	   6.2760783102875739e-01	   5.9296421739106620e-01	   4.5113571779772155e-01	   3.7129447831922557e-01	   7.2194667694650150e-01	   4.6278526572072576e-01	   7.8664919949425804e-01	   5.3094710792823996e-01	   7.6835458869366380e-01	   7.7588417272818699e-01	   6.3411366432236049e-01	   4.8767215073278591e-01	   7.1709297422042162e-01	   2.8837792711214910e-01	   1.1887793489127454e+00	   1.0303908662986256e+00	   7.1113401156570999e-01	   6.7687061979060614e-01	   6.7999547609433264e-01	   7.1851503251418691e-01	   1.0533328615811801e+00	   7.6780013017704030e-01	   5.8279265066538022e-01	   6.2262246715316383e-01	   5.2877756793351627e-01	   3.5299792574033456e-01	   5.8342382770771883e-01	   5.5300621314152187e-01	   6.1802548385032452e-01	   4.7203934068410608e-01	   8.1953309098809735e-01	   7.5908100681689239e-01	   5.0763940799658303e-01	   4.9187564470214046e-01	   6.9332287861609532e-01	   7.8549423207810154e-01	   9.3493265670116110e-01	   1.1744380910386947e+00	   9.2045996584871648e-01	   8.8241854119764929e-01	   6.6625894021376919e-01	   8.2249616476350307e-01	   7.6286464437677937e-01	   8.1616669016787124e-01	   8.8860243597896804e-01	   7.1734480611319629e-01	   7.8500263394253655e-01	   7.0852445817633258e-01	   3.1293186390537542e-01	   3.2535122681081513e-01	   6.3374003463433792e-01	   7.9294215393333012e-01	   6.6649846265524126e-01	   8.5214263197375517e-01	   4.3763160573528848e-01	   5.6295583222213064e-01	   4.3974323574302038e-01	   4.3992594955397479e-01	   4.3929212807563839e-01	   4.3380112366898194e-01	   2.8803888882741502e-01	   3.4142216920998408e-01	   1.8130653274212422e-01	   3.1093571379214289e-02	   7.1568146772280983e-01	   9.2015552788005461e-01	   1.0284861617580323e+00	   4.7427820711228402e-01	   5.0666845239688285e-01	   2.3341168756265088e-01	
   8.9886300554939436e-01	   5.7345025131994087e-01	   1.0800282933784910e+00	   1.0885031077092324e+00	   8.3077191051164412e-01	   4.3367310415271221e-01	   1.6958255625441963e+00	   0.0000000000000000e+00	   8.6829751248120290e-01	   7.5228748806515866e-01	   7.7626084569408560e-01	   8.3131129508243251e-01	   9.4430928630225330e-01	   8.2366977337169978e-01	   7.4951133399811531e-01	   7.4763429941728921e-01	   4.5440690736485101e-01	   4.2146736724414519e-01	   9.6856313483449885e-01	   8.4219645907694674e-01	  -7.5184767085968926e-02	  -8.6620311751763421e-02	   9.1082316966736065e-01	   9.8966488467262648e-01	   3.5792403993861055e-01	   3.0331660909356079e-01	   3.5284138503132573e-01	   2.4561510315563034e-01	   4.3135295558790099e-01	   5.6592634806404085e-01	   6.5838382427001230e-01	   6.9327243955884132e-01	   8.7476695098019785e-01	   9.2934091113257222e-01	   4.5840760835162070e-01	   5.6650070640584405e-01	   1.0040052776023455e-01	   1.3741738793389779e-01	   3.2053266698793154e-01	   4.0894467219199232e-01	   4.8680462695877968e-01	   2.8867031388508957e-01	   3.0993720075042203e-01	   2.3376310674241496e-01	   2.9963302086970617e-01	   2.9932240501522994e-01	   4.6702207835518977e-01	   4.2831367822539457e-01	   3.3283638827739920e-01	   2.7080345809112855e-01	   5.8567229016850331e-01	   3.7740011135377061e-01	   7.0601175635935254e-01	   4.5646162486226594e-01	   5.9246357893086665e-01	   5.7681131335905556e-01	   5.6483041480612572e-01	   4.0059716230061004e-01	   5.9856295017023942e-01	   2.4728410270458739e-01	   9.6600641853516467e-01	   1.0620175565684484e+00	   5.7940943565782976e-01	   5.3705607596466443e-01	   5.7821545689206422e-01	   8.2505893707199707e-01	   8.7073485288053398e-01	   7.0342962983343227e-01	   5.0845409271258057e-01	   5.6137943583795347e-01	   3.8947632173029395e-01	   2.8486943327443254e-01	   4.2691134276333231e-01	   4.5728856958855940e-01	   4.6167930314665234e-01	   3.5669134313830481e-01	   6.3585994939974044e-01	   5.5377064321233416e-01	   4.2121750887011822e-01	   3.7372329991573572e-01	   5.8624880757557885e-01	   6.4075388336576933e-01	   7.7766486083163300e-01	   1.0704083203797041e+00	   8.8351200572795041e-01	   8.2148665064786319e-01	   5.6030358661393032e-01	   7.7426575468493619e-01	   6.8986334236759250e-01	   7.0865986998931341e-01	   8.4493102418152233e-01	   7.3000382488501092e-01	   9.0383662531044040e-01	   7.2428163482635943e-01	   2.6920328695645102e-01	   2.6142824754202088e-01	   4.8245610502925484e-01	   6.0833496900247575e-01	   5.0215599651779719e-01	   6.9285180319544393e-01	   4.2188840903351987e-01	   5.7687962831383621e-01	   3.5706463619356954e-01	   4.2511926259270066e-01	   3.1025493887345640e-01	   3.5326588885317622e-01	   2.4835299117431853e-01	   3.2385435660631851e-01	   2.0887618416344275e-01	   3.0124895637238296e-02	   5.9502338180611969e-01	   7.4899414103070483e-01	   9.4426122840335658e-01	   3.8007879643773301e-01	   3.6679143361037031e-01	   8.8617278537391958e-02	
   6.6693298684872326e-01	   5.0698458004491920e-01	   1.1654332608457441e+00	   9.6416658552781709e-01	   8.6613508029631958e-01	   8.2874051216236055e-01	   1.0068760621240767e+00	   8.6829751248120290e-01	   0.0000000000000000e+00	   1.1651342482470397e+00	   5.4875320289978902e-01	   6.0558225710077551e-01	   6.1345219083390934e-01	   6.5445230898890694e-01	   9.7021408122767105e-01	   9.4552960342591930e-01	   2.6126467204052933e-01	   2.2616663509926130e-01	   8.7852955617079442e-01	   8.5707570955767420e-01	   2.4015021105225565e-01	   1.1933526896083982e-01	   8.9320225196646863e-01	   9.2275715934166047e-01	   6.9016791208298400e-01	   6.4239662549192011e-01	   3.9990766611426792e-01	   3.7980968906614004e-01	   3.1245945552213111e-01	   5.3384211858723618e-01	   7.2818065893442174e-01	   6.7959952291183312e-01	   7.4872241633962433e-01	   7.7005787157737371e-01	   5.3715881790130426e-01	   6.8784856364745883e-01	   2.4880153680226524e-01	   3.0268643955012225e-01	   4.9496865359969150e-01	   5.1693017260418928e-01	   5.0443316570253771e-01	   2.4811281261420948e-01	   2.6529872809841798e-01	   2.0667227060611515e-01	   1.9966972212350992e-01	   1.8412457427836332e-01	   5.0251373478406836e-01	   5.1069722031942499e-01	   1.7912458799696682e-01	   1.2512762088592677e-01	   4.6095156982864360e-01	   2.2497058559314453e-01	   7.3798425201780748e-01	   5.7847708779312357e-01	   6.2706724441764772e-01	   5.7732736534915063e-01	   5.0306328482987894e-01	   4.4166561183924774e-01	   5.9085378445686110e-01	   1.9610164933676175e-01	   1.0624391190198252e+00	   8.0054993900033877e-01	   4.6694827144992324e-01	   4.6491068048612683e-01	   7.2677284998519798e-01	   6.0440490018133175e-01	   8.2544752486111439e-01	   5.4416786325419120e-01	   6.3252274572041611e-01	   6.6861747769690738e-01	   3.6660006741438411e-01	   1.7428272766293912e-01	   4.0900687067866826e-01	   2.9761114852380727e-01	   5.5807786408399884e-01	   3.8168286512871558e-01	   5.3374862515381194e-01	   5.2702035086223165e-01	   2.8223190098178724e-01	   3.0200990821881724e-01	   5.1065220229701158e-01	   5.0859567577162679e-01	   7.0642361537276943e-01	   1.0254802859829899e+00	   8.1271967619920382e-01	   7.0448411558105961e-01	   4.5373746691875194e-01	   6.8200045133084808e-01	   6.8571982764270867e-01	   8.0682961763258099e-01	   8.7621990717154863e-01	   6.5235407978013860e-01	   7.9278091446005583e-01	   7.2502410581933119e-01	   1.9556013772085373e-01	   2.1471592818391985e-01	   4.9600305179221804e-01	   6.1739914555423858e-01	   5.2519606104476757e-01	   5.4760160075149278e-01	   3.7545055148044237e-01	   5.5174445935553507e-01	   3.7056608908683691e-01	   3.8618210187227914e-01	   2.5521967667514350e-01	   3.5691994155536028e-01	   3.6727046151108228e-01	   3.7892470862517713e-01	   7.3214438968899731e-02	  -4.9454587051950159e-03	   6.0111992431626016e-01	   6.1884257772400431e-01	   7.6771280889255022e-01	   3.4172184036619430e-01	   3.2080040348658312e-01	   2.2340218724936617e-01	
   5.0050641922643546e-01	   2.7113579156041362e-01	   7.0314617759691356e-01	   7.1078977002242205e-01	   6.7947853347126308e-01	   1.2143216645340158e+00	   7.3684158622369800e-01	   7.5228748806515866e-01	   1.1651342482470397e+00	   0.0000000000000000e+00	   3.8651279013939027e-01	   4.4582212610245708e-01	   3.7384509284966377e-01	   3.6033455718872187e-01	   5.2832391982411142e-01	   5.6053141270781015e-01	   6.5609418012485279e-02	   6.0086357346544550e-02	   6.0658666713487086e-01	   5.9126882501300515e-01	   6.2311165552464673e-02	   1.2050947471161573e-02	   4.7056546329768567e-01	   5.1132125853898480e-01	   3.9358140692351556e-01	   3.6053487854670280e-01	   3.9462090068431505e-01	   4.2177281624539897e-01	   3.8024720938638693e-02	   2.9799417941221651e-01	   3.4699988578863444e-01	   3.2950142302412505e-01	   4.1156454359680017e-01	   4.1026219968645194e-01	   2.4006093192055372e-01	   3.6763470946254356e-01	   3.3669195311625502e-02	   9.5486019094172966e-02	   1.8253390070259357e-01	   2.9165460889322126e-01	   2.6956017457890213e-01	   1.2955407031017724e-01	   2.8957522150440451e-01	   2.3274196065103803e-01	   1.7513939293559747e-01	   1.9807037718625672e-01	   3.8451333798145171e-01	   4.4406001451778421e-01	   2.5414245327278318e-01	   2.5241723501765878e-01	   4.1181168970445892e-01	   3.3084263182805462e-01	   6.2424771744854968e-01	   5.3014028343521213e-01	   4.3425252860534702e-01	   4.9082489095702875e-01	   3.5428266183557328e-01	   3.6701855484780671e-01	   6.8139654327455323e-01	   3.7175172707759879e-01	   7.5725104577040292e-01	   7.5529239832567152e-01	   2.9552197287211618e-01	   3.2936227313055261e-01	   3.8687773045524981e-01	   4.5318963233352522e-01	   6.3587820243260873e-01	   5.2519420950015694e-01	   5.2492646752739569e-01	   5.8400077061884570e-01	   1.5153727960886804e-01	   3.8962054076268161e-02	   2.0851011829650226e-01	   3.9076633943667401e-02	   3.3826125488664111e-01	   2.1699980299349070e-01	   3.4527187013238864e-01	   3.9188723085911509e-01	   9.7271973045135060e-02	   1.0300015648207611e-01	   2.1775075862669449e-01	   2.1955949005163092e-01	   3.6989296313241843e-01	   6.6954856613616198e-01	   4.4383100415098153e-01	   3.9963801023596862e-01	   1.9124049607268281e-01	   3.7836360742130765e-01	   4.9785721830439417e-01	   6.4121717270593737e-01	   7.6732361614690980e-01	   6.1541527127212525e-01	   7.2552417629947741e-01	   6.8815501286351333e-01	   1.5157888632999848e-02	   4.9463180956623380e-02	   3.6201920619973871e-01	   5.0033650486570491e-01	   5.1882577516153050e-01	   5.7086816800492823e-01	   5.7152932800889189e-01	   6.7954122128268590e-01	   4.9498286251724410e-01	   5.5599666810174919e-01	   2.9799570817770593e-01	   4.0648818882624455e-01	   4.8198674261876229e-01	   5.0848281241959703e-01	  -3.9756819813154376e-02	  -1.0502547335590780e-01	   4.3053960926499563e-01	   5.1863696422888084e-01	   7.0458007138516532e-01	   3.4574839187821876e-01	   2.8000937427884232e-01	   2.2677646006841157e-01	
   1.1236915198259412e+00	   7.0202861645693593e-01	   7.4140564752932314e-01	   6.1909738326272534e-01	   3.5933154422835001e-01	   1.4006351968758823e-01	   9.4404444755771544e-01	   7.7626084569408560e-01	   5.4875320289978902e-01	   3.8651279013939027e-01	   0.0000000000000000e+00	   1.5112117945940833e+00	   1.4688662473688905e+00	   1.2826314941980512e+00	   5.4274720100317875e-01	   5.7416371393466314e-01	   8.3491352561696863e-01	   6.9861124246606088e-01	   1.1271907617301176e+00	   1.0453561960391711e+00	  -1.4220149056875081e-01	  -3.0011902881719715e-02	   6.5989459234151759e-01	   6.2166065510646129e-01	   3.4828193179853661e-01	   3.8017054856004023e-01	  -6.1281388830308229e-03	   6.8393987603348125e-03	   9.8549044263832264e-01	   1.0597331938722991e+00	   7.5248457062073082e-01	   7.8241828888547604e-01	   1.0515103891809472e+00	   1.0308550168430519e+00	   3.7936378092956469e-01	   4.1953748034029548e-01	   3.3556465984513900e-01	   3.4426938943100882e-01	   3.6648756213154643e-01	   4.1791306262627453e-01	   7.2920018376374396e-01	   5.9537095726251443e-01	   6.5937948291530990e-01	   6.0885035138442434e-01	   5.0896024098415860e-01	   4.9154808054716759e-01	   8.7277666034464618e-01	   7.7819503383299760e-01	   6.1209719738916024e-01	   5.4715226235369241e-01	   8.8525493931553112e-01	   6.2434909812632744e-01	   6.6797823319185257e-01	   5.7070840647329024e-01	   7.9452338484622598e-01	   8.1026743044854654e-01	   7.3798984052422900e-01	   6.1780976572285229e-01	   6.9621249099836224e-01	   3.2398455313099717e-01	   1.1655363043821807e+00	   8.3640076546023734e-01	   1.0052733224674215e+00	   8.3140269150522828e-01	   4.0350955504081809e-01	   4.1174288949329707e-01	   6.7650040236624798e-01	   5.8027653189769823e-01	   6.7564773343907414e-01	   6.5564732857747421e-01	   7.3056524323926597e-01	   4.9143813019337235e-01	   1.0079857998186426e+00	   7.8947707156140234e-01	   1.0602274455827940e+00	   7.4272722133263824e-01	   1.0857380442988205e+00	   9.7174740044815644e-01	   7.3946591074940626e-01	   6.9195776818100962e-01	   9.2718697107159398e-01	   9.5584560539300167e-01	   9.2192792215453878e-01	   9.1329268946906239e-01	   6.7645263531247835e-01	   7.2923342385535939e-01	   5.6354456462529900e-01	   5.3652696243745823e-01	   3.8256892168677814e-01	   5.2392792361687635e-01	   6.2996515626935246e-01	   4.4076407546675705e-01	   3.2109729377655238e-01	   2.7293877350895474e-01	   2.9513440883278863e-01	   2.3567767551948804e-01	   7.1849569348535458e-01	   8.5950973495777649e-01	   6.4303470731348278e-01	   8.0367890868502712e-01	   1.5055550257215827e-01	   2.1273130749347602e-01	   2.2906473906624519e-01	   1.9222051701043530e-01	   4.1116076000963897e-01	   2.8068732370457861e-01	   3.4975159357818197e-02	   9.7062238794592581e-02	   1.5515650306867015e-01	   2.7624128385115121e-01	   8.8743393342864407e-01	   1.0097057763637545e+00	   9.1159886934506140e-01	   5.4244350974344835e-01	   6.9439078949845079e-01	   2.6654411190658323e-01	
   9.2135888501347318e-01	   5.8414406207295710e-01	   7.1464233578244951e-01	   6.2054785451201955e-01	   3.2725215592535761e-01	   1.8148942574077045e-01	   9.8128475891621858e-01	   8.3131129508243251e-01	   6.0558225710077551e-01	   4.4582212610245708e-01	   1.5112117945940833e+00	   0.0000000000000000e+00	   1.2117399254980539e+00	   1.3469790817061529e+00	   5.3489917081211436e-01	   5.6239942782131735e-01	   7.3985781747290658e-01	   6.5820560666514194e-01	   1.0073367703489085e+00	   9.5677195091775125e-01	  -1.8656836913480032e-01	  -1.3326889833978814e-01	   6.5295551313135336e-01	   6.1613257384393971e-01	   3.3865891056528036e-01	   3.6414311101286845e-01	  -3.1623609144115897e-02	  -3.3728597133984434e-02	   8.9247700286147447e-01	   1.1468006024848110e+00	   7.3025493995819413e-01	   7.8556498114219109e-01	   1.0049636716376011e+00	   1.0274671324803422e+00	   3.9529219482205019e-01	   4.6155114892114424e-01	   2.6184029546701731e-01	   2.8115953032761676e-01	   2.8579510534316793e-01	   3.6657106705922454e-01	   6.5120604880452859e-01	   5.1420797432630683e-01	   6.4711697832438952e-01	   6.4645593641453813e-01	   5.4718195590299712e-01	   5.8078447008075784e-01	   8.8813091328980753e-01	   7.9280229100716881e-01	   7.1496272542956418e-01	   7.0234236560606644e-01	   1.1265625511976110e+00	   7.9428937489289786e-01	   7.5890307103208066e-01	   5.7788254717657972e-01	   8.5919145810122621e-01	   9.6928922026821107e-01	   6.0520157636730187e-01	   5.8736521061811930e-01	   7.5166607725915602e-01	   4.4690861636691070e-01	   1.1914098197883041e+00	   9.9616661766195325e-01	   9.6298914550032555e-01	   9.3747579654087831e-01	   4.2426298172811061e-01	   4.5281387109565324e-01	   7.1164027974209487e-01	   6.7565761116895817e-01	   5.4765708765250654e-01	   5.9365095092978459e-01	   6.6157688488454602e-01	   3.9762234803527929e-01	   8.7411690621871063e-01	   7.1591896018082823e-01	   9.7564953393972931e-01	   7.0449052591192851e-01	   9.6976205083444100e-01	   9.8501757114008559e-01	   6.6237927337483460e-01	   5.9842738299709097e-01	   8.8144455189982662e-01	   9.5178529772518916e-01	   8.5955397162074942e-01	   9.5124782966780397e-01	   6.4550405127643706e-01	   7.5083612727819860e-01	   6.4439187968142142e-01	   5.6397808617665335e-01	   3.6136655982094884e-01	   4.8965836993902634e-01	   6.0215331133403693e-01	   3.7730384037048909e-01	   3.0187063016740695e-01	   2.2846761955347006e-01	   2.4904376498639791e-01	   2.5237410290354290e-01	   6.2306313043645456e-01	   8.7387559637298495e-01	   6.6073237588806510e-01	   8.6861500360551758e-01	   2.0937406523637533e-01	   2.1141313440494258e-01	   2.0411767770334102e-01	   1.8447849570003255e-01	   3.4352567919898797e-01	   1.8779665880747887e-01	   4.4519132040829440e-02	   1.3569643475127732e-01	   2.1199661614759160e-01	   2.3301409585049665e-01	   8.3283511536357557e-01	   9.2611691538436713e-01	   8.0972843895226176e-01	   4.8574688884933076e-01	   6.0854805754443853e-01	   2.2529783400299302e-01	
   9.6926343773890222e-01	   5.6103678601387086e-01	   7.7603054099482449e-01	   6.3750746193436070e-01	   3.3030648474127389e-01	   6.0189141419337358e-02	   1.0328333309286801e+00	   9.4430928630225330e-01	   6.1345219083390934e-01	   3.7384509284966377e-01	   1.4688662473688905e+00	   1.2117399254980539e+00	   0.0000000000000000e+00	   1.3693503610902114e+00	   5.6749441456761551e-01	   5.1855468270212568e-01	   8.9239055259386024e-01	   6.7708511100836444e-01	   9.8637330288710323e-01	   9.1132618057250148e-01	  -1.7721054570220865e-01	  -1.2369801741479385e-01	   7.6767021470979302e-01	   7.6190924089586787e-01	   3.3029349259445678e-01	   3.3930845155123729e-01	  -5.8840059490401241e-02	  -1.2648279410530117e-01	   9.2660106890832583e-01	   1.0583168326863202e+00	   7.8440614159268462e-01	   8.5273042625931317e-01	   1.1553456963711801e+00	   1.1560529230283758e+00	   4.7603623100304288e-01	   5.0392983993725515e-01	   4.1427033640035577e-01	   4.0885900866082603e-01	   3.8128213263937200e-01	   4.1462229964695740e-01	   7.4089597802076523e-01	   4.7902117450540793e-01	   4.0358816567339151e-01	   3.7357846980359749e-01	   4.1592428084500299e-01	   3.3159190746016137e-01	   5.6105484252498505e-01	   4.9918096660044453e-01	   3.9203208857419825e-01	   2.5707219507273288e-01	   6.0557444965041407e-01	   3.7449907904189750e-01	   4.6082704097479887e-01	   3.9265757840587251e-01	   5.2347063443385133e-01	   5.1037696242920205e-01	   6.9721863554247698e-01	   3.8842159407637172e-01	   3.8679932270168127e-01	   2.5666176232534837e-02	   1.1278829585665402e+00	   7.6631223509741542e-01	   1.0021138304913617e+00	   6.7785142549115684e-01	   5.3970151619287798e-01	   5.8518759181922153e-01	   5.6299314600245587e-01	   4.4761711964020906e-01	   5.3566896681313980e-01	   5.1099328991731063e-01	   7.7186827609893527e-01	   6.0254178740850395e-01	   8.2969569456144343e-01	   6.5782905080595244e-01	   8.8951129304044585e-01	   5.3910170060051876e-01	   9.1579046187205249e-01	   8.3794183666588196e-01	   8.2184716856548201e-01	   6.6716786633611291e-01	   9.7371050344303001e-01	   1.0114732992350688e+00	   8.9554970454055438e-01	   8.8636436023243759e-01	   7.8439616959548719e-01	   7.8647148600874650e-01	   6.2515099782835748e-01	   6.4247938220127931e-01	   3.3451683275841315e-01	   3.8342228932818961e-01	   4.9888251074657713e-01	   5.0220711459853595e-01	   4.2441888502471381e-01	   3.3614967870381707e-01	   2.1475635663836123e-01	   1.8297746402194925e-01	   5.2453143547338077e-01	   6.3915317764817370e-01	   3.4586232875949757e-01	   5.3294429133527543e-01	   4.3865413720921849e-02	   1.8838638799704582e-01	   7.5066071768748327e-02	   5.4962950867586617e-02	   2.3873136209541757e-01	   1.4373367008463056e-01	  -6.2305779852844974e-02	  -1.6699848842381231e-02	   7.5498181008147966e-02	   2.6224852064869575e-01	   7.9098151483556678e-01	   7.7239120627891855e-01	   7.0556150598973200e-01	   2.8460986538843869e-01	   4.1891173097192358e-01	   5.9165245701732878e-02	
