   0.0000000000000000e+00	   9.6335719055327051e-01	   7.0612818431362878e-01	   3.4559906108201177e-01	   3.4572187722441794e-01	   2.8338186537726677e-02	   6.4508470404221208e-01	   3.5287719373972226e-01	   5.5119773481340728e-01	   1.9249257182976223e-01	   4.9444298502049527e-01	   1.3177621068864426e-01	   5.2436605519276758e-01	   3.4588145675634063e-01	   8.8705429638074529e-01	   3.2849971014049789e-01	   5.8974420161670882e-01	   6.4470744277745162e-01	   1.0687156163050884e+00	   8.6537431970168233e-01	  -1.4976944761572147e-01	  -1.4897323668039300e-01	   4.1329241215593215e-01	   2.8849527859618929e-01	   1.2393518324110536e-01	   7.6137231634419390e-03	   1.6272934578276047e-01	   2.7862850465429086e-02	   7.5650181194343802e-02	   1.9098819806121931e-01	   1.8594270073677305e-01	   1.3207297906513904e-01	   6.1591229311263551e-01	   6.4184155689423183e-01	   1.0945275810083396e-01	  -8.0247134179212783e-04	  -4.3429840807514324e-02	   3.4561545017793939e-02	  -8.0276060973252267e-02	  -4.5028381079618256e-02	   1.1726898086702045e-01	   7.7068865429980163e-02	   3.2622581074308377e-01	   1.4571850840171574e-01	   2.1315373928987164e-01	   1.1742421998317179e-01	   1.0689238547991017e-01	   8.3671997366335435e-04	   4.0573533309086962e-01	   2.0622644420642433e-01	   4.0391335831580932e-01	   3.8824178248132425e-02	   3.3899684841718247e-01	  -4.9839403293825621e-02	   3.3567895801810299e-02	  -6.8077276299292860e-02	   1.0574556246437310e+00	   6.8611824572146962e-01	   1.6731508053478303e-01	   4.0700056047193109e-02	   4.2528137307867758e-01	   2.8703706088510655e-01	   7.3280596678547072e-01	   6.4695507166985833e-01	   2.7312563016642560e-01	   2.8878679446832611e-01	   5.1700776772566050e-02	   3.7169725174330745e-02	   6.0873238292150900e-01	   4.1200810235667096e-01	   3.7457845952187332e-02	  -1.0757508387915621e-01	   3.0026021153869037e-01	   2.6153736508898895e-01	   2.7494817920038339e-01	   1.1971434166396119e-01	   1.8163102702058814e-01	   6.8047016275413902e-02	   4.5748735265565516e-01	   4.1628533172104398e-01	   9.8260324699733992e-01	   7.3780581593659467e-01	   4.5419065812616194e-01	   3.8376192564234529e-01	   7.3654724516458114e-01	   4.9230055492715330e-01	   3.0692490118793581e-01	   1.1335683030970846e-01	   4.8991291501031087e-01	   2.2805451493622175e-01	  -6.7547764527497237e-02	   1.0983725140387682e-01	  -2.2999542482564278e-01	   1.2079125660088738e-01	  -3.9039468482790635e-01	  -3.1711886361973707e-01	  -2.2760637874200271e-01	  -3.0284083543913437e-01	   8.8036667253424142e-02	   1.2039095551750587e-01	  -1.6287429238683343e-01	   8.9387051404821699e-02	  -2.1808826771716480e-01	   1.2915628413608706e-02	  -1.5178936403751114e-01	  -7.9272766133404254e-02	   2.3671974901207805e-02	   4.3329519582385456e-03	  -7.7923281634826300e-02	  -1.4848423588765178e-01	  -1.5974416767026556e-01	   8.3360370456188359e-04	  -1.6718622961346674e-01	  -6.6714985037597901e-02	  -7.5743144028098036e-02	   7.4312496664667493e-02	
   9.6335719055327051e-01	   0.0000000000000000e+00	   4.9935428755672617e-01	   2.0001657551951907e-01	   4.2492148891838982e-01	   7.3785660292443711e-02	   5.8273445577359495e-01	   2.9275491722904345e-01	   6.5065314712875688e-01	   2.0095707100905780e-01	   5.0540606467276761e-01	   2.6777195825689903e-01	   6.1860097748163745e-01	   3.0194767093182040e-01	   5.9903954530969228e-01	   2.3095590743264613e-01	   7.3034705252563048e-01	   9.6135539318050278e-01	   9.9723585827937511e-01	   6.4945869525957056e-01	  -1.2446024569815639e-01	  -6.7224332373513523e-02	   2.9051515490139451e-01	   2.3049587093410973e-01	   8.1860654314581782e-02	   4.8653242450543213e-02	   2.0189022774478402e-01	   1.1910942747054755e-01	   2.1315835006630235e-01	   2.5292857196962959e-01	   1.2066048480611988e-01	   8.7806180242971821e-02	   5.7004981691961576e-01	   4.9889904148928899e-01	   1.2860213714697655e-01	   6.2045041898724618e-02	   4.3151650006504942e-02	   7.9369138978560905e-02	  -6.5076465690136346e-03	  -1.9112919889399102e-02	   1.6848984439058914e-01	   1.3880612016347110e-01	   3.9408133475689133e-01	   1.4694749750839514e-01	   3.3787984305961805e-01	   3.1535416267400043e-02	   2.3384155228900977e-01	   1.5511956257397036e-01	   4.5234479556612778e-01	   2.4952136763518618e-01	   5.2704808212204879e-01	   1.9345649542331358e-01	   4.3928316047237148e-01	   2.5006614407276961e-01	   1.8667304090441450e-01	   1.7493287237999591e-01	   1.2354008069959330e+00	   1.1843697069309824e+00	   2.4681027849361731e-01	   7.1806426701434584e-02	   3.7544076992938274e-01	   1.3122954596759148e-01	   7.0835810293877888e-01	   6.1844016028796034e-01	   2.1251748099920539e-01	   6.1493275577911004e-02	  -2.4641706187052893e-02	  -8.9131640094569489e-02	   5.7509255429785766e-01	   3.9369038341919849e-01	   1.8249430429211727e-01	   6.3554524103601434e-02	   6.1309407114506620e-01	   5.5236124843482615e-01	   4.5262514501832374e-01	   4.3794271373118371e-01	   3.1913876299834210e-01	   3.1048957778830699e-01	   4.8843595544611179e-01	   4.3036480495797069e-01	   6.9824729742095237e-01	   5.9368036432579308e-01	   3.0039234148527993e-01	   4.5563711467159201e-01	   4.6270025088185385e-01	   2.4680469469233532e-01	   2.6805592383866195e-01	   8.2153369596941389e-02	   3.2243547096686132e-01	   3.6527386668435646e-01	   5.1736003915172895e-03	   2.7793200756497616e-01	  -6.7996880069833732e-02	   2.2501228202063486e-01	  -3.1776662312721804e-01	  -3.0653250069056487e-01	  -1.0076087986522458e-01	  -2.0057616397666037e-01	   1.9518676159604953e-01	   2.0766477031848166e-01	   6.6722295707013546e-02	   2.1209688796925763e-01	   6.0973079778824164e-02	   1.7647885209613690e-01	   5.4931808979279184e-02	   7.2374827142799539e-02	   1.1139736592376467e-01	   1.1918470331117675e-01	  -1.2867381578581644e-01	  -1.8171154829419756e-01	  -3.3833742116895556e-02	   8.4743379857022391e-02	   1.6019838491642027e-02	   1.0498024117658142e-01	   9.2455185299318218e-02	   1.2366121564162910e-01	
   7.0612818431362878e-01	   4.9935428755672617e-01	   0.0000000000000000e+00	   6.2005528494169482e-01	   5.8533074000413365e-01	   2.6797653010374716e-02	   8.8930913665828615e-01	   9.1635740600963800e-02	   6.1661454529950899e-01	   9.9730884826622998e-02	   1.8857112952940433e-01	  -2.2657692858247008e-01	   1.5449382471332232e-01	  -8.2155339307096092e-02	   4.9159158916609957e-01	   2.2337583544849565e-01	   1.5970548863451234e-01	   2.7844943248212561e-01	   5.3990107471502036e-01	   4.3789892370454697e-01	  -5.8663201785942240e-02	  -8.6955565132431065e-02	   8.6831673595252923e-01	   6.7019639590660574e-01	   7.1338472696519606e-01	   4.6927875865372914e-01	   6.2103603283652087e-01	   4.0508833340383676e-01	  -3.9747852095153408e-01	  -3.6560022381144325e-01	   2.2665594585195664e-01	   1.1827794763528734e-01	   6.5544514335115567e-01	   3.5244456438965904e-01	   6.2670696151522698e-01	   3.1239505032027004e-01	  -1.5783351402491483e-01	  -2.0048413238334003e-02	  -9.6769930941613833e-02	  -3.7576663529454483e-02	  -7.8332119012612320e-02	  -2.2959398136247946e-02	   2.8340671379606153e-01	   1.1826390662799587e-01	   2.4533231171670877e-01	   6.1502262734218988e-03	   6.6023726917751394e-02	  -3.1570839967964517e-02	   1.2775141897612166e-01	  -3.1634896520546095e-02	   1.9173468597612622e-01	  -6.2492149340422846e-02	   1.7571798639382832e-01	  -3.4108321709189100e-02	  -7.7965791354617439e-02	  -1.0762194831096836e-01	   4.5977959024798459e-01	   3.3568752048699180e-01	   7.2796037814383943e-02	  -2.1951112737010928e-01	   3.4906128776582701e-01	  -9.1671365016532252e-02	   3.1921870655965850e-01	   1.1362746103273418e-01	   1.0316134121996627e+00	   2.9700170815379134e-01	   4.3886474835443168e-01	   3.2503807726282735e-01	   6.6317626206203462e-01	   5.6440600794277640e-01	  -1.4781959077921467e-01	  -1.5689088316929910e-02	  -8.2594219177284586e-03	  -8.8452552213303989e-02	   5.6776248100754635e-02	  -1.7008965130814957e-01	   4.3331638082146517e-02	  -5.4109556880236567e-02	   2.8553857094161350e-01	   2.4698133924124591e-01	   4.2155543723796174e-01	   7.6222655505382242e-01	   2.0471225637604806e-01	   1.0830447104490312e-01	   1.0451439146479891e+00	   7.5341272347233101e-01	   6.7295531730983937e-01	   5.6500371395198357e-01	   6.0072144356556600e-01	   2.4107308625291096e-01	   1.4115641462079559e-01	   2.0143853584075275e-01	   6.4092081325076100e-02	   4.4910503272494656e-01	  -4.4319762234252486e-01	  -3.4130854828544693e-01	  -2.3815860331888600e-01	  -2.4230484720040885e-01	  -3.1734944570568253e-02	  -1.7719821307503388e-02	  -1.4073191580610536e-01	   3.0383993528707548e-01	  -2.0170780697250321e-01	   2.3448569703946386e-02	  -1.1782858344658707e-01	  -2.2075886435703931e-03	   1.6444614500505150e-01	   1.7883322930436210e-01	  -2.0470874211986531e-01	  -2.8247950975403585e-01	  -7.9260855209090680e-02	  -8.5897849998201201e-02	  -1.8672334025144749e-01	  -2.2777836073519522e-01	  -1.8546284796665669e-01	   1.4531255042607161e-01	
   3.4559906108201177e-01	   2.0001657551951907e-01	   6.2005528494169482e-01	   0.0000000000000000e+00	   4.2222336737083505e-01	   4.2064124234407380e-01	   6.4782035966210372e-01	   6.8742626137842344e-01	   5.4633114700165464e-01	   4.1467387035405440e-01	   2.0800160232805365e-01	   2.2383446040903549e-01	   9.2982024296469373e-02	   4.5092216037795985e-01	   3.9608263765259499e-01	   5.2133355801683590e-01	  -1.2797698433223323e-01	  -7.2883215646378285e-02	   3.7943410285885243e-01	   2.3309489682041873e-01	  -1.6781354358425188e-01	   2.8614197662706339e-02	   7.0306988928486702e-01	   1.0826491351916478e+00	   6.0814778345389864e-01	   6.2807999562655525e-01	   3.5276256183966442e-01	   3.7569889130566037e-01	  -2.4063385688722388e-01	  -1.1353932300227768e-01	   3.6501016581191498e-01	   5.1108680441410659e-01	   4.9759945032879138e-01	   5.8364402898882650e-01	   4.1733068726066269e-01	   5.3410363068336064e-01	  -1.7273859082443527e-02	   3.1474360904367442e-02	   7.5580583726027800e-02	   2.7783093321603602e-01	   5.3376823436163984e-02	   2.9060422153438747e-01	   3.0318750741991307e-01	   1.9487214741230857e-01	   5.6468112768757173e-01	   5.1413094168381235e-01	   1.0960423532780211e-01	   1.4675920616067081e-01	   4.1310238605929295e-01	   2.4902747565032074e-01	   2.2886095346438548e-01	   1.6346570030586483e-01	   5.9792302456017694e-02	  -5.9170815017978530e-02	   8.3005774049824746e-02	   8.8749781812709747e-02	   3.7017162994883779e-02	  -8.0584051016281341e-02	  -4.1568795659688455e-02	  -9.9904004059859622e-02	   2.8092084644972021e-01	   3.7064039183949288e-01	   2.6831004988548013e-01	   3.8722351713768616e-01	   6.2752075596525303e-01	   8.5722392725744523e-01	   3.0763470601683635e-01	   5.3450237190279970e-01	   2.8740382337073989e-01	   2.4506723379944578e-01	  -2.0948380045800519e-01	  -4.5306299086934933e-02	  -2.1472257146023414e-02	   1.3845149762009518e-01	   7.9290374973345998e-02	   1.4207970179878765e-01	   1.2583885030210198e-01	   4.7986784770851637e-02	   9.4815744141085283e-03	  -1.0725142609768651e-01	   1.9164887404800252e-01	   3.2531576045054633e-01	   3.3606500317048665e-01	   3.4187719900445118e-01	   4.2702417200340698e-01	   9.6788790027069405e-01	   3.6027165720722554e-01	   5.0747118875091757e-01	   3.6353917311704659e-01	   2.5423811806963481e-01	   1.1374584202959499e-01	   7.5264291299842564e-02	   2.6173083243929091e-01	   1.2954348280792022e-01	  -2.1715433466550133e-01	  -6.1491239648149378e-02	  -1.6222835162855529e-02	   4.7041446574405441e-02	   1.3021775293372581e-01	   1.0050641392476375e-01	   1.3249314667582757e-01	   6.6672279673725188e-02	  -1.6461898404659739e-01	  -1.9922774228653667e-01	  -1.2736612025150479e-01	  -1.1823442659813649e-01	   5.7434114989610933e-03	   1.1053589991292405e-01	  -9.3854468340480002e-02	  -1.0176445111141127e-01	   1.3095239886496624e-01	   1.7215159551622150e-01	   7.5855141304719709e-02	   7.2313528346895986e-02	  -3.5770418139330525e-02	  -1.2500985346652929e-01	
   3.4572187722441794e-01	   4.2492148891838982e-01	   5.8533074000413365e-01	   4.2222336737083505e-01	   0.0000000000000000e+00	   7.6035666262894452e-01	   7.6150280798088632e-01	   2.4218429118747331e-01	   8.7521559569663854e-01	   4.5570144063473661e-01	   2.1069119347752652e-01	   2.7557948401958927e-02	   1.8635845349178615e-01	  -3.5956374324027436e-02	   4.1191832917101251e-01	   4.6384531680033364e-01	  -6.1996762611245405e-02	   1.1681246718620514e-01	   3.7208678685487173e-01	   1.5442807901327152e-01	  -9.0089657567288661e-03	   1.4722293627475769e-01	   5.1133146225089443e-01	   5.1790121339874540e-01	   6.3087513677019347e-01	   7.3221095825954607e-01	   8.5875241611636677e-01	   8.8943958020509861e-01	  -1.9810020447080956e-01	  -8.5299252826809072e-02	   1.2466892265728918e-01	   8.5658151827896628e-02	   3.9743902440058054e-01	   2.3578557268061329e-01	   2.8005015648421977e-01	   3.0946261089305016e-01	  -7.8009403240144132e-02	  -2.7049865337503060e-02	  -1.1076743522139337e-01	  -4.4124908046346563e-02	   1.1446565711798458e-01	   1.3791716664193399e-01	   4.0881672286563830e-01	   2.2230336753757080e-01	   2.4784140280936509e-01	   1.1916745271767851e-01	   2.1933839394798790e-01	   2.3270520424278740e-01	   2.3389945155064040e-01	   8.8365396188115980e-02	   2.3872744665309203e-01	   1.2725420308270310e-01	   2.5294040202662127e-01	   1.7344848294762705e-01	  -1.2404201140182024e-02	   8.4197023619403774e-02	   3.1379187816393750e-01	   2.6211786494816636e-01	   2.0185912705575418e-01	  -5.5788542917775581e-03	   3.1528214664160725e-01	   3.9940845991042064e-02	   1.8690311734790618e-01	   6.3234820918745077e-02	   3.9701092728828236e-01	   7.2315054187926039e-02	   2.9660809486580020e-01	   2.5111598186418027e-01	   2.6356288336792971e-01	   2.1487461243749337e-01	   8.4356073902545570e-02	   2.3170684227875668e-01	   8.5725192171286768e-02	   2.0375449753374647e-01	   1.9922101369196371e-01	   1.5323336115535433e-01	   1.2905564359638977e-01	   3.1125235798520900e-02	  -1.2775840803101334e-02	  -4.7501076062881550e-02	   1.0878557651667725e-01	   3.8771084944295486e-01	   3.6466040719820647e-01	   5.2058264518547792e-01	   3.2177661407459257e-01	   3.6749471725112309e-01	   3.8219020300216133e-01	   5.1174651744037525e-01	   4.4440090517702191e-01	   3.4011403313673855e-01	   3.6856193965398087e-01	   4.9551543698537415e-01	   3.8290390119282847e-01	   6.2013995805158706e-01	  -4.6185654599733417e-01	  -2.7573790920495250e-01	  -1.8133209458217969e-01	  -8.1799681208022654e-02	   2.3465402911332245e-01	   3.2450427436310103e-01	   2.4062157947146459e-01	   5.8707139597419222e-01	   1.0223906893858348e-01	   3.3954305568781129e-01	   8.3792369543400178e-02	   1.4141797166002626e-01	   1.7308824387550820e-01	   2.3884440827050527e-01	  -3.1166852011901902e-01	  -4.3962749007619789e-01	  -1.0399118572273799e-01	   1.7772707469193380e-01	   3.5975790525346762e-01	   2.0074619051983403e-01	   1.4267580767567151e-01	   2.4521284128626480e-01	
   2.8338186537726677e-02	   7.3785660292443711e-02	   2.6797653010374716e-02	   4.2064124234407380e-01	   7.6035666262894452e-01	   0.0000000000000000e+00	   3.5400481800021960e-01	   5.3826315857669205e-01	   4.6167524425521861e-01	   1.0686372159022137e+00	   1.5321943328429816e-01	   2.4343465815595175e-01	   1.4643934819702950e-01	   2.2849170242820652e-01	   2.9683915698370700e-01	   5.8955266255233030e-01	  -2.4606631546047941e-01	  -1.5843270784621299e-01	   1.3417523225714867e-01	  -4.8352706712292276e-02	  -2.9367563318743173e-01	  -5.7679967870471820e-04	   2.1014680104278682e-01	   3.4765570361364800e-01	   2.1278443441984832e-01	   4.4643447744574005e-01	   4.8582592574397543e-01	   6.4755345947429988e-01	  -8.0910091407981069e-02	   1.3512365826638748e-01	  -1.2768451096775999e-03	   1.5791735865685014e-01	  -4.7380482808197398e-03	   1.0223357527583742e-01	  -2.6459532886855694e-02	   2.4365839991857147e-01	  -2.0382536427701659e-01	  -2.6447575966248549e-01	  -2.4408354217678363e-01	  -1.0629905844811088e-01	  -5.3181656249877965e-03	   1.6813098863248327e-01	   1.0258533622333151e-01	  -6.0564957211444396e-03	   1.2120289468108188e-01	   2.1098224777156149e-01	   2.9930950101331372e-02	   1.0817068260057304e-01	   2.0807027580154180e-01	   1.8127273197390401e-01	   1.2263760255571812e-01	   1.8087443644730064e-01	   1.4430181470544173e-01	   1.0580697670312891e-01	  -2.3999242661921948e-02	   9.2308728246624061e-02	  -4.5800129674344794e-03	  -7.5786004149090369e-02	   1.7607449954014351e-02	  -1.6705951233663755e-02	   1.6094690613425089e-01	   2.8995126687462058e-01	   1.5668340137348472e-01	   1.9713661225628490e-01	   3.7220073628975933e-02	   1.0846298248887395e-01	   2.3997626253182268e-02	   1.1893194855355793e-01	  -1.2142233407129052e-01	  -7.7201708728917781e-02	  -1.1061164727823178e-01	   3.0084421281651542e-02	  -9.4548829859357003e-02	   2.6474153368862186e-01	   6.8616404729943348e-02	   2.7493679806732235e-01	  -8.2341192350773103e-05	  -4.5018178290389038e-02	  -2.9726880941310857e-01	  -3.6273664524407462e-01	  -1.4973962603588248e-01	  -3.3589077757492029e-02	   3.3085519529486590e-01	   6.2648830098846409e-01	  -1.8321082815820403e-02	   2.0562036482836266e-01	   5.5338104101447953e-02	   1.9482311104267411e-01	   1.6054724616831617e-01	   2.1426838266835879e-01	   3.2762329600116369e-01	   3.0110913413327739e-01	   5.2493039672187758e-01	   3.1528605903485613e-01	  -3.5596206845646527e-01	  -2.5849839114230255e-01	  -1.5725223345745604e-01	  -2.6660603492744760e-02	   1.6924406358489180e-01	   3.4491000197031674e-01	   3.9983361272483892e-01	   3.8969684217467865e-01	   1.2360990820606509e-01	   2.1966206603422289e-01	  -1.8675630269343328e-02	  -1.7471453481499408e-02	   1.3413967961654905e-01	   1.1925888224867354e-01	  -2.5323523657160274e-01	  -4.7140344360193104e-01	  -2.3128405044808087e-01	   1.4852654163860957e-01	   4.8110420686410293e-01	   3.6547667958398783e-01	   2.7380675460965803e-01	   2.2811556209740652e-01	
   6.4508470404221208e-01	   5.8273445577359495e-01	   8.8930913665828615e-01	   6.4782035966210372e-01	   7.6150280798088632e-01	   3.5400481800021960e-01	   0.0000000000000000e+00	   6.7588055851013296e-01	   8.9621107205087513e-01	   3.7297495665281655e-01	   5.0235668546421675e-01	   1.1091130268521576e-01	   4.6524968309431225e-01	   2.2445127191074890e-01	   5.9694064756682041e-01	   3.1467664805056755e-01	   1.8843166126007976e-01	   2.3120535820938251e-01	   6.3008815836260701e-01	   2.4956183622270356e-01	  -3.7244121955548387e-01	  -2.8023133976665537e-01	   6.1495332480100462e-01	   5.3689278841353405e-01	   3.0437830645308084e-01	   2.8968018082779473e-01	   2.5275558003328136e-01	   1.8904948213891951e-01	  -1.1396815167224353e-01	  -1.7466265323818120e-01	   2.7283289572633523e-01	   2.8394600325884989e-01	   5.7170744798324646e-01	   6.2006219126375250e-01	   3.3251139894164311e-01	   3.6956514573971794e-01	  -9.4814756891811555e-02	   3.7689984061622115e-03	  -1.3490789587387589e-01	  -5.6450610476425259e-02	   4.3858239642098748e-03	  -2.6900491451984147e-02	   4.0735728618478373e-01	   9.5339562755302434e-02	   3.5500321764603848e-01	   2.2735501987799908e-01	   1.4070589969917982e-01	   9.6127467915405190e-02	   2.7637675405200424e-01	   1.8383991002913841e-01	   2.7719181107872798e-01	   1.1984609260864028e-01	   2.4079606398994066e-01	   6.2632263028930366e-02	   1.9482715203567924e-02	   1.2610287108211738e-02	   4.8482485875222275e-01	   4.2170975581786452e-01	   2.7783852843587703e-01	   6.5797826592405961e-02	   7.2807532222556071e-01	   3.4708409467558343e-01	   7.1354040876590741e-01	   4.5781076073309396e-01	   6.8465929909363998e-01	   4.2662420211174445e-01	   3.7735979248173152e-01	   3.4062873276238381e-01	   2.3151074419064535e-01	   2.2469054244826617e-01	  -7.5368912406362149e-02	  -6.1515505373919949e-02	   1.7657911363223988e-01	   2.4690124550697654e-01	   3.8095240983546008e-01	   2.1919897043252395e-01	   2.3385045091580828e-01	   1.9836504728017784e-01	   1.4802500258378887e-01	   1.0816033917295057e-02	   2.9562227399631918e-01	   4.0049403876389378e-01	   4.1537443651084577e-01	   2.8088825015304181e-01	   6.0962275800702570e-01	   5.2410195302836005e-01	   3.3398489281406801e-01	   2.7686352470739306e-01	   5.5205134166752767e-01	   4.0522976263390981e-01	   1.4571989308638386e-01	   3.4623528011054583e-01	   1.7802609853053727e-01	   4.5431399140443512e-01	  -4.8051867913812119e-01	  -4.2602631095137367e-01	  -2.3795044090471257e-01	  -1.8710654225132001e-01	   1.4927748266108498e-01	   1.9070210659835085e-01	   1.6173296390699987e-01	   4.7948381470617135e-01	  -2.2532116914837922e-02	   1.5410155967332037e-01	   4.8933634823404966e-02	   1.3203822948196861e-01	   9.2171650947215980e-02	   1.8787028049233384e-01	  -1.7457073888674010e-01	  -3.2860190047247517e-01	  -7.6160958459874015e-02	  -3.6536525627238513e-03	   6.5279668718615166e-02	   9.6965174971831315e-03	  -4.9873364808883172e-02	   1.5015362076486999e-01	
   3.5287719373972226e-01	   2.9275491722904345e-01	   9.1635740600963800e-02	   6.8742626137842344e-01	   2.4218429118747331e-01	   5.3826315857669205e-01	   6.7588055851013296e-01	   0.0000000000000000e+00	   5.4754914975183033e-01	   6.6695303339588674e-01	   4.0082364018165356e-01	   4.3428360213430117e-01	   4.2969939268761109e-01	   6.9703211566634760e-01	   5.3601408690240704e-01	   3.6093659297517133e-01	  -1.3145697378395969e-02	   1.5201671814246863e-02	   4.5103097374840179e-01	   1.6661804761266286e-01	  -6.5680338714635156e-01	  -4.0397990479223261e-01	   2.9430633910631288e-01	   3.7692357923611763e-01	  -1.6461276687600926e-01	   1.7852730805911631e-03	  -2.2639715611054492e-01	  -1.5101155015361484e-01	   9.7655152081260146e-02	   1.1319623608076186e-01	   2.7038060023289257e-01	   5.1022633674418827e-01	   1.5623973444266948e-01	   6.0487571920035677e-01	  -1.1395827076698503e-01	   2.2213890461256536e-01	  -1.1284922486416751e-01	  -5.7010313378901112e-02	  -1.3573691187924775e-01	   3.9551819226032466e-02	  -1.7932545558598266e-02	   3.4009033305954506e-02	   1.8515543447491642e-01	  -2.4509195825030833e-02	   3.7286873501431894e-01	   5.1223621077733394e-01	  -6.0685101889635317e-04	   4.7116521618100871e-02	   4.4836682134145456e-01	   4.1576836296161823e-01	   1.5246770403947285e-01	   2.2226507649497113e-01	   2.7161491973061194e-02	   5.6641650808636089e-04	   2.4652545971498619e-02	   7.4015583184527597e-02	   1.5103281704952681e-01	   1.2357241478446122e-01	   1.0127086041678572e-01	   2.6287404254843355e-01	   5.5691234481617247e-01	   9.8663679589003661e-01	   7.1904383094997959e-01	   7.7647240139815155e-01	   1.1170257236303616e-01	   7.1806060809781591e-01	  -6.6828100609669455e-02	   1.4146869205965051e-01	  -1.7971338747760099e-01	  -1.7110946645092490e-01	  -1.7005367302193258e-01	  -1.7945416988256627e-01	   1.3802089759058239e-01	   4.4066587541522939e-01	   3.1431208499611052e-01	   4.7670195184999764e-01	   1.7964151046433366e-01	   1.7569083435080013e-01	  -1.3041736466772713e-01	  -2.6591083271226840e-01	   1.1782416386136707e-01	  -4.5379766514835579e-02	   4.9077833905515766e-01	   3.9588282458016227e-01	   1.2410734825012604e-01	   2.6160822782031379e-01	  -2.7019310978929574e-02	  -6.9287438372413940e-02	   2.0103896545444239e-01	   3.3849640234003897e-01	  -2.0510898251079419e-03	   1.2151677369379568e-01	   1.7695355572009464e-01	   1.2134635713954713e-02	  -3.3998445692915868e-01	  -2.8517825949275188e-01	  -2.0895392372862850e-01	  -1.3833741149681272e-01	   1.2645180588396257e-01	   2.1617466107959823e-01	   2.7766194569698094e-01	   8.3282021464914063e-02	  -5.8003859946429107e-02	  -1.1556068992869609e-01	  -6.3104636209822845e-02	  -1.0369967973505179e-01	  -1.1533473327320099e-02	   3.1395410526152426e-02	  -1.0425925490415081e-01	  -2.3439827290125517e-01	  -7.3746903612134360e-02	   8.2657259166576139e-02	   1.6659728205417335e-01	   1.8831463926878708e-01	   4.3009065592555983e-02	  -1.2802701191058240e-02	
   5.5119773481340728e-01	   6.5065314712875688e-01	   6.1661454529950899e-01	   5.4633114700165464e-01	   8.7521559569663854e-01	   4.6167524425521861e-01	   8.9621107205087513e-01	   5.4754914975183033e-01	   0.0000000000000000e+00	   5.1465426071826914e-01	   2.6637284538080075e-01	   1.7000822802133688e-02	   3.6079414850302122e-01	   1.3654199246720550e-01	   5.3668579299410002e-01	   2.9126310904441216e-01	   1.2454480377658464e-01	   3.2614527033266588e-01	   6.0761227398873774e-01	   3.6602114306488887e-01	  -2.9479872008634933e-01	  -2.0161975414013172e-01	   4.9140704043252409e-01	   4.4560971102985797e-01	   2.6209860650173583e-01	   3.6787374231526115e-01	   3.9065737830779151e-01	   3.7010038810312779e-01	  -1.6736905414196507e-01	  -3.5211800839888875e-02	   2.1532693823210464e-02	   2.4593455836044838e-02	   3.1640479754329726e-01	   3.1026833144144361e-01	   1.0858813368719993e-01	   1.9607804898955017e-01	  -2.3175411180307193e-01	  -1.3180623771326511e-01	  -2.1940763695323856e-01	  -1.6613858674143128e-01	  -8.1619159311530187e-02	  -6.1285375587215148e-02	   2.5924644225600324e-01	   1.3096802414170849e-01	   2.1554287609656558e-01	   7.4630880288383869e-02	   9.2636857020484437e-02	   1.7256599509807233e-01	   2.0528270575562221e-01	   6.7057195277466064e-02	   2.4048667357304471e-01	   4.0400794009692938e-02	   3.4574604176870327e-01	   2.8581372133839839e-01	  -6.0770175841378983e-02	   5.9521236993629018e-02	   5.0843848464198371e-01	   4.2205239121874988e-01	   1.3155895560618125e-01	   1.6082291079428540e-03	   5.4219178451132055e-01	   2.3924094280634592e-01	   4.3158464564664978e-01	   3.7869517800752739e-01	   4.3778348392299826e-01	   3.4813647191024122e-01	   5.2769506899406605e-02	   6.6884459275404304e-02	   3.2907044475922609e-01	   2.6136861644288345e-01	   4.2615155923114663e-02	   1.1071904371508107e-01	   7.3548237069823302e-02	   3.0350716133096023e-01	   2.0102309997272433e-01	   3.1611763748971877e-01	   1.1742157032931856e-01	   1.0870316013404457e-01	   9.2966842737724431e-02	   8.6894207725405931e-02	   2.1262117421748741e-01	   3.5251492306050752e-01	   3.2061670570628797e-01	   4.0055320693389568e-01	   3.7357047516689734e-01	   3.9875125310136084e-01	   3.5828553631897758e-01	   2.3156027903546522e-01	   4.5811288690624735e-01	   5.0553679517276884e-01	   1.6737412352719577e-01	   5.1395283965369010e-01	   1.6936594949139513e-01	   4.5424638567810960e-01	  -5.0354439242677507e-01	  -5.6588480910570071e-01	  -3.2940628855265608e-01	  -2.8683010604778131e-01	   8.1049939427954895e-02	   2.4014140086621905e-01	   2.8912157598276120e-02	   2.9263620860027040e-01	  -1.8933094827511099e-01	  -2.7299868253452816e-02	  -1.4051548038723968e-01	  -1.4780983979463388e-01	   9.7779516025087082e-02	   1.7466487381314691e-01	  -2.3519216629157189e-01	  -4.4308099826837349e-01	  -1.9300863761615453e-01	   2.3586232454917363e-02	   1.7722727643362749e-02	   8.8796621407917636e-03	  -1.0218187363297414e-01	   9.0657167151427173e-02	
   1.9249257182976223e-01	   2.0095707100905780e-01	   9.9730884826622998e-02	   4.1467387035405440e-01	   4.5570144063473661e-01	   1.0686372159022137e+00	   3.7297495665281655e-01	   6.6695303339588674e-01	   5.1465426071826914e-01	   0.0000000000000000e+00	   1.7363352733059575e-01	   2.2532816946796902e-01	   2.3119907349113986e-01	   2.9465149730725709e-01	   4.6485958416655682e-01	   6.1418241381792915e-01	  -7.5016046644723652e-02	   2.3788828572384828e-02	   2.0961815194540268e-01	   3.6531563380035562e-02	  -4.2570309159850001e-01	  -1.7606776367939631e-01	   1.2735544440595284e-01	   2.3103671133563872e-01	   4.0848162947098018e-02	   1.9148148253657810e-01	   2.6278333949694599e-01	   3.4047250884259872e-01	  -4.7753983826456514e-02	   1.9327427883338741e-01	  -4.9122516952184822e-02	   9.5031831876085784e-02	  -2.9691887814817047e-02	   1.3064393989711526e-01	  -1.0024952061015979e-01	   1.2914867648467446e-01	  -2.0803388121590494e-01	  -2.7650794081054048e-01	  -2.1701550700026057e-01	  -1.4461719289172595e-01	  -3.7375506627913856e-02	   1.8704562493384442e-02	   8.7705135299964487e-02	  -3.4360796453113608e-02	   1.1524079489166324e-01	   1.4510918189379013e-01	   3.5807639211544666e-02	   1.4028725407826103e-02	   2.6961454736102752e-01	   2.1747728828882981e-01	   2.8609031249787570e-01	   2.2147278582629631e-01	   1.9299737534916772e-01	   9.6587029568253775e-03	  -1.5382252790450041e-02	   3.8346282493308230e-02	   1.8985992579811037e-01	   1.0265901166423236e-01	   1.2015178689743605e-01	   6.6405261925546827e-02	   2.5491387301311863e-01	   3.8836270306275023e-01	   3.9716481530707487e-01	   3.9182833418778595e-01	   1.0517349170277558e-01	   2.1199994077580875e-01	  -5.7763250727746835e-03	   1.2717514901124638e-01	  -1.4296464573297341e-01	  -1.1122115342398839e-01	  -1.5515323859851490e-01	  -1.2090400500347784e-01	   7.7513217543122379e-03	   1.2800730256283793e-01	   7.2293775594834409e-02	   2.4183741652799423e-01	   1.2265214553203901e-01	   3.3513758338986496e-02	  -1.1241527809013732e-01	  -1.8020938516111545e-01	   3.0321711716204115e-02	   1.0814853321715296e-02	   3.3959549819984730e-01	   5.9501597690692465e-01	   1.7393953062590267e-01	   2.2278984395211859e-01	   8.5498324875100395e-02	   7.1241442524456133e-02	   2.2725553878926141e-01	   3.5854087358078990e-01	   2.9930146357130766e-01	   2.2448074758453107e-01	   4.0587445404588596e-01	   1.8837421117680628e-01	  -3.8570780429830659e-01	  -3.0612438790086821e-01	  -2.3506000391096571e-01	  -1.0662395728872849e-01	   1.8632198440467432e-01	   3.5572711079151664e-01	   3.6741477044728388e-01	   2.8070836422943313e-01	   1.1341508668464127e-01	   2.1179033137323430e-01	  -1.2383273557286323e-01	  -1.1406778984474410e-01	   2.5978513835213052e-01	   1.0944887492660409e-01	  -3.1750883421425946e-01	  -5.2018587218677870e-01	  -3.1883580093271702e-01	   1.0254374176711936e-01	   3.8371904235521231e-01	   3.0606791719602255e-01	   3.2732677523118126e-01	   3.2503608120073674e-01	
   4.9444298502049527e-01	   5.0540606467276761e-01	   1.8857112952940433e-01	   2.0800160232805365e-01	   2.1069119347752652e-01	   1.5321943328429816e-01	   5.0235668546421675e-01	   4.0082364018165356e-01	   2.6637284538080075e-01	   1.7363352733059575e-01	   0.0000000000000000e+00	   7.9620207756007300e-01	   1.0205785744139844e+00	   7.8366013326584605e-01	   3.2873749978154976e-01	   9.8702986206676280e-02	   5.5471685553649164e-01	   3.6825067399587824e-01	   3.9154963694134370e-01	  -4.2860133966033082e-02	  -2.7173162368209935e-01	  -3.0775400680658688e-01	  -7.3345228845854885e-02	  -3.9307501305887354e-03	  -5.2759824470159367e-02	  -1.0809583919864521e-01	   1.9958782610374239e-02	  -3.9383625957090995e-02	   4.2699568213092659e-01	   2.0016731292516757e-01	   1.2429455601613260e-01	   1.3014767087813395e-01	   3.0232632209778743e-01	   4.0884051371246249e-01	   6.4601213872901575e-02	   1.7315945430601515e-01	   8.4077842563946500e-02	  -4.5199848584416703e-02	   6.3835700224562364e-02	   5.9911961542029823e-02	   1.8321733446521032e-01	   1.4247568303958277e-01	   3.1857110093652868e-01	   1.4048734519395860e-02	   4.7825805555856538e-01	   3.2806545612827914e-01	   1.3995178355023172e-01	   2.5716666787358414e-02	   5.6732864241893766e-01	   7.6996984197813489e-01	   7.4162217339072656e-01	   7.4853370498217686e-01	   2.0143286572212005e-01	  -1.0330485255914540e-01	   3.5465968764566536e-01	   3.3028798665121650e-01	   5.1409849667564678e-01	   4.7476632587182066e-01	   5.6602014845925575e-01	   3.2757745014729589e-01	   6.5466981317188955e-01	   4.2642036451587068e-01	   5.5330200383121209e-01	   6.1016992785763979e-01	   2.2323498637997585e-01	   2.5628808711594814e-01	   1.3421202187851464e-01	   1.5972325453996522e-01	   8.3029834285855197e-02	   5.1201108787261085e-02	  -1.7899778168376601e-01	  -2.3650110699829718e-01	   3.6148261927163244e-01	   5.0899779490505137e-01	   4.5872515198591474e-01	   4.7560187277996002e-01	   3.8847277127873164e-01	   2.8789265916084089e-01	   2.4468484173965013e-01	   2.2113571415031746e-01	   3.3299509026591823e-01	   1.9675152259610623e-01	   2.6544755197141312e-01	   1.3687522264970595e-01	   1.5390795368963558e-01	   2.6804342819463517e-01	  -5.8289010048165384e-02	  -6.6949765858031821e-02	   3.9304512325975172e-01	   3.0518473952608438e-01	  -2.3311770877799909e-01	   7.0504169710563242e-03	  -2.1506326482260593e-01	  -9.8019891517065014e-02	  -8.3110441532646878e-02	  -1.2590117728330434e-02	   1.8264755406578492e-01	   1.9238833980149780e-01	   2.9133546015023465e-01	   3.7016186522310762e-01	   1.9386665784552795e-01	   1.5589093924025912e-01	   1.2330336765786627e-01	   2.9034147365623486e-01	   2.4325609158175915e-01	   2.3785978827407162e-01	   1.1008411920825738e-02	   2.0799350100947267e-01	   1.2677255326898876e-02	   3.2712487158537425e-02	   1.7367621361452223e-01	   2.0570854015932828e-02	   1.7581729109954841e-01	   2.8640585332190288e-01	   2.4409247102481704e-01	   6.7972380749018235e-02	
   1.3177621068864426e-01	   2.6777195825689903e-01	  -2.2657692858247008e-01	   2.2383446040903549e-01	   2.7557948401958927e-02	   2.4343465815595175e-01	   1.1091130268521576e-01	   4.3428360213430117e-01	   1.7000822802133688e-02	   2.2532816946796902e-01	   7.9620207756007300e-01	   0.0000000000000000e+00	   4.0015338920526944e-01	   1.2890303399716045e+00	   1.7533687795072211e-01	   2.5361054843295011e-01	   3.1141981636929167e-01	   2.2105504870958650e-01	   6.2737693779667508e-02	  -1.8619489519115098e-01	  -6.9503909346329190e-02	   5.3885303380409540e-02	  -2.3641535842841038e-01	  -1.9397377537073261e-02	  -1.1140992632600383e-01	  -1.0845904332479646e-01	  -1.1559687917046853e-01	  -5.8702955904605017e-02	   7.0710721899582585e-01	   6.0218207588826145e-01	   1.4739639541549554e-01	   2.6514180455918335e-01	   2.1689885837350575e-01	   4.5864973631498468e-01	   7.4403787900848457e-03	   3.3611724886403260e-01	   2.7330154504220905e-01	   8.5142076524429733e-02	   3.8451572882175744e-01	   4.0515951517439747e-01	   4.0004171085050549e-01	   4.1007678880388454e-01	   1.5883392479067499e-01	  -2.4117247828522190e-02	   6.0720292985973390e-01	   6.9695028611819387e-01	   2.4272207380277150e-01	   1.6527725009517413e-01	   6.9995451711393819e-01	   9.2655296486399508e-01	   6.6828608380711851e-01	   9.5711642311292822e-01	   1.1956376738603577e-01	  -3.8212835928518950e-02	   6.0553340433986391e-01	   6.5672375134563954e-01	   1.9211687740375347e-01	   2.6991220246901942e-01	   5.5770642989207053e-01	   5.6773465612397145e-01	   4.5844923201676169e-01	   7.2747876151039859e-01	   2.7247779146631124e-01	   6.2247169928556667e-01	   1.0288270038766754e-02	   3.8284713697837547e-01	   2.1923908667630471e-01	   3.2392421045612996e-01	  -4.5225759212301708e-02	  -1.4442495034399860e-01	  -1.3941374524803327e-01	  -8.4954146555604779e-02	   4.1147081314110689e-01	   6.5633024456458533e-01	   3.7515506883940747e-01	   6.1292802974000471e-01	   4.7390885010853590e-01	   4.4939138162530090e-01	   2.0371320295521467e-01	   1.3507937757969579e-01	   1.6487817606448651e-01	  -1.3135581540900200e-02	   2.7863981173260982e-01	   3.3673868560724302e-01	  -1.1795809669432401e-01	   1.6732677116374695e-01	  -1.4541527516305225e-01	  -3.9992218000911114e-02	   1.6537051751986806e-01	   2.1999604278381152e-01	  -1.9205969859135327e-01	  -7.5115619902336908e-02	  -1.4483123239630005e-01	  -3.6823596307664441e-01	   1.9236985484085212e-01	   3.4317804058696733e-01	   5.1940186616868000e-01	   5.0786440887200179e-01	   4.5409626249468810e-01	   4.5710595664781850e-01	   2.5866984145281041e-01	  -1.3051006065823043e-01	   1.6088980008540560e-01	   1.0453534660789567e-01	   2.4860316657125972e-01	   1.5399844078900060e-01	  -6.8686726689053693e-02	   5.2324587411567522e-02	   4.1398685139013194e-02	   2.5052075336877161e-01	   3.3970153028100769e-01	   2.0890787670271532e-01	   4.2554111849665199e-01	   4.1913602598294336e-01	   4.5017727718673578e-01	  -1.5184994823981141e-02	
   5.2436605519276758e-01	   6.1860097748163745e-01	   1.5449382471332232e-01	   9.2982024296469373e-02	   1.8635845349178615e-01	   1.4643934819702950e-01	   4.6524968309431225e-01	   4.2969939268761109e-01	   3.6079414850302122e-01	   2.3119907349113986e-01	   1.0205785744139844e+00	   4.0015338920526944e-01	   0.0000000000000000e+00	   5.5616063508956326e-01	   3.4542118011952144e-01	   1.5914774351427699e-01	   5.6874915343592591e-01	   4.5234134636614221e-01	   5.3690166867320066e-01	   2.5048939477257054e-01	  -4.0927215186307903e-01	  -3.9971622835257997e-01	  -1.4341581991283264e-01	  -8.7520058602855069e-02	  -2.6173251527161218e-01	  -2.4948230107516708e-01	  -1.0328713794550264e-01	  -1.3889822586473971e-01	   3.3730123205797380e-01	   2.8494479158222380e-01	  -1.2927809868468637e-02	   2.7184727753339532e-02	   2.1266515372100106e-01	   3.2471380715064346e-01	  -2.0135065641022581e-01	  -9.0803025471570889e-02	  -6.0167334896848237e-02	  -4.3077866426320201e-02	  -1.1008059128094831e-01	  -1.1870904032337386e-01	   1.6067689860339257e-01	   6.5546472203057662e-02	   3.1881559516529362e-01	   1.3479544258925005e-01	   1.7672740897409278e-01	   7.4132506512237753e-02	   9.1204136558097740e-02	   4.2650590759622124e-02	   4.4539338935429929e-01	   4.3020083548900179e-01	   5.7259375101186583e-01	   3.2453109180834838e-01	   2.0215950794164622e-01	  -3.1648293320698989e-02	   2.2146092835916237e-01	   1.7020436941459938e-01	   6.8901645862973926e-01	   4.7846860600644059e-01	   3.1717134330144103e-01	   1.1245944777595032e-01	   5.5877526178075032e-01	   2.4318133081026785e-01	   7.1476247169480267e-01	   6.6580975758231964e-01	  -8.2828846016026910e-04	  -6.2362128583013810e-03	  -1.5889360800298125e-01	  -1.2798526718570555e-01	   3.4888782888117656e-02	   3.6560409414167485e-03	  -1.3195214980965625e-01	  -1.6780141654527880e-01	   4.1470927311371553e-01	   4.8553596892259177e-01	   5.0795154018940902e-01	   4.0723488996469726e-01	   1.7391001953356638e-01	   1.0096256276475878e-01	   1.4009136453437449e-01	   2.1562343154615443e-01	   3.5720521266438443e-01	   2.2144423814601999e-01	   1.9384418939130554e-01	   2.3471411737861408e-01	   5.3743571472969189e-02	   4.1356007271453013e-02	  -2.1030112717327870e-01	  -2.5582789715857507e-01	   2.1667981721714560e-01	   1.8254292182243151e-01	  -2.5298758129214904e-01	   1.0788377866153617e-01	  -2.3005607594214345e-01	   3.5567760148350329e-02	  -2.0845615882262264e-01	  -2.7543244042240683e-01	  -5.1254867515658616e-02	  -1.1690764557298984e-01	   1.8691308139409601e-01	   2.6070488536800673e-01	   4.8025497121865518e-02	   1.8868149589392263e-01	   6.5991195991981458e-02	   2.5270401956547883e-01	   2.2478234368639965e-01	   1.7394366726436594e-01	   3.1931939212362502e-02	   2.0798768377293730e-01	   8.9999955451999708e-02	  -7.9291271736877514e-02	   1.1592291184202741e-02	  -2.3248800162763636e-02	   4.2273972124781838e-02	   2.1464530073555366e-01	   1.4672581538390664e-01	   1.2812221583075595e-01	
