   0.0000000000000000e+00	   4.8997498335428957e-01	   1.2821257314227755e-01	   9.0919245923471809e-02	  -1.0591177161773685e-01	  -1.3520492247281283e-02	  -1.2298451164699317e-02	   1.7107119150426153e-01	  -4.7610385377852525e-03	  -9.4785821132005704e-02	   3.6493338578988965e-01	   4.6932404912480086e-01	   4.5088448819048460e-01	   3.7981982883900672e-01	  -1.8043800742388962e-02	   4.2933202206070102e-02	   8.1614532724281241e-01	   7.4630605875219491e-01	   4.4783348127638467e-01	   3.3812218188715326e-01	   3.4193043415786245e-02	   7.1344145875965395e-02	   5.1183546068786001e-02	   1.4172153009177307e-01	   4.6506850668258026e-03	   6.2710206546731415e-02	   5.0758647634499769e-02	   8.7536475058612576e-02	   4.7137309433539409e-01	   4.6528728471236092e-01	   1.8668369845341992e-01	   2.2714495764672632e-01	   4.8810631445691333e-01	   5.3370041265728430e-01	  -8.7119253521732942e-02	  -5.1922984652032843e-02	  -2.6682886396165717e-01	  -1.6341571222264784e-01	  -4.7439418498401179e-02	  -1.0441795286007792e-01	  -4.4894256593266825e-02	  -2.0063917419177978e-02	   4.8141884847277350e-01	   2.1676906928192860e-01	   1.1615440218231311e-01	   1.2046548330832806e-01	   1.9719143678715936e-01	   2.0269927857159034e-01	   1.8416482949546215e-01	   2.2006865394700283e-02	   2.0230712338321469e-01	   6.0165676164753594e-02	   4.1728043484061610e-02	  -7.6604690395287431e-02	   3.4638775657234455e-01	   2.1182958916850805e-01	   1.4143120002289373e+00	   6.6969999614878983e-01	   4.4200851496426191e-01	   7.5675246995464310e-02	   5.5666509793005192e-01	   1.9978258789927367e-01	   5.3295864799449422e-01	   4.8309228289543366e-01	   3.2309593514889552e-02	   1.1986977988513278e-01	   4.8042373770463671e-02	   5.5243269721928619e-02	   5.5892167958152994e-01	   3.0690682712067319e-01	  -1.1695970544098255e-01	   1.8476155706086514e-01	   5.2743069771354667e-01	   4.2884834856089687e-01	   4.3896782876396917e-01	   2.2440667363023056e-01	   2.1271409867347632e-01	   4.6538019809950586e-02	   8.8192595156353015e-01	   6.8697998124432269e-01	   7.5081833008112531e-01	   6.3982526832619269e-01	   1.2012695034819887e-01	   3.8694232597399035e-02	   2.3021688537488350e-01	   2.5374621596119518e-01	  -1.0031086350970370e-01	  -6.3612005772683070e-02	   1.8342450050663128e-01	   1.6047881808122674e-01	   1.9933804099588233e-02	   1.0109087451711761e-01	  -3.6051149026897503e-02	  -2.1205891052832368e-02	   4.9529313965832200e-01	   4.2539034292684064e-01	   4.4457883757627736e-01	   7.7303399552762742e-01	   3.7190580441424287e-01	   6.1583952722216662e-01	   2.0471252247436172e-01	   1.9175871446826345e-01	   3.9280880984711630e-01	   4.0335056398834501e-01	   2.2742511916406881e-02	  -6.2419933454221387e-02	   1.0267696569652213e-01	   1.8269772141522072e-02	   2.5508799892798073e-01	   3.4945930842098855e-01	   3.5979238603441721e-01	   4.1709764228818091e-01	   2.2347894814132629e-01	   3.9746226674549601e-01	   2.5751247873236394e-01	   7.5042136541033339e-02	
   4.8997498335428957e-01	   0.0000000000000000e+00	   6.2334120920050438e-02	   2.3627868631674387e-01	   1.8193316821600639e-01	   2.5584413847317250e-01	   1.9303537901001760e-01	   2.9529828297109928e-01	   3.1598440281918322e-01	   2.8097319528658898e-01	   4.9980376763535872e-01	   6.4843784037051888e-01	   6.1261362892472093e-01	   4.2083234742940206e-01	   3.5360037287061413e-01	   2.3116124979021674e-01	   5.2496846941297903e-01	   6.3729061162918210e-01	   5.8052294341562249e-01	   8.2100193587915560e-01	  -5.0864669479683079e-02	  -5.6658078870442531e-02	   2.6781506760958523e-01	   2.5266551765086576e-01	   1.7420677527132589e-01	   1.0613700828660971e-01	   2.5091569486883974e-01	   1.6496644152629752e-01	   3.8807849861549215e-01	   4.8265126078818715e-01	   1.2675500184240779e-01	   1.7198442021742380e-01	   4.2235030247926458e-01	   5.9283905259868019e-01	  -4.7613924437519321e-02	  -9.1652386705641277e-03	   6.5943595537776040e-02	   1.3067100955797573e-01	   5.0386986358517592e-02	   1.1793501339915180e-01	   1.2399678218894587e-01	   3.0877063964464813e-01	   4.9470105982848706e-01	   3.5369708684840412e-01	   2.1353602478688191e-01	   2.0962312570631797e-01	   4.8008960638917381e-01	   3.8849713915219819e-01	   1.5816754187170309e-01	   1.6689003972683017e-01	   2.4689770248243187e-01	   6.0675407856837865e-02	   4.1581783271761663e-01	   3.6850247661710156e-01	   3.7841521993446081e-01	   2.7594747507121486e-01	   4.1150148532187569e-01	   8.2702122857258709e-01	   1.3696149096217036e-01	   1.4210458524999109e-01	   4.4401403661009253e-01	   2.5769282199017862e-01	   3.6123498566266754e-01	   5.1650047117245879e-01	   1.2493096664170369e-01	   7.6413560409702569e-02	   7.9916522534218166e-03	  -1.1374129072918458e-03	   2.4238530963949764e-01	   4.4337367973055630e-01	  -2.6179270903907655e-02	   9.4128590154628738e-02	   7.9180148345814372e-01	   7.4060381106750983e-01	   6.2473511389218517e-01	   7.2481014700437085e-01	   1.8742948576555551e-01	   2.4020476024878906e-01	   3.9248337808564226e-01	   4.3600397991053996e-01	   6.0979024763309009e-01	   7.5967169869920448e-01	   5.6386688212877956e-01	   4.2522062889972723e-01	   3.7053349132066721e-01	   2.7857234189471136e-01	   3.1581807737319285e-02	   8.2910698370646560e-02	   1.5403502871854224e-01	   2.3544122368932696e-01	   2.4571212438799300e-01	   1.8548846082054646e-01	   1.6896587859770829e-01	   9.7122887737974270e-02	   4.0966715129626949e-02	   1.2764316956873517e-01	   6.3669975562495162e-01	   2.6489217031818202e-01	   5.3445931458059159e-01	   4.4592072389413662e-01	   4.2157149909580210e-01	   2.4234261117815759e-01	   6.1707777164403166e-01	   4.1213514773117016e-01	   3.6325730162121006e-01	   1.0448006342020376e-01	   2.5656050456621593e-01	   1.8473856154993698e-01	  -8.5017246242738598e-02	   9.1830671682644888e-02	   6.0140842449207543e-01	   5.8788049662910402e-01	   5.2844087830301867e-01	   8.5207666376105218e-01	   5.0616609009883762e-01	   8.3818365238975540e-02	
   1.2821257314227755e-01	   6.2334120920050438e-02	   0.0000000000000000e+00	   6.9015584440650746e-01	   5.6611326934334438e-01	   5.2720781482958756e-01	   1.1009872826892053e+00	   4.4562811358661802e-01	   8.0248832944082860e-01	   6.0465598931649978e-01	   2.1805619542061111e-01	   2.0545684027928637e-01	   1.8059722343863233e-01	   4.7091121508708633e-01	   4.9987380153270622e-01	   5.6102074564611937e-01	  -1.5649982593500544e-01	  -1.4237984772504145e-01	   5.9782815234999154e-01	   4.7804947589382413e-01	   4.5010927713313087e-01	   1.1362057794797971e-01	   1.2542309333110091e+00	   1.0999815434551896e+00	   8.2855438351220956e-01	   7.5289967428584159e-01	   6.4466858191156862e-01	   6.9907086776814165e-01	  -2.2155215459326957e-01	  -2.2127230650829763e-01	   4.3065769023686051e-01	   4.5663431770261154e-01	   4.1100998827495128e-01	   4.4117551272697608e-01	   7.3357875152933172e-01	   5.8131862973841242e-01	  -4.1110125003023917e-01	  -2.9956332415122700e-01	  -7.1224478356017071e-02	  -1.6333435002298499e-01	  -3.5359307702787962e-01	  -2.6013663294860295e-01	   2.6402983143935871e-01	  -6.2272006680052991e-02	   3.0075954569028690e-01	   3.5470656718637550e-01	   2.1974762269062315e-01	   1.1393160108441890e-01	  -1.7675826494387908e-02	  -7.4955344717029776e-02	   2.1197926871872874e-01	   6.2042024022482753e-02	   6.4952105783245256e-02	   1.7659864239941547e-01	   1.5223697690889526e-01	   9.8104976573089892e-02	  -5.6275837468535733e-02	  -1.0761385525947149e-01	  -1.2707457547257645e-01	  -9.5367462281977275e-02	   1.2925273155375341e-01	   1.2525227537164388e-01	  -2.1406336425988709e-01	  -2.0281475232840318e-01	   1.1419500232674913e+00	   6.8361661358758008e-01	   5.6356615586084668e-01	   5.1417497782222954e-01	   3.5887850270531313e-01	   4.2568191241309183e-01	  -2.8560497019611067e-02	   1.4382612596673838e-01	  -9.1644413817881382e-02	  -4.3781719597821761e-02	  -3.3635222208514240e-02	   6.9050331826064570e-02	  -1.2839377634279087e-01	  -1.0148766655174658e-01	  -1.6716678649188113e-01	   2.3728108545777254e-02	  -4.9104673496016020e-03	   1.7490313363543056e-01	   2.9774694348751596e-01	   1.6797550976023903e-01	   6.2513141028249530e-01	   7.3485209185854306e-01	   5.9250243539696157e-01	   4.1434459399332124e-01	   5.5061915901001579e-01	   4.1555262165154971e-01	   3.2019086055086010e-01	   6.4400997763225865e-01	   5.8821301634951317e-01	   9.6574160501166795e-01	   2.5236895036270812e-01	  -3.5334228082489247e-02	   3.2401377229575773e-01	   2.1716708118157729e-01	   1.3636973780596487e-01	   7.8875804526682997e-02	   1.9667865736418644e-01	   4.8018666432609936e-01	   1.5901155031249969e-01	   1.4260120028197323e-01	   1.1410609388920656e-01	   1.7169871896622485e-01	   3.5602653497483960e-01	   4.0915538975944182e-01	   1.7108951103932757e-01	   2.3793267241757399e-01	   4.4016078365145456e-01	   4.0861310151154284e-01	   3.5832015761478153e-01	  -2.7474230352838710e-03	   1.6797058989471300e-01	  -1.6410831136945833e-01	
   9.0919245923471809e-02	   2.3627868631674387e-01	   6.9015584440650746e-01	   0.0000000000000000e+00	   5.2207050913677655e-01	   8.7790028704410095e-01	   6.4915816241055635e-01	   1.1690633998177971e+00	   7.4482205051449557e-01	   1.1286310779594690e+00	   1.7095176642390494e-01	   5.3590213149390409e-01	   1.4297471389023139e-01	   8.0951147046586946e-01	   6.6041933036820044e-01	   1.0282213397150299e+00	  -2.1955980796292893e-01	  -1.9276995817213186e-01	   6.0757051167067622e-01	   5.1351730124443762e-01	   2.4833519315331021e-01	   3.6280961734093375e-01	   7.0266259685488364e-01	   9.1854435624277853e-01	   5.1304123096947207e-01	   7.1547317150107415e-01	   7.2415297090502861e-01	   8.1870901915030936e-01	  -3.8840866731083684e-01	  -2.3336168206696711e-01	   1.8729198179593448e-01	   3.6449973331449137e-01	   5.1552020835036783e-01	   6.4642010756377499e-01	   5.5966974493680077e-01	   7.0764608786073613e-01	  -6.9942035669268710e-02	   1.7141194135192869e-01	   2.0358929215771526e-01	   3.0071466990022289e-01	   1.9567994646259648e-02	   1.0212213741537962e-01	   2.9166346445362884e-01	   1.8057479229319828e-01	   3.3129140068352553e-01	   5.1115836199666531e-01	   4.8235085678729916e-01	   4.0205766000762505e-01	   1.8658446549963575e-01	   4.3077550778779816e-01	   4.7110886384850192e-01	   5.5563841893469823e-01	   4.7073775735592499e-01	   4.8777825599279767e-01	   4.7655673220832084e-01	   4.3567364481775533e-01	   1.2701274629634853e-03	   1.0984685315876301e-01	   8.0852839227023535e-02	   5.8631783729919151e-01	   2.8688806660375277e-01	   8.4068321747149188e-01	  -2.6973055658174772e-01	  -5.2458493375001775e-02	   6.2189299898675121e-01	   1.3881532455199863e+00	   5.2431129685988442e-01	   7.1787100087487021e-01	   2.4127337242150260e-01	   5.3462944600710793e-01	  -9.1899801101222395e-02	   9.4698555882144306e-02	  -6.1167804469442241e-02	  -8.9550451902654288e-02	  -1.8509507093965278e-02	   8.0113451877957889e-02	  -2.0397879825158675e-02	   7.9544349611791923e-02	  -2.4645728470985662e-01	  -1.0834920597578079e-01	   1.5387073186731640e-01	   3.6380161231632074e-01	   7.1212187596534937e-01	   5.8649396822624178e-01	   5.8893908765521252e-01	   1.1068236646143266e+00	   7.2841236317637126e-01	   5.6327798425586240e-01	   8.8967356647449380e-01	   1.1608501965811326e+00	   6.2027231881763689e-01	   5.3091359843756303e-01	   1.1336513598677067e+00	   6.1333836821846055e-01	   6.4237615915090154e-02	   8.7967619766880237e-02	   3.9987076576102010e-01	   1.7990214941146304e-01	   3.8072054911625486e-01	   2.6031511270540242e-01	   6.6971712035334396e-01	   4.3370965066070877e-01	   3.7035954575332053e-01	   2.4204162935700299e-01	   4.8654194344325929e-01	   2.5840184715169656e-01	   6.6630332416054627e-01	   4.4686515324047160e-01	  -9.1528727753786385e-02	  -2.6023074704596045e-02	   5.7049814028638335e-01	   6.6132186385563496e-01	   5.8666046447033837e-01	   2.5236448039739728e-01	   4.0083947492063865e-01	   4.6816804235302158e-03	
  -1.0591177161773685e-01	   1.8193316821600639e-01	   5.6611326934334438e-01	   5.2207050913677655e-01	   0.0000000000000000e+00	   1.0695962002361306e+00	   5.1153563198423946e-01	   3.8042897765784978e-01	   1.1362558263489240e+00	   7.2297969749826951e-01	   1.6822679709291474e-01	   2.4046230318074580e-01	   1.0421776307183908e-01	   2.9337098808151196e-01	   6.3266461041870004e-01	   4.2815204669564522e-01	  -1.0886487460937050e-01	  -4.4426096484806908e-02	   4.8362706220869223e-01	   4.1303144539287434e-01	   6.7450394961655524e-01	   2.8112092789708770e-01	   6.7142882777739765e-01	   5.7185679084662822e-01	   7.2852186781767792e-01	   6.4166226858225017e-01	   9.0286403261812231e-01	   8.1034812464696193e-01	   4.3208693512667720e-02	   8.2752260362461028e-02	   4.0768174362732040e-01	   3.9128876850103983e-01	   2.1245736582297128e-01	   3.0324520602537491e-01	   2.6839835991964889e-01	   2.3698992383343787e-01	  -4.9572407433847700e-02	  -4.2453077077795331e-02	   3.7478782197300893e-02	  -2.9153641790675512e-02	  -1.3144413688456718e-03	   2.1009929920330356e-01	   2.3865968879885979e-01	   1.2170019127211500e-01	   2.4813372980166620e-01	   2.5831280557215303e-01	   3.8089174829790123e-01	   2.0934141631765069e-01	   2.9333048815417151e-02	   5.2150253108448286e-02	   1.1189173533970517e-01	   4.3842422393793989e-02	   3.9499484590267209e-01	   3.6918151061301974e-01	   2.3839254614398445e-01	   8.8294306593015293e-02	  -1.8434388363307444e-01	  -4.0637814334281507e-02	  -2.0010820050172307e-01	   1.3962675301714515e-02	  -4.3642949222941645e-02	   1.3472706394823186e-01	  -1.7215738621023466e-01	  -2.2233053645426548e-01	   5.3466306757591364e-01	   3.8829308770120707e-01	   1.1179574236593288e-01	   9.9783597773367400e-02	   4.4280671845989196e-02	   1.7109320351840240e-01	   1.0015862823530108e-01	   2.1631901286074459e-01	   1.9025196790561316e-01	   1.5691388555209168e-01	   2.3778472615317220e-01	   3.4401226234614735e-01	   1.2129833508912491e-01	   6.8813697266218929e-02	  -1.3091271973792609e-01	  -6.6187174304052220e-04	   7.1913806739102554e-02	   1.5637341430489318e-01	   4.0690878723004159e-01	   4.1867982172735657e-01	   2.5604537426706225e-01	   2.9241482432018062e-01	   4.0267562820115888e-01	  -1.3242181003742427e-02	   1.6990542413717605e-01	   1.5715394359708035e-01	   4.4486797625288010e-01	   3.7141372500904013e-01	   4.9119964776559072e-01	   4.6972564612968770e-01	   2.5765925745323208e-02	  -3.6741788867971262e-02	   3.3132799196789908e-01	   8.4539570107951628e-02	   3.6736789800409714e-01	   1.0245556304995576e-01	   2.5007290489516909e-01	   3.3654020348420866e-01	   1.9482280816269928e-01	   9.5196714770991647e-02	   2.1695883751368633e-01	   7.2382408750073970e-02	   1.6088872333582849e-01	   2.3130363017925681e-01	   2.5763849123548940e-02	   1.6580709539541568e-03	   2.3141449707554446e-01	   3.5459126722036732e-01	   3.3402389195695709e-01	   7.4241788318854904e-02	   1.8559882239341408e-01	  -6.8031358848927512e-02	
  -1.3520492247281283e-02	   2.5584413847317250e-01	   5.2720781482958756e-01	   8.7790028704410095e-01	   1.0695962002361306e+00	   0.0000000000000000e+00	   6.6366785815599361e-01	   7.9995408524959610e-01	   9.6912576267867567e-01	   1.1966634197242538e+00	   1.4591365124125025e-01	   5.1494291452137864e-01	   1.3398918568011700e-01	   6.3393473178070237e-01	   6.8507482527125418e-01	   8.3938619201904119e-01	  -1.6084342290159531e-01	  -1.6666752194308498e-01	   5.3421238295688145e-01	   4.7241572841837692e-01	   5.7130480012511109e-01	   3.9558201484263356e-01	   6.9582387646628430e-01	   7.6608192537415409e-01	   5.9110489437849401e-01	   7.2806816975554234e-01	   9.0404232274739715e-01	   9.0498542561838347e-01	  -1.0752767656790574e-01	   3.4186243928108921e-02	   4.6049482852279117e-01	   6.1273192093679563e-01	   4.8202238341512854e-01	   6.3731989547809054e-01	   3.8156076257458027e-01	   4.7120893331749858e-01	  -7.3898662205359011e-02	   1.0780920181585599e-01	   1.6724029241618782e-01	   1.7069703345127624e-01	   6.5314941718928538e-03	   2.5822810440977761e-01	   3.0646497901828834e-01	   2.5965630250068028e-01	   4.1772095413983440e-01	   5.8321763020947981e-01	   5.1012357276199638e-01	   3.7135142102214025e-01	   2.5108423408893432e-01	   3.6156993876972282e-01	   2.9700997911432353e-01	   2.7820808091415811e-01	   4.6539099833255027e-01	   4.5404275290599311e-01	   4.2732722646206722e-01	   2.5822680803345299e-01	  -1.4634782875795968e-01	  -5.0366609474475937e-02	  -5.8238906054528125e-02	   2.5497822048478197e-01	   1.6316031408369863e-01	   5.3877238197800947e-01	  -2.3991872556912841e-01	  -1.3927995422411277e-01	   4.7458921146589994e-01	   6.6036420076350499e-01	   2.7063096411723492e-01	   3.5910629061795379e-01	   6.5447624449026416e-03	   2.4852619282664856e-01	   6.7232037450355012e-02	   2.6705493447092371e-01	   1.6507033343777505e-01	   1.4791409715836831e-01	   2.1060240845286438e-01	   3.8272559369584269e-01	   2.2013439278586822e-01	   9.5556089588166096e-02	  -2.3597412403504658e-01	  -1.7586966643630550e-01	   6.3619947071649960e-02	   1.8600676543498509e-01	   5.4231902100697360e-01	   7.9130406563043498e-01	   2.6447349889152100e-01	   5.1210870759004501e-01	   5.3876635143849116e-01	   2.7651527717662461e-01	   4.5290919944927027e-01	   5.4057559024082669e-01	   5.3494596085958124e-01	   4.2931777617094646e-01	   8.4424285492828133e-01	   5.0758118537684693e-01	   2.7166864353057523e-02	   3.5915561066857712e-02	   4.7313788360553310e-01	   1.4180110101853527e-01	   4.2310283589348036e-01	   1.3887335539767964e-01	   5.6218869909726366e-01	   3.8803436979906802e-01	   2.9215809279812743e-01	   1.6413877433073051e-01	   3.7667223906610459e-01	   1.2330269986111221e-01	   4.9178481885463726e-01	   3.5141177328590717e-01	  -5.1897126792902148e-02	  -1.3902744812315411e-02	   4.3539302963143622e-01	   5.6636852520390391e-01	   6.1883335339079160e-01	   2.9792516812325526e-01	   4.1487702074280286e-01	   2.3825835330075901e-02	
  -1.2298451164699317e-02	   1.9303537901001760e-01	   1.1009872826892053e+00	   6.4915816241055635e-01	   5.1153563198423946e-01	   6.6366785815599361e-01	   0.0000000000000000e+00	   7.7907349579020901e-01	   7.6856349816040825e-01	   7.7902569968929225e-01	   3.5267144207065765e-01	   4.9957158064078239e-01	   3.0079630131624563e-01	   7.0099877420551437e-01	   5.7661111601672155e-01	   7.4212943504527407e-01	  -2.0880229620890153e-01	  -2.0317143345158134e-01	   5.3720056877513711e-01	   4.5694177423381360e-01	   1.5356208815268607e-01	  -1.4824832611179683e-02	   9.6728071363490842e-01	   8.4262457067385499e-01	   4.4034769349481379e-01	   3.8809937584720955e-01	   4.8468149514108450e-01	   4.6370786748988141e-01	  -2.2606773804437605e-01	  -1.5933654177396694e-01	   3.2890174150030310e-01	   3.9018543727445903e-01	   5.7645044730101291e-01	   5.9244801236148614e-01	   4.5344541793742799e-01	   4.7128866061973740e-01	  -2.2595199731697152e-01	  -1.3698868708938403e-01	   1.3311150554010903e-01	   1.2298174358337390e-01	  -1.5306886499808575e-01	   1.1470958923363585e-02	   1.3802091533349189e-01	  -2.4957508533544906e-02	   2.0498110748445336e-01	   4.1761251223189705e-01	   2.9907120578116170e-01	   2.0152885338528334e-01	   1.6713070530063900e-01	   2.0355236015121003e-01	   3.1699882304554394e-01	   1.8811304896205736e-01	   1.7409303075054644e-01	   3.5910198603196170e-01	   3.4178019247926128e-01	   2.9657727547315499e-01	  -2.8089493202651306e-01	  -1.5642683320393899e-01	   4.9037442821416949e-02	   5.2310343284805001e-02	   3.9535094809921428e-01	   4.3330975940385880e-01	  -5.7005711651103241e-02	   1.5071014488282889e-02	   6.5934346734043092e-01	   5.8050288682213347e-01	   5.7271705188501920e-01	   5.5280547158849069e-01	   3.7399942826246285e-02	   3.2609710266754205e-01	   1.4346838458658095e-01	   1.8566231186878984e-01	  -4.6034579146295431e-03	   4.3879272921859114e-02	   9.0562865860115541e-02	   2.9358959703184340e-01	   3.1179556689242539e-02	   1.2788618429206408e-01	  -4.1667907687073003e-01	  -2.4470257578258359e-01	  -1.2907240709763829e-01	   8.0004377794266612e-02	   4.9024947531812701e-01	   4.3470643362622652e-01	   4.2909904328267839e-01	   5.3974902710706962e-01	   4.6091010427912715e-01	   5.2537534566382416e-01	   5.3896488371713214e-01	   5.5092782591027023e-01	   3.3114180242229185e-01	   7.4804348864687442e-01	   6.1713329141919204e-01	   8.2719341913426625e-01	  -9.0517286214929112e-03	  -7.2893011637919281e-02	   3.4131366227904997e-01	  -1.0093218831527291e-02	   2.2918794852047847e-01	   1.0674515154990172e-01	   3.8903854429070800e-01	   6.0024257204391251e-01	   1.7468502717830131e-01	   2.4629645938080114e-01	   3.2097682174697284e-01	   2.3092570699929404e-01	   4.6468396137388945e-01	   4.7252336818304985e-01	  -9.1631113530595207e-02	   3.6844830888828492e-02	   3.8740601592602203e-01	   3.5328021836917789e-01	   4.2696583728864329e-01	   1.2740772908254355e-01	   1.8729998360430905e-01	  -1.2772087921681402e-01	
   1.7107119150426153e-01	   2.9529828297109928e-01	   4.4562811358661802e-01	   1.1690633998177971e+00	   3.8042897765784978e-01	   7.9995408524959610e-01	   7.7907349579020901e-01	   0.0000000000000000e+00	   5.5394152242270933e-01	   9.2178927613423289e-01	   2.4054130540667368e-01	   9.4751536815952198e-01	   1.9409115695918452e-01	   1.1653723886638030e+00	   5.1650405850987857e-01	   1.0164303171899860e+00	  -1.4088705883731820e-01	  -1.3056128645981249e-01	   4.7386436286548805e-01	   3.5617065022127747e-01	   4.8460613332710532e-02	   2.0942868826725533e-01	   5.0089479193438735e-01	   6.5164058056848795e-01	   1.9363066833548265e-01	   3.6144018875035028e-01	   4.2431270031258117e-01	   4.5088368478236129e-01	  -2.4902385207649347e-01	  -5.0090762060799258e-02	   2.1573760455635518e-01	   4.1049904141696414e-01	   6.4887468183567210e-01	   7.8430632881376483e-01	   2.1594724834009849e-01	   4.3478342478235482e-01	  -3.3066087062704308e-02	   2.0019628632256403e-01	   3.0180124143212478e-01	   4.5980458810849545e-01	   9.5701727511046844e-02	   2.7953216960874200e-01	   1.5481883085336401e-01	   1.6190339013714786e-01	   1.7205164423348360e-01	   5.0105391436879532e-01	   4.6560275133238083e-01	   4.2603396101919722e-01	   2.7898637545292515e-01	   6.0354073853013990e-01	   3.8586617193210965e-01	   5.6654077582554740e-01	   3.8389435422994889e-01	   4.7138262104806838e-01	   5.4780444575365306e-01	   5.5341795690879070e-01	  -1.2801977388739715e-02	   6.0332267367756494e-02	   2.9315948324850510e-01	   5.7561473169541300e-01	   5.9191351553688454e-01	   1.2234168423121936e+00	  -3.8982258863277372e-02	   2.0018070052276177e-01	   3.0076875954236415e-01	   9.5011788641361694e-01	   4.2050889518724965e-01	   6.0329026748712622e-01	  -2.9622994756777793e-02	   2.7630417075770852e-01	   8.1849301281582604e-02	   2.5121422857684106e-01	   9.2634974921314200e-02	   3.8843109809695041e-02	   1.4449960037383919e-01	   3.0725840166501606e-01	   1.7361335250975077e-01	   2.4825611538137354e-01	  -2.5316604745560739e-01	  -2.0528822249900525e-01	   8.1526230740454980e-02	   2.7392603499335266e-01	   6.4150853563234578e-01	   7.5892597169288845e-01	   2.8353699993588405e-01	   6.8639933970399714e-01	   4.0725142144661242e-01	   5.6502890457039090e-01	   6.2304122436369136e-01	   1.0111343289790258e+00	   4.4759713283837471e-01	   4.5751745499742513e-01	   8.0930529461073830e-01	   3.7108730233758025e-01	  -1.5951595067588181e-02	   1.1656847745875148e-01	   3.5975613555494179e-01	   1.2164099709934902e-01	   4.0064374478436937e-01	   3.1165237380106925e-01	   7.8639556490926765e-01	   4.8026543761381557e-01	   3.5562264606185889e-01	   3.4795211882887250e-01	   6.0938952326912998e-01	   2.4899597481381983e-01	   5.7253545529321892e-01	   3.8961989470758446e-01	  -2.1697925318156194e-01	  -1.0336487742316065e-01	   4.2622579453873599e-01	   5.2542790777147530e-01	   5.2942252788191491e-01	   3.3941478005358144e-01	   3.9386540370382994e-01	   5.1558014921050492e-02	
  -4.7610385377852525e-03	   3.1598440281918322e-01	   8.0248832944082860e-01	   7.4482205051449557e-01	   1.1362558263489240e+00	   9.6912576267867567e-01	   7.6856349816040825e-01	   5.5394152242270933e-01	   0.0000000000000000e+00	   1.0734559887370998e+00	   4.0219462298873876e-01	   3.9366919464904659e-01	   3.4477857836695669e-01	   4.1644634116523271e-01	   9.4617486065961054e-01	   5.6928742179482827e-01	  -7.4187270720291701e-02	  -5.2112997425036209e-02	   6.2673591336161172e-01	   5.7126743935896540e-01	   4.0703520615893141e-01	   1.8561691950665524e-01	   9.1249314397574022e-01	   7.9311373313886191e-01	   7.4423621667612672e-01	   6.4020197142147550e-01	   7.9721965093926717e-01	   7.6485726050768066e-01	  -8.7750286523169355e-03	  -1.2210806312660411e-02	   3.5218746426994335e-01	   3.7510866072336901e-01	   3.2544131567916806e-01	   4.7655485986819524e-01	   4.2140712286749310e-01	   3.9478896574927813e-01	  -1.9770273900026028e-01	  -1.0300065159820677e-01	  -2.1136062831463461e-02	  -2.1510707017740143e-02	  -4.5522805497022631e-02	   4.5486418781313973e-02	   2.8661352587079497e-01	   8.9294260819405807e-02	   2.7246488833415322e-01	   3.0761187041455784e-01	   3.7257149154398378e-01	   2.3218142249879975e-01	   1.1244646373149390e-01	   1.6198772590141425e-01	   3.4067058070319661e-01	   2.1564517103263903e-01	   4.4332246259704366e-01	   4.1593987578246688e-01	   3.2844967412297960e-01	   1.5293330553757947e-01	  -1.2017984432702722e-01	   6.7134768074509549e-02	  -4.7821423534505463e-02	   1.5414682297303334e-01	   1.7792479815976150e-01	   2.7892107864644339e-01	  -1.5244695117134832e-01	  -1.3096813506446006e-01	   7.1840257853036893e-01	   6.0408791683853080e-01	   3.6054807598043981e-01	   3.5193221455743467e-01	   1.9612614305782952e-01	   4.3995127678763335e-01	   6.5901685732257465e-02	   1.8569911843064840e-01	   1.0464718028419581e-01	   1.7376315186948657e-01	   1.7653176225035938e-01	   3.4841603944890892e-01	   7.0936934760752232e-02	   3.6049934770800728e-02	  -1.2339249822347452e-01	   9.2035926116759998e-03	   1.0679810098309024e-01	   2.9926570001919106e-01	   6.7417728734324500e-01	   4.1560749366627858e-01	   6.2467716935688600e-01	   6.0226560575245436e-01	   6.2699566528005324e-01	   1.6994356069631897e-01	   5.7204450515447125e-01	   4.4220656916803242e-01	   4.3523149835320063e-01	   4.9092884948078286e-01	   6.2846792006090235e-01	   6.9075459933482852e-01	   8.9781052837617420e-02	   4.6056413766020253e-03	   3.6482395044298793e-01	   1.3656496947469193e-01	   3.2805565532202774e-01	   1.0975737757347800e-01	   3.3177707141369167e-01	   3.9794348356705234e-01	   2.4685298350970164e-01	   9.9417625601110685e-02	   2.8899469584383752e-01	   1.7645414583340663e-01	   3.6071387724157844e-01	   2.8787685177360928e-01	   1.8753153718206184e-02	   6.3377756600791132e-02	   3.8841651142459088e-01	   4.5504554746204851e-01	   4.7494285111892776e-01	   1.2087831551365841e-01	   1.6857268618243987e-01	  -2.4700334546514491e-01	
  -9.4785821132005704e-02	   2.8097319528658898e-01	   6.0465598931649978e-01	   1.1286310779594690e+00	   7.2297969749826951e-01	   1.1966634197242538e+00	   7.7902569968929225e-01	   9.2178927613423289e-01	   1.0734559887370998e+00	   0.0000000000000000e+00	   1.6772090697223008e-01	   5.0443364958766823e-01	   1.0330204601088855e-01	   6.4543725788257023e-01	   7.3287657936515482e-01	   9.7329925990012611e-01	  -2.7383284152835197e-01	  -2.6201769866950486e-01	   5.2747798666986723e-01	   4.9054576393703431e-01	   2.3798338566570010e-01	   2.9358056420697026e-01	   7.5718294953851251e-01	   8.4287175650408619e-01	   5.3341510691247662e-01	   6.1129219811851843e-01	   6.5462182924939838e-01	   6.9657677275594776e-01	  -2.7235971818201310e-01	  -1.4004132497463878e-01	   2.2374393620874766e-01	   3.8210597382137546e-01	   4.2697212955348629e-01	   5.5589789176079007e-01	   4.9714990594895581e-01	   5.8108200864846526e-01	  -1.2839770414741331e-01	   1.1327204407609698e-01	   9.7907157327339012e-02	   1.9655097744598349e-01	  -9.6742831197960469e-03	   9.3138042161859932e-02	   2.9139075403699660e-01	   1.6924928597480332e-01	   3.7834978052162666e-01	   5.7569337467522053e-01	   5.0483163725490388e-01	   4.1316274829762867e-01	   2.0317405498364938e-01	   4.5529585158710673e-01	   4.6323437482217278e-01	   4.4931200045006198e-01	   5.5826056553837267e-01	   5.9332407101679441e-01	   4.7188588520354730e-01	   3.5647346430827020e-01	  -1.9067390956312186e-01	  -2.3040696301682762e-02	  -3.5770255585011609e-02	   3.9491285497547757e-01	   2.0989267231605699e-01	   6.6709010393383517e-01	  -3.1781484003551014e-01	  -1.6094988748039379e-01	   5.8421758190395168e-01	   9.3964659655261618e-01	   4.5538873874227515e-01	   5.4624180449029813e-01	   8.4998086740405931e-02	   4.1030377672904872e-01	  -4.9151977077667181e-03	   8.1508015870716780e-02	  -1.9601855738331887e-02	   2.7457046541608229e-02	   1.4887572742512085e-02	   1.9610420147201066e-01	  -3.2391648382518556e-03	   7.8302704097379008e-02	  -3.3610531050962633e-01	  -1.9969295075752955e-01	   1.2747677373743367e-02	   2.5232822829952400e-01	   6.4763345953717821e-01	   6.4958079908054245e-01	   4.7587514121345220e-01	   7.8563811310037568e-01	   6.5886814002872707e-01	   4.7619533691065247e-01	   7.5615224216603660e-01	   8.4136475479482598e-01	   6.3836480354124203e-01	   5.0919978609321093e-01	   1.0297531014741599e+00	   5.9975688753394585e-01	   3.0958422307305673e-02	   2.7945639179461246e-02	   4.1175160710522307e-01	   1.4510776868878056e-01	   3.4549657805588474e-01	   1.4329686548361092e-01	   5.3608098547185612e-01	   3.4370877982379783e-01	   2.0511667311400383e-01	   8.4856408735018499e-02	   4.1609025652371256e-01	   2.1455365283538985e-01	   6.0138249887071282e-01	   4.0256902726410498e-01	  -6.9386321248589761e-02	   4.8437535876512075e-02	   5.3701588353374574e-01	   5.7711567067265057e-01	   6.6807232477804357e-01	   2.2120178612944352e-01	   3.3887132107819701e-01	  -1.3821164278234055e-01	
   3.6493338578988965e-01	   4.9980376763535872e-01	   2.1805619542061111e-01	   1.7095176642390494e-01	   1.6822679709291474e-01	   1.4591365124125025e-01	   3.5267144207065765e-01	   2.4054130540667368e-01	   4.0219462298873876e-01	   1.6772090697223008e-01	   0.0000000000000000e+00	   5.1380453979310547e-01	   1.2421820519717237e+00	   2.1969335403131601e-01	   4.5367173936889604e-01	   5.2721924069380664e-02	   4.0013908116121411e-01	   3.9257052976961887e-01	   8.4731280808323217e-01	   6.1501326637954223e-01	  -8.6971110974430471e-03	  -1.4054654901905189e-01	   2.3534206746700054e-01	   1.4657558783092417e-01	   6.0112136142786328e-02	  -7.4587604497777741e-03	   1.9959175552909647e-01	   1.2403276854754680e-01	   3.8660522766856020e-01	   2.6182971706082742e-01	   1.9031591379056645e-01	   1.7215566282080180e-01	   2.2115641383462678e-01	   3.3367206008147116e-01	  -1.7957586977220477e-01	  -1.8807613187441788e-01	  -2.2932621208402332e-01	  -1.1689366582474275e-01	  -1.1792319500909450e-01	  -1.2453272577905433e-01	  -6.8686730304548360e-02	   1.1724008183938185e-03	   4.0879803718327773e-01	   1.7283918755026978e-01	   1.3188939425832424e-01	   6.7868311226535402e-02	   3.0311904636888948e-01	   1.8546700537514696e-01	   2.3564248551505168e-01	   9.5560681944505316e-02	   3.0623733548992632e-01	   1.8345725888953217e-02	   1.2670331048079558e-01	   1.1028316467278219e-01	   4.0885724936708601e-01	   2.2676292267509918e-01	   1.1757876415837198e-01	   2.5835082922485614e-01	   2.6624760328137159e-01	   5.1854439654678681e-02	   4.4032464466268145e-01	   1.7344709419373622e-01	   5.4649890619195318e-01	   2.9357495656431404e-01	   2.8223369332326536e-02	  -1.4554374043543299e-02	   1.7423844996355502e-02	   2.5278881704830412e-02	   2.4781539047349099e-01	   3.9029171016431918e-01	   2.7515854888277158e-01	   3.1867229016792342e-01	   3.5821020673521647e-01	   4.8830517749494073e-01	   4.2933604819635091e-01	   4.3034747625539799e-01	   2.6098789909166861e-02	  -3.8882956381465633e-02	   2.4882029772580644e-01	   2.8205531957574370e-01	   3.7672231705025899e-01	   4.5549933192313791e-01	   3.7067657808675658e-01	   1.3330479454866223e-01	   5.1534893253788217e-01	   1.6993013863491263e-01	  -1.0031448890486003e-02	  -6.0795772716429018e-02	   2.5364559519567087e-01	   1.0543171445444882e-01	   2.5617219368436611e-01	   5.4345486413060062e-01	   9.5281796399673532e-02	   3.1901804297139214e-01	   2.0249415850378905e-01	   5.6091014652659296e-02	   4.0005480548477829e-01	   2.1979830521319477e-01	   4.7173724912231219e-01	   4.4671762262179499e-01	   2.0936715899482969e-01	   2.9058761447448456e-01	   3.6351032895493524e-01	   2.5204798281603452e-01	   1.2070081857040808e-01	  -2.6430809913748764e-02	   1.8770375724893126e-01	   5.5734856477446533e-02	   1.3107803702895265e-01	   1.9923741691051897e-01	   3.0405952796444874e-01	   3.6104893922437464e-01	   4.4978027762176309e-01	   2.4379845731925820e-01	   1.8290599368813884e-01	  -9.9987881782310314e-02	
   4.6932404912480086e-01	   6.4843784037051888e-01	   2.0545684027928637e-01	   5.3590213149390409e-01	   2.4046230318074580e-01	   5.1494291452137864e-01	   4.9957158064078239e-01	   9.4751536815952198e-01	   3.9366919464904659e-01	   5.0443364958766823e-01	   5.1380453979310547e-01	   0.0000000000000000e+00	   6.1039419522237337e-01	   9.5618838951841056e-01	   3.4414346310950905e-01	   5.8019723626567565e-01	   2.9704298577972299e-01	   3.4319254075290762e-01	   7.0534402307247523e-01	   7.0468049739187399e-01	  -1.1211165144340920e-01	  -3.1471932611740652e-02	   3.2432084392833677e-01	   4.2834924579506589e-01	   3.8997790109163689e-02	   1.1160633381635007e-01	   1.0093446634554375e-01	   1.1960760088924494e-01	   3.3272967970208323e-01	   5.5358875926329143e-01	   3.1829687126581152e-01	   4.7004583890379797e-01	   6.0135251765935627e-01	   8.2953937546069767e-01	  -1.7907527951492547e-01	  -3.9813624224700389e-02	  -2.5066861195437773e-01	   3.0257237354176444e-02	  -2.3406879173719492e-02	   1.6249527935130087e-01	  -7.2788652460970757e-02	   1.8320798877710273e-01	   4.3993349340647459e-01	   2.8278016825698082e-01	   1.2001437723605876e-01	   3.0549633170474666e-01	   4.3816128817958344e-01	   3.5318828269573510e-01	   3.0084417199782731e-01	   4.2353905093443767e-01	   2.7975427757136268e-01	   2.8174010095425295e-01	   4.2096639484146808e-01	   3.9531089889467863e-01	   4.7705052288261718e-01	   4.0040384083897074e-01	   2.3083008772612529e-01	   3.0260886781815421e-01	   4.4978177655697194e-01	   3.6072374535173601e-01	   7.6359358397580301e-01	   8.0285734642633166e-01	   3.9069395882630131e-01	   6.2486113492921302e-01	   4.4015990147372314e-03	   3.5131882250316870e-01	   1.6993032089426940e-01	   2.3506182586248622e-01	   1.4034058385944362e-01	   3.3961296762935383e-01	   4.5703712313171461e-02	   3.1034521727431602e-01	   4.1144952259770601e-01	   5.4338286819936210e-01	   4.0343147988941208e-01	   5.7264609733068705e-01	   9.5204013783481048e-02	   1.8445200988085636e-01	   1.3051415470112945e-01	   1.5760171015694066e-01	   4.0227306011559982e-01	   6.1235119804180171e-01	   5.6162873425376791e-01	   7.6981816483546939e-01	   1.9415495727808144e-01	   4.6896858436625705e-01	   1.1765426925951752e-01	   3.2756735856284480e-01	   3.3887034411708145e-01	   5.3571774201369515e-01	   4.0270685277339224e-01	   3.9254606900110722e-01	   3.7749510264496450e-01	   1.4222920818600979e-01	   1.8355175429956125e-01	   2.3815211475642020e-01	   4.3149027377848997e-01	   3.1366419919372851e-01	   4.8189238124600325e-01	   4.0315849523219932e-01	   5.7900897340460555e-01	   3.2233666137268452e-01	   4.0877356098844153e-01	   2.9934701138953967e-01	   3.0180417477518756e-01	  -6.6693125831850580e-02	   3.0299814083172405e-01	   1.3687582413697533e-01	  -2.3009555480599762e-02	   1.1185665864519237e-01	   3.9996593032132177e-01	   5.0786761980612871e-01	   7.1381280663930247e-01	   5.3664586560541372e-01	   4.1275215587207548e-01	   2.0395552473691317e-01	
   4.5088448819048460e-01	   6.1261362892472093e-01	   1.8059722343863233e-01	   1.4297471389023139e-01	   1.0421776307183908e-01	   1.3398918568011700e-01	   3.0079630131624563e-01	   1.9409115695918452e-01	   3.4477857836695669e-01	   1.0330204601088855e-01	   1.2421820519717237e+00	   6.1039419522237337e-01	   0.0000000000000000e+00	   2.8454316636677357e-01	   3.1972005188828001e-01	   1.2649155371501627e-02	   5.1592556635105713e-01	   4.9180889150183338e-01	   6.6823455313972024e-01	   6.0681531260894928e-01	  -8.4329092826865015e-02	  -1.5594239269746785e-01	   2.0416468237969632e-01	   1.3630626528464110e-01	   8.0658140090402716e-02	  -6.5649352935079610e-03	   1.4002531294873985e-01	   6.3277761169076033e-02	   4.5291643872245424e-01	   4.1744299911478322e-01	   2.1908816698170608e-01	   1.6924858304579851e-01	   3.3057856162052651e-01	   4.4958216187146038e-01	  -1.6646825435678839e-01	  -1.8076142224321390e-01	  -2.1083888775340442e-01	  -9.0787299353571507e-02	  -1.5003008859979747e-01	  -9.4710368888528726e-02	  -1.0244925862715537e-01	   1.8407536939850245e-02	   4.3276240732946408e-01	   1.9115485238927718e-01	   1.1845477462919887e-01	   1.4505756471581518e-02	   1.9547081912743497e-01	   8.1629952137380127e-02	   2.8999281712792585e-01	   7.6219113824670948e-02	   2.7217131117542404e-01	  -4.4389353407195138e-02	   7.2056392509583941e-02	  -1.1552432396696864e-02	   3.4352951125364306e-01	   1.4606612747025899e-01	   2.0312614239896562e-01	   4.0667442927130065e-01	   3.6428842793712385e-01	   8.0965879991237263e-02	   5.0792990819053252e-01	   1.7843071982451345e-01	   6.5404814876080752e-01	   5.7042945546998580e-01	   1.3461974948456823e-02	  -7.3229831052489522e-02	   3.5253812524819989e-02	  -4.8506856259318753e-03	   2.6764603250688340e-01	   4.3371731933938090e-01	   1.0395329181539659e-01	   2.4768669556844117e-01	   4.1667084328808274e-01	   5.4319026377995128e-01	   4.3196966371198753e-01	   4.8984177502382525e-01	  -2.1143386118778217e-02	  -1.0419908733332506e-01	   2.9965601210779069e-01	   3.5945925739583545e-01	   4.6645775744387585e-01	   4.6666193360917668e-01	   3.4571099086657558e-01	   1.5000484720939228e-01	   4.5743137253234445e-01	   1.6325253346964011e-01	   3.3886359241386325e-02	  -6.1615031310686519e-02	   2.6442124652774013e-01	   1.4252865672035600e-01	   1.8256558653961139e-01	   4.2271790928473074e-01	   4.5779169339191968e-02	   2.9701229910624061e-01	   1.4657113012260298e-01	   1.0193265213321838e-01	   4.2744838893853943e-01	   2.5158226941203993e-01	   4.1342937244662226e-01	   3.4921545006418026e-01	   2.3801029414117719e-01	   3.4147200910325604e-01	   4.0470449786526724e-01	   3.0916320149872778e-01	   4.6555134533330683e-02	  -3.5905311602408868e-02	   1.9165759872695662e-01	   9.8192131483801376e-02	   1.5594858541099782e-01	   2.2613890376205484e-01	   3.1577546972225284e-01	   3.0730591997921342e-01	   4.1650749027037820e-01	   3.4803702251660129e-01	   1.2471729491844917e-01	  -3.5671327051870004e-02	
