   0.0000000000000000e+00	   4.6301035053481815e-01	   1.0146570521297697e-01	   5.9146722793379014e-02	  -4.1640577099780682e-02	  -8.9221744311061245e-03	   1.0230059345342324e-01	  -2.5341857456720879e-02	   1.7038584498760872e-02	   1.1921345036580169e-02	   3.9377348231780490e-01	   2.3179136111101695e-01	   2.4077984291315185e-01	   1.1926786108733627e-01	   3.1832112942103735e-01	   1.7670662724668418e-01	   4.1312503828284795e-02	   1.6317599763871285e-01	   2.9055012885536091e-01	   4.1440721800235081e-01	   1.3790320038998430e-01	   2.2024007454049283e-02	  -6.3873440377054183e-02	  -5.1454860239614493e-02	  -2.0113976731385855e-01	  -9.8124105678636261e-02	   1.9044336218686558e-01	   1.9375104099830856e-01	   5.0686963882163392e-02	   2.9318373095744980e-02	  -1.3530884357449319e-01	  -6.5906624042444600e-02	   2.3874724780270068e-01	   1.6346224019272143e-01	  -6.0651889541683823e-02	  -1.5231931737040869e-01	  -2.5578648665693315e-01	  -1.8212227775234546e-01	   1.3122916381294700e-01	   6.5452895624192389e-02	  -8.8162086914805732e-02	  -1.6235478147810745e-01	   2.5030709051883737e-01	   1.6590284725629578e-01	   1.3615690832348323e-01	   8.2131603088918592e-02	   1.7991873481917389e-01	   1.4130861045626331e-01	   4.0441879702563110e-01	   2.1862039547217532e-01	   9.3244654664298460e-02	   6.6237291862383529e-02	   1.4986629653037428e-01	  -7.4539678868502116e-02	   3.8432681554668890e-01	   2.3671695062257939e-01	   8.3778276714013478e-01	   2.0830928147182018e-01	   3.5684611865768401e-01	   3.4541544978406835e-01	   2.9633826666759250e-01	  -1.1877574622954634e-01	   2.3840075101208280e-01	   1.2273949396293794e-01	  -1.8044723316546381e-02	  -1.0109282234701222e-01	   1.1570593856517037e-02	  -1.8522433282760587e-02	   3.7324113623653943e-01	   2.3182591172719161e-01	  -1.8186593049421846e-03	   2.1234605673215386e-02	   1.0260105869689309e-01	   2.4083204179041734e-01	   1.4877082776312028e-01	  -3.3994728713187122e-02	   1.9105467564111894e-01	   1.4422380886313330e-01	  -1.8393133814081650e-01	   1.4630554666323015e-01	   1.2564313734773213e-02	   1.6013105920797077e-01	   3.0319512104736845e-01	   1.5195255964728116e-01	   1.4903356871959689e-01	   1.1337227081428033e-01	   2.1718724403237222e-01	   1.9829908790741535e-01	   6.0858069506515011e-01	   3.5449678326489975e-01	  -2.5141260190580481e-02	   1.0024982518773597e-01	   6.4202815114426937e-02	   2.5627104708411369e-01	   2.0992667114782837e-01	  -7.5287567138454733e-02	   3.1253924556447815e-01	   3.3632797859938551e-01	   2.2918631560318489e-01	   2.9788367968726748e-01	   1.1641294463334290e-01	   2.2787375051887193e-01	   2.7610062250261691e-01	   2.1089970319280815e-01	   9.7014526296269721e-02	  -8.0358390267005933e-02	   2.0675399818745865e-01	   7.6263669103692949e-02	  -1.9247521453524649e-01	   2.5853275000051062e-01	   1.9934918524961145e-01	   3.9180807851581800e-01	   2.6342975347116504e-01	   1.1714105912988296e-01	  -3.0378671834998608e-03	   2.4101641788994075e-02	
   4.6301035053481815e-01	   0.0000000000000000e+00	  -3.7430697007292214e-02	   1.0843296950688588e-01	   3.3109883910331379e-02	   1.2258099296886120e-01	   2.5347218504915586e-01	   1.5703983697741736e-01	   1.1254960138343935e-01	   5.0777746873245542e-03	   5.9678085891316734e-01	   7.4395538058047617e-01	   3.1924390520093993e-01	   4.3263037714693608e-01	   3.6395647126131470e-01	   3.0454849003433970e-01	   1.1155829710334787e-01	   1.5267419120863596e-01	   1.6532922744519032e-01	   3.7531432854030639e-01	   2.2544095176754934e-02	   1.1568532055001534e-02	   1.6207473337429124e-01	   1.4870786063463784e-01	  -1.3386456599402902e-01	  -4.9316759695734964e-02	   2.1300610842827822e-02	   6.8455320684396623e-02	   2.2700893261651589e-01	   1.5843147597358287e-01	   7.6521125099399359e-02	   6.7819618189816425e-02	  -8.0970121773411997e-03	   3.6275800085720435e-02	  -1.1944406711194938e-01	  -2.3330977047729134e-01	  -3.5497742501008100e-01	  -2.4760166320480692e-01	  -5.4741840413012985e-02	  -1.0523377073634153e-02	  -1.5923467833872923e-01	  -1.5285255980788429e-01	   9.1081202210681347e-02	   1.9003027817646345e-01	   1.3425674588783842e-01	   1.8615102586346172e-01	   1.3523033424207495e-01	   1.9003513358150248e-01	   3.1572921533091208e-01	   4.6426933498782147e-01	   1.3068575971707125e-01	   2.7776555424217214e-01	   4.0868899463210007e-01	   3.1655230725807526e-01	   3.8727807288173799e-01	   4.4376274573425661e-01	   5.6451051736065239e-01	   7.7360367704342670e-01	   2.4255207598577636e-01	   4.7910730020904774e-01	   3.3663487112048873e-01	   2.1111628254387643e-01	   2.5913949643252016e-01	   3.2509026906635424e-01	   1.0339900499463635e-01	   2.0217893452578798e-02	  -1.4792619271652341e-01	  -1.4166786098317991e-01	   1.1753824039757746e-01	   1.2226700711176734e-01	   1.4447534195507533e-01	  -3.1917682793313480e-02	   1.9265622898997775e-01	   4.8264342315510461e-01	   2.6113319062353335e-01	   3.3665418556960480e-01	  -2.4420895846456028e-02	   2.6158206059478252e-02	  -6.7062128740926388e-02	   1.2404988422321774e-01	   2.3225992768803874e-01	   3.4329289873808061e-01	   3.7315810339203570e-01	   4.4428268529510773e-01	   1.1538889351262067e-01	   1.8573620791922174e-01	   1.4517062109563694e-01	   2.5875803526884267e-01	   3.8213139494630749e-01	   4.8740038077038678e-01	   3.7883536524681960e-02	   1.0719278903812637e-01	   2.3026474216625353e-03	   1.2192663886530616e-01	  -6.6596822360557037e-03	   8.4391372404985954e-02	   1.2952919721369618e-01	   2.3128404909768502e-01	   2.5207771192844658e-01	   2.5788515849531735e-01	   6.2381718255395444e-02	   1.3152888509612851e-01	   1.6052606762389646e-01	  -1.4344140025660121e-01	  -9.9181731479796351e-02	  -3.6706001051102860e-01	   1.2194830625551947e-01	  -2.0925447644429274e-01	   2.2051998198523992e-02	  -5.8974843126036049e-02	  -2.4829200451724438e-02	   6.7970697655410930e-02	   3.0940631095433355e-02	   4.7427265706335665e-03	  -1.1741191298510647e-02	  -1.9005001265837726e-01	
   1.0146570521297697e-01	  -3.7430697007292214e-02	   0.0000000000000000e+00	   8.6583018105585130e-01	   6.5057395905820803e-01	   5.1774983860633417e-01	   6.8955425400968184e-01	   2.7715501578122154e-01	   3.5925174481240613e-01	   3.8799517505578091e-01	  -6.0508438106859880e-02	  -2.5630463427524097e-01	  -2.3518462499161522e-01	  -4.7616911234151382e-01	   4.4502018765092044e-01	   6.2076144032351332e-01	  -5.1866774436789741e-02	   8.5826476871119592e-02	   8.0117903932824064e-01	   6.3266559847904635e-01	   5.2259067950621274e-01	   4.7724604180783015e-01	   8.6590460603547525e-01	   7.7845719332568708e-01	   5.1671683023201442e-01	   5.2209015127979308e-01	   5.1385622234786132e-01	   5.2279947224108247e-01	  -1.4656051681094789e-01	   1.3958617703168469e-01	   3.1783071600211621e-01	   3.9896073329013737e-01	   6.0560322924391541e-01	   5.4417319745151926e-01	   5.9466461267047011e-01	   3.9633141145236539e-01	   2.5358028040781733e-02	   1.0319868524200390e-01	   4.9180115373592842e-01	   2.8355179185187607e-01	   2.3782550260021457e-01	  -5.2238315594146534e-03	   1.7039363821166817e-01	   4.0701153206522470e-02	   2.4208900299734204e-01	   1.1866117949018305e-01	   1.6110722277583461e-01	   1.0491807243148443e-01	  -1.5870859294976525e-01	  -1.1755009599529792e-01	   3.4895913865878941e-01	   1.6503144384742266e-01	   1.9189457908472865e-01	   2.5605816717397867e-01	   1.5782605654357257e-01	   9.0482727448126452e-02	   1.2432739907760890e-01	  -9.7185098777406248e-02	   1.9902787488328244e-01	   5.9869632792877492e-02	  -1.0631554083876747e-01	  -6.3543928391954968e-02	  -1.0919243223508013e-01	   2.0569341646301829e-02	   7.6768849425706220e-01	   4.7720024572689024e-01	   8.1340957719878815e-01	   5.6783388110311450e-01	   4.4579135988371632e-01	   4.6667471892866691e-01	   5.1501437864366217e-01	   4.1671891208007183e-01	   3.0155831260263533e-01	   2.1288167183355550e-01	  -1.3655808311798152e-02	   1.2134450158882962e-01	   4.2410454795792579e-01	   4.7874724475016384e-01	   9.2760193260815346e-02	   1.9533543935970865e-01	   8.7818390477590658e-02	   4.2582274612277643e-01	   5.5997382916570837e-01	   5.9592992921651144e-01	   7.1428238964041935e-01	   5.2402727823479411e-01	   5.4812421887870943e-01	   5.2815485222225256e-01	   3.1487267849395750e-01	   2.7733566372044594e-01	   4.7853111195875142e-01	   7.4271416220666753e-01	   5.1521595475828874e-01	   6.1153389296732175e-01	   5.2655311154370832e-01	   3.2741967044888415e-01	   5.6962219119422519e-01	   3.9163154986717436e-01	   2.8442744135828646e-01	   2.7368188055986886e-01	   3.1247376844678598e-01	   1.5091744439561600e-01	   2.9878960846769531e-01	   4.4276986763079584e-01	   3.5714879964475998e-01	   4.1159787819169585e-01	  -1.0166295836220952e-01	   4.8764657723189109e-01	   2.4112929599076599e-01	   3.1989244541389061e-01	   5.8394323651940827e-01	   2.7213534507296294e-01	   2.4328153795365690e-01	   2.9160379549787313e-01	   3.4356310056489470e-01	   8.0089731998057079e-02	
   5.9146722793379014e-02	   1.0843296950688588e-01	   8.6583018105585130e-01	   0.0000000000000000e+00	   7.6643153670672171e-01	   9.8570815549202384e-01	   7.9407689009712090e-01	   7.2138268034603836e-01	   3.9708672176281823e-01	   5.8174833642920742e-01	  -7.1323546517249564e-02	   7.7585235430142591e-02	  -5.0264580910576473e-01	  -2.5735610587115898e-01	   2.9744925165491160e-01	   6.6726587470220444e-01	   9.4272122461021762e-02	   1.5132959752180269e-01	   6.4598077870162451e-01	   6.4682451803651919e-01	   4.4923677753054148e-01	   2.5955139154614326e-01	   5.4741179343818291e-01	   8.4615673367382582e-01	   3.0513785692210788e-01	   4.1577706206538168e-01	   4.3747101537374050e-01	   4.4431374509115518e-01	  -3.6331110179942575e-02	   2.5018463912056221e-01	   4.0380497095791351e-01	   6.0593090733810917e-01	   6.4313433866112890e-01	   7.4613378851520751e-01	   4.4501126809328406e-01	   4.0081214916351915e-01	  -2.2510676860081302e-01	  -1.1712309923428825e-01	   3.0764563207752066e-01	   2.2200538141299070e-01	   1.1887539083392970e-01	  -8.3156655174536409e-02	   9.5425358287008072e-02	   6.1930176796412648e-02	   1.6030838549862181e-01	   2.6806838004627376e-01	   1.0416724239399108e-01	   4.8104497419221626e-02	  -1.6722024930671764e-01	  -4.5267632460791414e-02	   4.0267215382549504e-01	   3.3534562582375377e-01	   2.6158004094683707e-01	   2.0210201522636623e-01	   2.2312775654426359e-01	   1.8572001257715934e-01	   2.8410199515401602e-01	   1.9999625404703486e-01	   3.8569056574657090e-01	   4.5218012750330205e-01	   1.6077778151285912e-01	   4.2220584439577996e-01	   1.9661291276064108e-01	   3.2872299428305696e-01	   7.0061855700655618e-01	   8.5105753117099225e-01	   9.2314605551341389e-01	   9.0452796752855336e-01	   3.5365691720209758e-01	   4.8073474059215265e-01	   3.0120355843180380e-01	   2.0069140979098377e-01	   3.1582957321246147e-01	   3.8410910644531054e-01	   4.5363076550575074e-02	   3.6511359434966939e-01	   4.1723370898103451e-01	   5.8643177214212805e-01	   2.7529432411897059e-01	   3.8543939970907831e-01	   3.6442580860663104e-01	   6.5811247940173123e-01	   5.0212438971702766e-01	   7.1403253089459340e-01	   8.0936014519672028e-01	   9.4732061967294445e-01	   6.5037466821324874e-01	   6.7517762052680896e-01	   2.5677202844588265e-01	   4.1445709776203510e-01	   5.5964625706494830e-01	   5.5159453796992663e-01	   7.0866224001595857e-01	   3.9100350500596326e-01	   4.4039671640768646e-01	   4.0133142528362198e-01	   4.9058661170054879e-01	   4.5053734444402166e-01	   5.0294916401556022e-01	   3.5159683227028277e-01	   5.4007077888591493e-01	   2.6520671559679937e-01	   4.8918427598046998e-01	   4.2247701486762707e-01	   2.6194385151670174e-01	   3.0774618113643726e-01	  -3.8008871103386667e-02	   3.7106945643637340e-01	   2.9434911304174383e-01	   2.7250303350411437e-01	   4.8039538818185501e-01	   2.1520967529525376e-01	   2.7953995055352238e-01	   2.7606942283462232e-01	   2.6781575279793390e-01	  -7.9310296112028791e-02	
  -4.1640577099780682e-02	   3.3109883910331379e-02	   6.5057395905820803e-01	   7.6643153670672171e-01	   0.0000000000000000e+00	   1.2671401315983073e+00	   5.3783599389392822e-01	   4.6593564932971254e-01	   1.2703146043382982e+00	   1.1294212834520887e+00	  -1.6176298775430326e-01	   1.8113193307242675e-02	  -1.0258566718154484e-01	  -1.3939167648264655e-01	   5.1162810974986250e-01	   6.3691133838534475e-01	  -6.4213485106438623e-02	   8.4476701925111378e-02	   5.6266409829849695e-01	   5.2929082015097473e-01	   4.2378946659123407e-01	   2.2484815715657608e-01	   6.0566452295468398e-01	   6.6378201939161119e-01	   4.8708101671737664e-01	   6.2889193911923458e-01	   5.2745519166599630e-01	   4.8640602164969243e-01	  -1.8078833255829110e-02	   3.6741970201189783e-01	   3.6771252779725005e-01	   4.7320682135047354e-01	   3.2805583458831067e-01	   4.7203225734510001e-01	   7.2718966303642540e-01	   4.7778239946444967e-01	  -1.4578317110010514e-01	  -1.1211926287181834e-01	   1.3059717345777005e-01	   8.0414488324992178e-02	  -3.8322799245708854e-02	  -2.3254386734413829e-01	   2.1493253787310129e-01	   1.5737801471749768e-01	   1.4389910466906883e-01	   3.3344622291804793e-01	   2.4212254434621316e-01	   1.2429724301804200e-01	  -2.0124094503395129e-01	  -2.7425999319925287e-02	   1.9934112918273664e-01	   1.5653743296220776e-01	   1.0829783742050023e-01	   1.5012926513439911e-01	   2.2661047536345258e-01	   1.2977475820790585e-01	   1.5088565369744661e-01	   2.9143257356552550e-02	   1.3384788944149734e-01	   7.5304765326319162e-02	   6.3884034894983163e-02	   3.3049793004269701e-01	  -7.1944366317408387e-02	   6.0386338123114405e-02	   7.0350538202277679e-01	   6.7850990271391742e-01	   5.2725913256636092e-01	   4.7939174866775491e-01	   2.8749717635451788e-01	   2.9414430164260869e-01	   5.2608802183808656e-01	   2.9596906104267406e-01	   3.7669230647160490e-01	   5.0017316912237231e-01	   6.4495138986746525e-03	   2.1257587204650430e-01	   3.5683875525549086e-01	   4.9643030198037374e-01	   1.9622790586414013e-01	   2.8389278437278187e-01	   1.7686415976613501e-01	   3.7251893665345570e-01	   3.7819931331371853e-01	   4.3828178442463506e-01	   3.7481975638382503e-01	   3.4731317408635232e-01	   3.2116164215365872e-01	   2.8696964826734250e-01	   1.4838036102842955e-01	   1.1652841151937912e-01	   3.9650102422306194e-01	   3.3114437364441340e-01	   4.1137132093742379e-01	   1.9049332491099685e-01	   3.1863462794949676e-01	   6.8483881944107232e-03	   2.9199459568731323e-01	   2.3643632966327210e-01	   5.0073954112657904e-01	   4.2468790919829852e-01	   1.0820480399148599e-01	  -1.1166373451302790e-01	   1.1319520450656074e-03	  -1.4403725170343077e-02	   5.5116984034122553e-02	   1.4829995020440506e-01	   2.7062959947070203e-01	   3.7254857074127856e-01	   2.4082818231129421e-01	   3.8590120519948240e-01	   4.0932309209335727e-01	   3.3823879590134764e-01	   3.0890072025407433e-01	   3.4482549098052062e-01	   5.1853369396015303e-01	   1.7992068979582498e-01	
  -8.9221744311061245e-03	   1.2258099296886120e-01	   5.1774983860633417e-01	   9.8570815549202384e-01	   1.2671401315983073e+00	   0.0000000000000000e+00	   6.9739698028645736e-01	   8.9298427109986922e-01	   9.7527415013397523e-01	   1.2918289850748930e+00	  -6.2732145605919498e-02	   1.1200013406481309e-01	  -2.1956355763920746e-01	  -1.2096889451120160e-01	   4.8212783267894399e-01	   7.2721519956922076e-01	  -4.8575351739393702e-02	  -3.8167152138244569e-03	   5.8368547184180530e-01	   4.9553003503222104e-01	   4.2470623706426491e-01	   2.6621261531237506e-01	   6.3621672755599645e-01	   8.7000635929350967e-01	   3.5286826306029401e-01	   5.7010868418041338e-01	   4.8441745309763029e-01	   5.1542448183170686e-01	  -1.4584402151925550e-02	   3.3873212860065172e-01	   4.1701118614013533e-01	   5.9546860886015673e-01	   2.9220472004535492e-01	   4.5968034007995279e-01	   4.8622687362307110e-01	   3.2382596260455698e-01	  -2.3426200934638175e-01	  -8.3626138509787881e-02	   2.2932010677998707e-01	   2.0276673439901580e-01	  -4.9651921717178353e-02	  -1.5714031656051922e-01	   1.8107257144153749e-01	   1.4970777819215181e-01	   1.1920131229966348e-01	   3.0098175120496068e-01	   2.2755699131511525e-01	   9.8552986752070026e-02	  -2.2398389833265309e-01	  -4.6177708108644279e-02	   1.0866777597682155e-01	   1.1348890891378866e-01	   9.2443614985046316e-02	   1.9533699898035231e-01	   2.8161020177180213e-01	   1.9700300485012051e-01	   1.3129509420242380e-01	  -1.0091888535008007e-03	   6.7616370382623650e-02	   1.0534393516109881e-01	   5.7701038392293763e-02	   5.4425761423738439e-01	  -8.8349008994966949e-02	   6.3155229272823217e-03	   5.5468174634226453e-01	   6.9107978323437114e-01	   4.1565313325925968e-01	   4.1816372963560089e-01	   2.0549296745276768e-01	   2.6612572893159386e-01	   4.4318770837507943e-01	   3.6581257692336516e-01	   2.4578838993157609e-01	   4.6131672493868919e-01	  -4.6038371842925897e-02	   2.3740080669028152e-01	   3.3524443956948119e-01	   4.4450533719796059e-01	   2.0765726498605130e-01	   2.6661116788090822e-01	   2.2882773680377452e-01	   3.4124372679921128e-01	   4.4634828662254539e-01	   4.7142484092277626e-01	   3.6012084388170723e-01	   3.8597009843456315e-01	   5.1510090542202447e-01	   4.4603194891152964e-01	   2.5193531242492861e-01	   2.5510513253048789e-01	   4.7010433646818406e-01	   4.9980692480129496e-01	   6.5071108225929586e-01	   2.3479224720968281e-01	   4.5739241355786397e-01	   1.9288282948172630e-01	   4.0747102415492120e-01	   3.7188285415767214e-01	   6.3396730793379397e-01	   3.9054334719701439e-01	   2.0510707371466644e-01	  -7.7027160218002492e-03	   1.1207772679387557e-01	   6.5426217519005667e-02	   3.6948880379487604e-02	   1.2991882433521107e-01	   1.0231104308976806e-01	   3.7429398898972627e-01	   3.4345740309041684e-01	   3.6984764792114549e-01	   3.2447705928732251e-01	   2.8987885711250838e-01	   4.1033222569719835e-01	   4.1105221348822385e-01	   3.8122647251462682e-01	  -4.8905657446077264e-02	
   1.0230059345342324e-01	   2.5347218504915586e-01	   6.8955425400968184e-01	   7.9407689009712090e-01	   5.3783599389392822e-01	   6.9739698028645736e-01	   0.0000000000000000e+00	   7.5760301408628095e-01	   3.9603427015709775e-01	   3.8153343198702555e-01	   1.7169996600714083e-01	   1.4123091079876104e-01	  -1.6204146992928317e-01	  -4.3070061420232141e-02	   2.0197652386683868e-01	   5.1046301430634355e-01	   6.5366277671718376e-02	  -1.1812881251415306e-02	   4.3640355831349903e-01	   4.1252145266387563e-01	   3.0104006345437745e-01	   1.9007330814573878e-01	   4.9341147783380956e-01	   5.5887607531679784e-01	   5.2628637903190147e-02	   1.3472811565944109e-01	   2.5480028916368147e-01	   3.0665880782282573e-01	   1.2166993433143707e-01	   2.6876926705802806e-01	   4.4081099531925033e-01	   5.2434551289886344e-01	   3.1848378445953213e-01	   4.2502216474985555e-01	   1.6731783957982824e-01	   9.3162560216941720e-02	  -2.8676917715946193e-01	  -1.6806054105730939e-01	   4.5149479719626973e-01	   2.3688662842055158e-01	   4.4619328993036361e-02	  -3.7261352250568203e-02	   1.6999567080717110e-01	   9.0483821223035027e-02	   2.6792710697774991e-01	   2.7649308597561989e-01	   8.0097852623964849e-02	   5.7660001597754758e-02	  -1.3452153297650846e-02	   9.4530385405066503e-02	   2.9519306560892822e-01	   2.3924732964439532e-01	   2.4293184901813913e-01	   4.4088770691270290e-01	   3.0626475152926469e-01	   3.0941184156012780e-01	   8.0006687997709422e-02	   8.8196923982025360e-02	   2.9239247547444452e-01	   2.7456692371762881e-01	   2.8330781833384211e-01	   4.5960332195684439e-01	   6.9628021312449023e-02	   3.3525114287082836e-01	   4.6069176637826770e-01	   4.3764494668726117e-01	   5.0244151427447736e-01	   3.9700466065897855e-01	   9.9603555163347679e-02	   2.1234511312914622e-01	   2.4144857161918409e-01	   8.7400317907017813e-02	   2.1614461762451334e-01	   2.5800174156054212e-01	  -1.1528975827086468e-01	   2.2718321492386556e-01	   2.1199316234911189e-01	   1.6823022640116364e-01	   2.9150058178443777e-02	   7.3842516657778709e-03	   5.7015203017689704e-02	   4.1826445578412624e-01	   3.5838003264290458e-01	   5.9065704020210930e-01	   3.3054174184265567e-01	   5.5856734346916792e-01	   5.1793991277769091e-01	   5.6232907315266556e-01	   3.7271562975067402e-01	   5.9124368670426564e-01	   4.8869263097756932e-01	   7.4921821870063765e-01	   6.8614270569336278e-01	   7.0300603114454729e-01	   4.3442833308064915e-01	   3.2261969068700802e-01	   3.3123473620957217e-01	   3.6401795537017745e-01	   4.0466296229987370e-01	   3.4021616890779799e-01	   4.9882681113658589e-01	   2.5082986664581391e-01	   2.6940038534419508e-01	   3.1222885456938304e-01	   2.7254957665062940e-01	   8.0201953603071280e-02	  -1.4494699363525826e-01	   1.1984585440352236e-01	   2.4350576536584545e-01	   3.7522932352611149e-01	   1.9693953665318911e-01	   2.1722471603191967e-01	   3.7826406255585659e-01	   4.1272900327852396e-01	   2.1253453292684205e-01	  -1.4266509826119461e-01	
  -2.5341857456720879e-02	   1.5703983697741736e-01	   2.7715501578122154e-01	   7.2138268034603836e-01	   4.6593564932971254e-01	   8.9298427109986922e-01	   7.5760301408628095e-01	   0.0000000000000000e+00	   3.3289438246639741e-01	   6.0274882297380628e-01	   7.4484692123616872e-02	   2.9713762333974802e-01	  -2.3636464000774932e-01	   1.1777391603622261e-01	   1.0516473816989226e-01	   3.4792487535367411e-01	   6.7716896692122719e-02	  -1.6306300439325256e-02	   2.8401048510176896e-01	   1.8511876902735958e-01	   2.3077041734302667e-01	   1.3891334132284150e-01	   4.0805224994575756e-01	   6.5414863329625483e-01	   1.6500831476353903e-01	   3.1229279281394828e-01	   2.5398205805128760e-01	   2.6917916530868657e-01	   1.0622475633970307e-01	   2.6448014236405570e-01	   3.9719866980465290e-01	   6.0331244756044033e-01	   2.2483451893989820e-01	   4.7856202880224785e-01	   1.9980061430846677e-01	   2.3100185358158273e-01	  -3.2107552842366621e-01	  -1.7277307088516849e-01	   2.9603378811801223e-01	   2.3367958739186179e-01	  -1.9366871957915965e-01	  -1.2435241831387829e-01	   1.2370879543534738e-01	   8.2311537623941597e-02	   1.6142379099928797e-01	   3.3051323693187223e-01	   7.3337496047859579e-02	   7.3191985480909730e-02	  -1.2636083473868098e-01	  -6.5974051296472491e-02	   7.5576114124551494e-02	   1.1394347232643699e-01	  -4.5874068461937999e-02	   8.0941448974906530e-02	   2.1484154338350406e-01	   1.9564080015029686e-01	  -5.7931145827926453e-02	  -8.1511244860224930e-02	   8.8109437969611432e-02	   1.5094198610328616e-01	   1.4541734072419557e-01	   8.6896106401744100e-01	  -4.9635255002317163e-02	   8.0090009907822349e-02	   3.0777382469753178e-01	   6.9565983380496210e-01	   3.2687844914932451e-01	   3.8733817436905443e-01	  -2.6780914184307159e-02	   1.3888049707010847e-01	   3.0531354095901186e-01	   2.3719163451980618e-01	   3.4867935865243407e-02	   2.8213151441163181e-01	  -8.1753241167024593e-02	   3.4480605030110090e-01	   2.2569935444709771e-01	   3.2805962113754711e-01	   2.8167217989308274e-01	   2.0121213930643694e-01	   1.6619845384729978e-01	   2.3203680529503889e-01	   1.2286926103062032e-01	   2.7340509815431469e-01	   1.7401266015153360e-01	   3.2190037624666512e-01	   4.4405178485226493e-01	   3.7997840200890998e-01	   2.3658185250745695e-01	   2.9184907537909244e-01	   4.3126769042181728e-01	   4.8896134691196613e-01	   8.9475964321214618e-01	   2.8465188152699394e-01	   3.4744154727003568e-01	   2.6255876401744221e-01	   2.5237425977015232e-01	   3.7361375560851079e-01	   5.3792579142721730e-01	   3.4598481598336395e-01	   2.5606461988291007e-01	   9.2131006916134614e-02	   1.5340497554291474e-01	   2.0542620110406712e-01	  -1.4849132450893037e-02	   5.8553992738492273e-02	  -2.6327480355533928e-01	   9.9595269722639920e-02	   2.9741973949143574e-01	   2.0233254138839285e-01	   1.4485729347949397e-01	   1.7826091175990072e-01	   3.3145217197840232e-01	   2.8401855294161749e-01	   8.7119819428647619e-02	  -2.8671917434477973e-01	
   1.7038584498760872e-02	   1.1254960138343935e-01	   3.5925174481240613e-01	   3.9708672176281823e-01	   1.2703146043382982e+00	   9.7527415013397523e-01	   3.9603427015709775e-01	   3.3289438246639741e-01	   0.0000000000000000e+00	   1.0603304907206077e+00	  -3.5054013675305758e-02	   7.7620405283850905e-02	   2.4082214129888882e-01	   3.8772018371271887e-02	   5.7702494123535431e-01	   4.5949452294026905e-01	  -8.9513010964582820e-02	   1.7613680278655373e-02	   4.5941204499167687e-01	   4.7165282479034620e-01	   2.9961826304275641e-01	   1.1392590525619749e-01	   4.5507083897118894e-01	   4.7893843890348664e-01	   3.7826560020756428e-01	   5.2302514026264335e-01	   3.7392763354974523e-01	   3.7906787010693421e-01	  -3.6186899658718914e-02	   3.6562978392029288e-01	   2.5405927571153641e-01	   2.9396257332609821e-01	   2.3812101582952733e-01	   3.0389823530364685e-01	   6.5929969373472586e-01	   4.2761268039657557e-01	  -1.3235010735831176e-02	  -2.2522866177562922e-02	   5.3746144367809480e-02	   5.0430432464213956e-02	  -8.1610375530110801e-02	  -2.1227683217473001e-01	   3.3145610512952473e-01	   2.8681826516257114e-01	   1.7439491504104182e-01	   3.7403504668605764e-01	   3.4638827772147884e-01	   1.9570656144074028e-01	  -1.7887226411929465e-02	   1.3502331195327164e-01	   1.5765935887238308e-01	   1.5537194446955724e-01	   1.0131800098959533e-01	   1.2988444114187497e-01	   3.1957606493193785e-01	   1.8533841133304349e-01	   5.9987217451676164e-02	  -3.5194173211338761e-02	  -3.4688379532783718e-02	  -6.2676437613893243e-02	   1.0619354655416878e-02	   2.5038560578632363e-01	  -2.0575007607882786e-01	  -5.0014251621709201e-02	   4.1953826889036749e-01	   3.9640613647505751e-01	   2.6324932968855747e-01	   2.1489858213483440e-01	   3.1797931063407020e-01	   2.8428694162040757e-01	   5.6876993643193741e-01	   3.3615899597887072e-01	   4.9942603832548815e-01	   6.2127224031210015e-01	   1.0677005192339033e-01	   1.3992420551144005e-01	   4.4346991701595911e-01	   4.3332251087530183e-01	   1.3128691869428061e-01	   1.4008486389907765e-01	   8.7754555311136712e-02	   2.0710081220105300e-01	   3.5038746984243219e-01	   3.0014136737317293e-01	   1.5540575281246866e-01	   9.9067022820605463e-02	   1.4512292149610215e-01	   8.8446638354502768e-02	   1.4312187291008949e-01	   1.2036744242500853e-02	   2.8172699704223320e-01	   2.3903790367139671e-01	   3.0316053654443770e-01	   1.1658472981655479e-01	   1.5115113490338480e-01	  -1.9606558802657487e-01	   2.7692213273818078e-01	   2.3721136923539465e-01	   5.1818642845774876e-01	   4.4345656897374497e-01	  -4.4874434431393467e-02	  -2.7404196158323890e-01	  -1.2979535989767257e-01	  -1.9774703262571558e-01	  -3.5395221816214989e-02	   1.2423486711970482e-02	   3.5423084845133535e-01	   2.7777935123269415e-01	   1.0168871434364349e-01	   4.2922612721191211e-01	   4.0953283061175222e-01	   4.6839491585807591e-01	   4.4002101372891922e-01	   4.1207444056176401e-01	   6.1091500086775841e-01	   2.7416618592166142e-01	
   1.1921345036580169e-02	   5.0777746873245542e-03	   3.8799517505578091e-01	   5.8174833642920742e-01	   1.1294212834520887e+00	   1.2918289850748930e+00	   3.8153343198702555e-01	   6.0274882297380628e-01	   1.0603304907206077e+00	   0.0000000000000000e+00	  -3.1654305774819641e-01	   8.0833540498638293e-03	  -7.3569199597230808e-02	  -6.3382224377247554e-02	   4.1507449758317555e-01	   5.1586633272652205e-01	  -1.6961480514568131e-01	  -6.0931544513452354e-02	   4.6977045761762021e-01	   3.9891435556705368e-01	   6.2234553602997966e-01	   4.4800259225056971e-01	   5.3602805401265330e-01	   6.5256480068073996e-01	   5.3603343817550875e-01	   7.9882040122211229e-01	   7.7950953356978137e-01	   7.6388902925407798e-01	  -1.3884769240747408e-01	   2.5898300085191478e-01	   3.0740544838644318e-01	   3.9576190971862263e-01	   1.9854681243859185e-01	   3.2663984209306296e-01	   4.3958331659146149e-01	   3.4679094381382264e-01	  -5.3247044190825391e-02	   1.1358793987838545e-01	   2.8104752401535765e-01	   3.3039538979984429e-01	  -7.5751423882972943e-02	  -1.1399275285253058e-01	   3.7066162927785568e-01	   2.9172797601808714e-01	   1.5272428288834633e-01	   3.8856762881947576e-01	   4.2382267585626471e-01	   2.7071974675544841e-01	  -2.2241247457832058e-01	  -1.7358244806330848e-02	  -3.7104042290712437e-02	   7.4226637727349748e-02	   3.9192096246936994e-02	   9.3633890899026628e-02	   3.1601145753796978e-01	   1.9698634183502586e-01	   2.6371644603610300e-02	  -2.0689867725815209e-01	  -1.2055570055000014e-01	  -8.0976918214392651e-02	  -1.3187991384525738e-01	   3.7715097842934064e-01	  -3.3446558129285731e-01	  -1.9386714546694556e-01	   2.3347540478880185e-01	   4.7792071268011682e-01	   2.1586606310766060e-01	   2.7280747029020602e-01	   1.7366236789919207e-01	   2.2052791713162959e-01	   4.6893683991496315e-01	   4.7627229198062232e-01	   1.6113634847422723e-01	   4.0971997540584182e-01	  -1.1335194283698617e-01	   7.8929721197796024e-02	   2.5134145791251072e-01	   3.7858645105479416e-01	   2.1851278572283436e-01	   2.1759919675941236e-01	   1.4276861368310839e-01	   1.2732488972666467e-02	   1.9261655020401003e-01	   8.5067872776269662e-02	   7.3449087171250191e-02	   7.2408233404222588e-02	   3.6211525599602712e-01	   1.4491484701522006e-01	   2.5207411591343082e-01	   8.6501004325150371e-02	   3.6431013830898168e-01	   2.5421244786687253e-01	   4.5036935946108625e-01	  -8.9237048488248413e-03	   3.4943961997983647e-01	  -3.7380989102708616e-02	   5.1561356524178970e-01	   4.1553561758339852e-01	   6.1171835712232014e-01	   3.5543106978618710e-01	  -4.6522499303116235e-02	  -2.8679208026397279e-01	  -1.5549502765444828e-01	  -1.7537098188265937e-01	  -4.7117321218495531e-02	   1.5790399520403453e-01	   2.9473623043316344e-01	   4.4923343859025666e-01	   2.0625567361941191e-01	   4.9971910634093175e-01	   4.4602962606656471e-01	   3.7383186306802629e-01	   4.7048444235848141e-01	   3.4959517085508962e-01	   4.7101184488712100e-01	   1.5669620667887246e-01	
   3.9377348231780490e-01	   5.9678085891316734e-01	  -6.0508438106859880e-02	  -7.1323546517249564e-02	  -1.6176298775430326e-01	  -6.2732145605919498e-02	   1.7169996600714083e-01	   7.4484692123616872e-02	  -3.5054013675305758e-02	  -3.1654305774819641e-01	   0.0000000000000000e+00	   5.8298250959150333e-01	   4.3266095751572897e-01	   4.0475646509575036e-01	   1.7227391416237867e-01	   4.0789642223245055e-02	   3.1124784838886299e-01	   2.1777985096040309e-01	   1.8299603987901394e-01	   1.2968689966534025e-01	  -3.5468890678265741e-01	  -4.6733500128091215e-01	  -2.8222490866248544e-02	  -1.3194449915974031e-02	  -2.5917805605264416e-01	  -2.6224914865482435e-01	  -4.2349386441674092e-01	  -3.8011943121565966e-01	   4.9405823693509221e-01	   2.8797207833839611e-01	   2.2759170409780269e-01	   2.3787523817725864e-01	   1.0658864542819139e-01	   1.2022025194630509e-01	  -6.9550066635489877e-02	  -1.7538854896856057e-01	  -4.2110352697638420e-01	  -2.8270837448724534e-01	  -2.2543111158994666e-01	  -2.9357773386752639e-01	  -1.6432520329084394e-01	  -1.6240499942522074e-01	  -1.0407203337840272e-01	  -6.1212865491170776e-02	  -3.1790730730152469e-02	  -1.0523759523139563e-01	  -2.0432812864565256e-01	  -1.5405972451172520e-01	   2.2899130690981068e-01	   1.3311596141334922e-01	   9.2775301657275919e-02	  -3.6249362005463373e-02	  -5.6066992581491157e-04	   2.7356600508875027e-04	   1.9252428008382843e-03	   1.7218049284121514e-02	   2.8752856563626772e-01	   2.8728854518072477e-01	   1.0169582825716475e-01	   5.1559489228245069e-02	   5.0986880317928729e-01	   1.2525267056675146e-01	   4.6034795776454285e-01	   2.7384447384601129e-01	   2.1021980487176165e-01	   5.1368347861756355e-02	  -1.3158627737085610e-01	  -2.7445689063591056e-01	   5.0981892814476348e-02	  -7.8359975194065429e-02	  -1.3493048848008915e-02	  -2.5006334696495530e-01	   1.6160202802469475e-01	   2.7109783094851575e-01	   3.5006367570448371e-01	   3.2715339170247637e-01	   1.6140929126496367e-01	  -1.4103282748546103e-01	  -5.5082617393901419e-02	   5.7483190386323511e-02	   1.2439606313488781e-01	   3.9098552167733580e-01	   3.8879421385094604e-01	   5.0910198943794394e-01	   1.7027363210358082e-01	   1.2336755560723302e-01	  -1.3194286009500272e-01	   1.3449368414454269e-01	   9.6890291750129753e-02	   1.2222603048185560e-01	  -1.4066926930694557e-01	   1.5493334970195538e-01	  -6.0041526999881259e-02	   2.3917166404860060e-01	   1.0203354763168323e-02	   6.8716229006036286e-02	  -2.1731410536448695e-01	  -1.7484908258025222e-01	  -9.0302016694709650e-02	   1.1777148909095173e-01	   5.9541902575193529e-03	   3.8725782998502073e-01	   4.7977521166120786e-02	  -1.8544656117860495e-02	  -2.8598607413176574e-01	  -6.2880905842641466e-01	  -2.5019767444489949e-01	  -3.3776620797701173e-01	  -8.1647647433655712e-02	  -2.4483527009114467e-01	  -2.3589349250801878e-01	  -3.7554369109639364e-02	  -1.0652841661966925e-01	  -6.5914415022311740e-02	  -2.6594237783810859e-01	  -3.6612772695703039e-01	
   2.3179136111101695e-01	   7.4395538058047617e-01	  -2.5630463427524097e-01	   7.7585235430142591e-02	   1.8113193307242675e-02	   1.1200013406481309e-01	   1.4123091079876104e-01	   2.9713762333974802e-01	   7.7620405283850905e-02	   8.0833540498638293e-03	   5.8298250959150333e-01	   0.0000000000000000e+00	   3.0540133157263177e-01	   9.6918807362990922e-01	  -2.3127914027111115e-02	   3.3064008165861893e-02	   1.6553703553633212e-01	   1.4701481543992542e-01	   1.1036049000530186e-01	   2.1687065475852468e-01	  -1.9585652976937792e-01	  -3.7862387315054891e-01	  -1.5606107291607355e-01	  -5.2386156202037508e-02	  -1.9272705312176211e-01	  -1.3044749262047906e-01	  -1.7513660248832560e-01	  -1.8829747080726633e-01	   4.5433116647170640e-01	   5.1807520894824099e-01	   2.8976508104342941e-01	   3.0727088962425042e-01	   1.1331688275396787e-01	   2.6705183438725627e-01	  -5.3451252739922954e-02	   8.9858962175151050e-03	  -4.4185014744712142e-01	  -2.5757453891363302e-01	  -2.2065878786594600e-01	  -1.2360133057063694e-01	  -2.9956763801552844e-01	  -3.2113394665443601e-01	   1.7527311104519050e-01	   2.7991483951700641e-01	   1.2999419252990413e-01	   3.2209284808934718e-01	   1.3504714603142717e-01	   1.6920263336943608e-01	   2.9178072406198746e-01	   3.7531175720421273e-01	   1.6259146537356040e-01	   3.3155809971683398e-01	   3.0046850924867174e-01	   1.0247786466664446e-01	   1.6718896222471008e-01	   2.1429365703231831e-01	   2.7996183152541776e-01	   5.2729953198325452e-01	   3.3097147736972038e-01	   4.5460647625036454e-01	   6.8381039198174587e-01	   6.2034336539275181e-01	   4.3425556860805076e-01	   5.4700209454831850e-01	   3.3668505172999908e-03	   1.4860009242697586e-01	  -6.0096276747796322e-02	   6.6734908564533837e-03	  -7.0725112116767130e-02	  -8.4636398380636552e-02	   1.3514146181504344e-01	  -1.5033996259050017e-01	   1.8691268634108907e-01	   4.3686947389234881e-01	   2.7073739535880970e-01	   5.7706874788627138e-01	  -2.9594938131250435e-02	   8.4933157177450827e-02	   6.7474544766834718e-02	   1.2432090983576589e-01	   3.5758654667768364e-01	   3.2934376005488397e-01	   6.0306139837124809e-02	   3.3535512083186753e-01	  -8.0260569108147987e-03	   1.5615054954655166e-01	  -1.6912084973530558e-01	  -1.0232188099066159e-02	   3.4579635253861984e-02	   1.1076069038940166e-01	   9.5412546832451348e-03	  -1.4421909046679379e-01	   9.5262077971044693e-03	  -8.6503253732935825e-02	  -1.3277579060829681e-01	   2.8222882141532582e-02	  -1.5144663264188205e-01	  -6.3390933308219724e-02	   1.8702178791537741e-01	   2.3908622914094452e-01	  -5.2863217344482301e-02	   1.6700181935117669e-01	  -4.7381401552219739e-02	  -2.4755470333936996e-01	  -3.4142254381001258e-01	  -5.7709207444339683e-01	   1.3116500628069902e-01	  -3.5381314129583213e-01	  -5.0235332505244215e-02	  -1.0744676405500742e-01	  -1.0377413508819380e-01	   1.2998711265787488e-01	   6.1774411754242997e-03	  -3.0080135312367851e-01	  -1.8589023615317435e-01	  -1.4355117332298756e-01	
   2.4077984291315185e-01	   3.1924390520093993e-01	  -2.3518462499161522e-01	  -5.0264580910576473e-01	  -1.0258566718154484e-01	  -2.1956355763920746e-01	  -1.6204146992928317e-01	  -2.3636464000774932e-01	   2.4082214129888882e-01	  -7.3569199597230808e-02	   4.3266095751572897e-01	   3.0540133157263177e-01	   0.0000000000000000e+00	   6.0332968934388675e-01	   2.3427158926538999e-01	  -1.6898114685285681e-01	  -1.7468540209079252e-02	  -2.2393501505514817e-02	  -2.2083276973242368e-02	  -1.3342489392684362e-02	  -1.3321565173284944e-01	  -1.3717698153681421e-01	  -9.6301790854279659e-03	  -1.5855445126206058e-01	   3.3817756470424398e-02	   6.2158362427636983e-02	  -1.4554620718758832e-01	  -1.3265868790665625e-01	   2.1837355723225288e-01	   1.6413709537084067e-01	   8.1843723993934692e-02	  -2.7053374937846760e-02	  -5.1865820052908055e-03	  -7.5573682213967042e-02	   7.0930654694491974e-02	   1.9453773709935358e-02	   2.0709262163603426e-01	   5.3892554876724147e-02	  -1.6491931489041586e-01	  -1.7328338085558906e-01	  -1.1253164629558998e-01	  -9.8281193070498415e-02	   1.5594929819261014e-01	   1.4152574569427254e-01	  -3.3888820279854158e-03	   2.5762249646287316e-02	   6.7289984745233553e-02	   1.1514564275591821e-01	   2.7838267398817129e-01	   2.2355829590058351e-01	  -1.1619868791008918e-01	  -1.0571075804548129e-01	  -1.9131239437698819e-02	  -1.0156559303148045e-01	   2.6265598584645486e-02	  -2.1934998722713032e-02	   4.6217010372940855e-02	   7.2560755819345499e-02	  -1.6313404196693426e-01	  -2.1330912823959572e-01	   1.7067185905207000e-01	  -1.0439684898861289e-01	  -1.0178959162441774e-01	  -4.4800020252566894e-02	  -1.5368695822992878e-01	  -2.4026716709619939e-01	  -3.9958248436891897e-01	  -4.8242338294405651e-01	   1.6573079253628616e-02	  -8.2376851173945123e-02	   4.6288545396633796e-02	   1.0747480022123532e-02	   1.9762777878499385e-01	   2.7261314886431603e-01	   1.8464844613053386e-01	  -3.7871818453787523e-02	   1.9979942884345014e-01	  -4.3336595320622201e-02	  -1.6178067120850961e-01	  -1.1168557207743661e-01	  -6.0430446225234372e-02	  -1.8760092080826574e-01	   2.0324975671636783e-03	  -1.4271885009094397e-02	  -3.6119578530933982e-01	  -4.2469080400349679e-01	  -4.8297521569629021e-01	  -3.9046289928002209e-01	   2.5627668580665130e-02	  -1.7515188401170617e-01	  -1.7277684762063550e-01	  -7.2504618462854706e-02	  -1.7269866579441207e-01	  -8.2123537648791087e-02	  -3.9731781414077616e-01	  -4.2123714720126482e-01	  -1.6517932846823513e-01	  -1.6398651710602133e-01	  -5.0487297588338940e-02	   1.2615173509226146e-01	  -2.6594195247980557e-01	  -1.9590264304572921e-01	  -2.5313509308539972e-01	  -3.7776635302999939e-01	  -1.4609454432069222e-01	  -3.2225812329900161e-01	   1.0452326635894882e-01	  -2.0438583218525361e-01	  -1.7416743932520490e-01	  -1.1985314004585571e-01	  -3.7244440142877394e-02	   2.9197856590215399e-01	   1.6877797184943211e-01	   5.0884560778512056e-02	   4.7066783871649691e-02	   4.8990881376397483e-02	
