   0.0000000000000000e+00	   1.3473949587700285e+00	   1.1886591275925824e+00	   1.1682859818779048e+00	   8.5895582442228080e-01	   8.4513315663770161e-01	   1.2008709995236526e+00	   1.0849172613225166e+00	   7.1653394672953608e-01	   7.8595455958677063e-01	   7.5486559676653575e-01	   9.1060095186739587e-01	   8.9583163863396276e-01	   9.2893020828900552e-01	   9.3688324076007756e-01	   9.5087702628345205e-01	   7.9682918057562868e-01	   8.4917871434029724e-01	   9.5286057199133234e-01	   1.0336987478775528e+00	   5.4333778697226975e-01	   4.3955760120274195e-01	   8.3396920654772122e-01	   9.0044578508777418e-01	   6.4172502515433538e-01	   6.5722029840252427e-01	   6.1675934101099728e-01	   7.0434162627854624e-01	   4.7263627389639457e-01	   4.6871800347778120e-01	   5.5331271508231639e-01	   5.2103110624103621e-01	   9.9876482320018345e-01	   9.2898818944514716e-01	   6.4275032917602226e-01	   6.6907504069243773e-01	  -2.3917500780975737e-01	  -4.2564702327527029e-02	   4.6988061170706863e-01	   8.4584779581119240e-01	   2.7219593614357102e-01	   3.5240127165183099e-01	   8.6329080603241992e-01	   6.4295033024186088e-01	   9.3463297480241048e-01	   1.1341992588962637e+00	   9.0571147942994457e-01	   1.1065792582944078e+00	   9.8173975388293933e-01	   1.0709435593023551e+00	   9.8258430277213815e-01	   8.7685895497641242e-01	   8.8795589061325975e-01	   9.7259881694465400e-01	   1.0102347137629271e+00	   1.1053587979522947e+00	   1.5102128567571715e+00	   1.0361607383941445e+00	   1.1536233592099916e+00	   8.3587229311611622e-01	   1.1543904563212795e+00	   7.8876907188583412e-01	   7.2568595049872531e-01	   9.8153196634483353e-01	   5.1109784372962574e-01	   8.3683693210570409e-01	   1.1364219063334406e+00	   1.0722495492768387e+00	   1.0743840286695947e+00	   9.9032748439140983e-01	   7.1527754768440843e-01	   5.8954580227170561e-01	   7.0503545954639268e-01	   5.8013357769411888e-01	   7.6334153255680171e-01	   6.5877066597667955e-01	   8.1439767935100593e-01	   6.8045147708862175e-01	   5.6886842297902007e-01	   7.3753592974656867e-01	   6.7069663870676555e-01	   6.9252475065807428e-01	   7.8222006065508398e-01	   9.5226844152276680e-01	   7.5789064290591390e-01	   8.8888876282540408e-01	   8.2203987892505104e-01	   7.4897408795739884e-01	   1.0726906659250224e+00	   1.1428018918855367e+00	   1.0649773082143255e+00	   9.6554757292918181e-01	   9.4137051390359994e-01	   9.7740471839992416e-01	   1.6951301716854850e-01	   1.5220604427980330e-01	   9.1068503271823675e-01	   1.2050464937164320e+00	   1.1853301131203171e+00	   1.2880213841939285e+00	   7.6258134349116713e-01	   8.8116971373587871e-01	   8.3633806801258181e-01	   1.0756037427995091e+00	   1.0723547547172919e-01	   3.6283484499828877e-01	   3.6041766192121977e-01	   6.2874867005844581e-01	   4.4043719801574758e-03	   2.7168686442656801e-02	   7.1137957024166143e-01	   1.1106984514725480e+00	   1.0540227266412654e+00	   6.6363304610582863e-01	   1.6697814446645656e-01	  -3.2735549485087767e-01	
   1.3473949587700285e+00	   0.0000000000000000e+00	   1.1145335707791268e+00	   1.2649821865489599e+00	   9.0978381243478490e-01	   9.0094697039333593e-01	   1.0380792004760795e+00	   9.9871701254746570e-01	   7.5709754874055024e-01	   7.6550245022024688e-01	   8.2445600133200392e-01	   1.1617492827848184e+00	   1.0977089162709419e+00	   1.1889042389168494e+00	   1.0636346832683778e+00	   1.0544833854226940e+00	   5.6541678322448985e-01	   8.3073167280008631e-01	   1.3022092211736886e+00	   1.4785663312967912e+00	   6.4854777064643332e-01	   5.4094907447199658e-01	   8.0962183035442692e-01	   8.5028363793792128e-01	   7.3195808020625808e-01	   6.7698833403497027e-01	   6.8471419247133536e-01	   7.5701987488631040e-01	   4.4576131739239944e-01	   5.5113430586044188e-01	   5.5855536631231018e-01	   4.8185272706378035e-01	   9.6548956410028530e-01	   9.2394230976252556e-01	   6.2040908657742366e-01	   6.9114450201920941e-01	  -2.2574225624109001e-01	  -6.8516699484397689e-02	   5.1060102763870507e-01	   9.1116314874858784e-01	   2.6864470685849862e-01	   3.9874939800142134e-01	   7.3508366108719858e-01	   5.2768291580453286e-01	   7.7631715514653410e-01	   1.0043027494381298e+00	   8.4049975787748910e-01	   1.0175169582875889e+00	   1.0062914701782326e+00	   1.1286990821195801e+00	   1.0781291928367567e+00	   1.0066980966291443e+00	   1.0451775558061425e+00	   1.0909780524881836e+00	   1.2053455496363974e+00	   1.2457117270952707e+00	   9.3491253915541828e-01	   1.4700044263896377e+00	   1.2932827838403496e+00	   1.1345582760350921e+00	   1.0484053094183681e+00	   7.4123425247547070e-01	   6.5227981876640562e-01	   1.0561256254708904e+00	   3.8723881286175499e-01	   6.7708747035114603e-01	   1.2228092036416305e+00	   1.0713339801018700e+00	   1.4996513947847989e+00	   1.2388109586559075e+00	   8.9549136097101256e-01	   5.8363376285674995e-01	   7.5746763330947564e-01	   7.5812065353614888e-01	   7.8342842991127037e-01	   8.4044631224674249e-01	   7.7367151770244469e-01	   7.0829344497508184e-01	   4.1519082676361341e-01	   5.9055701164845686e-01	   6.3750574076835653e-01	   7.2818491129108620e-01	   7.3810319276109948e-01	   1.0336457946667219e+00	   7.2795668351974574e-01	   8.5238740334356211e-01	   8.1947860093516367e-01	   6.7931181029039300e-01	   1.0773458891611964e+00	   1.1863901006698006e+00	   9.8776218097156709e-01	   8.5968001126875548e-01	   7.5610890093985195e-01	   8.4362312695292685e-01	   2.0250749013277783e-01	   2.1445910410768407e-01	   1.0434882879523724e+00	   1.2285123275805658e+00	   1.3133704001611344e+00	   1.1122693386853517e+00	   7.0839516182454276e-01	   7.8448437005264882e-01	   7.7655320591431565e-01	   8.7741842560829886e-01	   2.6781878457301882e-02	   2.0819361985320328e-01	   2.3502031837421267e-01	   6.3344957468066043e-01	  -7.6714256973696446e-03	   5.2417512322448727e-02	   6.4838125500229948e-01	   9.7862972201825082e-01	   1.0975241506879514e+00	   7.3821119152290704e-01	   1.6580398215870940e-01	  -4.2717798906354598e-01	
   1.1886591275925824e+00	   1.1145335707791268e+00	   0.0000000000000000e+00	   1.8638923896554147e+00	   1.3699728989446809e+00	   1.4059143402839387e+00	   1.9900792405067134e+00	   1.6997671917630626e+00	   9.8693492091618662e-01	   1.0338217905563090e+00	   8.0554568271511950e-01	   9.9487749931698666e-01	   1.1561084632608358e+00	   1.0905355393032354e+00	   1.3888123375091570e+00	   1.1796918015488047e+00	   5.5679866940607248e-01	   6.7760622911046919e-01	   1.3477248702232996e+00	   1.2241903419063054e+00	   7.9181785295785689e-01	   6.7740573488210387e-01	   1.5085066265036371e+00	   1.4716690900382656e+00	   1.2059290429756184e+00	   1.2643304149218815e+00	   7.1769700896952004e-01	   8.7785038184993214e-01	   4.7129151799868962e-01	   5.4885698858956355e-01	   8.5874854271300793e-01	   7.8893974004371836e-01	   1.1937370836904304e+00	   1.2134004465531485e+00	   9.7661931250439649e-01	   9.3874300591251347e-01	  -2.7141022761960065e-01	  -1.0392070845016027e-01	   4.1814463157202064e-01	   6.9469409703441731e-01	   1.5086440822940725e-01	   2.5673140937097660e-01	   9.1058807037019152e-01	   6.8080624940434509e-01	   1.0072696259371350e+00	   1.0688868219441454e+00	   8.8303825030167293e-01	   1.1322426712136018e+00	   9.5760987786456220e-01	   9.6798837664516157e-01	   1.2450656062556626e+00	   7.5588210259346422e-01	   8.8266240314098066e-01	   8.6811076275550270e-01	   9.6803027638399108e-01	   1.0030922374553239e+00	   7.6833336378689010e-01	   9.1985878611272309e-01	   1.0554403475624918e+00	   9.0577129625088437e-01	   1.0085261751194261e+00	   1.0544628698563867e+00	   6.4046605779993693e-01	   8.8945278370788250e-01	   7.9461225851019024e-01	   1.0222682416745710e+00	   1.6597978028245861e+00	   1.6385392923057609e+00	   1.0254361869473247e+00	   1.0084299589768653e+00	   9.7067330805092600e-01	   7.7721762170054698e-01	   6.8087934760920865e-01	   8.3866280907902391e-01	   7.3088597081369644e-01	   8.5125582454412263e-01	   6.6774112553692333e-01	   6.8660934549780150e-01	   4.7564005800634679e-01	   5.9654540351336416e-01	   7.8219293315484340e-01	   8.2924350966485638e-01	   8.3050305931005508e-01	   9.6168851247947806e-01	   1.1886208958850770e+00	   1.2698815622178747e+00	   6.7549067328591439e-01	   5.7141128842787103e-01	   1.1138962815053577e+00	   1.1248579139644370e+00	   1.0919480906845751e+00	   1.1797629274107830e+00	   1.0558707492005881e+00	   1.1881854649919741e+00	   2.3457085012311560e-01	   2.0022468806454605e-01	   1.0377658285375904e+00	   1.0844155475165158e+00	   1.0209353495706111e+00	   1.0236703870191415e+00	   6.9236781864978914e-01	   8.0444515647207060e-01	   7.2699558807865405e-01	   8.6527568228073393e-01	   6.9418324065545656e-02	   2.7053375392619883e-01	   9.3612410780416377e-02	   4.8408779897932858e-01	   2.4687522116355505e-02	   6.7562751063179063e-02	   8.6026868052323735e-01	   9.8249309632137882e-01	   1.0371781146090420e+00	   7.3384314503416082e-01	   2.6899079139988635e-01	  -3.9698698729124593e-01	
   1.1682859818779048e+00	   1.2649821865489599e+00	   1.8638923896554147e+00	   0.0000000000000000e+00	   1.3539036729231786e+00	   1.4484893489554296e+00	   1.6439293196311719e+00	   1.7892441464621636e+00	   1.0140019217434639e+00	   1.1009874845805578e+00	   8.0615311043854754e-01	   1.1509828162663638e+00	   1.1252625523960063e+00	   1.1551884557115233e+00	   1.2787634686094622e+00	   1.2941149467166653e+00	   5.4570255862755501e-01	   6.9295651995190322e-01	   1.4385920043357616e+00	   1.3412511431864649e+00	   8.2345158476029490e-01	   7.5851510279014300e-01	   1.2356088864480246e+00	   1.4551130858053651e+00	   1.1078683249905463e+00	   1.2533701231704717e+00	   8.6489705811944861e-01	   1.0166265940782693e+00	   3.9522894479942183e-01	   5.0636113958618179e-01	   7.8774112127192364e-01	   7.2320333603295384e-01	   1.0495447839033762e+00	   1.0954927487710413e+00	   9.2078835824150496e-01	   9.9153310657827565e-01	  -2.9635308072892563e-01	  -1.4564476053735873e-01	   4.7038454300330579e-01	   7.8149719826302699e-01	   1.5283570445894015e-01	   3.5521702467885480e-01	   7.5813530863957046e-01	   5.3899755250556780e-01	   9.5121965668959563e-01	   1.0763425266174038e+00	   8.1357437895813089e-01	   1.0915022226989788e+00	   1.0814516418457729e+00	   1.1090721618272028e+00	   1.2987898245761902e+00	   8.6040196977464756e-01	   9.3980018331662030e-01	   9.4403801099256723e-01	   1.0988877566403747e+00	   1.1348893363280499e+00	   7.8231372425665024e-01	   1.0555354479325221e+00	   1.2036418418743366e+00	   1.0686487180701825e+00	   1.0381039816904152e+00	   1.0254127825826094e+00	   7.0616807659101355e-01	   9.4140008533815178e-01	   7.0597816234271416e-01	   1.0857330330634716e+00	   1.7753479634159557e+00	   1.6611594240954304e+00	   1.1551926170048199e+00	   1.1137433290801697e+00	   9.2008689918902520e-01	   6.8020440973857887e-01	   6.5258913827819687e-01	   7.4094795457839169e-01	   7.2575123410951625e-01	   8.3362016069749278e-01	   6.1770211353481375e-01	   6.6312884980073550e-01	   4.1269381837314667e-01	   5.4372704156640228e-01	   7.1230068432231497e-01	   8.0755445528354586e-01	   8.6865742002776769e-01	   1.1185800174585301e+00	   1.0822916948827566e+00	   1.2140191779991507e+00	   7.8531772035754266e-01	   6.5609163869188825e-01	   1.2868971081931662e+00	   1.3409738376879383e+00	   1.1473795665477986e+00	   1.0936670238499548e+00	   1.0614335778932531e+00	   1.0719132822092279e+00	   2.4368072111662892e-01	   1.9283229155148474e-01	   1.0745958783971374e+00	   1.1473624429626250e+00	   1.1183046386365221e+00	   1.1017620835612989e+00	   7.6144552248404129e-01	   8.3800391669218932e-01	   7.9705420278942041e-01	   9.5637347280869422e-01	   5.4546346796702366e-02	   2.9348984228344305e-01	   1.6488516183029789e-01	   6.1840806326862863e-01	   2.2092797367999677e-02	   7.3941777698053240e-02	   7.8275434881756079e-01	   9.7362334040398313e-01	   1.0221943917316214e+00	   7.0240913945890504e-01	   2.2327944141300538e-01	  -4.1200377217957190e-01	
   8.5895582442228080e-01	   9.0978381243478490e-01	   1.3699728989446809e+00	   1.3539036729231786e+00	   0.0000000000000000e+00	   1.8970606912635970e+00	   1.4607548975286733e+00	   1.3278034437082744e+00	   1.6544757396885292e+00	   1.5108969139127233e+00	   5.4704788536756865e-01	   7.8746457091005928e-01	   8.6756734235814659e-01	   7.8107844323817255e-01	   1.3262361499756510e+00	   1.3497640934525281e+00	   2.4719528615126429e-01	   3.9854105654614724e-01	   9.9662628753739047e-01	   1.0047266636626024e+00	   9.3797191072611219e-01	   7.9817492849429494e-01	   9.3474471308388052e-01	   9.5032606044158019e-01	   1.0153426739470639e+00	   1.0167734078545989e+00	   1.0754584936455809e+00	   1.1992641239006461e+00	   2.4907535298435740e-01	   3.4622006745598860e-01	   5.4636090657477365e-01	   4.8920116521817680e-01	   7.1041613668740256e-01	   7.0884154903978647e-01	   6.2828323695727861e-01	   6.7302944774497642e-01	  -3.0941840126094206e-01	  -1.7952960764996218e-01	   5.0217547652982286e-01	   7.4740815221438539e-01	   1.1057663719607487e-01	   2.1526578357105464e-01	   6.8739760067202793e-01	   4.8254726703858553e-01	   7.6717021899825133e-01	   8.0852141646277997e-01	   6.5194751709078380e-01	   8.8421969756618479e-01	   8.7004351507739430e-01	   8.8584068592323306e-01	   1.0063293290004580e+00	   7.5228628582932311e-01	   7.7956915254076264e-01	   8.9606420124950126e-01	   9.2351737624744268e-01	   9.5136533318429450e-01	   5.4494375650416749e-01	   7.4661352020963501e-01	   1.0904532762888810e+00	   9.9407610351168851e-01	   8.3683075469012935e-01	   1.0186819324552092e+00	   3.5563950414897061e-01	   6.0391110484744115e-01	   6.1685151306591846e-01	   8.5146399262353167e-01	   1.2177041024936783e+00	   1.1655774872800051e+00	   9.1138249752981226e-01	   9.5627549497677788e-01	   8.0985592701236653e-01	   7.1941648416478776e-01	   4.0486602507241676e-01	   5.5647470832481782e-01	   4.8221679466856282e-01	   6.1218061174707261e-01	   4.2050918454371006e-01	   4.7610991685081283e-01	   2.4709284227028858e-01	   3.4691984147753241e-01	   5.0109956013649726e-01	   5.8577270007060744e-01	   6.5297935042136168e-01	   8.4916714961345130e-01	   7.4722128873806681e-01	   8.8372009710538002e-01	   5.9881287932057092e-01	   5.0352330948467217e-01	   1.1117856323189739e+00	   1.1130362913293679e+00	   8.6477005733086776e-01	   8.2533593092757318e-01	   8.7023764826760974e-01	   8.9714586243154859e-01	   3.1423955378175722e-01	   2.7047403111998980e-01	   9.3717828969454609e-01	   9.0684943076448088e-01	   8.1264910171639326e-01	   7.5345652447329337e-01	   7.5931803204447246e-01	   8.4934502019334190e-01	   7.2090269248959926e-01	   8.2782889408206484e-01	   1.1201326156482848e-01	   3.0277977254447830e-01	   1.8672016143672038e-01	   6.1365363159631603e-01	   9.0684381709963777e-02	   1.7288817575461835e-01	   5.5116499548546505e-01	   6.4619133225428493e-01	   8.2918785501673309e-01	   5.8527218605198228e-01	   1.7357078486713587e-01	  -3.6043036237014470e-01	
   8.4513315663770161e-01	   9.0094697039333593e-01	   1.4059143402839387e+00	   1.4484893489554296e+00	   1.8970606912635970e+00	   0.0000000000000000e+00	   1.4171249461463242e+00	   1.3656060399468146e+00	   1.5322319415830883e+00	   1.7206586740420104e+00	   5.1520037924001083e-01	   7.7946885915220543e-01	   8.4593702241662361e-01	   8.0575930808667084e-01	   1.2914345808784380e+00	   1.3824463850444324e+00	   2.5467482884660075e-01	   3.9104561431745644e-01	   1.0148245562376705e+00	   1.0115106029287131e+00	   1.0163096465113493e+00	   9.4859605844959638e-01	   8.9855018912853613e-01	   9.4543522861987939e-01	   9.7636293506014815e-01	   1.0635836546410709e+00	   1.0985232366236262e+00	   1.3039973197776957e+00	   2.7045968720065866e-01	   3.7927467152786676e-01	   5.4663009353419245e-01	   4.8775926135214387e-01	   6.9964647825698545e-01	   7.0559415311825580e-01	   5.9686102943977459e-01	   6.2554550863937819e-01	  -3.3876674875632962e-01	  -2.0472935186395919e-01	   4.6262726878282090e-01	   7.1815459367787438e-01	   6.6186450002735986e-02	   2.0836449248502678e-01	   6.0846344966317900e-01	   4.1995301743531016e-01	   7.1234104606553472e-01	   7.4932716938976940e-01	   5.5576027110610593e-01	   8.2141161806126217e-01	   8.1061170835151786e-01	   8.3651213111613321e-01	   9.1310275782079464e-01	   7.0239736457448132e-01	   7.4666724246518446e-01	   8.9200217022453399e-01	   8.5559444493572911e-01	   8.7468932623653484e-01	   5.2494776469764115e-01	   7.2641979692711889e-01	   1.0946224857089555e+00	   1.0501760726230667e+00	   7.8469648981126972e-01	   9.8787766733836069e-01	   3.5285920201324739e-01	   5.7237970790701553e-01	   5.6617109558639256e-01	   8.0555327125313603e-01	   1.2220790611084069e+00	   1.1600546220336310e+00	   9.1874132126134278e-01	   9.7188719423894587e-01	   7.8335778082555907e-01	   7.2410308073732432e-01	   3.6112709508146279e-01	   5.5772883192510803e-01	   4.1994321990932820e-01	   5.7180993388583534e-01	   3.6239867439135132e-01	   4.3524139290669828e-01	   2.5174435053205207e-01	   3.3631068385479407e-01	   5.1248227116796019e-01	   5.7767774904201774e-01	   6.3308884939018129e-01	   8.4402120816091342e-01	   7.2934696192560944e-01	   8.5513060268453023e-01	   5.3164075909174124e-01	   4.5912639745195649e-01	   1.1044817330002508e+00	   1.0946782635799055e+00	   9.1425606054937958e-01	   8.6942550109951311e-01	   9.2270457493080349e-01	   9.4450539460029681e-01	   3.8205414041062596e-01	   3.1983885501775894e-01	   9.2040967964357545e-01	   9.3563170713540800e-01	   7.8337395819082822e-01	   7.3711430002464839e-01	   8.5706442242870562e-01	   8.8078885719353517e-01	   8.0389245885066762e-01	   8.2070048438166898e-01	   1.6751313544092342e-01	   3.6126053358953969e-01	   1.7844855606358706e-01	   6.2012056315074038e-01	   1.7386303484426940e-01	   2.5489361836974606e-01	   5.5759453566930417e-01	   6.0512072305122711e-01	   8.1823525120901419e-01	   6.5533338450198575e-01	   2.8201628236424214e-01	  -2.4835236899874294e-01	
   1.2008709995236526e+00	   1.0380792004760795e+00	   1.9900792405067134e+00	   1.6439293196311719e+00	   1.4607548975286733e+00	   1.4171249461463242e+00	   0.0000000000000000e+00	   1.8341342909478990e+00	   1.0707084127634876e+00	   1.1310252382781392e+00	   7.8091204194765018e-01	   9.6104739658054217e-01	   1.1646721631878703e+00	   1.0005148301597913e+00	   1.3570367031209560e+00	   1.2134235698448104e+00	   5.4271227511911602e-01	   6.4434474595833224e-01	   1.1003328593698234e+00	   1.0432509137965511e+00	   7.9384669431833255e-01	   7.1689281297275975e-01	   1.2709604486207486e+00	   1.2250793764173897e+00	   1.0709417139458646e+00	   1.1511819606283997e+00	   7.6572468575550945e-01	   9.7594404216884656e-01	   4.3412392628635454e-01	   5.0738365589842860e-01	   8.3203852534737344e-01	   7.7835973729962793e-01	   1.1213745660877616e+00	   1.1067970989071489e+00	   9.2737022216215048e-01	   8.4967710268595986e-01	  -2.6414676803670045e-01	  -7.9695502218620706e-02	   5.0832234420360334e-01	   8.0842939509098022e-01	   1.4813111245509075e-01	   2.8731403827207197e-01	   8.2949278341883836e-01	   6.0287741705555786e-01	   1.0853726112534803e+00	   1.1017288459018821e+00	   8.7801061748448128e-01	   1.1034518905130943e+00	   1.0072425049968849e+00	   9.9673677615395406e-01	   1.1699293403724624e+00	   7.4042295003640468e-01	   8.2201721714972753e-01	   8.7570548681096005e-01	   9.7793118359172571e-01	   1.0380230326807001e+00	   7.8033799498938117e-01	   7.9534116828834855e-01	   1.1261445453620829e+00	   8.8792830055832628e-01	   1.0287688838122189e+00	   1.1670909973765018e+00	   6.0817127328845855e-01	   8.0442272932018744e-01	   8.6613409549255138e-01	   1.1541959409396678e+00	   1.5495336658662622e+00	   1.4889392495638099e+00	   9.2767242753455315e-01	   9.2324743013305033e-01	   9.0674571960160022e-01	   7.6791708906168965e-01	   6.0397452304454446e-01	   7.0836437577640454e-01	   6.8012838743072779e-01	   7.3925465249374467e-01	   6.2158120522451898e-01	   6.5899790030801730e-01	   4.5954968565079352e-01	   5.6951037169483631e-01	   7.1515167986239692e-01	   8.0543670909156906e-01	   8.2140053565892479e-01	   9.8139982333098041e-01	   1.0228619782792057e+00	   1.1772102852587261e+00	   7.0273377159301154e-01	   6.2049130794242313e-01	   1.2074507763300892e+00	   1.2112747811660300e+00	   1.0720681218256005e+00	   1.0675728924818952e+00	   1.0273049083420103e+00	   1.1494485478250500e+00	   2.3735926325498530e-01	   1.9405140538649465e-01	   9.9325302251326042e-01	   1.0309118262426780e+00	   9.7972870202794260e-01	   9.8070455828344261e-01	   7.8382964007866096e-01	   8.8508811257595998e-01	   7.8440735711934340e-01	   9.5043406144176812e-01	   6.6090689284115545e-02	   3.1600908830026841e-01	   2.1276382333160290e-01	   5.7886551592341251e-01	   2.5517707659946081e-02	   6.9837469495321589e-02	   6.9071251584933158e-01	   9.1942404879516981e-01	   9.7927396917645715e-01	   6.3339298044453574e-01	   2.2822812040132695e-01	  -3.3607942636769667e-01	
   1.0849172613225166e+00	   9.9871701254746570e-01	   1.6997671917630626e+00	   1.7892441464621636e+00	   1.3278034437082744e+00	   1.3656060399468146e+00	   1.8341342909478990e+00	   0.0000000000000000e+00	   9.6983605668655526e-01	   1.0768388971541791e+00	   7.9178285680532468e-01	   1.1451651225355455e+00	   1.1265585580663251e+00	   1.0953727153750992e+00	   1.1314864628364110e+00	   1.1567077053728010e+00	   5.6282544824668124e-01	   6.2796497786389827e-01	   1.0105715598571905e+00	   9.5875250121886046e-01	   6.8210010012140776e-01	   6.9121069177733652e-01	   1.1937227319468156e+00	   1.2772046204030887e+00	   9.9839372772935109e-01	   1.2114389365389371e+00	   7.1837307784140503e-01	   9.3416239111445210e-01	   4.0126089213693061e-01	   5.3380787805237329e-01	   8.9246312655301319e-01	   8.5251328901179091e-01	   1.0125867551170264e+00	   1.1052263602970056e+00	   9.2505160102039852e-01	   8.4612388843164521e-01	  -3.5270838447040581e-01	  -1.4895699717022193e-01	   3.6224191415125495e-01	   6.8570297455360107e-01	   3.0526855714091146e-02	   2.3404193481230673e-01	   7.3355814448376899e-01	   5.7274568884180321e-01	   1.0338380853889848e+00	   1.0390838712051234e+00	   7.8314187898188758e-01	   9.8458166539556347e-01	   1.0214310739688555e+00	   9.7167767588824516e-01	   1.1802774335836583e+00	   7.1367963427971581e-01	   7.4329800022411507e-01	   7.9630625567225499e-01	   8.4322993096237608e-01	   9.3038706130808557e-01	   7.7169527379009717e-01	   8.1841150127165130e-01	   1.0526390920068336e+00	   8.7045759266715406e-01	   1.0430775114473849e+00	   1.3400509575086899e+00	   6.9632790019026924e-01	   8.3569476664343700e-01	   9.2907351923531067e-01	   1.3122510582858078e+00	   1.4422531429626493e+00	   1.4438599443331410e+00	   8.6492136767980043e-01	   8.6372756092269298e-01	   9.5388540437833103e-01	   7.4400749525378918e-01	   6.6421726929019953e-01	   7.2856345688544888e-01	   7.3421666538076069e-01	   8.0512879820905281e-01	   6.2417714619099673e-01	   6.6570915867776126e-01	   4.5914520954140159e-01	   5.3064327880341278e-01	   7.4414312310353248e-01	   8.0105844377516422e-01	   6.8294924424583292e-01	   8.7593997440192828e-01	   1.0002988084470252e+00	   1.0793529090551328e+00	   6.4753755922683465e-01	   5.2298103462816559e-01	   9.9787043004496145e-01	   1.0763917186721352e+00	   9.4446622712582418e-01	   9.3768495576261990e-01	   9.5247614601901209e-01	   9.6074970326945275e-01	   1.6409948170693192e-01	   1.4762228383919201e-01	   8.0544426348825393e-01	   9.3752671959256828e-01	   8.7638352102387707e-01	   9.0475220586190597e-01	   7.1168182963418503e-01	   7.7096342661838668e-01	   7.4227153680321534e-01	   9.6018056790290152e-01	   2.2237238075868554e-02	   3.0458760349322461e-01	   1.7070998069253693e-01	   5.8050580871698321e-01	  -1.0591050109706452e-02	   1.3544255083165983e-02	   6.2270677639811145e-01	   7.9674615524073744e-01	   8.2394713497343064e-01	   5.6433038497357058e-01	   1.9452868649408528e-01	  -3.3179937885585620e-01	
   7.1653394672953608e-01	   7.5709754874055024e-01	   9.8693492091618662e-01	   1.0140019217434639e+00	   1.6544757396885292e+00	   1.5322319415830883e+00	   1.0707084127634876e+00	   9.6983605668655526e-01	   0.0000000000000000e+00	   1.7939758854173953e+00	   3.7571142173153982e-01	   6.0925297586793214e-01	   6.6171228764279821e-01	   6.6503369039646976e-01	   1.1268438534349872e+00	   1.3597350625983733e+00	   1.2491509002071299e-01	   2.3257173923219998e-01	   8.0613652724404616e-01	   7.9669708840219966e-01	   9.9454858327847373e-01	   8.2980609391599036e-01	   5.9548738799989642e-01	   6.2837484929636622e-01	   7.6515958190590250e-01	   7.3741995863161947e-01	   1.1159370469780625e+00	   1.1248564803429029e+00	   1.6476284490600857e-01	   2.3492262717545770e-01	   3.1858417653599375e-01	   2.6325969834344354e-01	   4.6075837152566190e-01	   4.2339521425810667e-01	   3.6136711989430986e-01	   4.7657981953965012e-01	  -3.2947943929954521e-01	  -2.1048375669828623e-01	   5.3894586441949577e-01	   7.4091398435046940e-01	   1.2528660652144938e-01	   1.5021873563964913e-01	   5.0952753157645247e-01	   3.2881040465883848e-01	   5.7187176678632379e-01	   6.3340087272163892e-01	   4.9719078032527675e-01	   7.0259770898790841e-01	   7.8253365502869898e-01	   8.3529836868809038e-01	   8.1180466265703455e-01	   7.9156640743279327e-01	   7.9159354898740841e-01	   9.3699902209125829e-01	   9.1306818914272347e-01	   9.2568342464804421e-01	   3.7400872210917202e-01	   5.5904677921888724e-01	   1.1439461941479707e+00	   1.1582748390429729e+00	   7.7141484943545624e-01	   9.1360118919679534e-01	   1.9039705805090620e-01	   4.1951548442481390e-01	   3.5794635954401710e-01	   6.3393223020110712e-01	   9.6743303215308496e-01	   8.9633021076153396e-01	   7.3652827800519760e-01	   7.6034442225164400e-01	   6.2143031469177257e-01	   6.2314197085508993e-01	   2.2593643047953649e-01	   3.8809959987900788e-01	   2.9671358227647238e-01	   3.9298065088340589e-01	   2.2419747419837738e-01	   2.8354488939576544e-01	   1.4064883444283141e-01	   2.0255949039545454e-01	   3.3931968473215240e-01	   3.8322257795869519e-01	   6.3192957460225418e-01	   7.4577579887445844e-01	   5.1757850666210714e-01	   6.1107221421522628e-01	   5.9215585887072952e-01	   5.4981992607450991e-01	   1.1129223167821050e+00	   1.0674825063296736e+00	   7.3315506771276395e-01	   6.6005052793379382e-01	   7.4085863971327037e-01	   7.5545567733516339e-01	   3.4543855227189990e-01	   2.8595643626269501e-01	   7.8924760361747848e-01	   7.9646101147426762e-01	   6.7268963175003849e-01	   6.2851215165095153e-01	   8.7518903595193120e-01	   8.7615153002083379e-01	   7.2182306060860812e-01	   7.4044949047671738e-01	   1.3744005062152773e-01	   3.1491124575475954e-01	   2.4396020346274544e-01	   6.3222197995824170e-01	   1.7790268640037038e-01	   2.5514858407061136e-01	   4.1840994715172714e-01	   4.4987718945625355e-01	   6.9962330727716548e-01	   4.9444706141885625e-01	   1.0437779370911426e-01	  -3.2235917018341959e-01	
   7.8595455958677063e-01	   7.6550245022024688e-01	   1.0338217905563090e+00	   1.1009874845805578e+00	   1.5108969139127233e+00	   1.7206586740420104e+00	   1.1310252382781392e+00	   1.0768388971541791e+00	   1.7939758854173953e+00	   0.0000000000000000e+00	   3.9602192187950980e-01	   6.2702890421006818e-01	   6.4734107164400978e-01	   6.4762370206682740e-01	   1.1217369749252306e+00	   1.4913962786646122e+00	   1.8004595802787160e-01	   2.8063744828543624e-01	   7.9058442985374455e-01	   8.0823618898742067e-01	   9.8300261291957891e-01	   9.3655321257755852e-01	   5.9942748819019354e-01	   6.5626831271741082e-01	   6.8370065076452913e-01	   7.2949695025346761e-01	   1.1671584498352736e+00	   1.2695306477335826e+00	   1.6920094432757757e-01	   2.5477145510599980e-01	   3.0990370804518846e-01	   2.6600057615789413e-01	   4.7980347605962093e-01	   4.4684851962860278e-01	   3.5124449727646373e-01	   4.1882911555926916e-01	  -3.2693647434043183e-01	  -2.4346823816745475e-01	   5.3764746841791600e-01	   7.4248702304111525e-01	   1.0732022182761264e-01	   2.0069103341852418e-01	   4.9956454908392356e-01	   3.2615225614343296e-01	   6.0090993727543029e-01	   6.6218414091950806e-01	   4.9006120956051935e-01	   7.4211346602205985e-01	   7.8395024333026253e-01	   8.2709687220638961e-01	   7.6837655980010311e-01	   7.5273396607548726e-01	   7.2913894817145652e-01	   9.6719096125170967e-01	   8.2934387699866674e-01	   8.6277732216591729e-01	   4.5346435271874819e-01	   5.5144151083994930e-01	   1.0788602606071322e+00	   1.0994971439525152e+00	   7.0478460809779042e-01	   9.1611697488845989e-01	   2.4767550164883900e-01	   4.3073142324624358e-01	   3.8838961738601202e-01	   6.3296509753565489e-01	   9.3814785335768447e-01	   8.9106816857515492e-01	   7.8029256277908332e-01	   8.2817442577575806e-01	   5.4655655555599680e-01	   5.8573675789457758e-01	   2.0121260651395995e-01	   3.5557053542939038e-01	   2.5039320654082042e-01	   3.3698908430594393e-01	   2.0321544750907428e-01	   2.7490138925257246e-01	   1.5552831611895349e-01	   2.2630907738566669e-01	   3.6830709432998104e-01	   4.0788788818215765e-01	   5.9301940791895036e-01	   8.0229995790801922e-01	   5.1198976274400132e-01	   6.0052923456473395e-01	   5.6109810709234886e-01	   5.0155714407577334e-01	   1.0772869403025067e+00	   1.0562783724055369e+00	   8.6541312440363360e-01	   7.5415233942810667e-01	   8.7594224673007703e-01	   8.4706397406604816e-01	   3.9544513634297396e-01	   3.0300116712171626e-01	   8.0698220233436813e-01	   8.4600356343887395e-01	   7.1511130328901362e-01	   7.1216501779346719e-01	   1.0682739862206811e+00	   9.4690081296658346e-01	   9.0906361932831670e-01	   8.5195197874778761e-01	   2.3321105173682943e-01	   4.2538497046626350e-01	   3.1608593328707441e-01	   6.9425093392920068e-01	   2.1615852576383091e-01	   3.5047778042845440e-01	   4.2272030588960186e-01	   4.9522997253045853e-01	   7.2639823182390706e-01	   5.6819616277028251e-01	   2.2540504465911013e-01	  -1.8317710732979658e-01	
   7.5486559676653575e-01	   8.2445600133200392e-01	   8.0554568271511950e-01	   8.0615311043854754e-01	   5.4704788536756865e-01	   5.1520037924001083e-01	   7.8091204194765018e-01	   7.9178285680532468e-01	   3.7571142173153982e-01	   3.9602192187950980e-01	   0.0000000000000000e+00	   1.3522176512773412e+00	   1.2460257077727339e+00	   1.0561522674630099e+00	   7.8728430748424771e-01	   6.4819759814658384e-01	   1.0065321347533742e+00	   1.1743848510305732e+00	   8.8057651684229110e-01	   8.1026222796943403e-01	   3.7316318508819468e-01	   3.1423644543311335e-01	   8.1159440954843676e-01	   8.5353914324636604e-01	   5.8534542588263572e-01	   6.3616463463004824e-01	   2.7632859596376702e-01	   4.1273247399955110e-01	   9.2048354453324999e-01	   9.3885908557221442e-01	   1.0375083012856512e+00	   1.0311027502344439e+00	   1.2146360965121943e+00	   1.1344763130513076e+00	   9.7762298646589385e-01	   7.8263619411162000e-01	  -4.5289012559524083e-02	   2.4526893888265199e-02	   2.4834587943221803e-01	   5.0148457411535752e-01	   2.0955045709967035e-01	   3.0863806906846558e-01	   6.5644372823338659e-01	   6.1937024088084580e-01	   9.9879731339208055e-01	   9.7835313674156354e-01	   8.6272975084225068e-01	   8.0561310985725576e-01	   7.7846241455045417e-01	   7.0572747848722628e-01	   9.4214848754469505e-01	   5.8248513517671197e-01	   5.2884887748086751e-01	   4.1668639133997654e-01	   6.6213891796776669e-01	   7.4310003981594175e-01	   6.9265991389401860e-01	   8.2974570288844807e-01	   5.8720721196707615e-01	   4.3921549565044893e-01	   8.3944023525272193e-01	   7.1541331227477500e-01	   1.3260220475322178e+00	   1.4005194154135450e+00	   8.1487441020628515e-01	   7.7636959021655583e-01	   8.6145421252155874e-01	   8.3361521334468891e-01	   6.7960042868108528e-01	   5.9399388157962618e-01	   9.0715189540110497e-01	   6.0955740253144708e-01	   9.6710034392963196e-01	   9.5292329424964040e-01	   1.0191474385847734e+00	   1.0415779110710379e+00	   1.0168489042548008e+00	   1.0352139940513077e+00	   7.4709541574515625e-01	   8.7296603428948161e-01	   1.0997888254097672e+00	   1.1409095357459738e+00	   7.2670729704826464e-01	   8.5748775561738577e-01	   1.1417472770172752e+00	   9.9433078633130889e-01	   4.6484394041839638e-01	   5.7454467359491612e-01	   5.6418435518064525e-01	   6.2075383103437087e-01	   5.8642120101149775e-01	   6.7193683606318666e-01	   4.9218026301967033e-01	   6.1189527466910087e-01	  -7.0772257100797431e-02	  -1.6091942871226914e-01	   6.0853556935849251e-01	   7.0336637134622548e-01	   8.4356008688176776e-01	   8.5372835745747522e-01	   3.4771476082103597e-01	   4.9207728208593371e-01	   4.4652037371795139e-01	   6.4113965692712938e-01	  -2.6902676676908721e-01	   6.3944251374143200e-03	  -6.9337355245810042e-02	   3.2080443399953618e-01	  -2.6278832238649941e-01	  -1.7866020072936895e-01	   5.2445018773193142e-01	   7.6113044748752490e-01	   5.8446976103850590e-01	   5.2360889768325303e-01	   1.0112884795573403e-01	  -3.6221748595589237e-01	
   9.1060095186739587e-01	   1.1617492827848184e+00	   9.9487749931698666e-01	   1.1509828162663638e+00	   7.8746457091005928e-01	   7.7946885915220543e-01	   9.6104739658054217e-01	   1.1451651225355455e+00	   6.0925297586793214e-01	   6.2702890421006818e-01	   1.3522176512773412e+00	   0.0000000000000000e+00	   1.3601965238842775e+00	   1.6274573140064790e+00	   8.7720190046631941e-01	   8.9345735488618749e-01	   7.7219873682330253e-01	   9.7206655621893379e-01	   1.0657911202596226e+00	   1.0234079976633907e+00	   5.0198947216326073e-01	   4.4533383153254225e-01	   8.6769906213428971e-01	   9.7828997126563944e-01	   7.1674211299253487e-01	   8.1561358833853947e-01	   4.6659331559240769e-01	   5.8388370184978566e-01	   6.6062239492411878e-01	   8.2464475818729355e-01	   9.7930349050418319e-01	   9.2509271710220176e-01	   1.1287204214443733e+00	   1.1542454277207581e+00	   9.2778737035181980e-01	   8.5586701530968723e-01	  -2.6447009730368004e-01	  -7.0581360632015491e-02	   2.8355974391316552e-01	   6.0116476965668941e-01	   1.4608446815502826e-01	   3.0891481291902495e-01	   6.3523762363995284e-01	   5.7905094176539040e-01	   9.6624842739416561e-01	   1.0507751467783462e+00	   8.0855109604883479e-01	   8.6737849070971984e-01	   9.9127937242529307e-01	   9.3028689864919845e-01	   1.1624914539583864e+00	   7.7747062190521632e-01	   7.2376749049016420e-01	   6.7164287439426151e-01	   8.4860104802188596e-01	   9.5565368640255044e-01	   7.4056121321000978e-01	   1.0279203024087880e+00	   8.5418049142042485e-01	   7.1488336710707612e-01	   1.0319690519073903e+00	   9.2607636652853942e-01	   1.0303437090549568e+00	   1.2548481006822620e+00	   7.1390390110435165e-01	   9.1684967726084898e-01	   1.1107843581709818e+00	   1.0677956809706302e+00	   8.6207029878848340e-01	   7.9392608106673301e-01	   1.1366332641213082e+00	   6.7216741041743577e-01	   9.6633584586745103e-01	   9.8620495296635158e-01	   1.0665392615702871e+00	   1.1380433431763106e+00	   9.1108734550977610e-01	   9.3274555517363655e-01	   6.1943195568594578e-01	   6.8018934373602880e-01	   9.4890597354229334e-01	   1.0173345511145713e+00	   6.7002055781343683e-01	   9.3401963928845566e-01	   9.7281411512247307e-01	   9.5957409586363651e-01	   5.8278503544183091e-01	   5.5979515637940425e-01	   7.3372420961914953e-01	   8.3157899927997336e-01	   7.0295888667729323e-01	   7.2037133948928056e-01	   5.9087211624025215e-01	   6.3195597316229712e-01	  -2.4014330735442874e-02	  -5.2759103645211296e-02	   6.8837921392588219e-01	   8.6335028467371444e-01	   9.6051177951635358e-01	   9.0305093980806150e-01	   4.5351871204021144e-01	   5.5582936287903273e-01	   5.0563298166485371e-01	   7.1920749227631398e-01	  -2.3162645186377090e-01	   4.4603747835768058e-02	   1.6738454191752447e-02	   4.3023207288590487e-01	  -1.8513708026194223e-01	  -1.6026249090382877e-01	   5.5081283400652514e-01	   7.6700776148916927e-01	   7.3584772174371038e-01	   5.1103776072417406e-01	   4.4900043731352687e-02	  -4.6809903888806137e-01	
   8.9583163863396276e-01	   1.0977089162709419e+00	   1.1561084632608358e+00	   1.1252625523960063e+00	   8.6756734235814659e-01	   8.4593702241662361e-01	   1.1646721631878703e+00	   1.1265585580663251e+00	   6.6171228764279821e-01	   6.4734107164400978e-01	   1.2460257077727339e+00	   1.3601965238842775e+00	   0.0000000000000000e+00	   1.4413034536157661e+00	   1.1184022158638445e+00	   8.8318633427883042e-01	   7.2755971422783694e-01	   9.4475664878917265e-01	   1.1580899893989456e+00	   1.0241154855784997e+00	   7.1447618938754631e-01	   6.3305776218305132e-01	   1.0750873050532468e+00	   9.8548269023194035e-01	   1.0211119437469949e+00	   1.0385461741335567e+00	   4.2583908515203855e-01	   5.8510894541528724e-01	   7.9083022615317355e-01	   9.2092696674425056e-01	   1.1632777996552359e+00	   1.0210447803078815e+00	   1.3795876930146693e+00	   1.3369699517715998e+00	   9.8608312027521261e-01	   8.5536128247464704e-01	  -1.3925021396264967e-01	   3.0772280053977981e-02	   4.4295801010023061e-01	   7.3122740419159948e-01	   1.9342015199694165e-01	   3.1914403477702502e-01	   8.9344127239997750e-01	   7.5408178367280665e-01	   1.2057621280331730e+00	   1.1708241651746751e+00	   9.4210876987710201e-01	   9.9627638025818677e-01	   1.0233395566147492e+00	   9.7917404233553229e-01	   1.1999997764584123e+00	   7.8270430839243288e-01	   7.8658233657388743e-01	   7.4305095824675260e-01	   9.4332177530685946e-01	   9.7314635389219772e-01	   6.5347081749254388e-01	   8.4359097703802055e-01	   8.6847568881538317e-01	   7.4486102881710858e-01	   9.5517113475602988e-01	   9.1998052356390547e-01	   8.5807192785591924e-01	   1.0965721972488836e+00	   7.4005007724383676e-01	   8.7620638410475093e-01	   1.3160266752578467e+00	   1.2529593525252452e+00	   9.0640822451297953e-01	   8.0338474630275747e-01	   1.0867154823188732e+00	   6.9633284286878772e-01	   9.3856072102857513e-01	   1.0381801947315417e+00	   9.3281410181574953e-01	   1.0258898531805987e+00	   8.2289125741388736e-01	   8.9972192864332801e-01	   6.6514184740203841e-01	   7.8945578408907646e-01	   1.0237677837017154e+00	   1.1365925167511046e+00	   7.3988676604482118e-01	   8.5291954068729536e-01	   1.0118600862515426e+00	   1.0788047480267591e+00	   6.0610383968768655e-01	   5.3035940303718643e-01	   8.1494418508100397e-01	   8.2260089564097438e-01	   7.6459140945525683e-01	   8.1633764826932254e-01	   6.2562028506368572e-01	   8.2171164731545732e-01	   1.2286758309667442e-01	   9.7150761825750068e-02	   8.7092922367470216e-01	   9.9947175008352918e-01	   9.6395691338431655e-01	   8.7612849870540266e-01	   5.4037374301201824e-01	   7.2858465770554881e-01	   5.5826709977785760e-01	   7.0600323123434094e-01	  -1.8434027863275074e-01	   4.7002444576054389e-02	  -3.2753329403592969e-02	   4.4739163826891504e-01	  -4.9237689093950029e-02	  -2.5834273397587173e-02	   6.5860737880590126e-01	   7.9543478183534388e-01	   8.3236199448097936e-01	   6.3336940358970628e-01	   1.9511746123103410e-01	  -4.3292968334658166e-01	
