   0.0000000000000000e+00	   1.4550970587942953e+00	   1.1053414545722751e+00	   1.0820053909855774e+00	   3.6645830594862366e-01	   4.2626952779150362e-01	   1.2495819496042126e+00	   1.1121361171182929e+00	   3.7004429486343648e-01	   4.0174046677064573e-01	   1.0894463085994184e+00	   1.0658705451146326e+00	   9.6880650766796839e-01	   1.1173887151414568e+00	   5.2589878686615665e-01	   5.2103203551181299e-01	   8.3100427385473019e-01	   8.6204818276841622e-01	   1.4199976682811952e+00	   1.2479121083808857e+00	   3.2251525031376121e-01	   2.6572560350862340e-01	   1.2287202768976369e+00	   1.3247755806055401e+00	   7.8840747718429194e-01	   7.8289511213128959e-01	   2.0847343436889437e-01	   2.4673442510985177e-01	   7.9826862670649945e-01	   6.8062800729064155e-01	   1.1554002257930180e+00	   1.1686619300777217e+00	   1.3811799681222647e+00	   1.4033157099793139e+00	   7.4792067477038893e-01	   6.8341225788850735e-01	  -7.0360229641777114e-02	   3.2592016938822449e-01	   4.4385789846618273e-01	   5.0273948365486099e-01	   3.0041310526943954e-01	   3.3440459114036553e-01	   6.2067801873208683e-01	   4.1423527474407007e-01	   6.5187484985299649e-01	   7.1027166148012477e-01	   7.4983531116897428e-01	   8.8975992633293277e-01	   6.6278075757121346e-01	   6.8638900395660818e-01	   9.0364741067082077e-01	   1.0216558000586278e+00	   6.8323235816240047e-01	   5.2273133060849952e-01	   9.1001542234032018e-01	   1.1379698070974329e+00	   1.8453232957777455e+00	   1.4346458499729633e+00	   1.1212144552219567e+00	   8.0527249136098311e-01	   1.2449049577683600e+00	   1.2881248137361507e+00	   1.2566040276462138e+00	   1.1196961396420471e+00	   1.1254592489975670e+00	   1.2672354601945963e+00	   9.3908741816845098e-01	   1.1474905900433532e+00	   1.3385695391230037e+00	   1.1907919519048626e+00	   8.8991754668928968e-01	   9.7585188796974376e-01	   1.3890068471081172e+00	   1.2243961495835056e+00	   1.1035223157175751e+00	   1.0178447741201442e+00	   9.6498211162065917e-01	   8.3394121017105372e-01	   6.3770074405467780e-01	   8.8356585590361625e-01	   8.6592552450142102e-01	   1.2713249048436712e+00	   8.3656396551486756e-01	   8.1720681348278967e-01	   9.4709663530259092e-01	   1.3486819285224623e+00	   8.2800208817671439e-01	   6.2550870848030016e-01	   6.6609763664603427e-01	   6.2177439371335752e-01	   6.6727875173668605e-01	   5.2025159453806102e-01	   7.3990044196763372e-01	   6.8490429462218116e-01	   2.0470430978987117e-01	  -1.6323471351990682e-01	   6.6010347128603042e-01	   7.4916866409866367e-01	   7.5215298588458479e-01	   8.9171623643923903e-01	   6.7328893955545999e-01	   6.3145679588714698e-01	   6.9067750346913015e-01	   5.7421000960425739e-01	   1.4646487477604012e-01	   4.7839551226764941e-02	   3.6209211191286922e-01	   5.6171123092917807e-01	  -1.9366702344900663e-01	   3.6029954444265058e-02	   6.8753324207320554e-01	   6.7250843415153216e-01	   6.1851827414673244e-01	   4.5086005054469058e-01	   2.6076451543696810e-01	  -2.2303450831762012e-01	
   1.4550970587942953e+00	   0.0000000000000000e+00	   9.2894199654694876e-01	   1.0865993472279594e+00	   3.8983779966289317e-01	   3.4317523174993730e-01	   1.0135426566314547e+00	   1.0558454148950900e+00	   3.8099824336823529e-01	   3.0299734623396624e-01	   9.9866980423801288e-01	   1.0472806996690389e+00	   9.6588133668932030e-01	   9.6353392153503081e-01	   6.4911446576544229e-01	   5.3974829253161816e-01	   9.1145754263943890e-01	   9.0175294741118628e-01	   1.2368889403234158e+00	   1.2903547355620562e+00	   3.8041550848052846e-01	   3.3611869354854929e-01	   1.1181046058877295e+00	   1.1631694448045413e+00	   7.1070697890108192e-01	   6.1537289115468652e-01	   3.3164135581014587e-01	   3.5245724893751551e-01	   7.9773775248409218e-01	   7.6466976048913338e-01	   1.0342927411855052e+00	   1.0721073654438646e+00	   1.2043463821803306e+00	   1.2767797632818407e+00	   7.1088409543254294e-01	   6.8107479345088895e-01	   1.3131438379931853e-01	   4.1521300771432812e-01	   5.1092950749834953e-01	   6.0450762317781914e-01	   4.0654740855767385e-01	   4.5869837938199265e-01	   7.1932015908750280e-01	   4.8510674436030576e-01	   6.9544539044154041e-01	   7.7409575071599246e-01	   9.0838690267678335e-01	   1.0145772058058764e+00	   7.2406440955461093e-01	   7.4117581896066032e-01	   9.5543516873836409e-01	   9.8070896944349006e-01	   6.7847903440595203e-01	   5.1302231628294781e-01	   9.6555186641305812e-01	   1.0860615776888822e+00	   1.6338298760223922e+00	   1.7537261343986879e+00	   1.0013141828748211e+00	   8.1945090732620995e-01	   1.0013298055611108e+00	   1.0789649040889120e+00	   1.2177633053112942e+00	   1.1272355827482070e+00	   1.0108277720145971e+00	   1.0005234365688898e+00	   8.7343552576658012e-01	   1.0050802475759315e+00	   1.1387895287272254e+00	   1.1776116804298749e+00	   8.0718644123422567e-01	   7.7384860428300062e-01	   1.0911015401243704e+00	   9.6729000355905748e-01	   8.2615029459315226e-01	   9.3628278874588367e-01	   9.1313174913905049e-01	   8.2939236839045605e-01	   6.8728254503747843e-01	   8.7284360308140196e-01	   9.2037133308064922e-01	   1.0877522525356458e+00	   9.6545247673806345e-01	   1.0309202038020335e+00	   1.0547010681547342e+00	   1.3125270283388681e+00	   8.3910887962192038e-01	   6.8973462415339903e-01	   6.7639660891109754e-01	   6.4455017176210216e-01	   6.9552014113939264e-01	   5.7260874730984679e-01	   7.0951853999082137e-01	   6.2356877166326985e-01	   1.2751190221181638e-01	  -3.0640545754860582e-01	   6.4460248685075494e-01	   7.0211613667761208e-01	   8.9097703166060715e-01	   9.2474280434178346e-01	   5.9795610712285918e-01	   5.2855900625680630e-01	   5.9373176934668459e-01	   4.8814181452842964e-01	   1.0212308229443195e-01	   3.6655110376797209e-02	   4.0757211168723206e-01	   5.6312730215506634e-01	  -1.9308407249334775e-01	  -1.3673896308587244e-02	   8.1286297272155095e-01	   8.9312603397405566e-01	   6.5700489332063472e-01	   4.0189666350498143e-01	   1.8958898137786806e-01	  -2.7113039410488837e-01	
   1.1053414545722751e+00	   9.2894199654694876e-01	   0.0000000000000000e+00	   1.5029233739311405e+00	   8.1473886415692354e-01	   7.6464952852157031e-01	   1.5382297922335382e+00	   9.9116814945731269e-01	   7.4281403494974951e-01	   7.5715986381019384e-01	   6.6394428268149142e-01	   5.0598449152842351e-01	   7.2613859850514628e-01	   5.9642603286798590e-01	   7.3642086245411009e-01	   7.7652918338519961e-01	   5.1677392588782700e-01	   3.6358150095536862e-01	   1.5734384996339279e+00	   1.3445925669355312e+00	   6.2259291141406536e-01	   5.5563732322786252e-01	   1.5613956254851091e+00	   1.6196486286640663e+00	   1.3249167441675105e+00	   1.1405216485148049e+00	   4.9154839017519569e-01	   5.3550498977742489e-01	   4.8916428562252690e-01	   3.0928103944238339e-01	   1.0607220441789924e+00	   9.2945322706459965e-01	   1.1066275316724512e+00	   1.0304502922339887e+00	   1.0388095446949925e+00	   8.1093770021960532e-01	  -9.3898484224768389e-02	   2.6173294995348256e-01	   5.3021058270997767e-01	   4.7692457516228554e-01	   1.8166752845478570e-01	   1.6579139944436577e-01	   5.0167540548626277e-01	   2.4398710983358032e-01	   5.2146890272701596e-01	   5.2823179429200640e-01	   5.7352315508564711e-01	   7.0497881064336054e-01	   4.7223606078584718e-01	   4.7311143266083744e-01	   6.3498605370992933e-01	   7.2829524889337438e-01	   6.7133370167233342e-01	   6.6133138235357958e-01	   7.6714883781245002e-01	   9.0035676763543704e-01	   1.0562678970979023e+00	   9.2249257657990136e-01	   1.1408459963388937e+00	   6.7879056297140705e-01	   1.2133001474511984e+00	   1.0635265423430582e+00	   8.0536670291610624e-01	   5.4452865591730359e-01	   1.2193406953689232e+00	   1.0596957816794637e+00	   1.2345990258381367e+00	   1.1073636201061832e+00	   1.5151720652483014e+00	   1.3808001658800957e+00	   8.7796489414355350e-01	   1.0475526095850956e+00	   9.4885450714900399e-01	   7.9652368488432868e-01	   6.8693667643556022e-01	   5.7803716569330699e-01	   7.7895686465293834e-01	   5.3285996762836429e-01	   4.6996118029691358e-01	   5.4647062894641629e-01	   6.8153661408159860e-01	   7.5132835579798274e-01	   7.7350748945843117e-01	   6.9149612671859828e-01	   1.0448259257691970e+00	   1.2607187063605054e+00	   1.0026020945742962e+00	   7.8660769388193319e-01	   9.0348281021921095e-01	   9.2684061027255249e-01	   9.9481558978418327e-01	   9.9799476307370949e-01	   9.1277108637083715e-01	   1.0468161279832258e+00	   4.6164140547262250e-01	  -1.7195679224858504e-01	   8.0773396680311427e-01	   6.3697963021292314e-01	   7.6093985044837265e-01	   9.7855745744640510e-01	   7.4328584290608235e-01	   7.2483229383468040e-01	   8.2955847182662956e-01	   6.6535109942606763e-01	   3.1875344980450565e-01	   2.9679625723245862e-01	   5.9422422202525726e-01	   7.1624490365200566e-01	  -1.3467264427428674e-01	   2.2111429260339205e-01	   8.2349547276882018e-01	   7.3731389090755051e-01	   7.5103592455897084e-01	   5.4314955114396446e-01	   3.9756246249485810e-01	  -2.4033792077765051e-01	
   1.0820053909855774e+00	   1.0865993472279594e+00	   1.5029233739311405e+00	   0.0000000000000000e+00	   7.5333280012401527e-01	   6.8496360958768743e-01	   1.3106094662081893e+00	   1.3771369435732401e+00	   6.3868102019356032e-01	   6.5920526376982047e-01	   6.4146423652382412e-01	   5.9088597893114725e-01	   6.5389456794342482e-01	   6.2576404420727094e-01	   6.3050323797577579e-01	   7.6532544232387212e-01	   6.1700017829748444e-01	   4.7614669204946825e-01	   1.4635620494659156e+00	   1.6429732448643688e+00	   5.4618815690400280e-01	   5.3250647832941300e-01	   1.1767630009191947e+00	   1.4957782965793753e+00	   1.0781770010381790e+00	   1.0311261676368755e+00	   4.2793916078484739e-01	   4.8803839386023062e-01	   5.4826006448409648e-01	   4.2836448790739423e-01	   1.0315675433974809e+00	   9.7363626525492397e-01	   1.1053031877655513e+00	   1.0985048687786014e+00	   1.1450157165376178e+00	   1.0429544356186604e+00	   3.8509664770741671e-02	   3.5881277865362471e-01	   5.1180325787644132e-01	   5.2264232758598306e-01	   2.5243500164328470e-01	   3.0630019932108965e-01	   5.2202542103579319e-01	   2.6024849997434418e-01	   5.9018601474031063e-01	   6.0360039081028971e-01	   6.0451275710551666e-01	   7.4269267634469260e-01	   4.9764042219300064e-01	   5.2048246062593095e-01	   7.1184923068539141e-01	   8.1984704445869450e-01	   7.0391082666118154e-01	   6.8119071249364505e-01	   7.4272479496157373e-01	   8.5870293554520183e-01	   1.1802544504600532e+00	   1.0964912886503801e+00	   1.1717348338905804e+00	   8.1203682361831309e-01	   1.2089526087494606e+00	   1.2529798367341352e+00	   8.4792656600629801e-01	   6.2621627708389516e-01	   1.0117654488331977e+00	   1.0973512036758537e+00	   1.3024850751213028e+00	   1.2674470058631613e+00	   1.4167065565246275e+00	   1.3285782975125895e+00	   1.0822563047322042e+00	   1.1142965872304296e+00	   9.3000875300092178e-01	   7.6900150847842841e-01	   7.2203007987169976e-01	   6.5645340914221473e-01	   8.6389902499420146e-01	   6.6348092196663144e-01	   5.7345650586959995e-01	   5.8763378068266003e-01	   7.8273552779003941e-01	   7.7897384013716542e-01	   8.5257388494477726e-01	   8.9605903451329560e-01	   1.0212263504276513e+00	   1.3490412826775766e+00	   8.9461118928479222e-01	   7.6816166138886810e-01	   7.7721570497421733e-01	   8.5418482014530661e-01	   1.0411381499774757e+00	   8.8303757804212446e-01	   9.5521837350442662e-01	   8.8855195505713636e-01	   2.9081981778053700e-01	  -2.8660348791128992e-01	   6.5971408228926942e-01	   5.6832804243216906e-01	   7.9886610154054949e-01	   9.7461372997037121e-01	   7.4283550045218483e-01	   6.6772718560979349e-01	   7.7099061012713865e-01	   6.1252707672550688e-01	   2.6434952084360891e-01	   2.2609658695321433e-01	   6.2935538627338183e-01	   7.5112203734105254e-01	  -1.4182932059654774e-01	   8.1767895777365443e-02	   8.9273345719684349e-01	   8.5157822566935004e-01	   6.6702191115864740e-01	   5.0277726264607270e-01	   3.1501935667091163e-01	  -2.6451961757248477e-01	
   3.6645830594862366e-01	   3.8983779966289317e-01	   8.1473886415692354e-01	   7.5333280012401527e-01	   0.0000000000000000e+00	   1.1573323153049317e+00	   5.7074420017204819e-01	   4.8586102570137119e-01	   1.3994582981795836e+00	   1.0151030492593824e+00	   6.1327889176408447e-02	  -5.7097325340613736e-02	   8.2111483951435568e-02	   2.2814385811115872e-02	   9.5487689873786930e-01	   1.1250901580000507e+00	   6.0779898500494402e-02	  -7.5097064484682646e-02	   6.1822625796235919e-01	   6.7093223479326347e-01	   9.5265086998115422e-01	   7.0075422252311581e-01	   4.9911804899113676e-01	   5.5870680862661204e-01	   6.9482186349059938e-01	   7.5134382343256401e-01	   1.0263123693088780e+00	   1.1014536321917472e+00	  -9.8483945042795312e-03	  -1.5044736616310420e-01	   2.8899096882826342e-01	   1.8856852477834848e-01	   3.0561777554328906e-01	   2.8624110538323710e-01	   4.8484745392412076e-01	   4.5624013373675032e-01	   2.0966951406951984e-02	   1.4075123669416750e-01	   7.3584969893440599e-01	   5.9992232687295755e-01	   6.5016566781782262e-02	   1.8650912882934738e-02	   1.6527509592082451e-01	  -7.8446236376570125e-02	   1.2639989557884121e-01	   1.2586174160978253e-01	   2.5326635172824735e-01	   3.3679834522417673e-01	   8.0946782887692678e-02	   1.1508868001068225e-01	   2.5515077043286138e-01	   2.7673055525446066e-01	   7.2318544856288658e-01	   7.8335959126632859e-01	   6.1024529456217047e-01	   6.2179080907014384e-01	   3.9339668577125236e-01	   4.4153488024370557e-01	   5.6508804114312461e-01	   4.8743257887249886e-01	   4.4128406683262655e-01	   4.3619370213559816e-01	   1.8600642109280474e-01	   9.6065664522368172e-02	   4.6522533640917979e-01	   3.9638255201958039e-01	   5.5663716655162898e-01	   4.7521652679026510e-01	   6.6040643031920543e-01	   6.0370647052003745e-01	   4.3155462745777151e-01	   5.4064623488432284e-01	   2.7294195763947526e-01	   1.1203508657796515e-01	   3.1662281443687421e-02	   3.1557487806889009e-02	   1.9641706225536787e-01	   6.0610675664478329e-02	   1.0941002673826239e-01	   1.3617552747666167e-01	   2.7195469915116338e-01	   1.4960452575886679e-01	   3.2381789707989167e-01	   2.1799861725660821e-01	   8.4385197562693526e-01	   6.7505670804213536e-01	   8.6697038016401073e-01	   7.2684912847564520e-01	   1.1346006232407515e+00	   1.1552289794599533e+00	   1.0800163037502719e+00	   1.0093692057536845e+00	   8.4117248164546654e-01	   9.1895489499688832e-01	   3.3970266494057577e-01	  -3.4524304109685117e-01	   5.8360845752962343e-01	   2.4950354332568864e-01	   5.8882611757441672e-01	   6.1125575460357784e-01	   5.9268660550589169e-01	   5.0734243054537853e-01	   6.2881087776059275e-01	   4.3290756888696702e-01	   5.8474598781161236e-01	   5.8945464605812325e-01	   7.8380011408033645e-01	   7.7751373620221675e-01	  -2.5250667633128038e-01	   1.2916606176787876e-01	   5.3075266974300672e-01	   5.3727009793605018e-01	   7.6327136674370555e-01	   6.6145699655780965e-01	   4.9540274404873241e-01	  -8.1356310188871142e-02	
   4.2626952779150362e-01	   3.4317523174993730e-01	   7.6464952852157031e-01	   6.8496360958768743e-01	   1.1573323153049317e+00	   0.0000000000000000e+00	   6.0233106219772203e-01	   4.5092564904443877e-01	   1.5125528320863095e+00	   1.8446567327696974e+00	   9.3535248727300332e-02	  -2.5967199404589143e-02	   1.2394442897588172e-01	   2.8945390121852554e-02	   7.2921594691588409e-01	   1.2025896969659871e+00	   5.9953179540956199e-02	  -1.4002870298444753e-01	   6.0649164526310506e-01	   6.3943625079804067e-01	   1.0546390784606721e+00	   8.9059140044053597e-01	   5.1743971329536387e-01	   6.1592000482346587e-01	   7.4379633909948661e-01	   1.1111658420565742e+00	   8.4539857721412770e-01	   1.0593954861872297e+00	   2.9699177548851229e-02	  -1.5044367218001758e-01	   3.8823033284079034e-01	   2.8406192043363127e-01	   3.7082392206998438e-01	   3.5663208089638171e-01	   5.2395898065770652e-01	   4.6946214901662064e-01	   4.2350742776979616e-02	   2.1557541356999099e-01	   7.5731226008005947e-01	   6.4141301949481289e-01	   1.7391925270949274e-01	   1.1687304263774378e-01	   1.0240064665188624e-01	  -1.4240364926795229e-01	   1.0419606893142233e-01	   8.6286907175379304e-02	   1.9987973737184520e-01	   3.1423686088164204e-01	   8.4820278265202442e-02	   7.9938056826418427e-02	   2.2804335000807974e-01	   2.4900066229295706e-01	   6.1023753912686374e-01	   6.5948734616221516e-01	   5.5492870378869052e-01	   5.5037309842272186e-01	   4.0851193290273169e-01	   4.1551184440887384e-01	   6.2828433855347066e-01	   5.7917835000897422e-01	   4.7926224412646057e-01	   4.5864179935157934e-01	   2.4139892727218532e-01	   7.0993818480640639e-02	   4.8742921659873467e-01	   4.3957781903913046e-01	   6.2433485849574388e-01	   5.7727638143602189e-01	   7.1686992951260642e-01	   6.5282010860581430e-01	   4.5133056940605187e-01	   5.4849335821389822e-01	   3.3911854476030406e-01	   2.2692151260585885e-01	   1.0211095910418060e-01	   3.2777815176024766e-02	   2.6733171882175211e-01	   9.5317406211724146e-02	   1.5103827827009775e-01	   1.0591666797702604e-01	   2.9915999315242464e-01	   1.7843411692218064e-01	   2.8219192318062897e-01	   2.9763158666460965e-01	   8.2517332453792958e-01	   6.8659455827519722e-01	   6.4417096647189320e-01	   6.3215393633329786e-01	   9.7845137222531831e-01	   9.7647681097761585e-01	   9.2207248612958215e-01	   7.8996857504899776e-01	   7.3825430784796298e-01	   7.9882077596959400e-01	   3.9502810030260904e-01	  -1.9902450422822318e-01	   7.5870287210214693e-01	   4.4773694566633854e-01	   5.5036847686916468e-01	   6.0474883312036420e-01	   5.9904417897616113e-01	   5.8037300979232065e-01	   6.7633402299204415e-01	   5.7176840558416842e-01	   5.9914584550573513e-01	   5.6439860222638893e-01	   6.6934852407565382e-01	   6.4516062330200652e-01	  -1.9711330339441546e-01	   1.8925200983283846e-01	   5.6845188421286386e-01	   4.8933655170467133e-01	   7.6918810090401513e-01	   6.7022607673617762e-01	   5.6711207230451799e-01	   3.6592262260939978e-02	
   1.2495819496042126e+00	   1.0135426566314547e+00	   1.5382297922335382e+00	   1.3106094662081893e+00	   5.7074420017204819e-01	   6.0233106219772203e-01	   0.0000000000000000e+00	   1.2126064886144281e+00	   5.8286653844144576e-01	   6.4806531212357932e-01	   9.3808091795816961e-01	   8.0496441677590969e-01	   9.4422605932054815e-01	   8.5058496546146656e-01	   5.3413672928999611e-01	   5.7153075566804645e-01	   6.1316002312627416e-01	   5.3024876997919179e-01	   1.4133768335672781e+00	   1.2496352324865729e+00	   3.8846961440843647e-01	   3.5346617010431725e-01	   1.2773600811861383e+00	   1.4051586545984576e+00	   9.1476932244004494e-01	   9.2606382885202065e-01	   2.6997005179142097e-01	   3.2400228535596692e-01	   6.4421610569899534e-01	   4.7723655837063583e-01	   1.0623416877390448e+00	   1.0186025017354243e+00	   1.3536917475072709e+00	   1.2300473817925279e+00	   9.2029867873112114e-01	   7.5145183716056496e-01	  -1.2613527914452902e-01	   2.3863114499068921e-01	   3.9124326453673164e-01	   3.4402409953292201e-01	   1.5286104084269103e-01	   2.1697217085964288e-01	   5.1180539441812400e-01	   2.8779908652153308e-01	   6.0249174836942188e-01	   5.8287160592633591e-01	   5.5246880003208720e-01	   6.8680547671653913e-01	   5.6148991032843165e-01	   5.3827235298294096e-01	   6.7350666365715528e-01	   7.9270296696472775e-01	   5.1610070338493219e-01	   5.3841048201487562e-01	   6.5438765817093025e-01	   8.2005472564367254e-01	   1.2426140061727649e+00	   9.7421822315016682e-01	   1.0931689577372914e+00	   6.6139133537711658e-01	   1.5906585607807728e+00	   1.3303501281102523e+00	   1.0342817582497925e+00	   7.5728180998059991e-01	   1.1990370645089274e+00	   1.1862195641961537e+00	   1.2006477748755959e+00	   1.2025598497013905e+00	   1.2617275684832963e+00	   1.2454991676729634e+00	   7.6042763179819284e-01	   9.0583378560175798e-01	   1.0511852516215456e+00	   9.9696658830988061e-01	   8.5829361565890350e-01	   6.3861830453807733e-01	   7.9316676130454711e-01	   5.9295160155189552e-01	   5.4442038055767172e-01	   5.9936057626346151e-01	   7.2036522816332071e-01	   8.6207386542176867e-01	   7.4029169146891882e-01	   6.8826793924293517e-01	   8.3416333160714484e-01	   1.1655441997555425e+00	   7.5262061774446698e-01	   5.9077048586399905e-01	   6.8229658137619564e-01	   6.9475021606308329e-01	   8.6072789835190089e-01	   8.2345891545292826e-01	   9.4302986012390455e-01	   9.9080812792657802e-01	   3.9017717357561893e-01	  -9.1468563493581456e-02	   7.4106971544198375e-01	   6.4639826298177727e-01	   7.0234364023625528e-01	   1.0179099055916614e+00	   8.1424334151263844e-01	   8.4261825937812929e-01	   8.6132417675305584e-01	   7.5452255958730863e-01	   2.9991821834796961e-01	   2.5099883378390381e-01	   5.1127267324739079e-01	   7.0746363548588620e-01	  -9.3855938806608058e-02	   1.9673845152554498e-01	   7.7708048080939807e-01	   7.0375289374061101e-01	   6.7362374031823435e-01	   4.8589433848715274e-01	   3.1939592835123126e-01	  -2.2253627338831600e-01	
   1.1121361171182929e+00	   1.0558454148950900e+00	   9.9116814945731269e-01	   1.3771369435732401e+00	   4.8586102570137119e-01	   4.5092564904443877e-01	   1.2126064886144281e+00	   0.0000000000000000e+00	   3.7730217083865714e-01	   4.0776441431554344e-01	   7.9175938891461528e-01	   8.4659695541096014e-01	   6.8675945537147087e-01	   8.0279634820228951e-01	   5.1521026315206742e-01	   5.1454040947342650e-01	   7.3371645070224545e-01	   6.6102883072036800e-01	   1.1533120090264684e+00	   1.2383573404891592e+00	   2.6620515599973071e-01	   2.4458958533003955e-01	   8.8070959495065049e-01	   1.0562356589541024e+00	   6.4067027870951654e-01	   6.6026835578210819e-01	   2.3119133990598556e-01	   2.7323624472440533e-01	   7.0112612322902101e-01	   6.1876999704620383e-01	   9.3553965418291463e-01	   9.4045085984636201e-01	   1.1142292503743545e+00	   1.2047328211206232e+00	   9.0383568230404210e-01	   9.3413133458858610e-01	  -6.6453401746577961e-02	   2.5193836996400187e-01	   4.0338671004528059e-01	   3.9303925134403883e-01	   2.2024376512733826e-01	   2.9582819716852959e-01	   5.6174537934045088e-01	   3.2797645408555487e-01	   6.9030970964851524e-01	   6.8814682337929134e-01	   6.0884595777009376e-01	   7.1299963366371488e-01	   5.5091539048442362e-01	   5.3809960797045275e-01	   7.0942143445557659e-01	   7.5988593085081357e-01	   5.8176573663203490e-01	   5.2314140318474533e-01	   6.5842644982907483e-01	   8.1239068997044517e-01	   1.2035827536032366e+00	   1.0756107910726522e+00	   9.0192812667502964e-01	   7.2520374267827092e-01	   1.1652481849765308e+00	   1.3910438708595247e+00	   1.0587165227532223e+00	   9.7129233083311051e-01	   8.0989517848815118e-01	   1.0516704362072207e+00	   1.0510666597090759e+00	   1.1387412683124543e+00	   1.0009588306091550e+00	   9.5381222970306523e-01	   9.5520909303511348e-01	   8.3102485739589527e-01	   8.3659620896317000e-01	   7.3276773626818126e-01	   7.6050846412903572e-01	   7.1869800069992640e-01	   7.4661153392721769e-01	   6.5751363142681318e-01	   5.4555794901450860e-01	   5.9592257710885033e-01	   7.1238446203443540e-01	   8.1854623600399745e-01	   6.9443347999412430e-01	   7.1338526978671479e-01	   7.7724647945665704e-01	   1.0622346832836467e+00	   7.2690096529903159e-01	   5.9468964025539073e-01	   6.0184843222226758e-01	   6.2858468194828931e-01	   7.6741885208080984e-01	   5.8430097670870973e-01	   8.7072015260747004e-01	   6.9442570792598879e-01	   1.7347750580699542e-01	  -2.8373599419840956e-01	   5.1727426962652046e-01	   4.8111584272358049e-01	   6.9451629825692440e-01	   8.2676477264749049e-01	   7.2533706313590085e-01	   6.5373679821128983e-01	   6.8244874769598207e-01	   5.7693225271156701e-01	   1.3757392212251959e-01	   8.3681461306138086e-02	   4.7126441453442769e-01	   6.6498830801489262e-01	  -1.7383424474392076e-01	   4.4542359420242069e-03	   7.2874996001344006e-01	   6.6627081524296450e-01	   5.3730385400370095e-01	   3.6973721802690901e-01	   1.4397115264884036e-01	  -3.2947987601264045e-01	
   3.7004429486343648e-01	   3.8099824336823529e-01	   7.4281403494974951e-01	   6.3868102019356032e-01	   1.3994582981795836e+00	   1.5125528320863095e+00	   5.8286653844144576e-01	   3.7730217083865714e-01	   0.0000000000000000e+00	   1.4645815133814561e+00	   1.1651452427561136e-01	  -1.9032901505498592e-02	   1.7392640889038233e-01	   4.8077481676681078e-02	   7.9163717344845030e-01	   1.0736665131441880e+00	   7.8065671689075869e-02	  -8.5186207005136058e-02	   5.8970777098381244e-01	   6.4642477247472252e-01	   9.5476616217628696e-01	   7.2251007077751961e-01	   5.0721815818265337e-01	   5.7458019738235377e-01	   6.7697009152228349e-01	   8.9789892257769888e-01	   9.0714085340121531e-01	   1.0332074033329892e+00	   1.0151227420379445e-02	  -1.3423316934066246e-01	   3.2391175137876888e-01	   2.1667435963099160e-01	   3.0565983778523992e-01	   2.8241197794595729e-01	   4.1203597767073541e-01	   3.2242013895286215e-01	  -1.6187049402082078e-02	   1.2689143345881781e-01	   6.3372912959236782e-01	   5.4074893368342836e-01	   4.0845188684856697e-02	   3.0152540304722770e-02	   1.4453972624712616e-01	  -7.6555442119759884e-02	   9.7047948958277813e-02	   8.4284470246302867e-02	   2.0185928253631963e-01	   2.9342610750758169e-01	   1.0528572530264665e-01	   1.1616805197338510e-01	   2.3908646518273857e-01	   2.6315295861085147e-01	   5.7545148405988467e-01	   6.4340621570849332e-01	   5.3910420013595217e-01	   5.1825737947835204e-01	   3.8168401342872627e-01	   4.1282482266287940e-01	   5.4272249959733021e-01	   4.7040873619975809e-01	   4.2382472246955633e-01	   3.8720837283778392e-01	   2.2633494397300308e-01	   7.8986697589686974e-02	   5.1607787266793570e-01	   3.9986931318073488e-01	   5.0814311364062092e-01	   4.5276381656811315e-01	   6.6529969157758684e-01	   6.3068960061351342e-01	   3.5011426705084026e-01	   4.7258682540168839e-01	   3.1223165898615490e-01	   1.7585155698216198e-01	   2.9839435308881418e-02	  -2.8025465243252719e-02	   1.7476934320901638e-01	   1.8235738900169978e-02	   1.6281806953818129e-01	   1.2685258647143627e-01	   3.0774571929184336e-01	   1.6555733305515663e-01	   2.9273533995746431e-01	   2.4052287534315553e-01	   8.2293966069023794e-01	   6.4673678268601953e-01	   6.8179182269864624e-01	   6.2410340601334791e-01	   9.7737577886194738e-01	   9.5945995822484287e-01	   8.5302594052307268e-01	   8.3990913304088999e-01	   6.8654649286677383e-01	   8.0646242731247186e-01	   4.9322844079736972e-01	  -1.7309238344538569e-01	   7.3459005325832449e-01	   3.9965593381057851e-01	   5.3220269920584329e-01	   5.7110773798066139e-01	   5.2003616482812642e-01	   5.0643183574963835e-01	   5.6990956053523523e-01	   4.6285901644726074e-01	   5.8793853814431252e-01	   5.2926084883615676e-01	   6.7857882730612562e-01	   6.3104338564237716e-01	  -1.4262346068072304e-01	   2.3606516920054854e-01	   5.0192150269636837e-01	   4.9987432944146415e-01	   7.3014723034893037e-01	   6.2171805245126455e-01	   5.4079844342780947e-01	   5.5655052550161441e-02	
   4.0174046677064573e-01	   3.0299734623396624e-01	   7.5715986381019384e-01	   6.5920526376982047e-01	   1.0151030492593824e+00	   1.8446567327696974e+00	   6.4806531212357932e-01	   4.0776441431554344e-01	   1.4645815133814561e+00	   0.0000000000000000e+00	   9.0579241584049730e-02	  -2.6316242273488805e-02	   1.4214188388783194e-01	   5.4945098057877360e-02	   5.8705553111570996e-01	   9.9954436930471713e-01	   2.4737826173032058e-02	  -1.7305658596003409e-01	   5.8407595079414931e-01	   6.0435131539239739e-01	   8.1077358361526253e-01	   7.0914697183177544e-01	   5.3241933611898429e-01	   6.1763137533677082e-01	   7.6618846263078921e-01	   1.1325122931603397e+00	   6.5265762755726386e-01	   8.0170101207175770e-01	   2.5737789633023807e-02	  -1.6173280415972793e-01	   3.6340525414138369e-01	   2.5544272780920885e-01	   3.7041536924001511e-01	   3.2401619726162867e-01	   4.9805941435774870e-01	   3.8470151045166145e-01	  -8.7390551185428489e-02	   1.1394558660680919e-01	   5.1688876739562017e-01	   4.3477617529199575e-01	   1.0625390113134977e-02	   1.4247918064261247e-02	   1.0525218165411916e-01	  -1.2131356713096761e-01	   1.4334882119907735e-01	   9.7233067333650919e-02	   1.4134095343381414e-01	   2.4982075362925360e-01	   1.4658111763648018e-01	   1.3195309154853413e-01	   2.3210902583926518e-01	   3.0080524631739686e-01	   4.6695355308117686e-01	   5.6489800770976595e-01	   4.3239174819076009e-01	   4.4676896526349691e-01	   3.9555325343823777e-01	   3.5281068544821714e-01	   6.3473243653223010e-01	   5.0495884989124207e-01	   5.2166433467294271e-01	   4.4786678934041307e-01	   2.3870077418400182e-01	   2.3967940566170923e-02	   5.6728634693734681e-01	   4.8524409023564241e-01	   6.4258837261998303e-01	   5.9047797026472804e-01	   6.7171532457542471e-01	   6.5498654371566778e-01	   3.4281432164140568e-01	   5.0278192256293774e-01	   3.3553088719774726e-01	   2.5824278927726985e-01	   9.2568038558080698e-02	  -1.9593846205391976e-02	   2.0533611621783010e-01	   2.5904482123186714e-02	   1.6113181857946829e-01	   6.9371108845820442e-02	   2.7544709685014851e-01	   1.6079405613954612e-01	   2.2174633840792779e-01	   2.6921952211048072e-01	   7.1551751738511549e-01	   6.4519961213576593e-01	   5.2624779465152272e-01	   5.2948438672138565e-01	   8.2945543148425827e-01	   8.4066801819321968e-01	   8.4342113105493066e-01	   7.6536313811381418e-01	   7.8150354830834889e-01	   8.6313575346622762e-01	   3.8410111360136318e-01	  -1.1123871803300346e-01	   7.2101623434651219e-01	   4.1359278119205611e-01	   4.6060348970027920e-01	   5.6002478904239483e-01	   6.7021671296128327e-01	   6.7577936262642146e-01	   7.3845566857237044e-01	   6.5074919207476334e-01	   6.8833787685649828e-01	   6.2946137921932632e-01	   6.7627159679595339e-01	   6.1473482955247760e-01	  -1.7695801723352506e-01	   1.3945228549180155e-01	   4.7102315699181918e-01	   4.2774789459252383e-01	   6.9888540449086156e-01	   6.8521979312917436e-01	   6.3457350086772280e-01	   1.5248401328210520e-01	
   1.0894463085994184e+00	   9.9866980423801288e-01	   6.6394428268149142e-01	   6.4146423652382412e-01	   6.1327889176408447e-02	   9.3535248727300332e-02	   9.3808091795816961e-01	   7.9175938891461528e-01	   1.1651452427561136e-01	   9.0579241584049730e-02	   0.0000000000000000e+00	   1.5006562301595245e+00	   1.7795919774734021e+00	   1.4286131836799179e+00	   2.7186543815629849e-01	   1.4851210336255968e-01	   9.1299885094372890e-01	   9.7404663049448370e-01	   8.3461166167186840e-01	   7.7731732118760855e-01	   5.8013085582817848e-02	   6.5143625104754188e-02	   8.5591777691382087e-01	   8.5512724022944508e-01	   4.6270131190395491e-01	   3.9953663610958839e-01	  -8.3406464661791080e-02	  -7.5791850628899204e-02	   9.1373495451657261e-01	   7.8682219861765934e-01	   9.2724187002480341e-01	   9.7035470503993826e-01	   1.1241371334714072e+00	   1.0928795703917531e+00	   6.1190013968480839e-01	   5.4641936948629111e-01	   2.2699138520414660e-02	   3.2130145445647468e-01	   1.5149095910431273e-01	   2.5323577870767672e-01	   3.1725812001848147e-01	   4.1349596168350428e-01	   7.0070763261614399e-01	   5.7660467956209471e-01	   7.0463872757110646e-01	   7.8479596337045432e-01	   6.9318885371760541e-01	   7.8834724867473049e-01	   7.5678284535141249e-01	   7.6088994515514352e-01	   9.1183962024959508e-01	   9.3648756606650307e-01	   3.9585889268693436e-01	   2.9836796748983985e-01	   5.5202595759063400e-01	   6.8488371596514330e-01	   9.9314972528827550e-01	   8.5466843918480284e-01	   7.1672742747042206e-01	   4.9902383443468756e-01	   8.5127577167482593e-01	   8.1229653511217892e-01	   1.1899625389575244e+00	   1.0510865454648179e+00	   8.2571321266146736e-01	   8.1609900832987514e-01	   6.9100411468031309e-01	   7.9775403011462465e-01	   7.5847297049561602e-01	   7.6457248926427035e-01	   6.4527397089364580e-01	   6.6991187860363666e-01	   1.0142772307284758e+00	   1.0378620599267392e+00	   9.6457584001268226e-01	   8.8701255461942985e-01	   8.3146886960138744e-01	   8.1246450218614996e-01	   6.4772680131714744e-01	   7.9041495204284096e-01	   7.6785399940716592e-01	   1.1144947010844060e+00	   8.9795811152193039e-01	   6.9881888629609024e-01	   5.4705529066459058e-01	   8.0797936646822999e-01	   3.9553033453747943e-01	   2.2287212682060303e-01	   2.3035620487850997e-01	   2.6334652638703182e-01	   3.4834088746379777e-01	   3.1429780036135085e-01	   3.6250986926550877e-01	   3.6399069976189480e-01	   1.8117421935303354e-01	  -4.2207945457117216e-02	   4.5040905410520543e-01	   6.0046731153285704e-01	   5.7400613140698176e-01	   7.5213719768183585e-01	   3.2865314732302880e-01	   3.8617501079980243e-01	   3.5155778983507824e-01	   3.4663565624507497e-01	  -7.5814680883357660e-02	  -1.0792465289001930e-01	   4.4318606843627442e-02	   2.9427030475121929e-01	   3.2504386237620850e-02	   1.1707041809337944e-01	   5.2937059270157227e-01	   5.8071706629447650e-01	   3.8519168772882034e-01	   1.2868617784505784e-01	  -9.3980956991629328e-03	  -3.0947752478443558e-01	
   1.0658705451146326e+00	   1.0472806996690389e+00	   5.0598449152842351e-01	   5.9088597893114725e-01	  -5.7097325340613736e-02	  -2.5967199404589143e-02	   8.0496441677590969e-01	   8.4659695541096014e-01	  -1.9032901505498592e-02	  -2.6316242273488805e-02	   1.5006562301595245e+00	   0.0000000000000000e+00	   1.2807142023787417e+00	   1.6342492071747343e+00	   1.4816833559551157e-01	   5.4117129005922304e-02	   1.0068323420389869e+00	   1.2127573185838709e+00	   7.7406506585160806e-01	   7.4146018577863593e-01	  -6.7439231977733077e-02	  -4.0523021322764620e-02	   6.8915045973247147e-01	   7.3317215415999115e-01	   3.2393569698305491e-01	   3.2672864526648465e-01	  -1.9474049907381549e-01	  -1.7589681258088050e-01	   1.0354197156403022e+00	   1.0385852849715909e+00	   9.0411736065590964e-01	   1.0432472681993465e+00	   1.0850369002298375e+00	   1.1289429271211600e+00	   4.5564914873550155e-01	   4.6460128561078873e-01	   1.8189183917179445e-02	   3.1623837186350606e-01	   5.8270917769507748e-02	   1.7512657106116689e-01	   2.7196344855511800e-01	   3.9438345596660773e-01	   6.4941655077694105e-01	   5.9551009139143274e-01	   7.2185487691563932e-01	   8.0175971925206757e-01	   6.7186840962792471e-01	   7.3724981307892334e-01	   7.5505796360708277e-01	   7.3306551803971831e-01	   8.3262069557130192e-01	   8.9474630811576172e-01	   2.9634335697509234e-01	   1.8304495861146927e-01	   4.7236838027004890e-01	   5.9108721415813870e-01	   1.0168154565264560e+00	   8.5268866969913282e-01	   6.0494098197088897e-01	   4.5083802049599664e-01	   7.7155296784281968e-01	   8.2113260027314949e-01	   1.2310099948697049e+00	   1.1799077860442186e+00	   6.9458876289037030e-01	   7.9277621315197011e-01	   5.9384834379448204e-01	   7.5106148234342718e-01	   6.4941917086729062e-01	   6.5969780542983081e-01	   6.1889420287192243e-01	   5.9306019618755768e-01	   9.7423485121491304e-01	   1.0623829546755650e+00	   1.0414381016064194e+00	   9.6587940616817092e-01	   8.2405217464521341e-01	   8.6395756221276165e-01	   7.0947391158348216e-01	   8.6371710034998472e-01	   7.9409343435017421e-01	   1.1790255375953205e+00	   7.4681654172917178e-01	   6.9135385264784233e-01	   4.5002735792216192e-01	   7.1261112982277552e-01	   2.8677456755309194e-01	   1.5110232113469735e-01	   1.4175920768471378e-01	   1.3947133632554914e-01	   2.5804896464599886e-01	   1.6838732188734601e-01	   3.4549481774855317e-01	   2.4548882633976607e-01	   6.3205727259539116e-02	  -2.7821091883339193e-02	   3.7755778580179833e-01	   6.0074662436626913e-01	   4.8772212324781666e-01	   6.0382746348381044e-01	   3.4273758088159800e-01	   3.2585208783240471e-01	   3.3166279085662481e-01	   3.0445372531321269e-01	  -7.1605302150673997e-02	  -1.6301472191993746e-01	   1.8521683537447875e-02	   2.1542066837973228e-01	  -1.2301951757884554e-02	   2.7473881038268488e-02	   4.9349297995782793e-01	   4.9495929662492638e-01	   2.9416908757340227e-01	   1.2103916332074210e-01	  -2.1615529036730301e-02	  -2.7942799200134000e-01	
   9.6880650766796839e-01	   9.6588133668932030e-01	   7.2613859850514628e-01	   6.5389456794342482e-01	   8.2111483951435568e-02	   1.2394442897588172e-01	   9.4422605932054815e-01	   6.8675945537147087e-01	   1.7392640889038233e-01	   1.4214188388783194e-01	   1.7795919774734021e+00	   1.2807142023787417e+00	   0.0000000000000000e+00	   1.2838033033701259e+00	   2.9268957586077521e-01	   1.9469803975719077e-01	   9.6874980753163875e-01	   9.1974958643288252e-01	   8.7862779972848037e-01	   8.0816523738942425e-01	   1.1832209172060502e-01	   1.1682433922403475e-01	   9.9432962340334918e-01	   9.6446499143484188e-01	   5.9377239175209162e-01	   4.8992385195460797e-01	  -3.8558748413432514e-02	  -2.4851718137242601e-02	   9.9292112488124717e-01	   8.3435865670385811e-01	   1.0486138110306586e+00	   1.0621069376842120e+00	   1.1237637371292721e+00	   1.0617126882497230e+00	   6.7310331159796843e-01	   5.4053346458206475e-01	   4.8803588319577623e-02	   3.3304807611949294e-01	   1.2506450848283163e-01	   2.0830393809656783e-01	   3.2326980679398143e-01	   3.8286648662076739e-01	   6.6123699429476923e-01	   5.5119675620548736e-01	   6.7081639250086056e-01	   7.4325928840567768e-01	   6.2946731909748732e-01	   7.1668721839951011e-01	   7.1168956241485448e-01	   7.0036073391344578e-01	   8.5860348912486761e-01	   8.8780932322644146e-01	   3.3654626679799804e-01	   2.7562981135669318e-01	   4.5649051977847643e-01	   5.7277584947353233e-01	   9.3485988465672476e-01	   8.0309279023248192e-01	   6.8759971509301143e-01	   4.1559030544081893e-01	   7.8753379144719338e-01	   7.1372631543923637e-01	   1.1565441479095002e+00	   8.6220540443423643e-01	   9.6824954564875465e-01	   8.2975668559163418e-01	   7.3857945722931184e-01	   7.6651594260558553e-01	   8.0292997603111860e-01	   8.5712618295059428e-01	   6.5618506468358728e-01	   6.5514569719151949e-01	   1.1092772934179937e+00	   1.1159858244185841e+00	   9.7389102191098986e-01	   8.5607051514899069e-01	   8.3328942376284632e-01	   7.3572939956090788e-01	   7.7236137143562789e-01	   8.7215963868579027e-01	   9.0232897408960189e-01	   1.1695773700129715e+00	   1.0058493946203146e+00	   7.7859344944563458e-01	   6.0641042469670181e-01	   8.2835120822473329e-01	   3.8057034895322606e-01	   2.3003486602538439e-01	   2.0831427605224884e-01	   2.4224377434896957e-01	   3.3238721516389458e-01	   3.4358479962947264e-01	   3.2586458669911067e-01	   3.6536815457280858e-01	   2.5399870443230871e-01	   8.7747485219502007e-03	   5.3808710845951069e-01	   6.8635417869633020e-01	   5.2264081736013179e-01	   7.4301151209936189e-01	   3.1484412536019291e-01	   3.6509127510762107e-01	   3.6671996786740685e-01	   3.6540071254025014e-01	  -6.4439130122404875e-02	  -8.2599337916733365e-02	   7.6251544773727920e-02	   2.8019992243311231e-01	   1.1507372440106180e-01	   1.3853745293717595e-01	   5.3276302198561321e-01	   5.9071381032763881e-01	   3.7916540648626662e-01	   1.5052880546382227e-01	   7.2874313755994083e-02	  -2.1782641629426716e-01	
