   0.0000000000000000e+00	   1.7615878676399181e+00	   1.3931712095450766e+00	   1.6860827355641059e+00	   9.1290933457509460e-01	   1.1028078904355538e+00	   1.3622722297698977e+00	   1.4334364383687204e+00	   9.3410163970529880e-01	   8.3192177400299594e-01	   1.0967813625238114e+00	   1.1882062391511388e+00	   1.1928602748254025e+00	   9.9611655887724038e-01	   1.3293384686581051e+00	   1.2334974744788396e+00	   9.0349368310584077e-01	   9.6795481834974850e-01	   1.6719459865032498e+00	   1.6030282252466537e+00	   8.8555575698256739e-01	   9.4910401304611991e-01	   1.3279357137032550e+00	   1.3378764949281285e+00	   1.1987929836524707e+00	   1.1933098082151021e+00	   1.1264424776745976e+00	   1.0820428777874960e+00	   3.9585150304364058e-01	   3.0815751551137965e-01	   8.8616721044447799e-01	   9.3697207983296915e-01	   1.1087836533627220e+00	   1.1051200570882274e+00	   9.5573158378431611e-01	   1.0060598862544281e+00	   5.6841845405117031e-01	   4.9066735498904734e-01	   5.4825053409644520e-01	   8.9996008016786289e-01	   7.1610222366503917e-01	   1.1223869247590410e+00	   8.7664586933581334e-01	   7.4905484322921734e-01	   7.1695482729729176e-01	   7.3454065773878852e-01	   9.6464060145304742e-01	   9.2713027794366021e-01	   9.5582620240185279e-01	   7.9479311403360187e-01	   1.0862197490692169e+00	   8.5397544276793280e-01	   1.2522276369530791e+00	   1.1981425017712777e+00	   1.3693248298209026e+00	   1.1625029390177564e+00	   1.6660902786312723e+00	   1.2814922775966027e+00	   1.3347697885184000e+00	   1.2451721481029085e+00	   1.4896119920945941e+00	   1.1622598530825548e+00	   9.2318554023302246e-01	   1.0775102599075330e+00	   1.0028515885773353e+00	   1.1924327478368610e+00	   1.2616948954617764e+00	   1.1946069008145599e+00	   1.3432033738365239e+00	   1.3984780606652070e+00	   7.9535929291435914e-01	   8.7782984880276260e-01	   8.5411438381853766e-01	   8.4176525150248827e-01	   7.4560970702813867e-01	   7.8791944037430761e-01	   1.0253733557535925e+00	   9.7121708321842126e-01	   8.5043013168447179e-01	   1.0336732250065299e+00	   1.1423003154078064e+00	   1.1874363236977858e+00	   9.2706304245327753e-01	   8.1144302901233500e-01	   1.5545092042693804e+00	   1.8166098854582846e+00	   7.3086194223437662e-01	   8.8223037499687129e-01	   1.5126396437467213e+00	   1.4139174946356348e+00	   1.1735601816762311e+00	   8.8947106652671137e-01	   1.1485752338045481e+00	   8.3815800694695941e-01	   4.6127828183021069e-01	   8.7366759707032293e-01	   1.2381052454100208e+00	   1.4529053789427557e+00	   1.2220630972934374e+00	   1.2158618221053969e+00	   1.1638461645570863e+00	   8.7914541379419409e-01	   8.9262141515926074e-01	   7.7978656879276476e-01	  -6.4762068460781771e-04	  -3.4958139116573771e-02	   5.2267968375442897e-01	   5.6880541786627958e-01	   3.9286588961206653e-01	   3.8645786742212751e-01	   7.7394577687912480e-01	   7.1542175650342965e-01	   8.5118650424456743e-01	   1.0331247209687744e+00	   8.8817514955634858e-01	  -2.8063823820505714e-02	
   1.7615878676399181e+00	   0.0000000000000000e+00	   1.0957665138038328e+00	   1.4304335909806121e+00	   8.5894746578453263e-01	   1.0615301721339578e+00	   1.0751562717552012e+00	   1.2411872064360741e+00	   8.5657417719407469e-01	   7.9618955681088732e-01	   8.3074959045434815e-01	   1.1550559520523214e+00	   9.3248684496421708e-01	   9.4450856558752083e-01	   1.2168072079253680e+00	   1.2805900541212238e+00	   8.8001252423288900e-01	   1.0439638733528005e+00	   1.3749813762694192e+00	   1.5722245647145110e+00	   9.6243033204306494e-01	   1.0436104471363092e+00	   1.1228588059611089e+00	   1.2119957562339945e+00	   1.0884200264906922e+00	   1.0984228652797565e+00	   1.1602773549965995e+00	   1.0718964063453931e+00	   4.0765296669610218e-01	   4.0949756165436269e-01	   8.9427931173284425e-01	   8.9945485732845165e-01	   9.6797357932871519e-01	   1.0104973103824029e+00	   7.4972178768931053e-01	   7.9568209551532265e-01	   5.1027116791457838e-01	   4.6738399007209369e-01	   4.9383452056425614e-01	   8.8108023977426686e-01	   6.5141834020339584e-01	   1.0397237109911242e+00	   7.1218681422115593e-01	   5.9445262251744824e-01	   5.4277992802596553e-01	   5.4961663349457324e-01	   8.2922886504679649e-01	   7.4721853561566953e-01	   7.7363252357748613e-01	   6.8421054904293632e-01	   9.1275995409261534e-01	   7.7023076411617908e-01	   1.1423321540091140e+00	   1.0783368901055730e+00	   1.1842614667214413e+00	   1.0550418596128841e+00	   1.9787662998627529e+00	   1.7002935673632555e+00	   1.1802315574642090e+00	   1.2478424451814834e+00	   1.1627252056289723e+00	   1.0625669189419051e+00	   7.8868846653823810e-01	   1.0239257809631575e+00	   7.1210919386133731e-01	   9.0009463980034343e-01	   9.5789282658640629e-01	   9.2221607015537810e-01	   1.3701467893261763e+00	   1.4113997596240668e+00	   8.3966372246141097e-01	   9.0057384629326420e-01	   9.4958209980398567e-01	   7.5575141831986314e-01	   7.3848684994395586e-01	   8.0740473886208841e-01	   9.4666642349429564e-01	   9.6993992717567035e-01	   8.9856574426197133e-01	   1.1125301755923223e+00	   1.0924850740458436e+00	   1.1345725132622737e+00	   9.1238478071333984e-01	   8.5551388216420821e-01	   1.1983141034380393e+00	   1.4451204051586324e+00	   7.7417969856779656e-01	   8.9783198588610391e-01	   1.2722134944444869e+00	   1.2688482616372423e+00	   1.0062329690884610e+00	   6.9131875823790445e-01	   9.5175389518702569e-01	   6.1884451307839872e-01	   4.5198517618610395e-01	   6.9808495841705331e-01	   1.0140282051095248e+00	   1.1361571764183285e+00	   1.0780430403981678e+00	   9.5876066606297405e-01	   1.0629496686915432e+00	   6.7326027865290183e-01	   8.3461166577171231e-01	   6.5749463830368571e-01	  -7.1971635607047058e-02	  -7.7003173956348633e-02	   4.3697377162384238e-01	   4.8372249117626587e-01	   2.8636716671088713e-01	   3.4738945474694877e-01	   6.2239211891314861e-01	   5.4977244333877429e-01	   7.4090574255353414e-01	   9.0090641247176162e-01	   7.8729068957981341e-01	  -6.3800619365294145e-02	
   1.3931712095450766e+00	   1.0957665138038328e+00	   0.0000000000000000e+00	   1.9013311290214627e+00	   1.1413000482510203e+00	   1.2020478892995050e+00	   1.6288181517455169e+00	   1.3046021819970552e+00	   9.2654331936607959e-01	   8.1961337607752383e-01	   8.5137400569753985e-01	   9.3459405368324489e-01	   8.3530310418650000e-01	   7.6005809875910479e-01	   1.2416169297474102e+00	   1.1697030931689560e+00	   7.7753951957357825e-01	   7.9645610740568440e-01	   1.2730618552791348e+00	   1.2272108930722070e+00	   1.0870955463787579e+00	   1.1115133510974364e+00	   1.4992086004648708e+00	   1.3612022561431723e+00	   1.2428289677491244e+00	   1.2297190555211197e+00	   1.1322607794339923e+00	   1.1782239787883899e+00	   4.5013436367501475e-01	   2.9959365538798405e-01	   9.6659071834365229e-01	   9.3949021590528958e-01	   1.1502351311247803e+00	   1.0689495816563253e+00	   1.0402377429126639e+00	   8.9005937318651784e-01	   6.1608217626638395e-01	   4.9419275235308779e-01	   6.2177836030316624e-01	   9.4503459234987974e-01	   6.6904101549168560e-01	   1.0644440122995409e+00	   9.7866534348687917e-01	   8.7038560239070539e-01	   8.6677442569174334e-01	   8.3986694558142116e-01	   9.7488776022238954e-01	   1.0785375576944927e+00	   7.3895368227506841e-01	   6.8459167532591458e-01	   7.8440308702039552e-01	   6.1525240584135399e-01	   9.1606558821343131e-01	   1.0191227315179938e+00	   1.1497477157270584e+00	   1.0806050278813939e+00	   1.1101699335996396e+00	   8.8915159110147846e-01	   1.0086003808581827e+00	   8.2628900331226607e-01	   1.0836336214841165e+00	   8.9495651546275634e-01	   7.1859976911805823e-01	   7.9417175798264350e-01	   1.0758609149981735e+00	   1.1126435783967510e+00	   1.2485830724262215e+00	   1.1717786665753662e+00	   9.8534468493754246e-01	   9.8416372691143184e-01	   8.1850084330213502e-01	   9.5353576177123156e-01	   6.5091366616350199e-01	   6.6433267839999688e-01	   5.8195238942001992e-01	   6.4083727083445097e-01	   9.0945782558335608e-01	   8.1410754745955116e-01	   7.8930931222339196e-01	   8.2326989957629204e-01	   9.0879612132695242e-01	   9.8793604195224771e-01	   9.5833512858066972e-01	   9.2391962518088500e-01	   1.3776915882640473e+00	   1.5817196003966716e+00	   6.8787408348596257e-01	   8.6093624827204684e-01	   1.5484507521864153e+00	   1.2568385981467189e+00	   1.0544287401804080e+00	   9.2605703513407467e-01	   1.2172952533320696e+00	   9.6119757375479842e-01	   3.8999972096668994e-01	   8.5460188274487958e-01	   1.0757407907729455e+00	   1.3540321792847321e+00	   1.0878021049752900e+00	   1.2298374231647662e+00	   9.7580410461413691e-01	   8.9950244294851889e-01	   8.2210421653425370e-01	   7.5341756954370664e-01	   1.3623235798824654e-01	   1.1079026557517713e-01	   7.1900734731007776e-01	   7.4670970736977715e-01	   4.7115723795467035e-01	   4.1194658059966127e-01	   6.3596058729284000e-01	   7.1636415570505185e-01	   7.6567411532637797e-01	   9.9479592840465580e-01	   8.7459978111738712e-01	   4.0934222512209052e-02	
   1.6860827355641059e+00	   1.4304335909806121e+00	   1.9013311290214627e+00	   0.0000000000000000e+00	   1.1985543627549242e+00	   1.3359637118748511e+00	   1.5187662037384753e+00	   1.5617909167659956e+00	   9.9171888408309239e-01	   9.1115367070201914e-01	   9.1686711367513074e-01	   1.0618477137007893e+00	   8.9073215818408191e-01	   8.2902725308796843e-01	   1.3304769308127133e+00	   1.3302861457723330e+00	   8.2910646377497310e-01	   8.6028261937075401e-01	   1.4108582337486060e+00	   1.5043518411644581e+00	   1.0275356918347756e+00	   1.1362552608813554e+00	   1.4654515187670858e+00	   1.4797556778800094e+00	   1.2812786254545561e+00	   1.3391437903923076e+00	   1.1932684049494351e+00	   1.2119262498608192e+00	   4.5088620082519992e-01	   3.3420005410124276e-01	   9.9595695101977733e-01	   1.0053350286658507e+00	   1.1242097868338914e+00	   1.1287041799863595e+00	   9.5387218908245286e-01	   8.7860229255352096e-01	   5.3401045413053061e-01	   4.3329491683321131e-01	   5.4545431101659725e-01	   9.0981237146060123e-01	   6.3679295284908410e-01	   1.1126604441991792e+00	   9.7893838999920357e-01	   8.5518645930573700e-01	   8.1034167107342048e-01	   8.0547640973323786e-01	   1.0236690224726326e+00	   1.0472585757565014e+00	   8.0260058046849836e-01	   7.4016864077482070e-01	   8.9865269489140420e-01	   7.2367274957479399e-01	   1.0669161760028141e+00	   1.1656356898371529e+00	   1.2529189352316428e+00	   1.1578161524422190e+00	   1.3241081982820619e+00	   1.0991432427578416e+00	   1.1222499135105251e+00	   1.0063047644746967e+00	   1.1148525173998858e+00	   1.0907533542091927e+00	   7.3509856884549196e-01	   8.8644729585556947e-01	   9.3257492376564166e-01	   1.1276545729402474e+00	   1.1906729108775336e+00	   1.1593486221903304e+00	   1.2133680248170409e+00	   1.1991221914394949e+00	   8.9433154528102810e-01	   1.0565327952164705e+00	   7.6911264237541122e-01	   7.5813450591535392e-01	   6.6151125673094024e-01	   7.4918931738616190e-01	   9.7459976205253163e-01	   9.3653600695098671e-01	   8.5716328411478560e-01	   9.4394087745635513e-01	   1.0268646201257696e+00	   1.0510707216112254e+00	   9.7617852477724065e-01	   8.9589844058742663e-01	   1.4051906629276671e+00	   1.7573439499725771e+00	   7.2025773379923974e-01	   9.2342616567575730e-01	   1.5170728372300899e+00	   1.3583560914084840e+00	   1.1038378091733350e+00	   8.7160406032799731e-01	   1.2164635005236395e+00	   8.5187798162900186e-01	   4.0009587310517947e-01	   8.0625231230550032e-01	   1.1361446494787000e+00	   1.3505144233503898e+00	   1.1435017526944555e+00	   1.1703741328473476e+00	   1.0184791412138587e+00	   8.2070643025350742e-01	   8.1531446009174724e-01	   7.1815533830085498e-01	   6.9929722229811087e-02	   4.5524980599315937e-02	   6.4071021232950276e-01	   6.5659884752019460e-01	   4.0408322375924144e-01	   3.8690206172389607e-01	   6.4339086828481429e-01	   6.7755000088714590e-01	   7.9519964013071520e-01	   1.0284653536183197e+00	   8.8385729896248622e-01	   2.1830594820813534e-02	
   9.1290933457509460e-01	   8.5894746578453263e-01	   1.1413000482510203e+00	   1.1985543627549242e+00	   0.0000000000000000e+00	   1.4684624843446530e+00	   9.9529959891186781e-01	   1.0101452018869734e+00	   1.2849742774974580e+00	   1.2280686284537308e+00	   6.9432672220612546e-01	   6.8922452730383310e-01	   5.4099873745953675e-01	   5.6502721759400742e-01	   9.7640513598128920e-01	   1.0022758341144415e+00	   5.4630295051835920e-01	   5.2989668370758791e-01	   9.0314919624585877e-01	   9.5421954746823434e-01	   8.3994940732798395e-01	   1.0106800430780727e+00	   9.9273538262989058e-01	   9.6216656662986444e-01	   1.1826114066260964e+00	   1.1913041585546900e+00	   9.8347695857333917e-01	   1.0579758539060959e+00	   4.9595193325236120e-01	   1.7815318621842563e-01	   9.4689765878701193e-01	   8.8448228944089635e-01	   8.5915028406646921e-01	   8.5730436844315494e-01	   7.0168084441138889e-01	   6.9277954454191892e-01	   3.9546034387664225e-01	   2.3443548628024138e-01	   3.6006766804753654e-01	   5.2034493762882117e-01	   3.6243878966226056e-01	   7.6951866496762023e-01	   8.2175708527858382e-01	   7.3531571426735942e-01	   6.6924946106688366e-01	   6.5490581551182803e-01	   8.3739878582220140e-01	   8.6064667137756889e-01	   4.9398892767081576e-01	   5.2719931757673377e-01	   6.0441150670613764e-01	   5.1663858639841420e-01	   7.6233367029406818e-01	   8.2096358384174239e-01	   8.4882080378587366e-01	   8.4429969601658095e-01	   8.0419404604259814e-01	   7.3444998236847159e-01	   6.8219848511349235e-01	   6.0543477638634879e-01	   6.5105161094749464e-01	   6.5003071460960538e-01	   4.9529608570408068e-01	   5.2791484508442621e-01	   6.2161514904515225e-01	   6.7170644568056348e-01	   7.7990253563094747e-01	   8.0208798432713202e-01	   7.8988160311284783e-01	   7.7139672535227377e-01	   1.0872061334083725e+00	   1.1314953884811405e+00	   4.5458583514976514e-01	   7.4907811397825075e-01	   7.1893232430459464e-01	   7.2508266794576870e-01	   7.9837209699512002e-01	   7.7274167080080602e-01	   7.2091222500505536e-01	   6.4794841839867368e-01	   7.8982739414210279e-01	   7.0232810262329992e-01	   8.5807317644364223e-01	   7.9647349751279906e-01	   1.0120197893267480e+00	   1.0439572622977096e+00	   5.0406935767451833e-01	   6.5505682702395018e-01	   1.0530899581287547e+00	   8.9432714903855248e-01	   7.6635012277728287e-01	   6.3960213414375355e-01	   8.4075512762473004e-01	   6.2902431731012465e-01	   2.8696627305585415e-01	   4.9373522063916220e-01	   6.6021277072122608e-01	   8.3267416009976891e-01	   8.1045881901453332e-01	   8.1742243222309219e-01	   6.6736805038576341e-01	   4.8950990531884442e-01	   5.5357876694612396e-01	   4.3642330578684341e-01	   4.7134146285237079e-02	   1.0632191203675086e-01	   5.6889961719466475e-01	   6.0940964893602234e-01	   2.2431161464077573e-01	   1.9885613942801603e-01	   4.3929969216290377e-01	   4.3996811449958695e-01	   5.5692196744945899e-01	   7.7114489405674402e-01	   6.7070280124261272e-01	  -1.2593315728389686e-03	
   1.1028078904355538e+00	   1.0615301721339578e+00	   1.2020478892995050e+00	   1.3359637118748511e+00	   1.4684624843446530e+00	   0.0000000000000000e+00	   1.0882978040142197e+00	   1.0481236916451899e+00	   1.4166319591950793e+00	   1.4831767539241150e+00	   6.6813824159229596e-01	   7.3985524547459336e-01	   6.2611953958696853e-01	   5.7536460080104268e-01	   1.0631105799867993e+00	   1.1456290879563813e+00	   5.7330497151607662e-01	   5.5193271196843929e-01	   9.4207104545081743e-01	   9.7455480979564058e-01	   8.9106442732033986e-01	   1.2472772237771876e+00	   9.3146518279355517e-01	   9.5568699456306627e-01	   1.1503832402855902e+00	   1.1899111797091040e+00	   1.3300161932937900e+00	   1.4945195402709492e+00	   3.4321663019234117e-01	   1.5258354797444570e-01	   7.4986810333497167e-01	   7.3284581068179211e-01	   7.7864646348343569e-01	   7.6431897488571821e-01	   7.2310438207274941e-01	   6.3919294932398241e-01	   4.9944358105461362e-01	   3.2846586984381704e-01	   3.6161120802817404e-01	   6.9018962100958625e-01	   4.3228113823556114e-01	   7.7174405957533954e-01	   8.4377647373611531e-01	   7.5763591061675650e-01	   6.8582212248296703e-01	   6.9948345356819353e-01	   9.3340785278968730e-01	   9.6039516710451767e-01	   6.1849532255146389e-01	   6.3120999139458345e-01	   7.1328085612591652e-01	   6.1292877275718971e-01	   9.4626498492494848e-01	   1.0475392574762521e+00	   9.8553757862410440e-01	   1.0806107604946791e+00	   1.0281739198159094e+00	   9.4366236068455622e-01	   8.3678243895539783e-01	   8.0794476678807359e-01	   7.5743245045148799e-01	   7.6578989492007199e-01	   4.8766854372466256e-01	   5.5607589769093513e-01	   6.5736358984459287e-01	   7.8642050851680811e-01	   8.4123766975476633e-01	   8.4673386350521718e-01	   9.5680596890378666e-01	   9.6035618897282249e-01	   9.9497784733001415e-01	   9.8399991657301100e-01	   4.8328579691945905e-01	   7.4210434174762407e-01	   6.9473956582347174e-01	   6.2621788995293060e-01	   7.1431831250073397e-01	   7.2038802797899593e-01	   7.8585323365206117e-01	   7.7278214257744804e-01	   8.5423336594923427e-01	   7.6311638035476914e-01	   7.2461609928693516e-01	   7.3672081183769134e-01	   1.0888055169326494e+00	   1.2194406239822828e+00	   4.8206112674802776e-01	   6.6009042409757246e-01	   1.2495875922112238e+00	   1.0908187616474432e+00	   7.9219352945569910e-01	   6.4194656728883959e-01	   9.0536701486326421e-01	   6.1131651321054681e-01	   4.0596463627789914e-01	   6.7993906912010627e-01	   8.1734721853076298e-01	   1.0110164114527507e+00	   9.0996571982538099e-01	   9.1369439437324418e-01	   7.4157868073748423e-01	   5.4483288477273906e-01	   5.6177436337420539e-01	   4.5566303090938431e-01	   4.2548223317445420e-02	   7.5375655621511800e-02	   5.5446462664371199e-01	   5.7786739413457244e-01	   3.1837296183935032e-01	   2.9984924877949370e-01	   3.9455085388223876e-01	   4.8865284993127023e-01	   5.8220097858655084e-01	   8.1926051199981087e-01	   7.5677057878803944e-01	  -1.0611652960733384e-01	
   1.3622722297698977e+00	   1.0751562717552012e+00	   1.6288181517455169e+00	   1.5187662037384753e+00	   9.9529959891186781e-01	   1.0882978040142197e+00	   0.0000000000000000e+00	   1.6711509517133296e+00	   9.4181763977445110e-01	   7.8903867503652536e-01	   9.8217884568147096e-01	   1.0385981112494986e+00	   9.1810486273155889e-01	   8.6056934138012009e-01	   1.0052714545901347e+00	   1.0262567856188496e+00	   8.0910240757518193e-01	   8.6696174696187167e-01	   1.3150385984985562e+00	   1.1733452471923058e+00	   8.4840288186932511e-01	   9.0062242505098422e-01	   1.1771697015178333e+00	   1.1337878146009497e+00	   1.0330685429334359e+00	   1.0808509542538050e+00	   9.1699370507903843e-01	   9.5493829274706687e-01	   5.0780821710475066e-01	   3.5111040097816687e-01	   8.6171421634370327e-01	   8.6523841179295746e-01	   1.2280771393573318e+00	   1.0790414538019242e+00	   7.9175730014970469e-01	   8.2915015134916437e-01	   6.7058946626957094e-01	   5.2829064920996371e-01	   6.6014176200158858e-01	   8.0678521958415161e-01	   7.2735471314426070e-01	   1.0253563642060941e+00	   9.8556904053105931e-01	   8.9252121896724312e-01	   9.0231036912843710e-01	   8.9943785317251257e-01	   9.7476877589312805e-01	   1.1272317389471129e+00	   8.9971226691966621e-01	   8.5372950943815473e-01	   8.6839504127415945e-01	   7.2566436992429040e-01	   9.3959073173426799e-01	   1.0356604712096547e+00	   1.1422832935078464e+00	   1.0679530791846439e+00	   1.1652763840254423e+00	   8.9478815310683280e-01	   1.0611411991743238e+00	   9.2676699347195912e-01	   1.3227331564573939e+00	   1.0533659352975502e+00	   9.2616006671879558e-01	   9.9259383974315374e-01	   9.6695486210314463e-01	   1.0477358685756561e+00	   1.2542939900154142e+00	   1.1855524322668087e+00	   9.6803068271524850e-01	   1.0036662252329078e+00	   7.7079814089164711e-01	   8.9703763994738206e-01	   6.6892665092717329e-01	   7.2846447722182794e-01	   6.6244317738531799e-01	   5.9020493017993580e-01	   9.2006717835989082e-01	   8.7414707295680949e-01	   7.4101055224870749e-01	   8.6402522701547513e-01	   9.3148144235931807e-01	   9.6712274644091845e-01	   9.7833974538408452e-01	   8.9752970869505089e-01	   1.1696099763466723e+00	   1.3688624638894309e+00	   6.7021714777325636e-01	   7.4690072219842840e-01	   1.3245906312268159e+00	   1.2018222190258330e+00	   1.1737692657869554e+00	   1.0596678583867376e+00	   1.3352671529026388e+00	   1.0133411536714121e+00	   4.1040018886883622e-01	   8.9541558894316253e-01	   1.1019456464357134e+00	   1.3249974444011905e+00	   1.1816166496296465e+00	   1.4025865843693985e+00	   1.2433394783318512e+00	   1.0600356507805595e+00	   9.9426567621027973e-01	   9.1678806102479693e-01	   1.8272084238270281e-01	   1.7424678100980734e-01	   6.6338575615236095e-01	   6.7628247536771735e-01	   4.7805316879430204e-01	   4.7902179766355235e-01	   7.4786962690149894e-01	   8.6093550553378018e-01	   9.1860209145748406e-01	   1.1541020949966292e+00	   9.9052254377067317e-01	   2.6396460528348070e-02	
   1.4334364383687204e+00	   1.2411872064360741e+00	   1.3046021819970552e+00	   1.5617909167659956e+00	   1.0101452018869734e+00	   1.0481236916451899e+00	   1.6711509517133296e+00	   0.0000000000000000e+00	   9.1088555397039250e-01	   7.9858537099416094e-01	   1.1402653792313024e+00	   1.2468135306590697e+00	   9.1762448117710083e-01	   9.8384007256249739e-01	   1.1131354948735654e+00	   1.1223824861737202e+00	   8.6336205718336190e-01	   9.2278404827126959e-01	   1.3403247942607621e+00	   1.3188022905564927e+00	   7.8835471913016186e-01	   8.4886367738730462e-01	   1.2072053759650729e+00	   1.2111445000509176e+00	   9.5304594077571803e-01	   1.0303036046514593e+00	   8.1752928492807242e-01	   8.3384722682222978e-01	   5.8492264456609011e-01	   4.6162367842674323e-01	   1.0089137450089953e+00	   1.0257043320208410e+00	   1.2645832711195697e+00	   1.2493729695809446e+00	   7.4303271843043617e-01	   8.1936753359099923e-01	   5.0523182351827245e-01	   3.9687296296082830e-01	   5.6347425070981061e-01	   7.4782031375348035e-01	   6.2131551355357395e-01	   9.8107569017919927e-01	   9.1451954002566482e-01	   8.3424330492284193e-01	   7.9436272392599738e-01	   7.8724593610860627e-01	   9.3426338194814340e-01	   9.4506324208749160e-01	   8.3855187647270957e-01	   8.1461881059771735e-01	   8.7067116876089745e-01	   7.3715193172155657e-01	   9.1685297835426804e-01	   1.0088011839901809e+00	   1.1173847753016972e+00	   9.8841197382282620e-01	   1.1800398600422506e+00	   9.5659505082465013e-01	   9.9676301079213558e-01	   9.8308538535764445e-01	   1.2740880656000999e+00	   1.4131777387881925e+00	   8.6019023555894925e-01	   1.0713396550513958e+00	   8.9630526353934858e-01	   1.0771879644684483e+00	   1.0574309184371473e+00	   1.0760745808721648e+00	   9.7410582907144327e-01	   9.9650666146750710e-01	   7.6478382831329417e-01	   9.8470430177825019e-01	   7.1346199654105225e-01	   7.4937762869871483e-01	   6.8330058056935572e-01	   7.6030756279953204e-01	   9.8109123645383589e-01	   9.8787720742632679e-01	   7.0911860552298178e-01	   8.8882564836715172e-01	   9.2270017804184790e-01	   9.6762116147978761e-01	   1.0739404681230431e+00	   9.1268070029343262e-01	   1.1064550575562111e+00	   1.2317322883878232e+00	   7.4271485315821240e-01	   7.6020379551786554e-01	   1.2166606057227289e+00	   1.0767571826380651e+00	   1.1009752496957126e+00	   8.6105186968667669e-01	   1.1126126227657305e+00	   7.7880972481010846e-01	   4.4167087702932417e-01	   8.0298918478885606e-01	   1.0095607257200123e+00	   1.1066454483258195e+00	   1.0951136218272908e+00	   1.1072966439445282e+00	   1.1857389777211773e+00	   8.2823352872552902e-01	   8.9430380622311334e-01	   7.8029054220011829e-01	   1.0151234943711045e-01	   1.0526623187471297e-01	   5.2256870630359009e-01	   5.5139914559691494e-01	   3.4370767464318625e-01	   3.5872449643895299e-01	   6.8750237315106000e-01	   6.8657780801870294e-01	   8.6248605022243607e-01	   1.0476691798791657e+00	   8.7587112069976780e-01	   6.9766304477206179e-02	
   9.3410163970529880e-01	   8.5657417719407469e-01	   9.2654331936607959e-01	   9.9171888408309239e-01	   1.2849742774974580e+00	   1.4166319591950793e+00	   9.4181763977445110e-01	   9.1088555397039250e-01	   0.0000000000000000e+00	   1.8369775728576161e+00	   7.6946048597180650e-01	   7.8961010634234374e-01	   7.3063995798074188e-01	   6.1765719907960037e-01	   9.4325673387568654e-01	   9.4618797763484852e-01	   5.4036226862322856e-01	   5.6813289185461868e-01	   8.9081499168260880e-01	   8.4914218076102355e-01	   5.9653469747683385e-01	   8.9503528658843801e-01	   8.8397606122914352e-01	   8.7183440815639712e-01	   1.0851646619428321e+00	   1.1088498273603817e+00	   9.3335479268696031e-01	   9.9189330112944007e-01	   4.2354069599715849e-01	   2.2782152468843567e-01	   8.3950569487226367e-01	   8.4677449461825938e-01	   7.8283690536205564e-01	   7.9777891089604991e-01	   7.1898841134154823e-01	   6.6969759206734436e-01	   5.2751410667403553e-01	   3.9625591066355015e-01	   2.6797649750953245e-01	   5.4243570059308288e-01	   3.8338693885067066e-01	   7.1903438093707739e-01	   8.3730397052025962e-01	   7.6612584619947011e-01	   7.0810696012618590e-01	   6.8188582550781995e-01	   9.4554615605495673e-01	   9.1051373495469368e-01	   6.3695914818437904e-01	   6.2442864486677985e-01	   7.4778587248706485e-01	   6.4189843113602540e-01	   8.7376016637519305e-01	   9.0009335214562869e-01	   9.2994547577412323e-01	   9.4785938041224438e-01	   8.4085199292655921e-01	   7.1179289381124189e-01	   6.4077224446871006e-01	   6.1900776098652743e-01	   7.1649350392647893e-01	   6.8254303239203873e-01	   5.0627075789777853e-01	   5.4752151372196478e-01	   6.7911719683480576e-01	   7.6195355718121505e-01	   7.9304363943694034e-01	   7.7103208821126756e-01	   7.7654614920636666e-01	   7.9910370284547594e-01	   1.1275416431828418e+00	   1.0885884918980666e+00	   4.8849689306675548e-01	   1.0310258148822586e+00	   8.2374975702730735e-01	   6.7492312305865343e-01	   8.2309694875959216e-01	   8.3763344560408759e-01	   7.5024081533836628e-01	   8.4517350749392417e-01	   8.6628107037930069e-01	   8.3064194744889175e-01	   7.3783452722558796e-01	   7.4234569917447635e-01	   1.0569899758022208e+00	   9.9370369374741874e-01	   3.5553675184249139e-01	   4.8563223182388560e-01	   9.8614467782778503e-01	   8.7197748027486865e-01	   7.4611723359152793e-01	   6.3847382519279583e-01	   7.4845230596928436e-01	   5.6343099148481568e-01	   3.6337909664921847e-01	   5.2882562758697405e-01	   8.5844495931868381e-01	   8.5666973863115692e-01	   8.5513659587835211e-01	   8.7721077608942521e-01	   6.6331952007625961e-01	   4.4950687548854001e-01	   5.0713145004687332e-01	   3.9330076120857088e-01	  -1.1908449162091481e-02	   8.6383592125372180e-02	   3.8498951984051227e-01	   4.4615946030969933e-01	   2.0140682768002521e-01	   2.6535040743432847e-01	   5.0779265500916526e-01	   5.2524641752311074e-01	   6.7203094492731197e-01	   8.4297310226616806e-01	   8.1110321232939531e-01	  -9.1991727881016408e-02	
   8.3192177400299594e-01	   7.9618955681088732e-01	   8.1961337607752383e-01	   9.1115367070201914e-01	   1.2280686284537308e+00	   1.4831767539241150e+00	   7.8903867503652536e-01	   7.9858537099416094e-01	   1.8369775728576161e+00	   0.0000000000000000e+00	   6.1581144436328950e-01	   6.6217361389766005e-01	   5.6112266463373695e-01	   4.9437262288730782e-01	   8.3459550223361756e-01	   9.2382498318767603e-01	   4.2837018295386847e-01	   4.2844318434974982e-01	   7.4529682744605530e-01	   7.3751348986454335e-01	   5.9586881544242432e-01	   9.6888761400920465e-01	   7.2272411038012396e-01	   7.3433622743922056e-01	   8.7008232070154978e-01	   9.0370494605849383e-01	   9.0916473045027568e-01	   9.8504449344957656e-01	   3.3898102578553718e-01	   1.4553484016593132e-01	   6.7914353544278483e-01	   6.9216945327018153e-01	   6.1082516841470658e-01	   6.4239162437744213e-01	   5.8286567488483831e-01	   5.1617136030495225e-01	   4.2954747774398466e-01	   3.0281089497577879e-01	   2.3121576482500225e-01	   5.4025040897545684e-01	   2.6572087928600036e-01	   6.1378587020594455e-01	   7.7131726830339942e-01	   6.8628794850017449e-01	   6.3799594484414746e-01	   6.3802018019234841e-01	   9.0519547608138773e-01	   8.2616601784406818e-01	   5.6143037926655270e-01	   5.7358236312926281e-01	   6.5664326004900231e-01	   5.6738692311737116e-01	   8.3508157461436916e-01	   8.1997426943379192e-01	   8.9768988885591494e-01	   9.5392587812180463e-01	   7.9806914182485156e-01	   7.0104494534606909e-01	   6.2064458925068633e-01	   5.9714856440688746e-01	   5.6189111951222681e-01	   5.8933349197913965e-01	   3.5025877118033227e-01	   4.1138876303542204e-01	   5.0271670484948439e-01	   6.1203559382746597e-01	   6.5387021367498099e-01	   6.5687613647609400e-01	   6.9955535123988355e-01	   7.2588823106207712e-01	   1.0494146787646073e+00	   9.4983916764586851e-01	   3.7747353139383100e-01	   8.7716985289076321e-01	   6.6630714667953883e-01	   6.5924501153657789e-01	   6.7246833428870501e-01	   7.0755086406470935e-01	   6.7000721191899926e-01	   6.9662850979533153e-01	   7.3283904194827210e-01	   6.4760233651648946e-01	   5.6757300722055837e-01	   6.2939078096658174e-01	   9.0196977908624332e-01	   9.0694212432069343e-01	   3.0260957893319013e-01	   4.1936970572759069e-01	   8.9612536503038820e-01	   8.2017566413953069e-01	   5.9737976901137346e-01	   4.6586191278288669e-01	   6.2188774077135811e-01	   4.1199013963366216e-01	   3.5976980160580579e-01	   5.0945918398124634e-01	   7.2997333939722375e-01	   7.7951711882318886e-01	   7.6445002901136938e-01	   7.3576536563041217e-01	   5.6057429702667705e-01	   3.7626689931188628e-01	   4.1387842433216915e-01	   2.9125823627331482e-01	  -6.8512117023273367e-02	   2.9410866360731435e-02	   3.5839704113849108e-01	   4.0098213426163803e-01	   1.5051955318248633e-01	   2.1600320777527260e-01	   3.8429922237613418e-01	   3.7562934038466234e-01	   5.0189839510288425e-01	   6.5782852812091053e-01	   6.6055714033566404e-01	  -7.2745623633357154e-02	
   1.0967813625238114e+00	   8.3074959045434815e-01	   8.5137400569753985e-01	   9.1686711367513074e-01	   6.9432672220612546e-01	   6.6813824159229596e-01	   9.8217884568147096e-01	   1.1402653792313024e+00	   7.6946048597180650e-01	   6.1581144436328950e-01	   0.0000000000000000e+00	   1.3390690331818818e+00	   1.2594205140905390e+00	   1.2887194251128777e+00	   1.0422962016269122e+00	   8.5309368404004648e-01	   9.7920473113649542e-01	   8.9665667209215072e-01	   1.1429379732677794e+00	   1.0353344028820288e+00	   5.2719200474150796e-01	   5.0446688552939845e-01	   1.0905230005764541e+00	   1.1000854579699166e+00	   8.0740551953515338e-01	   8.6733196553690706e-01	   5.2771979416859272e-01	   5.1727459515451735e-01	   7.3475601914704813e-01	   4.8668813405847222e-01	   8.8155520200942361e-01	   1.0584962134690792e+00	   1.0993720447795701e+00	   1.1903478526260647e+00	   8.5705722581654875e-01	   1.0562729467537662e+00	   4.7700585702075238e-01	   4.3023253509085874e-01	   3.1798318109612045e-01	   4.4179685730706009e-01	   6.9503397915002774e-01	   8.7574992125409490e-01	   8.1020561921211909e-01	   7.5559111806990198e-01	   7.2560266990678746e-01	   6.9512115968507260e-01	   7.2879649394673651e-01	   7.5663972448731898e-01	   6.4251808627258544e-01	   5.5460796580010696e-01	   7.2330165298526805e-01	   5.4192487961000801e-01	   6.4948947174143112e-01	   6.4006671326822906e-01	   7.4501659231098571e-01	   6.2299852401563260e-01	   8.0824329570885312e-01	   5.7394828057409797e-01	   6.0413102695921206e-01	   5.6362336823034176e-01	   1.1738860934068840e+00	   1.0187833173530392e+00	   1.0193283584298305e+00	   1.0744029680711711e+00	   1.0088308838055320e+00	   1.0323673702934169e+00	   9.0583308130602447e-01	   8.8997124015650619e-01	   7.3741052838588350e-01	   7.8088241318367757e-01	   5.6617050768322241e-01	   8.0132426775891319e-01	   7.1638496657072170e-01	   8.8799869174609303e-01	   7.8991324147846032e-01	   8.8406729907155801e-01	   1.0210844956486351e+00	   1.0385775863335520e+00	   7.2400765159449809e-01	   8.8546212692651938e-01	   9.9518877177466958e-01	   1.1026214000622736e+00	   9.5575498573465889e-01	   7.9455481322188382e-01	   1.0308749589908894e+00	   9.2869848785436659e-01	   3.7921408569983428e-01	   4.3437962053533485e-01	   7.6627166720291895e-01	   6.4563856768290306e-01	   8.7033251705491255e-01	   7.9442068359465023e-01	   7.6650921134414840e-01	   6.6549563183437010e-01	   2.4444401436773666e-01	   6.6700444706211470e-01	   9.0367141978957644e-01	   8.5011776523374971e-01	   8.3650069002571259e-01	   8.6450062537470762e-01	   8.2177330883860189e-01	   5.8918571385188301e-01	   6.1870198910317575e-01	   5.7804400754906393e-01	  -5.2430002743843962e-02	   7.4176418222240276e-02	   2.2457193591851188e-01	   3.1605525707757176e-01	   2.0728833871954788e-01	   3.1237803056372843e-01	   9.2828259545533220e-01	   7.7317886438156347e-01	   8.7397601706150474e-01	   8.4233155654013614e-01	   6.8732682283409563e-01	  -5.2093926177772309e-02	
   1.1882062391511388e+00	   1.1550559520523214e+00	   9.3459405368324489e-01	   1.0618477137007893e+00	   6.8922452730383310e-01	   7.3985524547459336e-01	   1.0385981112494986e+00	   1.2468135306590697e+00	   7.8961010634234374e-01	   6.6217361389766005e-01	   1.3390690331818818e+00	   0.0000000000000000e+00	   1.1101114421026601e+00	   1.5969895369700160e+00	   1.1888100869238916e+00	   1.1838372116698126e+00	   1.0498780802635550e+00	   1.2170471097438971e+00	   1.2736937079816559e+00	   1.2244133307845388e+00	   6.8975955165059832e-01	   7.4923083876692054e-01	   1.2398319118222021e+00	   1.3704355614003558e+00	   8.5197053764686270e-01	   9.3239907807415279e-01	   6.7393297194673285e-01	   6.3935039087428758e-01	   7.6479949094919020e-01	   7.6026449086915038e-01	   1.0654631672878629e+00	   1.2301415254992554e+00	   1.2406337702442725e+00	   1.3700274736697970e+00	   7.5314989753716710e-01	   8.2902722932236339e-01	   5.6014910513576077e-01	   5.3032942260898941e-01	   3.7547580764818705e-01	   6.2972585446635254e-01	   7.7120353574884093e-01	   1.0615871730020334e+00	   7.8863004664591818e-01	   6.8942139638044575e-01	   6.8917758879466251e-01	   6.5210168041780048e-01	   8.0206789148784097e-01	   7.6308366500589286e-01	   6.7712726556399805e-01	   6.3875892315574767e-01	   7.4900942782625368e-01	   5.7002765944753875e-01	   7.6243129474736604e-01	   7.0097629438855691e-01	   9.0694658174898390e-01	   7.6353049126201733e-01	   1.1247473692488443e+00	   8.3782415286179146e-01	   7.3359267641687931e-01	   7.1697436480316157e-01	   1.1472577249882849e+00	   1.1119485626302732e+00	   9.1319225021978312e-01	   1.2773526242195705e+00	   8.3745714959504203e-01	   9.7187097355868424e-01	   8.8667146701864352e-01	   8.4571904134740472e-01	   8.2930757998275262e-01	   8.8444517397695821e-01	   6.8701876681239671e-01	   8.7363554631812945e-01	   8.9810745645043277e-01	   8.5544902272916046e-01	   7.5180076002255347e-01	   9.4254203044263574e-01	   1.1174664124921683e+00	   1.1899642266014341e+00	   9.2316841941688488e-01	   1.1475160911946891e+00	   1.1120920269657426e+00	   1.3676726424403860e+00	   1.0885808307346996e+00	   1.1590549807517638e+00	   1.1218076047309165e+00	   1.1188716839282375e+00	   5.3604683807360498e-01	   5.5943303117426235e-01	   8.8894985580050712e-01	   8.2629333849462117e-01	   9.5750305094194454e-01	   7.7147453996265936e-01	   8.4815530688709861e-01	   6.4528206640868402e-01	   2.5473410980207029e-01	   6.3252343880598516e-01	   9.8185191770204727e-01	   9.1559065633120751e-01	   9.8524737517713734e-01	   9.4043890137881181e-01	   9.7276682729863218e-01	   6.4211067525131948e-01	   7.3569592606081702e-01	   6.4713882484965379e-01	  -6.5624124915387674e-02	   1.3791346411242130e-02	   2.8785688227044692e-01	   3.5391317835012620e-01	   1.8998243353592742e-01	   3.8936026947282454e-01	   8.4535390916288766e-01	   7.1165341844302665e-01	   8.9430270258199218e-01	   8.9094752413146228e-01	   7.9651338266511862e-01	  -7.3664488145588972e-02	
   1.1928602748254025e+00	   9.3248684496421708e-01	   8.3530310418650000e-01	   8.9073215818408191e-01	   5.4099873745953675e-01	   6.2611953958696853e-01	   9.1810486273155889e-01	   9.1762448117710083e-01	   7.3063995798074188e-01	   5.6112266463373695e-01	   1.2594205140905390e+00	   1.1101114421026601e+00	   0.0000000000000000e+00	   1.1297490408258986e+00	   1.1040490437833759e+00	   8.8270465395383035e-01	   8.3173421459668540e-01	   9.3889407228244359e-01	   1.1491043967059802e+00	   1.0180515042632967e+00	   5.3029348271832455e-01	   5.5382757806099669e-01	   1.1245868087090254e+00	   1.1268741867552425e+00	   8.8528573280211209e-01	   8.9251174262186139e-01	   6.6804163773961667e-01	   6.3485897691997939e-01	   4.5283828821026001e-01	   3.2110535597846096e-01	   8.2304733971404875e-01	   9.9345897649835790e-01	   9.4721591460025889e-01	   9.8020386259794756e-01	   8.2974396674914130e-01	   8.7941913939937277e-01	   4.7128817978283621e-01	   5.1019896717122482e-01	   3.2718235962788988e-01	   4.8548133695233764e-01	   8.1459214301790484e-01	   1.0383765104659692e+00	   6.3288411377164333e-01	   5.5668411753475100e-01	   5.9858754658174063e-01	   5.6457346176309275e-01	   6.4566262554074783e-01	   6.4564272381803056e-01	   7.9440670424603677e-01	   5.7310359448280068e-01	   8.5214268013056182e-01	   6.4123243218100057e-01	   7.8018350854394325e-01	   7.2489585210126861e-01	   8.2044711134976489e-01	   6.7651124550676145e-01	   9.0113778097516573e-01	   7.2503840616912929e-01	   7.4911552757877586e-01	   6.9224000105219685e-01	   1.2215701839973643e+00	   8.4882878224608060e-01	   1.0657306127321990e+00	   1.0728120607578551e+00	   9.3233109880274267e-01	   9.9263406144009814e-01	   8.8255200878870099e-01	   8.1022627082471543e-01	   8.2051707722531386e-01	   8.8399348034231207e-01	   5.9591311819764015e-01	   7.0686617506945593e-01	   8.5477721264421525e-01	   9.9556901919235896e-01	   7.6283136853311118e-01	   7.1790457290375398e-01	   8.7354931068385477e-01	   7.9475625452945187e-01	   6.7559325785688962e-01	   9.5229183140777851e-01	   1.0724602221474986e+00	   1.2350390566679483e+00	   8.1407091192285685e-01	   6.5938649872952904e-01	   1.1888850480120825e+00	   1.0253306870758370e+00	   4.5720043434982210e-01	   5.6015782965273686e-01	   8.0605223868049547e-01	   7.8697412027830238e-01	   8.5647797375242618e-01	   8.2859136244879028e-01	   7.8766344442771841e-01	   7.7806546206179883e-01	   1.8751126851490418e-01	   5.9577447894055446e-01	   1.0140332346416474e+00	   8.8157871922565001e-01	   7.7872379024704919e-01	   8.7702861756120321e-01	   7.2968963393698327e-01	   7.0315812411460732e-01	   5.7434048971443008e-01	   6.2313319974306158e-01	  -9.1772138846437160e-02	  -7.5913744590604681e-02	   1.9920285318332656e-01	   2.7319719698421652e-01	   1.9233761654451473e-01	   3.7197851221969397e-01	   8.3741071980778314e-01	   7.1927308834944381e-01	   7.7645658133354356e-01	   7.2474359184477610e-01	   6.6480919555285845e-01	  -1.9267294055014170e-01	
