   0.0000000000000000e+00	   1.5292085203609804e+00	   1.0428596866159241e+00	   1.0609246607007361e+00	   1.0888119343925196e+00	   8.6623428591088536e-01	   1.1130087154910915e+00	   1.0030091265087806e+00	   6.8556059933129376e-01	   6.4765244285732559e-01	   1.1352008979988681e+00	   8.2875333952609331e-01	   9.1635149157593965e-01	   9.0979906806625732e-01	   1.0113350795604088e+00	   1.0308394925112523e+00	   9.5668847899510023e-01	   6.3812414733678291e-01	   1.3337310610422797e+00	   1.3669153025355958e+00	   4.4085846050415806e-01	   3.8540754647864239e-01	   9.8134931507206391e-01	   8.6904890158056736e-01	   6.2513428971791096e-01	   5.9653246791077863e-01	   7.3154039008196892e-01	   7.3831235938826245e-01	   1.0473205990184853e+00	   7.4595926013765268e-01	   7.7375230513251625e-01	   6.8608953607354073e-01	   9.4588147603301320e-01	   9.7911793128982294e-01	   3.1335276919661753e-01	   4.2250404861656199e-01	  -1.1692605655089498e-01	  -1.5654428625409769e-01	   7.5552067665774014e-01	   7.6487169851802883e-01	   3.7314932356997871e-02	   2.6839782009373925e-01	   1.0643373454951113e+00	   8.4313092900707343e-01	   6.0918903692392690e-01	   7.8149350054465594e-01	   1.0962206409457889e+00	   1.0818130712668508e+00	   6.5369584147859827e-01	   8.1552844904598321e-01	   9.1340651850760168e-01	   8.1219532739707567e-01	   1.2469414305689692e+00	   1.3408774489329987e+00	   1.2747393361342152e+00	   1.4002262504919647e+00	   1.5261257819574461e+00	   1.4313838722593253e+00	   1.1251076954737100e+00	   1.0336017851045751e+00	   8.9816398724352420e-01	   7.1715215244628094e-01	   8.2628984450343523e-01	   8.4130756641792315e-01	   2.7135925149593659e-01	   5.5777943357378834e-01	   6.5005270451028163e-01	   7.4304141948672264e-01	   1.1841519822223348e+00	   1.4536058135784793e+00	   1.0503101795867663e-02	   4.5388800685764441e-01	   6.5967615736068863e-01	   7.8643813951320052e-01	   3.8631330949749737e-01	   5.0323020391160234e-01	   2.6694006116210423e-01	   6.1909232585056273e-01	   6.0130531631618589e-01	   1.7462206132671385e-01	   8.7642257658921019e-01	   9.0967999449936587e-01	   6.5415820922207057e-01	   8.5966148997999614e-01	   1.1344324606788525e+00	   1.2272948865268418e+00	   4.9415643614806160e-01	   6.0693290401983346e-01	   9.3094918861142717e-01	   1.1262709584853474e+00	   7.8753622288969316e-01	   9.7936109331485688e-01	   9.2754297832851806e-01	   7.4739510545860899e-01	   1.9669356754095124e-01	   3.8331744047451222e-01	   9.4560235995074926e-01	   1.0009050432226143e+00	   1.2250909193750297e+00	   1.2941689222912203e+00	   2.2837532380202735e-01	   3.4588280108749569e-01	   2.7015749448073528e-01	   2.4688027769774964e-01	   1.7125721050331599e-01	   1.3700659046929780e-02	   1.1313240300969196e-01	   8.5251973304223294e-02	  -5.4161274635729360e-02	   2.0971336592166437e-01	   8.6467729429626339e-01	   1.0442938280830483e+00	   1.1309004313663340e+00	   1.2525130477457869e+00	   8.9005658034344914e-01	   3.8447257189929994e-02	
   1.5292085203609804e+00	   0.0000000000000000e+00	   8.6880465803227003e-01	   1.1230534684081961e+00	   1.0182088849377013e+00	   8.4692146262236934e-01	   8.6297564377266045e-01	   1.1051520377125164e+00	   5.9839463547930838e-01	   5.8125737257684074e-01	   1.0389053619236976e+00	   1.0794934377249286e+00	   7.8387526366578664e-01	   1.1645617856231079e+00	   7.8370871718860424e-01	   8.6108668715544046e-01	   1.2464512152112790e+00	   8.1518412950344665e-01	   1.3688726165382175e+00	   1.6204730794124738e+00	   4.4252321321077609e-01	   4.1778174125968992e-01	   9.1630946355049392e-01	   8.8332015135256869e-01	   6.2071698981340495e-01	   6.7705197002570339e-01	   5.8393510581226782e-01	   6.0147180460610961e-01	   1.1022066743224381e+00	   9.6122612193072143e-01	   8.6498598186774034e-01	   8.0917328736512317e-01	   1.1084550517648979e+00	   1.1675430852898623e+00	   3.8778719476104484e-01	   5.7322508441413678e-01	  -1.8633887505423247e-02	  -5.6405969195167528e-02	   7.3731460291008688e-01	   7.2609127796609529e-01	   1.1733778987642009e-01	   2.8811299852073308e-01	   1.0874400642814879e+00	   8.3231002144711841e-01	   6.6774371001930044e-01	   8.9271992441932202e-01	   1.2241705460455281e+00	   1.1115304485173461e+00	   7.3280722209438809e-01	   9.3512203646039227e-01	   9.9471025117895340e-01	   9.4051378236520566e-01	   1.3589287920632593e+00	   1.4247644326389486e+00	   1.1341755177912172e+00	   1.2587802442413893e+00	   1.5065147341677765e+00	   1.7957848530275589e+00	   1.0985633964598081e+00	   1.1172365074884372e+00	   8.4712607863955114e-01	   8.2847085301080303e-01	   8.5405106880520154e-01	   9.6313468204245711e-01	   2.6371036952123916e-01	   5.5658941854638933e-01	   7.0379603891894815e-01	   8.5189427111294680e-01	   1.4200164238058595e+00	   1.5799180244776123e+00	   9.7233031022777736e-02	   4.5202057825197345e-01	   7.3551900250587987e-01	   9.2987633468341646e-01	   4.5652457592373491e-01	   6.3684427966625090e-01	   3.8629176160631551e-01	   7.8420813574301407e-01	   7.9086162559268336e-01	   1.7378159502154861e-01	   1.1527343371101999e+00	   1.0989355280234627e+00	   7.0486918701951551e-01	   8.6262699015542765e-01	   1.1234544482273576e+00	   1.2328685429668629e+00	   2.9543280278835399e-01	   3.7472363859473934e-01	   6.7137677823516584e-01	   9.0036250866526690e-01	   9.7560380688881576e-01	   8.7768447867506394e-01	   9.2148088689676511e-01	   5.1778304860529700e-01	   1.6738660071624373e-01	   3.1144705834308495e-01	   1.0234000069003957e+00	   9.5781064115364134e-01	   1.4763276931768334e+00	   1.3768618175125229e+00	   2.2973476828963435e-01	   2.3249643756160326e-01	   2.6886424260151293e-01	   2.1812004263682191e-01	   1.9047280222405813e-01	   5.0131290588876824e-02	   5.6179117078863833e-02	  -2.7849170027756998e-02	  -9.4950609340520534e-02	   1.9039204427529682e-01	   1.0512254424502407e+00	   1.2119853745150109e+00	   1.2797010682300953e+00	   1.2585074327927626e+00	   9.0111504703162226e-01	   1.5946736116487231e-01	
   1.0428596866159241e+00	   8.6880465803227003e-01	   0.0000000000000000e+00	   1.3149373813565493e+00	   1.1416200976205506e+00	   7.8156199664440096e-01	   1.9132018785605844e+00	   1.1504574750661876e+00	   5.7699825632911672e-01	   5.9951392175579143e-01	   7.9364512195116321e-01	   5.3703546654027723e-01	   5.5440015534192788e-01	   5.2505268041045583e-01	   7.7273935126909854e-01	   7.7078240935090869e-01	   6.5794066284627495e-01	   5.2022900453424370e-01	   1.0006548983163726e+00	   9.9144471989383809e-01	   1.4479523535031796e-01	   1.7315847473369297e-01	   1.0405611034661106e+00	   8.1131178199401577e-01	   5.1246593923129558e-01	   3.5726086829794768e-01	   8.3933784515712906e-01	   7.3013941773871283e-01	   7.3045778881668233e-01	   5.3013883762548863e-01	   7.2628353411672164e-01	   6.5261825227071446e-01	   9.9227747290842772e-01	   9.4048522456293104e-01	   4.1806518339506693e-01	   5.0779024011189711e-01	  -1.4810355328416869e-01	  -2.9491552393261161e-01	   5.3757996361190052e-01	   4.7776447858332310e-01	  -2.0862825433923249e-01	   9.2034321353669388e-02	   9.7940881144928049e-01	   7.9861053785402536e-01	   6.9183606627218031e-01	   8.4828942859690526e-01	   9.7435941454667829e-01	   8.9743345583384082e-01	   6.4900373008159795e-01	   7.0703910102406764e-01	   9.0146491216906055e-01	   7.9551362504343659e-01	   8.4316607400506571e-01	   7.5065532668943824e-01	   8.4402831466304640e-01	   8.4886827948392929e-01	   8.2886432851836700e-01	   7.6777975221671990e-01	   1.0908244737431390e+00	   7.7164566504282628e-01	   1.0056239465922063e+00	   8.6283131336700714e-01	   5.9142137771578229e-01	   5.6113368162648369e-01	   3.3470128909592323e-01	   6.6852774292022243e-01	   9.7636739219342872e-01	   1.0170900001237821e+00	   9.0051443312557045e-01	   1.0757513074120963e+00	  -1.2970322387678024e-01	   3.4539472457987785e-01	   4.0689069254681909e-01	   5.4822166651872428e-01	   1.6960336480104954e-01	   3.4683249743706857e-01	   1.1731519830139329e-01	   4.1181629391112096e-01	   4.2290999260368334e-01	   5.9070106139269142e-02	   6.4920713559567078e-01	   6.0853975976289443e-01	   3.6200064065267085e-01	   5.1419536949409983e-01	   1.0251882367472049e+00	   8.6711635418908295e-01	   3.3284015058580485e-01	   3.6385381435812358e-01	   7.6192314506983816e-01	   6.6247035036181345e-01	   8.5501280972797367e-01	   1.1125932824675504e+00	   1.0527151017382175e+00	   7.6623528727609602e-01	   1.4275711067652341e-01	   2.8575969296468201e-01	   7.7573294813872307e-01	   6.5341488106412859e-01	   9.9231864650623713e-01	   1.1118479550073825e+00	   1.5123304358132966e-01	   2.6711254540917834e-01	   1.7224458924476366e-01	   1.3650214955389486e-01	   1.4694285775458998e-01	   7.0552915212304695e-02	   6.7971640008512205e-02	   4.2581967166137602e-02	  -1.1592649313000324e-01	   1.9264906261403314e-01	   7.5733654347304635e-01	   9.6017005647023568e-01	   8.7505051248627430e-01	   7.2623127452150460e-01	   5.7174903122432807e-01	   1.0786538381454778e-02	
   1.0609246607007361e+00	   1.1230534684081961e+00	   1.3149373813565493e+00	   0.0000000000000000e+00	   1.2046671726917699e+00	   8.0437695042607826e-01	   1.2253922262303112e+00	   1.7667259310694177e+00	   5.1242478985047124e-01	   6.0016904635770940e-01	   8.8819992909768231e-01	   8.8724533519703397e-01	   5.4162933886331299e-01	   7.5572458850318469e-01	   6.3719094427399992e-01	   8.2628331266724619e-01	   9.8235756376102767e-01	   7.2314043605964540e-01	   1.2106802199444071e+00	   1.3108475976104643e+00	   1.4151515733227643e-01	   2.0410393867728152e-01	   1.1071266227226781e+00	   1.2095257935859132e+00	   4.6975844173309861e-01	   5.0841293515529917e-01	   6.1000872861927380e-01	   5.6567193149104411e-01	   1.0788084664162980e+00	   8.6093296200663827e-01	   1.0638931123521984e+00	   1.1335938966413273e+00	   1.2190689228327030e+00	   1.2749301102883146e+00	   4.2202456040707925e-01	   5.8054595918367546e-01	  -1.4590341503199411e-01	  -2.2667992487494992e-01	   5.2110405516506797e-01	   5.1233060894639837e-01	  -6.2780853480382606e-02	   1.8408518763676912e-01	   1.0885548207134645e+00	   8.1492529823318027e-01	   7.0829846320541889e-01	   8.9195967951535815e-01	   1.0855947851796668e+00	   9.8890205892687955e-01	   6.8346470540935533e-01	   7.2833726400594601e-01	   9.3831220555817640e-01	   7.7728306262047120e-01	   9.7359867248389553e-01	   9.3721391604624105e-01	   8.9142249017960984e-01	   9.7513163367404088e-01	   1.0423382839350668e+00	   1.0010317736100596e+00	   9.6131207615427272e-01	   8.7820063954716221e-01	   7.9940237501804290e-01	   1.0475068771385265e+00	   7.7325875421543144e-01	   7.5615002050878666e-01	   2.7703960795512517e-01	   9.1096411880497230e-01	   8.7600232745984985e-01	   9.7331998723706037e-01	   1.0688726013414545e+00	   1.2692341933396074e+00	  -8.2243485275383998e-02	   3.4591857856189406e-01	   5.8478135715917912e-01	   9.1344042355606647e-01	   3.2975876493231632e-01	   5.7286565441376414e-01	   2.1622280231978463e-01	   5.4127247468514772e-01	   6.9139021861911953e-01	   1.2679514111400303e-01	   9.7090400879767724e-01	   9.7045751247044332e-01	   5.5585215821021627e-01	   7.5240043682459623e-01	   1.0716099941799011e+00	   1.1385927217431628e+00	   3.4420137650942928e-01	   3.7651227963834105e-01	   6.1420695183410590e-01	   7.3945987477495956e-01	   1.0562339399000416e+00	   9.1263959289222618e-01	   1.2244012033924208e+00	   5.0998434427925710e-01	   1.6346082991193844e-01	   3.6474873582768613e-01	   7.9739270784688010e-01	   7.4421939162106310e-01	   1.3148421219049813e+00	   1.1920362736531305e+00	   2.0339083985560624e-01	   2.1686339949606087e-01	   1.9823175188241043e-01	   1.4547023948454560e-01	   4.0407300173104121e-02	  -8.3640141187097533e-02	  -1.1099825003856428e-02	  -3.6860265270509493e-02	  -1.2478507195949286e-01	   1.8192295082551563e-01	   8.9260089328440440e-01	   1.1438007958469383e+00	   9.5710946149293441e-01	   9.3851340181275900e-01	   7.4767767619588388e-01	   1.5639676098756736e-01	
   1.0888119343925196e+00	   1.0182088849377013e+00	   1.1416200976205506e+00	   1.2046671726917699e+00	   0.0000000000000000e+00	   1.2370818974696125e+00	   1.0763472835196912e+00	   9.7260625857075778e-01	   8.9468756273881267e-01	   8.1266810179304605e-01	   7.0773376135799082e-01	   6.9501792791932770e-01	   4.7962194156302684e-01	   6.1175930802173106e-01	   8.9417200935498098e-01	   1.0932583362220736e+00	   7.6425411716168945e-01	   5.2829224718992585e-01	   1.3192326969164996e+00	   1.2206063390315773e+00	   4.2350612514968899e-01	   4.3312277330824855e-01	   9.7927741838303661e-01	   9.4899999368494337e-01	   7.3151184488642451e-01	   7.5448773968646954e-01	   8.1771842801003314e-01	   7.5233171222617501e-01	   8.3676011551151364e-01	   6.3364053155799283e-01	   8.8833346297490601e-01	   7.8654915371680467e-01	   8.1697452260558134e-01	   8.2725123183308436e-01	   3.4044429002835958e-01	   3.7326581411046339e-01	  -1.5117259874985711e-01	  -2.1222806507379730e-01	   6.3949444511256881e-01	   5.8036236994380452e-01	  -8.9161038470022089e-02	   2.7211246009797541e-01	   9.8575847051908760e-01	   8.7466162650499368e-01	   5.3967546392488353e-01	   7.1816122888423073e-01	   1.0472269603967435e+00	   9.5969747997129606e-01	   5.6183664346905760e-01	   6.7195963273405346e-01	   8.9524168548635330e-01	   8.1048098544583680e-01	   1.0776431472032753e+00	   1.1408616536598211e+00	   1.0415446822761467e+00	   1.0816494676996633e+00	   1.0078091734621057e+00	   9.5611210013678316e-01	   9.6488845779051347e-01	   8.1518585677120181e-01	   6.8693159574839813e-01	   6.7488680324564809e-01	   6.2651713019403432e-01	   6.2503901583669630e-01	   3.5787759383116752e-01	   5.8519962626837396e-01	   6.8156590613966739e-01	   7.5200151680229965e-01	   9.7846196108286299e-01	   9.8866873818615675e-01	   2.3350724854167237e-01	   5.6843071546687807e-01	   8.0759063218577065e-01	   7.8469383999399378e-01	   4.7822801233040346e-01	   5.5905649915927658e-01	   1.6363605490090735e-01	   5.1474429798125554e-01	   5.6490020018314346e-01	   1.3171845341152544e-01	   7.5421656523105907e-01	   7.7183226919100267e-01	   4.8808463001357066e-01	   6.7001965568656074e-01	   1.0486728682863853e+00	   1.1379642903703815e+00	   3.2952166507977432e-01	   4.4211486168926933e-01	   7.8457728573270280e-01	   8.9349444580032344e-01	   9.2865910882395353e-01	   9.1087155050454671e-01	   1.0334199632727645e+00	   6.3815571330694820e-01	   3.1821884184278232e-01	   2.9474764804597503e-01	   8.8411329803753247e-01	   8.0107413883602074e-01	   1.1716054622068313e+00	   1.0901722628455612e+00	   1.4460131378930491e-01	   1.7467090498007526e-01	   1.3124657543847745e-01	   5.7817776022944058e-02	  -3.1229249871312599e-02	  -1.5940651351443169e-01	  -8.1964163615598246e-02	  -1.4194084769399334e-01	  -8.8656652121807539e-02	   2.0898253835218064e-01	   7.3405716596646631e-01	   9.9145520371691842e-01	   9.4030209330116954e-01	   9.4693241722110988e-01	   7.2753243399240697e-01	   7.9489232237184099e-02	
   8.6623428591088536e-01	   8.4692146262236934e-01	   7.8156199664440096e-01	   8.0437695042607826e-01	   1.2370818974696125e+00	   0.0000000000000000e+00	   7.9044207204182815e-01	   7.5510162187405661e-01	   8.7064987458443621e-01	   1.1291167355900369e+00	   4.5412231920976892e-01	   4.8250210085496248e-01	   3.7668001890066011e-01	   4.5196250416724826e-01	   7.6543626486544991e-01	   9.8915489152815783e-01	   5.3146242940982391e-01	   2.9512751431647888e-01	   1.0068312559914292e+00	   9.0115584207483268e-01	   3.9898526645315319e-01	   3.3505488327920474e-01	   5.2602492958722769e-01	   4.7657531194519898e-01	   3.9558097713870433e-01	   5.7820975423934440e-01	   5.3681477850119430e-01	   5.4952856795000904e-01	   5.5119954646024238e-01	   4.6941378493950059e-01	   5.6208291869417948e-01	   4.7537102888226007e-01	   5.8490151488626341e-01	   5.9375560507059022e-01	   1.3969649273311430e-01	   1.7975670992958903e-01	  -2.3100635668150510e-01	  -2.5916840456558299e-01	   4.3910748362686663e-01	   4.4660222981703046e-01	  -7.4961151481980293e-02	   1.6352043483760748e-01	   7.1473751610843672e-01	   6.6314631265815560e-01	   3.6146100185952251e-01	   5.8416609114636175e-01	   8.2825181529203462e-01	   7.5764801946028415e-01	   5.7635058226858682e-01	   7.0533391753267083e-01	   7.3980668971390962e-01	   7.5977505601473905e-01	   1.0338375820234496e+00	   1.0669080727758466e+00	   9.5172019178850276e-01	   9.5578051280448206e-01	   7.1876212864803113e-01	   7.6805639357868494e-01	   1.0164322961811989e+00	   1.0261064501406927e+00	   5.7438070123144791e-01	   6.4448316591566857e-01	   4.0414120605832349e-01	   3.7498132841569054e-01	   1.6464716956456599e-01	   2.4900351881592503e-01	   5.7390764551054629e-01	   6.1883342350185744e-01	   7.5013967787917124e-01	   7.0792639918721223e-01	   3.5881518605970575e-01	   6.0737074269990798e-01	   6.7642093983109630e-01	   5.6246471453975655e-01	   3.5287470801704995e-01	   3.9319994868112218e-01	   1.7047863858049700e-01	   3.4625313581650352e-01	   3.7579152335764382e-01	   7.6626909233241586e-02	   5.1269052970142881e-01	   4.5869004460922752e-01	   2.1090082408989577e-01	   4.6074359166880630e-01	   6.4695117218059472e-01	   7.5528245374461578e-01	   2.1666035257440780e-01	   3.6351055850045449e-01	   7.1630053138876315e-01	   7.9699761728917617e-01	   6.9183809365322835e-01	   5.7843867771818924e-01	   7.5821316572237507e-01	   4.6150019353255944e-01	   3.5602122416418824e-01	   3.0194728477456578e-01	   7.1620668188493675e-01	   7.1902729358830553e-01	   8.5071216703757324e-01	   7.6278156490856186e-01	   1.7098282560616290e-01	   1.4012661818638078e-01	   1.6298088497839952e-01	   1.8814260486273684e-02	  -4.4109658640299497e-02	  -1.1379223606791754e-01	  -6.4874509914969625e-02	  -1.2531954655700858e-01	  -2.6633237703976635e-02	   7.9507485470028463e-02	   4.7046770250483411e-01	   6.9734961147614050e-01	   6.8953338990455537e-01	   6.3527737052410660e-01	   4.3656256963646811e-01	   6.5017891866629693e-02	
   1.1130087154910915e+00	   8.6297564377266045e-01	   1.9132018785605844e+00	   1.2253922262303112e+00	   1.0763472835196912e+00	   7.9044207204182815e-01	   0.0000000000000000e+00	   1.2361310651212067e+00	   5.9942932665813475e-01	   5.7745075223507381e-01	   8.3807043529225755e-01	   5.5269441966036725e-01	   6.1123355504818122e-01	   5.5815353372339349e-01	   7.6513573634111176e-01	   7.0382137650170473e-01	   6.2981654856108604e-01	   5.1671521577537782e-01	   9.0883482858332698e-01	   9.0981167322927459e-01	   8.7604027041315091e-02	   9.1408339747748771e-02	   9.5879168999837383e-01	   7.6670650951902630e-01	   4.2533547219637180e-01	   3.0592872947813754e-01	   7.6802493439421571e-01	   6.9761136110939714e-01	   7.2430548883893364e-01	   5.3581895456949524e-01	   6.4946218327925143e-01	   6.1275540703212628e-01	   8.6474679010950228e-01	   8.6174872842215500e-01	   3.4041767708758136e-01	   4.6392782409052635e-01	  -1.7341668102182323e-01	  -3.5184241058421617e-01	   4.9635397238718781e-01	   4.3923368382150618e-01	  -1.8068158364599060e-01	   7.0501876508543310e-02	   8.9738591053952477e-01	   7.2494011988905727e-01	   6.9262311396312870e-01	   8.3318976043675874e-01	   9.2213881064172343e-01	   8.8245650525715513e-01	   7.1061427204580263e-01	   7.8884590526729481e-01	   8.8074129853929950e-01	   7.6803773204572579e-01	   8.3705101645192914e-01	   7.3724123377660922e-01	   8.8544932549803756e-01	   8.8189845176883908e-01	   8.2534228448462210e-01	   7.4613975716242209e-01	   1.1712646181179218e+00	   8.5930159477816470e-01	   1.0634679274509526e+00	   9.8269516062801743e-01	   5.4980282937732394e-01	   5.6863937816918153e-01	   3.4768069078966363e-01	   6.7768830250770240e-01	   8.8121215815069898e-01	   8.9552829120003019e-01	   7.9508506326397410e-01	   9.7964936254135793e-01	  -1.9272177777441460e-01	   2.8253742018911177e-01	   4.0052733039258426e-01	   5.4292520300356495e-01	   1.6816422875867143e-01	   3.1037040377891750e-01	   9.2927612131684559e-02	   3.5751896649341786e-01	   3.7062090751891652e-01	   1.5639113821745966e-02	   5.8423856829867726e-01	   5.5415934185425320e-01	   3.0890241059110141e-01	   4.5223665843993316e-01	   9.2845381914208758e-01	   7.9888360723930096e-01	   4.0564604587092740e-01	   4.3096430542129255e-01	   8.1741713646819425e-01	   7.3253825709109821e-01	   7.8071385695962403e-01	   1.0478287006947067e+00	   1.0943448561937026e+00	   9.1159720740300820e-01	   1.7216067768254328e-01	   3.0042965547345785e-01	   7.5007730924218796e-01	   6.5282812607931040e-01	   9.5310125155993441e-01	   1.0577928328756476e+00	   2.8546676124698644e-01	   4.3485581171052257e-01	   3.2196550635981547e-01	   2.8262608137583944e-01	   2.5334760960341607e-01	   1.1865703852386125e-01	   2.0816433157011899e-01	   2.0976424898250154e-01	  -7.2109264621803490e-02	   1.4444057843280869e-01	   7.5269914625504064e-01	   8.8684235287108493e-01	   8.3208144412127583e-01	   7.5829318017881264e-01	   5.9781274020406028e-01	  -1.8829660300446780e-02	
   1.0030091265087806e+00	   1.1051520377125164e+00	   1.1504574750661876e+00	   1.7667259310694177e+00	   9.7260625857075778e-01	   7.5510162187405661e-01	   1.2361310651212067e+00	   0.0000000000000000e+00	   4.5150727603220786e-01	   5.4623687934385390e-01	   8.8301032718984285e-01	   9.1607046784804014e-01	   5.9473274668210496e-01	   8.4017307180412559e-01	   5.1842467448865781e-01	   6.5435036516737299e-01	   9.2797499804513395e-01	   6.9775216667073725e-01	   9.7966409525961506e-01	   1.0801884011625271e+00	   2.1893979881655312e-02	   8.2818117586504730e-02	   8.5777235426386322e-01	   9.3145451556996339e-01	   2.9736096351603725e-01	   3.3634283138088744e-01	   4.7269942206718751e-01	   4.5985006828136549e-01	   9.9113832540902869e-01	   8.7406115684820440e-01	   8.6485282309307454e-01	   9.7319157671014023e-01	   1.1707524515225416e+00	   1.1945866286915015e+00	   3.1109313816892609e-01	   5.4124096138206579e-01	  -1.9232900180680718e-01	  -3.1276155456827848e-01	   4.3638894365692771e-01	   4.0107810660509036e-01	  -9.8599498293271387e-02	   6.0805565548183664e-02	   9.8373431272664102e-01	   7.0446588060388471e-01	   6.9359219765897284e-01	   8.7724956576820712e-01	   9.9683772483552568e-01	   9.1798723988723041e-01	   7.4217662123396622e-01	   8.2163414099151544e-01	   8.6867657275069332e-01	   7.1967408153343615e-01	   8.9266985606324489e-01	   8.2399876502478842e-01	   8.0511034066100429e-01	   8.7359410056635722e-01	   9.7949809977509217e-01	   9.6520470164623995e-01	   1.0252159803036831e+00	   9.8804229713955138e-01	   9.4402513829463419e-01	   1.3873987450432728e+00	   7.2244490484797586e-01	   7.8043769142540564e-01	   1.9292340055373711e-01	   7.7966370613623259e-01	   8.7072505925893462e-01	   9.4256133308430257e-01	   8.8632937534591794e-01	   1.1485671924118797e+00	  -1.4221033594547197e-01	   2.4832231450342135e-01	   5.0333678903724877e-01	   8.4303164851125389e-01	   2.4274917608999452e-01	   4.9136201769099391e-01	   1.5345283833018561e-01	   4.4751205587080650e-01	   5.5462521515721996e-01	  -1.5774683242410189e-03	   8.4414431208944096e-01	   7.9376735483604288e-01	   3.9337658094051681e-01	   5.7149873301524257e-01	   8.6730482974632084e-01	   8.8405833648199739e-01	   2.8681950434280823e-01	   3.0230720170026770e-01	   5.6484036888862210e-01	   6.7896699384916170e-01	   9.0721602762743403e-01	   7.8099093749218196e-01	   1.0835213538717199e+00	   5.1102428991192750e-01	   6.4205533260762712e-02	   2.3017050881098605e-01	   6.9060841726084277e-01	   6.3061914026759092e-01	   1.1261741466237145e+00	   1.0766538764452009e+00	   3.6469530796676258e-01	   3.8250240216368675e-01	   3.8752950542177050e-01	   3.3148337829858937e-01	   1.6049449082471581e-01	  -8.2324249269415672e-03	   9.6678608297089588e-02	   1.0758440040560205e-01	  -1.8746499543208800e-01	   8.6491484521792811e-02	   8.7454094129458748e-01	   9.8582420525220649e-01	   8.5194485294971090e-01	   8.4425739685085865e-01	   6.4885284776377539e-01	   1.8779037277271610e-01	
   6.8556059933129376e-01	   5.9839463547930838e-01	   5.7699825632911672e-01	   5.1242478985047124e-01	   8.9468756273881267e-01	   8.7064987458443621e-01	   5.9942932665813475e-01	   4.5150727603220786e-01	   0.0000000000000000e+00	   1.0114765678877333e+00	   4.0327362245738274e-01	   2.8531466371397152e-01	   4.0081871928353346e-01	   2.9215224509579918e-01	   9.7755737417319932e-01	   9.0559984044328734e-01	   3.5931339049974803e-01	   2.3037872130009607e-01	   7.1866778510969143e-01	   6.7462124536830415e-01	   5.6200620609976870e-01	   4.2855000893384476e-01	   5.7757593045282474e-01	   4.8465532334231876e-01	   7.0222107294681269e-01	   7.6760349223132596e-01	   5.1929708334305547e-01	   5.3041252260040417e-01	   3.7720614356438292e-01	   3.3979154686789681e-01	   5.2010815426836388e-01	   3.7368814898409569e-01	   4.1594579430108325e-01	   4.7180934683093390e-01	   3.7690052831959070e-01	   2.3421810401233756e-01	  -1.5197525122810407e-01	  -1.3314419880702411e-01	   4.7580376468645175e-01	   4.2575314606615822e-01	  -2.0047788367307703e-01	   1.8925181912742889e-01	   4.8980299654358389e-01	   4.4341823394998903e-01	   1.6695134349253046e-01	   3.0886535615518762e-01	   5.0988991557801411e-01	   4.9734228082095500e-01	   2.0947664244183259e-01	   3.4843012448969501e-01	   4.3504923904721604e-01	   4.7714531588130465e-01	   6.4536551251514374e-01	   7.6153085247906716e-01	   5.8124992676744225e-01	   6.1380667355736884e-01	   6.2334779495446357e-01	   6.5921728390643097e-01	   6.0493717037775707e-01	   5.8240346626667427e-01	   3.8086364691692409e-01	   3.0551536491284820e-01	   3.6456309549102450e-01	   2.8777940281095804e-01	   3.8388169341889206e-01	   2.4439427630260796e-01	   3.8116891953733278e-01	   4.1265726017309556e-01	   6.6519292722528867e-01	   5.7505751247376380e-01	   4.6223946957132561e-01	   7.3398661613979721e-01	   5.8077422207847351e-01	   3.8024888121912015e-01	   2.8530520525941044e-01	   2.1955793789823852e-01	   2.8493551712527837e-01	   4.2855697948038135e-01	   2.2592138915080148e-01	   8.8680244333211825e-02	   4.7114429859175078e-01	   4.2255162272488112e-01	   2.9078850063120248e-01	   4.9537876690772631e-01	   5.8807969748777822e-01	   5.9073518957696258e-01	   1.9001376280040094e-01	   2.0280157977164676e-01	   5.6313379272538955e-01	   5.9017117495539506e-01	   4.6436225967061889e-01	   5.7386781218612581e-01	   5.5687079580113708e-01	   6.0588560437897898e-01	   2.6417065232647430e-01	   1.5545742881004299e-01	   5.2556187289627809e-01	   5.9824200181967824e-01	   4.8071333334949118e-01	   5.2489728265666102e-01	  -9.0453721906228694e-03	   8.9221610753623032e-02	  -2.5073189802636130e-02	  -4.7369654705562300e-02	  -4.6440199085623399e-02	  -1.8026429278472525e-01	  -6.2817740503388064e-02	  -1.3803232343992838e-01	  -1.9447389109313684e-01	   2.3622288693159713e-01	   4.0533933260980576e-01	   4.4764601245318025e-01	   5.3303574244608609e-01	   5.4698405808806916e-01	   4.4482149731484905e-01	  -5.8714281335319876e-02	
   6.4765244285732559e-01	   5.8125737257684074e-01	   5.9951392175579143e-01	   6.0016904635770940e-01	   8.1266810179304605e-01	   1.1291167355900369e+00	   5.7745075223507381e-01	   5.4623687934385390e-01	   1.0114765678877333e+00	   0.0000000000000000e+00	   2.7741145182935201e-01	   3.1863992949197839e-01	   2.6845882544753685e-01	   3.0817858991948899e-01	   6.4030309474661018e-01	   1.0043711478740114e+00	   4.1558127729459349e-01	   2.2729606890861120e-01	   7.1487112378137241e-01	   6.3195523418040578e-01	   3.4790000249740688e-01	   2.9161982425475802e-01	   3.5671284148326704e-01	   3.5287213981361393e-01	   3.4117030220336086e-01	   5.1198991127677429e-01	   3.2481904600560113e-01	   3.2467838614714273e-01	   4.6555435325000200e-01	   4.3137118374955541e-01	   4.7026218220190913e-01	   3.9684821387351799e-01	   4.7795895851453685e-01	   4.9178163465563873e-01	   2.1096745184294013e-01	   1.3720797471809484e-01	  -1.2182304582349730e-01	  -8.7884452177513311e-02	   3.4621830407291415e-01	   4.1135178234825620e-01	  -1.3930680974178727e-01	   2.0848546777053145e-01	   5.3839039059432248e-01	   4.6461997688144840e-01	   1.8754907070580992e-01	   3.3823850609495348e-01	   5.6106165477581693e-01	   5.1724109352843683e-01	   3.1067697745299178e-01	   3.5534999004816126e-01	   4.4695381408057633e-01	   5.0940596857322828e-01	   7.3310103243638358e-01	   7.6849209294470511e-01	   6.3193605085617321e-01	   6.3935842455358938e-01	   6.2257465925940225e-01	   5.6136804690527353e-01	   6.4073427421867202e-01	   6.9569656576484118e-01	   4.0987682278867010e-01	   3.8558750612564469e-01	   3.5298240360332228e-01	   2.7001161604707408e-01	   2.3796405081001698e-02	   2.0046919509024522e-01	   4.5460027043168094e-01	   5.0524668855633714e-01	   6.1749745544499446e-01	   5.6852768550915433e-01	   4.0391090355025727e-01	   5.9808320848033580e-01	   5.1605915756224219e-01	   3.6868883581019962e-01	   2.1340138286852697e-01	   1.3789431348734577e-01	   3.0543192295445798e-01	   3.9554526292179848e-01	   2.7059805660150604e-01	   8.8505524953468487e-02	   4.1006665232800066e-01	   3.8033285555620833e-01	   1.6195333589004726e-01	   4.9038113458091953e-01	   4.3139281229771065e-01	   5.7689920911867731e-01	   1.1295590358954878e-01	   1.0940067907977516e-01	   4.8805724392021183e-01	   5.1800312991260811e-01	   5.3300176276541689e-01	   4.4629974547954598e-01	   5.6549133946308006e-01	   3.2261674658461559e-01	   1.9550438993192715e-01	   1.9792053625301112e-01	   4.7202351177234764e-01	   5.7488440245728900e-01	   5.6833228710758921e-01	   5.2332767403555347e-01	   8.2039298594629426e-02	  -1.0487651994002228e-03	   1.8388736724060772e-02	  -1.0651163548735712e-01	  -1.4987594156498796e-01	  -2.2241591141225772e-01	  -5.1549779392010789e-02	  -1.4493265266879385e-01	  -1.8769980478724774e-01	   1.7022901417267172e-01	   3.1835110116206555e-01	   4.7888592493418741e-01	   5.1600910098729713e-01	   4.2701011287153839e-01	   2.6762254930677154e-01	   1.3222344053726146e-01	
   1.1352008979988681e+00	   1.0389053619236976e+00	   7.9364512195116321e-01	   8.8819992909768231e-01	   7.0773376135799082e-01	   4.5412231920976892e-01	   8.3807043529225755e-01	   8.8301032718984285e-01	   4.0327362245738274e-01	   2.7741145182935201e-01	   0.0000000000000000e+00	   1.0108098334700304e+00	   1.1692957624875591e+00	   1.0636922121799199e+00	   6.6076174155529199e-01	   5.6746979398610042e-01	   9.3909028468627775e-01	   7.1131890038799905e-01	   9.8482883754333561e-01	   1.0238365227499164e+00	   2.3138584687334546e-01	   2.5439719803497141e-01	   1.0766722275346066e+00	   9.5150658096260810e-01	   6.2582714914995963e-01	   5.4676038520839443e-01	   4.9694139884502475e-01	   4.8562022216448775e-01	   1.0409415019119614e+00	   7.7342980511415327e-01	   9.5922312177795799e-01	   9.1412651427811742e-01	   1.0031220882564600e+00	   1.0549050919853433e+00	   3.8440370740156588e-01	   5.9976254037093468e-01	  -5.6859803830139706e-03	  -1.2904843395105095e-03	   5.0541824640128419e-01	   5.7542588691698127e-01	   1.1298309249639596e-01	   3.3572907296757021e-01	   7.9274971309819775e-01	   6.7817600673874801e-01	   6.9854526536543282e-01	   7.5784938036501182e-01	   8.8547315375054170e-01	   8.4317319639289579e-01	   6.1006718449691466e-01	   7.3422974170400290e-01	   8.2701609489736116e-01	   6.6213331443847601e-01	   8.0135403753400392e-01	   7.5591271198908216e-01	   7.4614753843015225e-01	   8.3750366442576918e-01	   1.0302657717872610e+00	   9.8262616762575339e-01	   7.8423438422593339e-01	   6.1339228835285409e-01	   8.1319370183351281e-01	   7.2094385017338791e-01	   8.8280146693574180e-01	   9.0461547182498880e-01	   3.1383452110246207e-01	   5.8563755815475405e-01	   5.5994665946421174e-01	   6.3087094025135559e-01	   8.7978796802237436e-01	   1.1494564426287517e+00	  -1.2231856066764489e-01	   3.4249158052986056e-01	   6.8683316703408526e-01	   9.9763953340153655e-01	   6.1486211100283406e-01	   8.2722218386513413e-01	   3.6903816790338978e-01	   6.8167141487073213e-01	   6.3124176307397650e-01	   1.8728129559211784e-01	   8.9125438849254901e-01	   9.0870415883370947e-01	   8.9373282258117492e-01	   7.2485396068562180e-01	   1.0761176329329614e+00	   9.5268897884882686e-01	   2.9424888129275800e-01	   3.4303371173305885e-01	   4.6202436024577115e-01	   6.0527688280634784e-01	   5.8066210594854395e-01	   7.6737163772658912e-01	   5.6670644256405911e-01	   5.4919138090513930e-01	   1.4694610022923094e-01	   3.7683176185204470e-01	   6.8779902800259263e-01	   6.2371961108060692e-01	   9.5849263719313804e-01	   9.8588836493032228e-01	   1.0765891765791337e-01	   4.0092395639492023e-01	   2.3617712616931086e-01	   3.8576579714091513e-01	   1.5531015074425986e-01	  -3.3650705552876782e-02	  -7.2954869733911645e-02	   1.7109747187712729e-02	   3.5947113057231299e-02	   2.3047942879586020e-01	   9.1465358599239721e-01	   8.8686572626108007e-01	   8.3967437435451231e-01	   1.0609556506112618e+00	   8.9353279994756762e-01	   4.1383691101061756e-02	
   8.2875333952609331e-01	   1.0794934377249286e+00	   5.3703546654027723e-01	   8.8724533519703397e-01	   6.9501792791932770e-01	   4.8250210085496248e-01	   5.5269441966036725e-01	   9.1607046784804014e-01	   2.8531466371397152e-01	   3.1863992949197839e-01	   1.0108098334700304e+00	   0.0000000000000000e+00	   6.8167077957249744e-01	   1.5575747067388561e+00	   4.0873031680647309e-01	   5.5796994454278148e-01	   1.3166438839492398e+00	   8.6808218616843469e-01	   9.7951777380124250e-01	   1.1172265388191023e+00	   2.7527838538650368e-01	   3.3168763529415324e-01	   6.9330661435862717e-01	   9.1712564312948752e-01	   4.8887697097431992e-01	   6.5336849965156718e-01	   2.7434570411270492e-01	   2.4791726408009962e-01	   1.3282467804520921e+00	   1.1788891228999254e+00	   9.0789297619147713e-01	   1.0191868550836476e+00	   1.0301085859150731e+00	   1.0224017904057743e+00	   3.0349158032460388e-01	   5.5497809591644032e-01	   7.2023796467038423e-02	   1.5063039598560529e-01	   4.9688911689314352e-01	   5.2377483663084079e-01	   2.3066526328890513e-01	   4.3393171510422796e-01	   9.0288538620004100e-01	   7.2791215074325188e-01	   7.0179656601689888e-01	   7.6821623804143058e-01	   9.9735559108697980e-01	   8.8846390078908510e-01	   6.6971808967636426e-01	   7.1018759835917711e-01	   8.7894107647189834e-01	   7.3717623667271703e-01	   9.4406387448964246e-01	   8.0744259045338806e-01	   8.1726738045054825e-01	   8.5710186614533379e-01	   1.0077349225818275e+00	   8.7494043620296136e-01	   7.3853806729702864e-01	   6.2992748043995683e-01	   6.3928454453865069e-01	   7.0886583430269323e-01	   7.8299096802229373e-01	   9.0745189077457566e-01	   1.4177708630665331e-01	   6.3425731742053626e-01	   5.6170873522837295e-01	   6.5196153152940461e-01	   9.4444604036519897e-01	   9.8604605250488231e-01	   1.0282419410955619e-01	   3.8205349754112561e-01	   8.7404596571457083e-01	   1.0922619665828710e+00	   5.9772220975871215e-01	   7.8656899745423869e-01	   5.9686161572153951e-01	   8.9545777133978754e-01	   8.9877701244039143e-01	   2.3874298610880268e-01	   9.7163486887524919e-01	   1.1075036426457125e+00	   7.4555600264508215e-01	   7.2728294152423301e-01	   9.0072276905886595e-01	   1.0928233687204396e+00	   1.2978986811570575e-01	   2.0478092444480145e-01	   3.5111503489820467e-01	   5.5772374384558077e-01	   7.6348496236514640e-01	   6.3984067353243312e-01	   6.4054223678040034e-01	   2.6960223371587988e-01	   1.5523355806692790e-01	   2.5623414415989776e-01	   7.4959170168582989e-01	   6.5962687085735749e-01	   1.1782323418753085e+00	   1.0008336620991209e+00	   2.0086214936313931e-01	   2.6740048478838907e-01	   2.3213257541836430e-01	   3.0321860705183362e-01	   7.3178121167499222e-02	  -4.4365647785267942e-02	  -7.3076763624203817e-02	  -9.6111525447552679e-02	  -7.7121295229876291e-02	   1.7170293630345881e-01	   1.0288229676821881e+00	   1.0125812795735374e+00	   8.6293773128988849e-01	   1.0190775352564736e+00	   8.3887005510543333e-01	   1.8150903275593688e-01	
   9.1635149157593965e-01	   7.8387526366578664e-01	   5.5440015534192788e-01	   5.4162933886331299e-01	   4.7962194156302684e-01	   3.7668001890066011e-01	   6.1123355504818122e-01	   5.9473274668210496e-01	   4.0081871928353346e-01	   2.6845882544753685e-01	   1.1692957624875591e+00	   6.8167077957249744e-01	   0.0000000000000000e+00	   8.3180165317562305e-01	   6.0950595731452373e-01	   4.5258118760754551e-01	   6.3544775725085545e-01	   3.9609601433633590e-01	   6.8902857640700199e-01	   7.1931170749540008e-01	   2.9194385856749538e-01	   2.6066791699499103e-01	   6.9988620797751055e-01	   5.6737647222936061e-01	   5.2248801966030944e-01	   4.5156536730267105e-01	   3.2763776878181533e-01	   3.3277833628371417e-01	   7.0893551550560574e-01	   4.9310548489832978e-01	   6.1424267487613815e-01	   5.9186847057481906e-01	   6.6417735379048526e-01	   6.6529950675434757e-01	   2.0879837519078118e-01	   3.7245898289953572e-01	   1.2037165731739472e-02	   2.6165405049226289e-02	   4.4573462061211588e-01	   4.4973135331395253e-01	   9.5885878558594304e-02	   2.3336417213526187e-01	   5.7083994013326145e-01	   4.5702107762886579e-01	   4.6898742854891146e-01	   4.6916286038732680e-01	   5.8273250728809423e-01	   5.9680797675499597e-01	   4.7581415665282784e-01	   5.8508704446232174e-01	   5.6206449149295423e-01	   4.7637210164168964e-01	   6.4047931229848309e-01	   5.8457619458591004e-01	   6.4241714095226909e-01	   6.7928528500119045e-01	   8.0766342816029690e-01	   8.2451559244180339e-01	   5.9148085316800081e-01	   5.4376560114496253e-01	   6.3495451177741424e-01	   4.7602545495757886e-01	   7.1175369273030964e-01	   6.7486240126442776e-01	   1.3556070582017996e-01	   2.2807001252694689e-01	   3.8693129196731418e-01	   4.3671874580319425e-01	   7.5913390899492206e-01	   8.3907239270459311e-01	  -1.4936580334786067e-02	   2.9291432196059719e-01	   5.3239537947541360e-01	   5.8060207717516787e-01	   4.3239179897194063e-01	   5.1782647549304706e-01	   3.6066907321474423e-01	   5.4515306125334140e-01	   3.5096313038233501e-01	  -2.2034242533257094e-02	   5.9954867227986974e-01	   5.4398873131718239e-01	   5.7228305861947359e-01	   5.5584265330772720e-01	   6.3869297102706835e-01	   6.0463732451518493e-01	   2.1874864921910014e-01	   2.9756776271436791e-01	   4.5221775930559910e-01	   5.2147259593003115e-01	   4.4495315624426490e-01	   5.9722170510841976e-01	   4.7165279194052490e-01	   5.7366291406483749e-01	  -2.0916068765016980e-02	   1.2350375811237682e-01	   4.8235846022833728e-01	   4.6489688887881242e-01	   6.6987532548761575e-01	   7.4674953987479920e-01	   2.7928471106895075e-01	   5.9410294141714215e-01	   4.5452741756342874e-01	   6.2621241982351961e-01	   2.9134474212420169e-01	   2.8333115890669610e-02	   1.2016481904515958e-01	   1.7642005804697458e-01	  -1.0407573506646018e-02	   1.1360618292802706e-01	   6.6352355086668602e-01	   5.7860911209310117e-01	   6.5572414739183749e-01	   7.8820035630851804e-01	   6.0834333972518373e-01	  -3.4930780379895394e-02	
