   0.0000000000000000e+00	   7.0706840968301343e-01	   1.9413011341191763e-01	   4.7986458933285636e-01	   3.9082317028790536e-01	   2.3488460668292721e-01	   2.8925477063345251e-01	   4.6809510694366552e-01	   4.3615218172801001e-01	   4.5652117087754918e-01	   6.7620682161169388e-01	   6.2408848956697993e-01	   3.4007689800073698e-01	   5.3377807057666704e-01	   5.1803322188226386e-01	   4.6716851397046155e-01	   6.5160567434128702e-01	   6.9027705298552866e-01	   6.1879890917007874e-01	   7.4784210235887005e-01	   2.3592634926365177e-01	   1.5283358286789189e-01	   2.5145314505260813e-01	   2.6680065221920779e-01	  -1.8370050439929983e-01	  -2.0319078166385576e-01	   1.2174704977379028e-01	   2.0542822888063839e-01	   6.6955640181949239e-01	   5.9291365853708333e-01	   1.3983180570557147e-01	   1.3658269180656279e-01	   4.6001930514492867e-01	   3.9897184312427902e-01	  -1.2502995000754613e-01	  -1.1445206408885644e-01	   2.7588752891025414e-01	   2.3957714444146999e-01	   2.2766757981849839e-01	   3.8645928190903434e-01	   4.4030005285367896e-01	   3.6233799850339699e-01	   4.3496566881373588e-01	   4.8622651705131170e-01	   3.7675180047591394e-01	   5.7879563789528532e-01	   5.8010559184703581e-01	   5.8980785409575820e-01	   6.3109971030794698e-01	   6.2798758493022300e-01	   5.8984933739508483e-01	   5.5609124145162681e-01	   5.7211485241672277e-01	   2.6130993977183753e-01	   6.5185447066514945e-01	   6.6285745161943088e-01	   8.6900439238096649e-01	   6.8400376112494254e-01	   5.8030600111590491e-01	   6.0695151023158211e-01	   4.2401395611567128e-01	   1.6937011884951828e-01	   5.6952087788055228e-01	   6.2020311289313357e-01	  -6.5595548946872917e-02	  -1.4543178420417968e-01	   4.4536733155873948e-03	   4.6402396236150299e-02	   5.0774905258735825e-01	   4.2060152154723363e-01	   4.2408921809377298e-01	   3.6758145132666276e-01	   5.8530177274014961e-01	   5.1135222250770551e-01	   4.9391025842535541e-01	   3.3352987696349995e-01	   4.6772538653980789e-01	   4.2257208784149963e-01	   5.0894613616191109e-01	   2.9346398503761378e-01	   4.2206681212992825e-01	   2.7907426950259379e-01	   6.0501362867432995e-01	   6.4770857246028557e-01	   2.0022154305197623e-01	   3.7682167978836834e-01	   4.3820026271465129e-01	   4.5743707691387758e-01	   4.2248181024952886e-01	   5.4140154839725507e-01	   4.7253490926915792e-01	   1.3233272497655463e-01	   2.5110708001430304e-01	   1.6706512380314523e-01	  -1.8718540390772542e-01	   2.7172746831769978e-01	   2.1631923453352006e-01	   6.0042728916501409e-01	   7.3548890746163531e-01	   7.1629076862058960e-01	   5.5394606894654042e-01	   2.1553371013541889e-01	   7.1243596857926750e-01	   5.7246761560244197e-01	  -8.9229366701151197e-02	   1.0344355944081818e-01	   4.2406105562160851e-01	   3.0045167034773668e-01	   1.1557277036488200e-01	   5.7757684713774946e-02	   4.0633171222548281e-01	   6.1663314509939027e-01	   6.0023900457812496e-01	   5.4843584291069569e-01	   3.4956705592748960e-01	  -1.6572708605505615e-01	
   7.0706840968301343e-01	   0.0000000000000000e+00	   3.6778705516816740e-01	   3.9710572785586784e-01	   4.4993412138157196e-01	   1.9698298159639466e-01	   3.4578142828015196e-01	   3.3626007913330863e-01	   4.5703496895346929e-01	   4.4158564160622010e-01	   4.9737772256974444e-01	   5.9130925603196149e-01	   3.4059815433879359e-01	   4.2214949471383212e-01	   6.2083733815114350e-01	   5.4213580818325890e-01	   5.4195648252307760e-01	   7.0907181460656976e-01	   5.6904093609471784e-01	   6.7163646626667961e-01	   3.4846514406425227e-01	   2.4795026254450142e-01	   4.3741355732239501e-01	   3.6751076616239886e-01	   1.8121673009976177e-01	   9.2273869239887049e-02	   4.3682187930285843e-01	   3.2477623683506085e-01	   5.4626275661380952e-01	   5.0722976399841668e-01	   3.1102060819416166e-01	   1.8595010218134339e-01	   4.4484112136245391e-01	   3.5074503846963079e-01	   8.8458613327041538e-02	  -1.4554810836866812e-02	   4.1221159342339497e-01	   4.7055289336191025e-01	   4.4752342458802530e-01	   4.0833474782439727e-01	   4.2493792960742133e-01	   3.0984141551109456e-01	   3.3681325334501677e-01	   3.7166307722386527e-01	   2.6087468817474052e-01	   4.3760646203641601e-01	   5.0045375135661740e-01	   4.8869716739997582e-01	   4.9560797218652586e-01	   5.9821381961414555e-01	   6.5669835649657782e-01	   5.8389337344635317e-01	   6.4182951845991609e-01	   4.9436762582428284e-01	   5.9831349854517346e-01	   6.8115418674841743e-01	   7.6285684970711998e-01	   5.4248134101404832e-01	   1.7106981538175614e-01	   3.7055935885274438e-01	   1.8815318775718221e-01	   1.4407894402858720e-01	   2.9451485546106537e-01	   4.6261241333597858e-01	   1.2089961619050069e-01	  -1.1336763005461345e-01	   6.2039606420622416e-02	  -2.9537685942276883e-02	   3.8063289032111841e-01	   3.5884373191458796e-01	   4.9184622134624634e-01	   4.3299490873467389e-01	   4.8807413366668639e-01	   4.7939584859342516e-01	   5.3755455118480355e-01	   3.5385144918805744e-01	   4.3099712908381371e-01	   4.9715261262038141e-01	   4.1100282018800721e-01	   3.2766341465681259e-01	   4.1662191307071927e-01	   3.9716842501478922e-01	   6.2251484132180346e-01	   5.9217914034610031e-01	   3.4958940662548343e-01	   4.6586460413405828e-01	   5.4801816716179663e-01	   5.0556774396875892e-01	   3.6967773026737555e-01	   5.7315759281999179e-01	   5.3695261807254702e-01	   2.2904226420824692e-01	   2.8657103864986855e-01	   2.5867081706523065e-01	  -5.6681607282900566e-02	   3.0800514959581071e-01	   2.6720797320154072e-01	   5.2662871642084730e-01	   5.9735282366600850e-01	   6.2974140903737508e-01	   3.2734537457865232e-01	   6.1113112398111763e-02	   4.4410079888288467e-01	   2.6789525894549532e-01	   2.4032126953815791e-02	   1.2093702829074726e-01	   2.8373964543193553e-01	  -3.8541234213180460e-02	   2.0523841919024161e-01	   2.8486264278590029e-01	   5.0822938715896981e-01	   6.9334137861357092e-01	   5.2907067087957316e-01	   6.0616241970722429e-01	   4.9947514255671882e-01	  -1.3783351383388720e-01	
   1.9413011341191763e-01	   3.6778705516816740e-01	   0.0000000000000000e+00	   5.3480709925557024e-01	   7.6602128640301970e-01	   1.5696552003687977e-01	   8.2974928935686587e-01	   2.5273425636666108e-01	   5.0755908902623770e-01	   7.1220297506599953e-03	   7.9570740657608885e-02	  -2.7836464953508605e-01	   2.6357742799906420e-01	  -2.3751339169706365e-01	   5.7558260282167295e-01	   1.7006470515711569e-01	  -1.5620558986161834e-01	   1.6072596369387762e-01	   7.2612860343377239e-01	   3.5582273559192007e-01	   5.7361236137172444e-01	   2.7714275418345630e-01	   8.5019502876627118e-01	   5.5909168358993122e-01	   6.0762184015776888e-01	   5.2514942943475096e-01	   6.9065408430145525e-01	   1.9548083769604391e-01	  -1.0199007816125133e-01	  -1.3836732352397310e-01	   7.5732881950442632e-01	   5.3951464495234513e-01	   6.0155012993954649e-01	   3.1948763828205440e-01	   6.2953621475183996e-01	   3.7282306276756949e-01	   2.4893928477718946e-01	   3.5841780248307675e-01	   5.4033561989319923e-01	   3.9093712275326009e-01	   2.1981226097205048e-01	   2.1787007013131421e-01	   4.3630034127918349e-01	   3.2342159514070390e-01	   3.2128150366712216e-01	   1.6317338921480062e-01	   3.0417323693121356e-01	   2.9617203879558412e-01	   2.0511414703612538e-01	   1.2553216046282328e-01	   2.1173078014228697e-01	   9.6597070232439103e-02	   1.7431134938663981e-01	   2.6890859455757976e-01	   3.5753395551505984e-01	   4.1945549846143693e-01	   1.0350649381772446e-01	   1.1735422105419998e-02	  -1.2389135904929240e-01	  -6.6921288803761442e-02	   3.7104448076534832e-02	   1.0360744894362299e-01	  -5.6524241345440067e-03	  -1.1459328202994504e-01	   6.3292593129911767e-01	   1.6932507576296002e-01	   6.7790569150083702e-01	   3.7933384536173365e-01	   5.2174947430152696e-01	   4.5215755112685030e-01	   2.7781842197474427e-01	   3.9976396014151588e-01	   1.1990047947954791e-01	   4.5431580319696352e-02	   3.4311478463412204e-01	   2.2464920979692787e-01	   2.4465847487995665e-01	   3.0827032606028848e-01	  -1.7527905375477065e-01	   5.6832415491845069e-02	  -1.7171282523087143e-02	   1.8595042494518277e-01	   6.5857947128799155e-01	   1.9523158332383733e-01	   7.5018889053380033e-01	   3.4807917781060038e-01	   6.9825827212049618e-01	   4.8991688316948845e-01	   5.3968431007161088e-01	   5.3455801837217731e-01	   5.9705733665108052e-01	   7.8482956886405253e-01	   3.9606010854195217e-01	   8.1698544262703132e-01	  -2.5542751706654453e-02	   4.8706225370127323e-02	   2.2762825801039713e-01	   1.5391005271899330e-01	   3.6900787616683173e-01	   4.7196169402187571e-01	   2.4453141780199539e-01	   6.2808592421480280e-01	   3.2101443969471605e-01	   4.9399826122749602e-01	   2.5958441511160274e-01	   3.4854177894597738e-01	   1.6537285219479597e-01	   4.6262987106944875e-01	  -8.8572257702657836e-02	  -1.5800871254327120e-01	   3.6448613242961592e-01	   2.2072119459742079e-01	   1.4402035145606967e-01	   2.9951122498863791e-01	   4.9522657472602127e-01	   7.5599541679992430e-02	
   4.7986458933285636e-01	   3.9710572785586784e-01	   5.3480709925557024e-01	   0.0000000000000000e+00	   6.4527557476443609e-01	   5.7491736152582673e-01	   5.1437107056033682e-01	   7.8047554355967141e-01	   6.0269278242128022e-01	   5.0011770485060114e-01	   3.6537621257474628e-01	   3.2981056839166689e-01	   3.3262694520003677e-01	   3.8232883493140191e-01	   6.5618791349021732e-01	   5.6846489280480905e-01	   1.1387177912950520e-01	   3.1546645375770205e-01	   6.6842213143989337e-01	   5.0792474487203765e-01	   3.3937199615805203e-01	   2.2701399064004374e-01	   6.6839719452643021e-01	   8.2480710742073438e-01	   2.4263075920817584e-01	   3.3937212664563765e-01	   4.8179804315860342e-01	   4.4203196900054981e-01	   2.0000746665436253e-01	   2.4825796889219859e-01	   5.6522733036486694e-01	   5.5544779645276388e-01	   5.5475885011928472e-01	   5.6486564130093120e-01	   4.2915578426996875e-01	   4.2742401303446204e-01	   2.2122499721501682e-01	   2.3328001636061813e-01	   3.3051330541876950e-01	   3.3147306021811201e-01	   3.0240038276250736e-01	   2.8112378654948778e-01	   2.6605358328919793e-01	   2.1710377398796024e-01	   2.2623741377570541e-01	   1.9676229454529637e-01	   2.6343073818726725e-01	   2.8479682519632721e-01	   2.0945442132821754e-01	   2.1513844592986345e-01	   3.1444663426461350e-01	   1.7646141292377288e-01	   3.0259068085300533e-01	   2.8497956270192448e-01	   3.2746883774790092e-01	   4.1259913573543727e-01	   4.0962935282933971e-01	   3.1070339551578513e-01	   6.4969664668324156e-02	   3.7679404788474380e-01	   2.8373715117992543e-01	   6.1309604212085933e-01	   1.8226437804357432e-01	   3.7071493392132748e-01	   4.4213496507252309e-01	   4.7898093660779817e-01	   3.3641070114471583e-01	   3.5864201045443100e-01	   5.0424284857044399e-01	   4.9006440769430715e-01	   3.8051907565507481e-01	   4.7345803253707253e-01	   2.2557693132927681e-01	   2.4360254447255414e-01	   3.3616387318617397e-01	   3.7362435266444910e-01	   2.6759845401858279e-01	   3.7277344435079873e-01	   1.8021558522759595e-01	   1.0774669916994409e-01	   2.1172413795954984e-01	   2.4737754596546196e-01	   6.6623205163362598e-01	   3.3670349159099167e-01	   5.8866473132070096e-01	   7.1278459918190373e-01	   6.0835016886895121e-01	   4.9176997977132891e-01	   6.4663603092628585e-01	   7.4207593752814893e-01	   6.8341584967041269e-01	   3.9869242456774689e-01	   7.6907301171511477e-01	   4.9108415949482559e-01	  -9.6237919047018089e-02	   1.7708156827093890e-01	   1.8400900736484910e-01	   2.9216230588554593e-01	   4.2056260866963580e-01	   4.4371784021332428e-01	   6.1981271227321344e-01	   3.7138637641812416e-01	   5.1863594962228365e-01	   4.1536228454767010e-01	   1.3397199813250507e-01	   1.5509205134180157e-01	   3.3115488684372507e-01	   3.5509606392220533e-01	  -1.7050157372037492e-01	  -8.6549845335246137e-02	   2.9552846304445279e-01	   4.2053639758870665e-01	   3.1508371692132098e-01	   3.2162839290958101e-01	   3.6556605459560154e-01	  -8.3008234120626800e-02	
   3.9082317028790536e-01	   4.4993412138157196e-01	   7.6602128640301970e-01	   6.4527557476443609e-01	   0.0000000000000000e+00	   4.4661317999828271e-01	   7.9218361480831523e-01	   5.0963451241085256e-01	   8.3845312530403071e-01	   3.9233409396830166e-01	   3.2756425749492080e-01	   6.7585266109306541e-02	   3.9575453678284894e-01	   1.2034850882476000e-01	   7.6844212057411454e-01	   4.7587380297508042e-01	   9.3891990487821153e-02	   2.6500116843266680e-01	   7.1102928725725989e-01	   4.6753279313109913e-01	   5.1382569065693107e-01	   2.7049866945401912e-01	   7.6762607136611538e-01	   6.1262428858192197e-01	   3.8023783855842863e-01	   3.4136970690301616e-01	   5.6701476820332553e-01	   2.6748869173795886e-01	   1.8526208911298012e-01	   9.9183352560392984e-02	   6.9146462332633041e-01	   5.3350800061314152e-01	   6.2371675917770963e-01	   5.3510338015235570e-01	   5.8804639099227385e-01	   4.2393069942825767e-01	   3.8803494160455249e-01	   4.0189351494632963e-01	   5.6374322021625434e-01	   4.0464651726064294e-01	   2.4603339877162447e-01	   1.9322337919397159e-01	   4.0619247164976191e-01	   3.5043577967271466e-01	   3.2598958509020820e-01	   2.6611181333393497e-01	   3.9826512224259170e-01	   3.7674496042233852e-01	   3.2271044729069992e-01	   2.4671499632995889e-01	   3.2491897344680287e-01	   1.1887539559752124e-01	   3.4900110078675545e-01	   2.3398740866944062e-01	   4.3915794801580593e-01	   4.4122051492711878e-01	   3.5545618333941253e-01	   2.0837495299586567e-01	   1.4892399551315008e-02	   1.6377201216029083e-01	   3.0630132881012684e-01	   4.1747170716379373e-01	   1.7014425495249494e-01	   1.1762316254841342e-01	   5.5931519350503256e-01	   2.4880632887701082e-01	   4.8453412414944985e-01	   3.2021908993749304e-01	   6.1477310254916040e-01	   5.8684106435582073e-01	   3.1872653932857614e-01	   4.6349886395241813e-01	   2.1303226117924451e-01	   8.8528284778850885e-02	   3.4672560264022473e-01	   1.6456625547922424e-01	   2.4582260996007865e-01	   2.8059099546473787e-01	   1.8326618922889844e-02	   7.8998279166544602e-02	   5.2472231373764812e-02	   1.7192704719937818e-01	   7.1261138060827867e-01	   3.0704784251978462e-01	   6.1623150443114472e-01	   4.5451222132640817e-01	   6.7074137159785641e-01	   3.7611590364605296e-01	   5.8796200806991883e-01	   6.1373724937574836e-01	   6.9126043873886811e-01	   6.5215675109630356e-01	   5.1975550950156801e-01	   6.9306537880832730e-01	  -5.7526330926027540e-02	  -1.0886741318612081e-02	   2.7332691864176256e-01	   2.7508664323312237e-01	   5.4207846906897561e-01	   5.2145576165999696e-01	   3.2404507844151831e-01	   4.5914731295669842e-01	   4.2014962674448442e-01	   4.2229306331200955e-01	   1.9672513921328930e-01	   2.2612884703396435e-01	   2.3678491124198631e-01	   3.5363685755273061e-01	  -2.5787578779999509e-01	  -1.1289492949866460e-01	   5.1012416945059325e-01	   4.5892821800687933e-01	   3.5616560023603472e-01	   3.3891070264832790e-01	   3.7668600720240225e-01	   3.9375180510210061e-03	
   2.3488460668292721e-01	   1.9698298159639466e-01	   1.5696552003687977e-01	   5.7491736152582673e-01	   4.4661317999828271e-01	   0.0000000000000000e+00	   2.1385482465130823e-01	   6.6373887860459058e-01	   5.9814635322098275e-01	   7.2268564007224745e-01	   2.8458932127272013e-01	   3.0948759510805246e-01	   4.0434197855307180e-01	   5.0265201805631055e-01	   4.5985580841747498e-01	   5.6916734495612242e-01	  -1.0744362191422078e-02	   1.3669491839484477e-01	   2.6523078722723831e-01	   1.6552702641421974e-01	   5.4348722665977428e-02	   1.0942311771680271e-01	   3.4180534512568567e-01	   5.6369516417171939e-01	   1.2958944828584601e-01	   2.6423878114227728e-01	   3.4948579449961381e-01	   5.6962124604027831e-01	   7.0350931734346672e-02	   9.8083842509275765e-02	   2.4511541837097925e-01	   2.9647995709715702e-01	   3.0942510965175296e-01	   4.1720269660181897e-01	   3.8770580099223673e-01	   4.1590128331681786e-01	   2.2089236903953990e-01	   2.0356720095352293e-01	   3.2135451510059870e-01	   2.2720545578611739e-01	   1.8366476383683386e-01	   1.2447327527434623e-01	   6.3101227990084593e-02	   1.3289521908638663e-01	   1.5261629054817750e-02	   9.2092039614040971e-02	   1.1119007006947823e-01	   2.1036968148116489e-01	   1.3368153235189090e-01	   1.3619155359959045e-01	   2.6859439517609229e-01	   6.6265342319988638e-02	   2.3038278291284287e-01	   1.6974051607170293e-01	   1.8465405365359272e-01	   1.5162724849180154e-01	   2.8017493603366977e-01	   3.6058231345765510e-02	   1.0271936414189602e-02	   2.5490591068469259e-01	   3.9314584608095959e-01	   6.8388147497331031e-01	  -7.4062873780952596e-02	   1.3732048543337783e-01	   3.4696324980237259e-01	   5.5553871235929631e-01	   7.9536652540112426e-02	   2.4426569716209012e-01	   3.9233040227296845e-01	   4.9944512401702207e-01	   2.3362809104668206e-02	   1.5516392575416693e-01	   5.3852786415930956e-02	   1.5702539878813336e-02	   7.3699563265750417e-02	   1.2248735500127444e-01	  -1.0643178942587705e-01	   3.5073193771159056e-02	   1.0847551916731557e-01	  -6.4994442520081575e-03	   2.3971777235134370e-02	   1.4336986735390245e-01	   4.1860224641550792e-01	   1.7358667947099499e-01	   2.8467265461115693e-01	   5.5399674876258154e-01	   1.8548382097922894e-01	   1.6095310038612620e-01	   3.3984086376958100e-01	   4.0083496500937377e-01	   4.8888574880236102e-01	   2.2079454557645573e-01	   7.1936877468291383e-01	   2.0400675322701334e-01	   2.1491010781607470e-01	   5.3282172227349087e-02	   2.8236377102361004e-01	   3.4943234909630033e-01	   2.7148166078208824e-01	   1.7266682918511750e-01	   4.1761607170310333e-01	   1.5550704758087608e-01	   2.6385899722344641e-01	   4.6216721438126024e-02	   5.4548851729163114e-02	   3.6017960457665830e-02	   2.6015136314668708e-01	  -3.3806987947276622e-02	  -1.2073549188379479e-01	   1.9398524707397904e-02	   2.8614345297420635e-01	   3.7324599676662729e-01	   3.8947562945134478e-01	   3.1023533270007492e-01	   2.0108007731518515e-01	  -1.0599160389644655e-01	
   2.8925477063345251e-01	   3.4578142828015196e-01	   8.2974928935686587e-01	   5.1437107056033682e-01	   7.9218361480831523e-01	   2.1385482465130823e-01	   0.0000000000000000e+00	   4.2785088227401613e-01	   6.5425818046187700e-01	   1.8724287335092404e-01	   3.0044919259899855e-01	  -1.7826154516579309e-01	   5.7537620554453461e-01	  -7.0028894410909398e-02	   5.5493910466062446e-01	   2.0536255236563636e-01	  -7.3230375794461275e-03	   1.5300428224090856e-01	   6.8515123013067369e-01	   3.6836558485632698e-01	   4.6328915219618261e-01	   2.4917395575105455e-01	   6.2760246295829392e-01	   3.9196077407604402e-01	   2.6998332844899342e-01	   2.1941320357562302e-01	   4.8217871680382479e-01	   7.0430250819320556e-02	   9.1521647999531663e-02	  -4.9325500886837931e-02	   6.3395301015593164e-01	   4.9219845154604436e-01	   6.7861859287136994e-01	   4.4752847730515294e-01	   5.1316700995311015e-01	   3.8066305549079016e-01	   2.3724049333530051e-01	   2.9106685250767150e-01	   4.4763225214722646e-01	   4.6921669414214140e-01	   1.9530028156970919e-01	   2.4490357150804648e-01	   3.4478457097667325e-01	   2.7427448812565031e-01	   3.7921985534140179e-01	   2.6990764367940867e-01	   3.2728888519601873e-01	   2.6974996979696181e-01	   2.3823682919447942e-01	   9.9268770375897430e-02	   1.8309548471077436e-01	   2.5801820737899803e-02	   1.4799502709744877e-01	   1.3307755377069300e-01	   3.8552240794100839e-01	   3.5020249864392949e-01	   1.1116368864956518e-01	   1.1830042312937081e-01	   1.4872933443882302e-01	   9.0066269402363064e-02	   3.9522282363867844e-01	   1.8143544228791225e-01	   1.6585408604793161e-01	   2.2541687001485608e-02	   5.8973285573014111e-01	   1.3748493922286170e-01	   6.7377798600390071e-01	   5.2904450390663904e-01	   5.2619821705669212e-01	   4.8457874109040611e-01	   2.7629007787077459e-01	   4.7338222404512897e-01	   2.5498618912733101e-01	   6.6164372328031060e-02	   4.1172948871848752e-01	   2.2904659576644354e-01	   2.7494057054268406e-01	   3.4356593307505590e-01	  -1.3407951560833783e-01	   4.4361757297270800e-02	   8.1461746596200951e-02	   1.7513927755799588e-01	   6.5424260516191812e-01	   2.7731805690406219e-01	   5.5872933996680096e-01	   2.7984482088836993e-01	   5.6062732267465321e-01	   3.5588912394098804e-01	   5.3245108192573731e-01	   4.2595257019107985e-01	   5.3284209860197629e-01	   6.3550199169424482e-01	   3.4585804847020496e-01	   7.5244315627738168e-01	  -8.4577305575843281e-02	   5.7118980469899466e-03	   1.7656165807274452e-01	   4.9276210562045251e-02	   4.7291667485868111e-01	   4.5467279503543168e-01	   3.7435048915713776e-01	   7.4513647556841445e-01	   4.6408720720767166e-01	   5.8928685525347047e-01	   3.3021232122552341e-02	   1.8062701701325420e-01	   2.5740628395856957e-01	   5.1386575281033275e-01	  -1.0174344457538342e-01	  -2.8359221574101334e-01	   2.8920498636135727e-01	   1.3770316476190944e-01	   1.5965795042837189e-01	   1.9977916979230076e-01	   3.1123261059364515e-01	  -1.1991972264235981e-01	
   4.6809510694366552e-01	   3.3626007913330863e-01	   2.5273425636666108e-01	   7.8047554355967141e-01	   5.0963451241085256e-01	   6.6373887860459058e-01	   4.2785088227401613e-01	   0.0000000000000000e+00	   6.6911143867738865e-01	   7.4161799040787013e-01	   5.1448278542526893e-01	   4.3993681197267942e-01	   4.7923167134669209e-01	   5.7003536288041701e-01	   4.8900484680001144e-01	   4.4062778886914133e-01	   1.9451911855611648e-01	   2.4801467938159288e-01	   4.9326879691116288e-01	   4.0972114794613124e-01	   8.6739244920500808e-02	   9.5748032548391440e-02	   4.0266203342182494e-01	   5.0306398824490262e-01	  -7.5822833202821266e-02	   6.1838242068860565e-02	   2.3690532942733028e-01	   3.3982062255073081e-01	   2.6912779187713942e-01	   2.8866841602793336e-01	   3.6026247071186024e-01	   4.3834497658544175e-01	   4.8524636396296195e-01	   5.7741466595693192e-01	   2.3846303235809380e-01	   3.1289032908494702e-01	   2.0581578374751819e-01	   2.0009541752061669e-01	   2.8489673967013973e-01	   3.7091171567827880e-01	   2.4677782284293104e-01	   2.6727644636780756e-01	   2.2880632925467848e-01	   2.7418091595159899e-01	   2.4887279424678965e-01	   3.5297272294307258e-01	   3.4381576151738225e-01	   3.5863138086388807e-01	   3.0465605453109335e-01	   3.0973861593875840e-01	   3.0838043097999523e-01	   2.2430836823266967e-01	   3.4545912603240558e-01	   1.7709563634190800e-01	   3.3104976135866404e-01	   3.7119382686757046e-01	   3.6524130927899334e-01	   4.0733402797619228e-01	   3.2399001307120923e-01	   6.1400808498933790e-01	   5.4017885888751871e-01	   6.6527486500491373e-01	   2.8786352968850348e-01	   4.4911660902202533e-01	   2.3153373450600517e-01	   3.9200480674734539e-01	   1.2370198417667720e-01	   3.2952441589777193e-01	   3.3847164726058515e-01	   3.1389029923895367e-01	   3.0466754326957740e-01	   3.4987132010527633e-01	   3.0889826260746367e-01	   2.3772978798702105e-01	   2.5907933255144777e-01	   2.9474992818435741e-01	   2.0548257229409231e-01	   3.3545121952976492e-01	   1.1603182132599996e-01	  -1.1775345562521088e-02	   1.7560789493368756e-01	  -1.8161294696894148e-02	   5.8528846829114722e-01	   3.0392246767243103e-01	   2.1991493769971163e-01	   4.5920551479778576e-01	   3.5125962889220902e-01	   1.9406288332285893e-01	   5.0087077181652773e-01	   6.0041098975430152e-01	   5.1554239157510540e-01	   2.1692350020361728e-01	   6.2990869161300744e-01	   2.8639067490983566e-01	  -5.7421645825011636e-02	   1.6791516424049185e-01	   8.6320667216484237e-02	   2.1767516086153793e-01	   4.1809368045931150e-01	   3.6471506683108135e-01	   6.0924451287946735e-01	   2.8206169440538276e-01	   4.6288984871661443e-01	   3.5070766215480814e-01	  -2.0906852570510320e-01	  -8.4623315332529703e-02	   4.5233038579901486e-01	   2.7323006366850117e-01	  -5.0137715922505544e-02	  -1.4060964295256095e-01	   1.4176287942701468e-01	   3.0794626697289629e-01	   2.9536599294466753e-01	   1.4460121000501275e-01	   1.3108902706591744e-01	  -2.5008152076343343e-01	
   4.3615218172801001e-01	   4.5703496895346929e-01	   5.0755908902623770e-01	   6.0269278242128022e-01	   8.3845312530403071e-01	   5.9814635322098275e-01	   6.5425818046187700e-01	   6.6911143867738865e-01	   0.0000000000000000e+00	   5.7683071046150769e-01	   5.8211700762192842e-01	   2.4960255556002114e-01	   5.8960162546440831e-01	   3.5524009038245957e-01	   7.8104356919643436e-01	   5.0372095145984530e-01	   2.3363731009475899e-01	   2.8749259436544000e-01	   5.9809945679132137e-01	   4.3216540683596671e-01	   2.6734859117865090e-01	   2.0447108814308773e-01	   6.0141511930433000e-01	   5.0359927071379496e-01	   1.1966088916093007e-01	   8.1966334205142974e-02	   3.9842140924495661e-01	   2.9332668055075284e-01	   3.1609626651044997e-01	   1.6056009850775296e-01	   4.7628343072490320e-01	   3.4780367006998725e-01	   4.9719057738675276e-01	   5.4180841255717593e-01	   4.3862096411640916e-01	   3.3097960765171308e-01	   3.5281885828475296e-01	   3.3939266343862601e-01	   4.7732209321155983e-01	   4.3167956465195434e-01	   2.5624721814020190e-01	   2.2360779526269842e-01	   2.5528974530313375e-01	   2.4662749007215296e-01	   2.2094922297617914e-01	   2.4683235045491680e-01	   3.2842175106068922e-01	   3.2092450181367171e-01	   2.7302289791469914e-01	   2.7835049734840039e-01	   3.0843662886492151e-01	   1.2848035475618880e-01	   3.6847664615943643e-01	   1.9105621704992054e-01	   3.8535462122064812e-01	   3.6128800720325399e-01	   3.9788232291361841e-01	   3.5697259091744665e-01	   1.7602408300743269e-01	   3.3942275099018238e-01	   5.4059009651583301e-01	   5.0551982603628365e-01	   2.9695121990645468e-01	   3.1481782310251988e-01	   4.3894282153437358e-01	   2.7047157559512047e-01	   3.1769496146098841e-01	   2.1216558574814581e-01	   6.3053162655432093e-01	   6.3247654206438797e-01	   3.3964575043627754e-01	   4.5279533235388036e-01	   2.9907964879798654e-01	   1.4404573073766977e-01	   2.9873345899063353e-01	   1.5907747200327707e-01	   2.3261661049836985e-01	   2.5078461189771079e-01	   2.1693089485081186e-02	   6.8276974502450544e-02	   4.3016899295110794e-02	   9.7272895336173559e-02	   6.6201291213031133e-01	   3.0296569085731095e-01	   4.4430904373110730e-01	   4.1657763469114389e-01	   5.1795472387221397e-01	   2.5340747568062594e-01	   6.1621272942828953e-01	   5.9468350265725567e-01	   6.1536522746994171e-01	   5.1373132649582798e-01	   5.3708366082964432e-01	   5.6549352817178400e-01	  -8.1223084557846742e-02	   7.6066592793109173e-03	   1.6859795078090639e-01	   3.0398654478728793e-01	   5.2507984709294764e-01	   4.8877880767940024e-01	   3.7233974905059614e-01	   4.1590862747385382e-01	   4.6792353476217113e-01	   3.7368137605744128e-01	   2.5274963616179501e-02	   4.9294473602835898e-02	   3.7721605694606641e-01	   2.6250004224856061e-01	  -1.9765316281915660e-01	  -1.6091913019704820e-01	   4.2144739253437918e-01	   5.0428898180593229e-01	   3.7570608838267094e-01	   2.1795632358661876e-01	   2.2724306114389695e-01	  -8.1107604178718110e-02	
   4.5652117087754918e-01	   4.4158564160622010e-01	   7.1220297506599953e-03	   5.0011770485060114e-01	   3.9233409396830166e-01	   7.2268564007224745e-01	   1.8724287335092404e-01	   7.4161799040787013e-01	   5.7683071046150769e-01	   0.0000000000000000e+00	   5.0292064721058760e-01	   6.1050127300413548e-01	   4.0697250779923777e-01	   6.2582414072617998e-01	   5.1059420765672336e-01	   6.3339259488095290e-01	   3.7371920277430193e-01	   3.8088264942813682e-01	   3.7725012941765662e-01	   4.6483404632597081e-01	   1.4937671681517847e-02	   1.2761107427369200e-01	   2.4052710376614209e-01	   3.8124576895387080e-01	  -1.4093834871626326e-01	  -5.1182037942007971e-02	   2.6638832470940788e-01	   5.1012225539442047e-01	   4.1785023568385360e-01	   4.8682841716593750e-01	   1.7860875400583137e-01	   3.1331641452501557e-01	   3.8378497913409926e-01	   4.6787987561065064e-01	   7.2928619131450670e-02	   1.8295170686639745e-01	   3.4147978831765718e-01	   2.7121311578221141e-01	   2.6862322375706649e-01	   1.6707627746392367e-01	   2.8258456589839759e-01	   2.0797926073305378e-01	   4.5904881145568094e-02	   1.7653520314417132e-01	   3.0445336454523200e-02	   2.7209198279297081e-01	   2.5355842227073916e-01	   3.2007794456370930e-01	   3.4067160847276867e-01	   3.9726408550897829e-01	   4.5216193537429161e-01	   3.7284102189817336e-01	   4.6504746108444350e-01	   3.3302563621556081e-01	   3.0987330294547910e-01	   3.1172807295252791e-01	   5.1287250133233453e-01	   3.0991693269737269e-01	   2.6518130161575371e-01	   4.8848644442645650e-01	   4.5324220946803701e-01	   5.4833925826837415e-01	   2.7533104810687370e-01	   4.6810732592704729e-01	   4.4799267555578275e-02	   1.7283490843726679e-01	  -1.4343445578952252e-01	   6.6431976930298925e-02	   3.3566986378966845e-01	   4.2834724895815407e-01	   1.8120976658511317e-01	   2.8293887269899853e-01	   3.1981070326951333e-01	   2.3339925115545709e-01	   2.6314436338614594e-01	   2.2334146408655306e-01	   2.0778849634352899e-02	   1.9560982062410204e-01	   2.9251126575326053e-01	   3.6694709629667199e-02	   3.0640763725179426e-01	   1.7004837154959651e-01	   4.8423227882837089e-01	   4.6382926254388257e-01	   1.2417257207420694e-01	   4.4171963435472200e-01	   1.7758628238376228e-01	   1.7319450948232926e-01	   2.7876965356049832e-01	   4.4455815700968415e-01	   4.6894815819771352e-01	   1.0997087280660636e-01	   5.6410751783293156e-01	   6.4081401157294257e-02	   1.9343827137849705e-02	   1.8869801990293028e-01	   9.1269992010000800e-02	   4.2213972083498674e-01	   3.8296019923125063e-01	   3.1333623551980555e-01	   4.9230662876425868e-01	  -7.3932665207375623e-03	   3.7242131301787273e-01	   7.3531731888783924e-02	  -1.4902946919846963e-01	  -1.5969609834517254e-01	   2.8847648798557990e-01	  -3.2202214609555135e-02	   7.9587314885237348e-02	   9.8208790512153768e-02	   2.3061260700761918e-01	   3.9926833185848049e-01	   4.4184034085634694e-01	   3.7946109589265165e-01	   2.7139048024298540e-01	  -1.7235876603053013e-01	
   6.7620682161169388e-01	   4.9737772256974444e-01	   7.9570740657608885e-02	   3.6537621257474628e-01	   3.2756425749492080e-01	   2.8458932127272013e-01	   3.0044919259899855e-01	   5.1448278542526893e-01	   5.8211700762192842e-01	   5.0292064721058760e-01	   0.0000000000000000e+00	   6.3018439731599063e-01	   6.9251143268774895e-01	   6.1452033819521679e-01	   6.2854296002658261e-01	   4.5919695929883048e-01	   5.1146513531788673e-01	   4.5202303423852952e-01	   4.3942636190264234e-01	   4.4873224728321820e-01	  -4.1212049554436712e-02	  -9.9749595547743639e-03	   2.1966975750629000e-01	   2.3084705074740974e-01	  -3.7956546827799820e-01	  -3.9382084254572702e-01	   5.2101294120989461e-02	   3.0490556791113260e-02	   6.4157015044726040e-01	   4.9243101853653104e-01	  -2.3723368032330099e-02	   2.2298063624394810e-02	   3.1592935873575112e-01	   3.6513115703852356e-01	  -6.2719428652704717e-02	  -1.1032022642871170e-01	   2.2915811942896608e-01	   7.4566935172962936e-02	   7.4385935132956008e-02	   2.6122329466439859e-01	   2.3283610488285755e-01	   3.2871294291435649e-01	   1.7492284547683432e-01	   1.6656138662853964e-01	   2.2611817403144957e-01	   3.7103415051366861e-01	   3.1865688236964795e-01	   2.4036999013662591e-01	   4.8735454828947178e-01	   4.9022348101107072e-01	   4.8642101285173212e-01	   4.1657200614373469e-01	   5.0675218645217734e-01	   1.1013015247386883e-01	   5.3425266037585506e-01	   4.1555382536501251e-01	   5.1583293972121869e-01	   5.8136409008509071e-01	   6.4460306355044128e-01	   6.4558267282853110e-01	   7.3027236066854884e-01	   3.0742900730151396e-01	   6.6981765059988985e-01	   6.6127426627451347e-01	   5.4732432088041738e-02	  -1.7621698318486912e-02	   1.7028038149322994e-02	   1.5842236348426349e-03	   4.0875846296662022e-01	   3.8515775726024587e-01	   2.7166087493669233e-01	   2.3029967856475475e-01	   5.1101724543242055e-01	   3.2967015776492425e-01	   3.3159677867840642e-01	   1.4774737497880602e-01	   3.3008343886917418e-01	   2.3225222211892577e-01	   2.2028871230221234e-01	   1.1402609451852658e-01	   2.9847211489040504e-01	   1.5006238576193726e-01	   4.8855209443220088e-01	   4.1202890949418403e-01	   1.8355907753360279e-01	   3.3380959820298861e-01	   4.1612119422297145e-01	   2.7905292168605217e-01	   5.1875003392182539e-01	   5.3007332297957888e-01	   3.3227594242019437e-01	   9.8067139716424237e-02	   2.5432154884620894e-01	   2.0458214063068286e-01	  -1.3792081979309434e-01	   1.6620283712481354e-01	  -8.9182500434493942e-03	   2.6284165876162074e-01	   5.5228394209704490e-01	   4.7505808725787169e-01	   4.2664586698241641e-01	   2.7720171268308957e-01	   5.5576920656964179e-01	   4.5637081796060941e-01	  -2.9427414072307823e-01	  -1.1104767889010511e-01	   4.3899071960007713e-01	   1.9342030292465465e-01	   1.5649737160302243e-01	   2.1082655617032316e-02	   1.1226773824033606e-01	   3.2245794884388462e-01	   4.2958030673484837e-01	   2.0919491433889920e-01	   1.8959297179422652e-01	  -3.9903281700683224e-01	
   6.2408848956697993e-01	   5.9130925603196149e-01	  -2.7836464953508605e-01	   3.2981056839166689e-01	   6.7585266109306541e-02	   3.0948759510805246e-01	  -1.7826154516579309e-01	   4.3993681197267942e-01	   2.4960255556002114e-01	   6.1050127300413548e-01	   6.3018439731599063e-01	   0.0000000000000000e+00	   2.6399405173600710e-01	   8.0335478888199607e-01	   3.6852019363650329e-01	   5.8856704416960504e-01	   5.8728058290939544e-01	   5.5083937650494108e-01	   1.6744750782638648e-01	   5.1263401649263962e-01	  -1.2999346379389112e-01	  -4.1572952961762263e-02	  -2.9316805325591812e-02	   2.3934564111309636e-01	  -3.1969107287087828e-01	  -2.3257230642822127e-01	  -2.1738954616129253e-02	   2.6683039426957800e-01	   6.3421668699567224e-01	   6.7712501126665714e-01	  -1.6269654864745667e-01	  -3.8424197862550545e-02	   7.4032162727030101e-02	   2.8267008599259719e-01	  -2.4853993379897288e-01	  -1.3776988254479253e-01	   9.8781882953979022e-02	   5.2649333858219009e-02	  -2.8936236958330568e-02	   6.3575126072261540e-02	   1.2646756252032629e-01	   1.2464067705362064e-01	   1.0967927299630052e-01	   2.1632750219548047e-01	   1.2924140505089801e-01	   3.9603458793984575e-01	   3.3785025616395503e-01	   3.2980052577792229e-01	   4.5231647290966970e-01	   6.0343541073818063e-01	   6.2144992796187859e-01	   5.9787233104693183e-01	   6.2452035839711406e-01	   3.0697230632953071e-01	   4.5051897549103426e-01	   4.7641372061995368e-01	   6.8460796478294850e-01	   5.6106985634123341e-01	   4.1129877843346019e-01	   6.5940663265065391e-01	   3.4715612974250643e-01	   3.6163160444524339e-01	   3.9876093283766711e-01	   6.8150582662253578e-01	  -2.1352143553981537e-01	   1.9416423376268029e-02	  -3.7891390235971850e-01	  -1.8762985307546517e-01	   1.5305755036703875e-01	   1.8631233526409546e-01	   2.5665716383171516e-01	   6.5994572699397389e-02	   3.5502360772548025e-01	   4.0837464294373527e-01	   2.2779803369146809e-01	   1.6678968455799853e-01	   2.1756571933887831e-01	   2.4272771135731905e-01	   5.0756018299407757e-01	   1.9924522871030037e-01	   4.2600507764663342e-01	   2.5915020993026855e-01	   2.5159420100279772e-01	   3.8784026721456089e-01	  -7.9977392685603999e-02	   4.1458498460819687e-01	   1.6977788864222820e-01	   1.5457072465996827e-01	   1.5471750173282645e-01	   4.2776388906199647e-01	   2.1421136199388155e-01	  -2.8551896707372931e-01	   2.4355531087910345e-01	  -2.6415928842329900e-01	  -5.5579007235477942e-02	   3.2059709017698723e-01	   6.6533334886751422e-02	   4.2490535302090715e-01	   4.0007437514358146e-01	   3.3450157888335608e-01	   4.4082826251873503e-01	  -3.4264070662532881e-01	   3.3010320447920583e-01	   7.0838103484993642e-03	  -1.8825749276948930e-01	  -1.1624726825545331e-01	   3.6068769485944924e-01	  -1.1861495476221139e-01	   1.3871368371691417e-01	   3.6316868922133438e-01	   2.0519766115831783e-01	   5.2136470594717377e-01	   5.4175727653865957e-01	   4.1212656803755021e-01	   2.4772149998889176e-01	  -3.0871231959345780e-01	
   3.4007689800073698e-01	   3.4059815433879359e-01	   2.6357742799906420e-01	   3.3262694520003677e-01	   3.9575453678284894e-01	   4.0434197855307180e-01	   5.7537620554453461e-01	   4.7923167134669209e-01	   5.8960162546440831e-01	   4.0697250779923777e-01	   6.9251143268774895e-01	   2.6399405173600710e-01	   0.0000000000000000e+00	   4.6038328487580871e-01	   5.8739383138018475e-01	   4.4726058324031298e-01	   1.4785313249870369e-01	   1.6824508473552910e-01	   3.2038379103070386e-01	   1.9391474228882394e-01	   6.2139578884863170e-02	   5.0964944308265238e-02	   2.8053289761282668e-01	   3.1009753336752899e-01	  -5.2194202349477602e-02	  -5.3507056353935947e-02	   2.0625559001688623e-01	   7.9064579827173062e-02	   3.1599746377959570e-01	   9.2407817681852161e-02	   8.3150082240188258e-02	   1.1445662538046622e-01	   3.8087948848132380e-01	   4.1888460562428353e-01	   3.0457806247041919e-01	   2.4229331747276064e-01	   1.8246727950401842e-01	   1.0619458173667437e-01	   2.7808797722227419e-01	   4.4045815075794720e-01	   2.2029650935413436e-01	   3.5228033862757668e-01	  -1.9867629087973605e-02	   2.3132541679071063e-02	   1.9078284399470563e-01	   1.7919691265843465e-01	   9.0395004634251069e-02	   2.8513452525481941e-02	   1.5456508048350759e-01	   7.4782856212097112e-02	   2.7488485776693622e-01	   5.2583498447157123e-02	   1.5510689631766214e-01	  -3.2918374806077601e-02	   4.0299192081648949e-01	   1.6810685706994727e-01	   1.4893330792361270e-01	   1.4142265450475960e-01	   3.8093265991094827e-01	   3.1015584016508158e-01	   7.8299086956060704e-01	   4.6206996015493229e-01	   2.5551583750770335e-01	   3.0052120512472996e-01	   4.8070465633465648e-01	   3.1346142143546740e-01	   3.7176937594521653e-01	   3.7046382352638890e-01	   4.0696814635822121e-01	   4.8654045844223531e-01	   1.4860712933781395e-01	   1.9253058394486788e-01	   3.1429379225774279e-01	   1.2468305431484707e-01	   2.9346368974903114e-01	   1.3967237696621743e-01	   1.7797843992031129e-01	   2.1808532169053241e-01	   5.3372495600864184e-02	   1.4761835116481331e-01	   2.1106071455725628e-01	   2.3934225569479434e-01	   4.7205436652798038e-01	   2.6926868886882194e-01	   3.4009420293679204e-01	   3.9510335936121344e-01	   3.6529991509037679e-01	   2.9166049249026460e-01	   5.2910157742355768e-01	   2.8423355854379240e-01	   2.6975146660798027e-01	   1.8715100642862029e-01	   3.9999936845271195e-01	   4.3999529114975200e-01	   9.1779525186143476e-02	   4.7520865064183473e-02	   2.2825751559219704e-01	   2.1356611548784720e-02	   3.6054887831717963e-01	   2.0966433387277308e-01	   4.4433992184383497e-01	   5.7534357770924216e-01	   4.0545172508858041e-01	   3.3774059767012982e-01	  -3.1769334686792761e-01	  -3.1610443937458925e-02	   3.5132132910941705e-01	   2.3547398941336870e-01	   6.2758109812281013e-02	  -1.2442191457773021e-01	   1.2874049198230567e-01	   1.1832374471966647e-01	   3.1224885008088693e-01	   1.7244545524487859e-01	   1.9174045824712299e-01	  -4.3215877032963246e-01	
