   0.0000000000000000e+00	   7.0276433113090220e-01	   1.9558133926865195e-01	   3.6591584384965725e-01	   2.5487167497134422e-01	   3.4692618914189699e-01	   3.5369812943865747e-01	   4.4955465647717474e-01	   3.2349084743246587e-01	   1.8944043829554047e-01	   5.5225755327200443e-01	   4.7689139638447697e-01	   4.5793713835617089e-01	   3.5813972942681205e-01	   3.0622125784431448e-01	   3.4337086371123132e-01	   5.6567297122434179e-01	   4.3042986964035368e-01	   7.1360601853741712e-01	   5.9862235050502510e-01	   4.5731604026194089e-01	   4.3505092726327288e-01	   4.7028618366911362e-01	   4.7121282551477672e-01	   1.4557290026792724e-01	   2.3572191354329880e-01	   2.9879417209893699e-01	   4.6544008323024111e-01	   5.1640667356654879e-01	   2.3856031101913358e-01	   3.5386346523647305e-01	   2.7328364403257666e-01	   5.1317423271811091e-01	   5.4229770491250184e-01	  -1.3972424603883937e-02	   9.7114206059979696e-02	   3.0625082647726343e-01	   3.3089465097535464e-01	   3.1864425258759577e-01	   2.2763315660917671e-01	   1.8360473859439003e-01	   2.7264683525679234e-01	   4.5433936233175132e-01	   2.6851517425993165e-01	   1.7796251735598628e-01	   9.7840429560441949e-02	   3.5571313533548299e-01	   2.4912219090949525e-01	   3.5373360560389161e-01	   2.4970855715819498e-01	   2.3995231413771176e-01	   3.5081444095312675e-01	   2.6962214160519243e-01	   4.7278021727070496e-01	   4.5541803074129839e-01	   3.9726955733160707e-01	   7.1894029040693841e-01	   6.0433917849034446e-01	   5.0910558884667922e-01	   3.5208345004486230e-01	   4.8166391860601937e-01	   3.4915098707530323e-01	   3.8897460762797675e-01	   2.7893297147397977e-01	   4.3464669747677473e-02	   1.5344114090918565e-01	   1.3824321659874161e-01	   2.0061432228805098e-01	   5.1050436924400000e-01	   3.7774867337669127e-01	   5.0580071950406014e-01	   3.9096009167324697e-01	   6.4140105538311165e-01	   4.9275190345064246e-01	   4.8486347418221709e-01	   3.2803545704530218e-01	   5.5064751187001315e-01	   4.6661684274088655e-01	   6.9375986815927937e-02	   2.1381199780891014e-01	   3.2238543312640000e-01	   2.4886421080571272e-01	   4.1603780821248892e-01	   1.3434636982682324e-01	   1.2445523944078342e-01	   3.4999392412466468e-01	   2.2306254056509067e-01	   1.2623257484207007e-01	   2.4860964186564766e-01	   5.0986002932309471e-01	   3.7783026122447277e-01	   3.6837959071934756e-01	   4.3830118878417201e-01	   3.8912321936653638e-01	   2.0893663612468882e-01	   2.2242323184979418e-01	   4.4484960842576959e-01	   5.4774615024193918e-01	   4.9031596954433121e-01	   5.6477824748520367e-01	   4.7652312699626453e-01	   2.5212631887382975e-01	   4.2792700680159607e-01	   4.3865998614655649e-01	   3.0103405675047268e-01	   1.9050535096375909e-01	   3.7931133635458114e-01	   2.7579494372163443e-01	  -6.1701047147595237e-02	   1.4356288579450055e-01	   3.9533539677613200e-01	   4.5850190827890658e-01	   3.7492768871785154e-01	   4.9463266111079413e-01	   2.8967866296230038e-01	  -1.9119045837609819e-02	
   7.0276433113090220e-01	   0.0000000000000000e+00	   3.1863506156645371e-01	   4.2869821843820050e-01	   3.3644978274223702e-01	   3.4715101597928610e-01	   7.6169736429732557e-02	   1.6486535633607649e-01	   2.4073074133866068e-01	   1.8781677344535225e-01	   1.9453373337863752e-01	   4.2594202878054621e-01	   9.2006843132015140e-03	   1.1421476136108723e-01	  -3.1572522634263488e-02	   1.3322460857308890e-01	   4.4547906659889314e-01	   5.6337730195846125e-01	   5.3153193632031437e-01	   6.9425644211395743e-01	   3.8368320774797438e-01	   3.7170194974370047e-01	   4.7736412786124482e-01	   5.5609649161114327e-01	   3.6462690829888922e-01	   4.0093247738470661e-01	   3.0719364598469479e-01	   4.0635161527741737e-01	   2.6590516954990073e-01	   2.2040731898023744e-01	   4.1181309531989763e-01	   3.4164399013195579e-01	   5.6612324842394157e-01	   5.9416176815814570e-01	   3.2215506350433148e-01	   2.3725011934814086e-01	   2.7631711801884790e-01	   4.2711010041873682e-01	   4.2803954335059613e-01	   2.6898572342430938e-01	   1.0581876289147164e-01	   3.8816191962276786e-01	   4.4076969511083691e-01	   3.0794840223615144e-01	   1.5809697435210857e-01	   1.7763524550645682e-01	   2.4242399880202420e-01	   2.3591103599465527e-01	   3.3362897801389146e-01	   2.6817580361163229e-01	   4.4614244115299728e-01	   4.3867425431114149e-01	   2.4461558842957959e-01	   3.5475160036440406e-01	   5.6424284955279957e-01	   3.9812916960904654e-01	   7.9249558230673323e-01	   8.5523409280870633e-01	   3.6127328482405979e-01	   2.8846661998237128e-01	   1.1924652463480540e-01	   1.9268353340411151e-01	   3.0193108402861446e-01	   1.8828464684192525e-01	   1.3779680488104135e-01	   2.8901742364563637e-01	   3.4491074128188937e-01	   3.1200632789483906e-01	   5.4743868019290953e-01	   4.8300403565643391e-01	   4.6301768330775006e-01	   4.3597557351282606e-01	   5.9973696351711681e-01	   6.4608676091490225e-01	   5.8840180280388488e-01	   5.4959042612463338e-01	   3.9640837036041143e-01	   5.5959698720112350e-01	   1.5229914032039771e-01	   3.3738914324556651e-01	   2.8840287059416886e-01	   3.0446927971437410e-01	   1.2563190690824858e-01	   1.9876219704870579e-01	   2.6500295406336682e-01	   3.7673945824466970e-01	   2.0503589396862879e-01	   1.6676344037369425e-01	   2.7704180269061907e-01	   4.1736004927577985e-01	   2.7151123316270737e-01	   7.1651292530071520e-02	   4.1714755120390734e-01	   1.4559908086464338e-01	   1.3282861182338523e-01	   1.1619706121652611e-01	   5.2473513030668317e-01	   4.5341902016623542e-01	   5.2462833428158417e-01	   3.8153246996964973e-01	   4.8040040667223083e-01	  -3.9678120311741158e-02	   4.3617014452594105e-01	   1.9080228747052169e-01	   2.3739173515483714e-01	  -3.0674852398304746e-02	   4.1816693422880469e-01	   8.7963206062522462e-02	  -1.6316704766204010e-01	   1.5979664634209195e-01	   5.1444122247492285e-01	   4.6880475835586533e-01	   4.2037480770313379e-01	   4.2572252604395733e-01	   1.7941337167576857e-01	  -1.8130405762004584e-01	
   1.9558133926865195e-01	   3.1863506156645371e-01	   0.0000000000000000e+00	   5.6454083825211621e-01	   6.7238403737161367e-01	   3.0639746229962350e-01	   6.3473332491702361e-01	   1.6322567866191318e-01	   4.5285800847949775e-01	   5.0614740204979462e-02	   9.2181993289121716e-02	   1.7097928945693150e-01	   3.8867752075604507e-02	  -1.2920569963308348e-01	   4.8226223707933197e-02	   2.5237635703346006e-01	  -7.9932649698876507e-02	   1.1616859718096958e-01	   4.3170748948815274e-01	   5.8093788910634303e-01	   5.1133171595440330e-01	   4.6658042891609586e-01	   7.3948837992995731e-01	   6.1023436643594209e-01	   5.9742791577995580e-01	   5.4777312947015799e-01	   5.7377156577514887e-01	   4.6968172427721772e-01	   1.5330143528082163e-01	  -7.7382280221566782e-03	   6.8011781500895774e-01	   4.8405384312523841e-01	   5.6337526688276107e-01	   4.3340606425547756e-01	   5.1920986307693251e-01	   3.4365788556424426e-01	   3.3759551156273743e-01	   3.6977363293748478e-01	   4.1729787896899551e-01	   2.3626624575599608e-01	   1.3588746238337730e-02	   2.9810017143723488e-01	   3.7579563799186316e-01	   2.5967729954990548e-01	   2.2640087053507835e-01	   3.0987417131181133e-01	   1.0802932860139872e-01	   2.0970272154523181e-01	   1.6104917404906424e-01	   2.7946348022610845e-01	   5.9344647902087899e-01	   5.0740301500453933e-01	   3.8894644896897607e-01	   5.4000839162126413e-01	   5.7722935184416757e-01	   4.6437828798700354e-01	   1.7640644040460601e-01	   2.8055088217365787e-01	   1.8672647405927259e-01	   2.3653630644503493e-01	   7.6869779107184094e-02	   2.5627484618410695e-01	  -7.9835538779224613e-02	  -2.2917464980392516e-02	   5.2578305951775928e-01	   4.3424367655154744e-01	   6.6776454939846475e-01	   5.2646071396248906e-01	   2.8890530679811549e-01	   3.1207623433843990e-01	   3.7531190417216809e-01	   2.8871151981182464e-01	   3.9415833692258595e-01	   2.8424932539956227e-01	   3.9536168652414050e-01	   2.8833495884586463e-01	   3.0438103705572156e-01	   3.1612955358093220e-01	   5.7310415984581808e-02	   1.5552651918992422e-01	   1.2650943718418815e-02	   2.4564274105562381e-01	   2.9557796481995108e-01	   1.7258143531920916e-01	   3.9946320823612980e-01	   4.8298673359939720e-01	   4.1003577046763096e-01	   8.0121686743670234e-02	   2.9106822818013672e-01	   6.2904993942531895e-01	   3.5198588677173676e-01	   2.3987047189407079e-01	   4.0014510947828374e-01	   3.9612630412849048e-01	   4.3794709418449218e-01	   3.5266355527611348e-01	   5.0684649606302257e-01	   2.8812156318618448e-01	   4.4655355758597048e-01	   2.8534942037888789e-01	   3.3552060812713341e-01	   3.1276349313791424e-01	   2.9007324024329029e-01	   1.7904422329949490e-01	   2.3538480780349935e-01	   2.6538289833766615e-01	   4.8224756583831418e-01	   2.1825730264016593e-01	  -5.7420792533874512e-02	   4.0656600184049674e-01	   4.5843690247300928e-01	   3.7553789909688717e-01	   1.7349234133695027e-01	   4.0881068640730106e-01	   2.3845085059933202e-01	  -6.0927049969155156e-02	
   3.6591584384965725e-01	   4.2869821843820050e-01	   5.6454083825211621e-01	   0.0000000000000000e+00	   4.5328089626247742e-01	   4.8949594868489693e-01	   3.8943419722589145e-01	   5.4813187667023078e-01	   2.6340936163477924e-01	   1.8385462332141270e-01	   3.6556853497017100e-01	   4.6458019986220622e-01	   1.8425908874798488e-01	   1.9039939303813669e-01	   7.9744311957503256e-02	   3.5467946913912746e-01	   7.4364974216680766e-03	   1.4619451631555072e-01	   4.2678264796290422e-01	   5.0647181581915834e-01	   4.0084594801646278e-01	   4.6018766405354322e-01	   6.8011443799306814e-01	   7.7471300966975287e-01	   4.3978485728073502e-01	   5.2701030381774061e-01	   5.6491035928682343e-01	   4.7364072906208166e-01	   2.6084170784134364e-01	   1.2362341067045944e-01	   5.3606028708413311e-01	   5.2748357328425355e-01	   5.7175826160712628e-01	   6.3544296323631977e-01	   4.4315484169159575e-01	   4.7181412985332727e-01	   3.1695515645264949e-01	   3.5128808765406810e-01	   2.5692750514255347e-01	   2.4591267910832126e-01	  -1.9194206997536975e-02	   2.8625194567108231e-01	   1.9609715503059794e-01	   2.1092554109394540e-01	   5.3087826103963433e-02	   3.2357439558305678e-01	   1.7489648508207375e-01	   2.2314157435776077e-01	   2.1467682743631403e-01	   2.5153217769123404e-01	   4.6517049050201675e-01	   5.2605122833008866e-01	   1.4272470988713365e-01	   3.1820263463624410e-01	   4.0277468724730781e-01	   3.1988851294255050e-01	   2.6491613254224106e-01	   3.5020101832638562e-01	   1.8491643463391683e-01	   3.8011506597811728e-01	   8.3763877373989715e-02	   5.2202713610518403e-01	  -5.8588622391758248e-04	   2.0965884672195489e-01	   4.9181712057606558e-01	   6.2305701610406372e-01	   5.1286596338583790e-01	   6.8410338449843000e-01	   2.6964686371586111e-01	   2.6360275619349283e-01	   2.6274569449621171e-01	   4.1864603589149385e-01	   3.9606426789058502e-01	   3.7462662583493933e-01	   4.4880029464676768e-01	   3.6266987346919299e-01	   4.9267064061688570e-01	   5.5796259007534121e-01	   8.0833871297219695e-02	   1.4366618525205785e-01	   1.8976923814200461e-01	   2.5863323220033596e-01	   2.4518776721545033e-01	   1.9910895728773897e-01	   5.1855548989867239e-01	   6.6144666904367178e-01	   2.7047595327978508e-01	   9.9059549134312058e-02	   1.5169992400348198e-01	   5.3222796220075774e-01	   3.9237033705883217e-01	   1.0228607479720792e-01	   4.3022728340418048e-01	   2.1965155572883283e-01	   4.7574646552840705e-01	   4.0438851987380725e-01	   5.2753062104703119e-01	   3.7140691488176758e-01	   3.2101103603556352e-01	   1.8758199516741408e-01	   3.7576269230047965e-01	   3.4293946268505307e-02	   2.5519412341451658e-01	   1.0824185566831677e-01	   3.0687029841992575e-01	   2.0405647177345163e-01	   4.0892701394018716e-01	   5.7541600454948678e-03	  -2.1067184508520190e-01	   4.2465874035028650e-01	   3.9266951149868518e-01	   2.6930091636824155e-01	   2.3833132748392277e-01	   2.5855389976136584e-01	   3.6158868042615905e-01	  -5.9598638686783473e-02	
   2.5487167497134422e-01	   3.3644978274223702e-01	   6.7238403737161367e-01	   4.5328089626247742e-01	   0.0000000000000000e+00	   6.0371627298888875e-01	   5.1718118110392686e-01	   1.2949707991264786e-01	   7.1795855297608346e-01	   2.2649906368467354e-01	   1.5376398895298082e-01	   2.1709195893428179e-01	   4.9427386983338539e-02	  -1.4379515711197965e-01	  -1.7659317984913814e-01	  -2.1054488187691037e-01	   1.1547919266116612e-01	   3.0484657119834435e-01	   4.5322234143637019e-01	   5.1893235534800175e-01	   5.9503507852029824e-01	   5.8199512667219788e-01	   5.3436188295916953e-01	   5.1974068268090068e-01	   8.2955647384241327e-01	   8.4246526851902892e-01	   6.9080167258627889e-01	   7.3728695457836735e-01	   1.8121294529795662e-01	   8.0069039764768757e-02	   7.2237814436831205e-01	   5.7142332578595889e-01	   3.6682488086446569e-01	   3.1233242927215449e-01	   3.3439523484201683e-01	   3.9861552314953025e-01	   1.7101648772095876e-01	   2.1405210156918547e-01	   1.0850885601805929e-01	  -2.9060042296964558e-02	  -9.7700071919061340e-03	   1.3393889900907641e-01	   6.1298197323322423e-01	   4.5147956510250353e-01	   4.4986884890006840e-01	   4.4940028355977590e-01	   3.3892120536781567e-01	   3.4262781234716100e-01	   3.7672255601328170e-01	   5.0987479161597893e-01	   5.6788499148306992e-01	   6.7666247309078531e-01	   5.9227992062866686e-01	   6.4188830169930755e-01	   3.9484858435475134e-01	   3.0045698912761581e-01	   2.2926593274167439e-01	   2.9538262762748746e-01	   2.5122699395445269e-01	   3.4368974584667922e-01	   7.4755610609854695e-02	   1.7937985209787630e-01	   1.9985863875603149e-01	   1.4337769313031123e-01	   2.4550966253620710e-01	   3.4058070687300090e-01	   4.7645404961406324e-01	   4.4451357313204709e-01	   3.0635485484946079e-01	   3.2461225163175217e-01	   5.5679967572865885e-01	   4.7195395346850955e-01	   4.3213931656779325e-01	   4.0699138207620555e-01	   4.4296270952608585e-01	   3.2613757691916073e-01	   2.6628837944978495e-01	   2.7111635417869012e-01	   1.2893352012329640e-01	   2.6669612518949481e-01	   2.4207835408405390e-01	   3.3835837504567789e-01	   5.1496151518385491e-02	  -5.2863212955768665e-02	   1.4932253393799616e-01	   4.5062245557957947e-01	   2.7751629819581895e-02	  -2.3301812984865988e-01	  -7.8195544304262732e-02	   5.3425959659343181e-01	   4.7290339651617636e-01	   2.5277579044282161e-01	   3.9799762622090223e-01	   3.5488801574766016e-01	   3.0468276355913659e-01	   2.6854587369078187e-01	   3.4685060047745009e-01	   2.3111625196499161e-01	   5.2427200828732712e-01	   3.2157575732311661e-01	   4.0875917999517042e-01	   2.3029450802074108e-01	   5.2553914741509167e-01	   3.2874907529472808e-01	   3.0688009116794090e-01	   2.0796456917152834e-01	   4.6630258825399279e-01	   3.3758122259621198e-01	  -1.3725274875902385e-01	   2.9263338346206785e-01	   3.8231392183428548e-01	   3.6655368244599695e-01	   6.3447561769542818e-02	   1.6910005562331096e-01	   9.1569069877346809e-02	  -5.4907649971180306e-02	
   3.4692618914189699e-01	   3.4715101597928610e-01	   3.0639746229962350e-01	   4.8949594868489693e-01	   6.0371627298888875e-01	   0.0000000000000000e+00	   4.3606428830244481e-01	   5.9499495530089030e-01	   5.1343015552435944e-01	   7.2909816330359190e-01	   3.5243664358465099e-01	   1.7924649687732636e-01	   2.9987098265408874e-01	   1.3821468355062230e-01	   4.7865031090747870e-02	   2.2450082951526930e-02	   4.6938287833822545e-01	   5.1315480428382054e-01	   4.6692468368859685e-01	   3.9660924145391768e-01	   2.9247086173735792e-01	   5.3803569648352823e-01	   4.2582101111654491e-01	   3.7306846277403610e-01	   4.6258810845353715e-01	   5.5758396703045909e-01	   3.7440659751938521e-01	   6.4028033037354726e-01	   5.2382445130902300e-01	   4.1874122587462392e-01	   4.1512679575519856e-01	   4.0902519084032141e-01	   4.5202335887087419e-01	   5.6820063033785695e-01	   2.1648171612387912e-01	   3.5322203480087982e-01	   3.2177343818972348e-01	   2.9081173861305043e-01	   1.5802167860756677e-01	   1.4402037068805351e-01	   2.3159556216008029e-01	   2.9363821969633602e-01	   5.8753215425551231e-01	   5.7051039220764244e-01	   6.0153413684691781e-01	   6.4593213087578494e-01	   5.6829343866478599e-01	   4.6686039249872002e-01	   5.4301922722211338e-01	   5.7839033563005815e-01	   5.3920265488710073e-01	   6.0778237421109649e-01	   4.6764460501252170e-01	   4.6314908946969957e-01	   4.2377885805117799e-01	   4.1422464949405413e-01	   6.7964675909672728e-02	   2.0734849473558628e-01	   3.9203569376088654e-01	   4.9862475069569701e-01	   4.0581131140226073e-01	   6.4606180550016223e-01	   5.4112116834047053e-01	   5.6798042394809478e-01	   3.3164364269023172e-01	   4.5963655677901982e-01	   4.0696129674094150e-01	   5.0582591906722807e-01	   8.4020928007380799e-02	   9.8558511379482835e-02	   2.5003309301024362e-01	   3.0870332692157354e-01	   5.8445123513537878e-01	   6.1135372600170146e-01	   4.9241252529345358e-01	   4.8574198099581478e-01	   4.5113457079838892e-01	   4.5304293248768923e-01	   4.1695619358829461e-01	   5.5778169366900476e-01	   5.3413252771285824e-01	   4.2504464581596235e-01	   1.6616862817682135e-01	   1.5499287602199787e-02	   2.5626038423081571e-01	   3.7835058061975929e-01	   7.6737725900837229e-03	  -8.8444121453671351e-02	   1.1164683282444096e-01	   4.3252766870330095e-01	   5.8846225725670187e-01	   2.9148214923457721e-01	   5.4776437789499721e-01	   2.5988327303151282e-01	   2.9911032929272885e-01	   3.4227408927433634e-01	   4.4269205801322470e-01	   4.0199239680734183e-01	   6.1389181613330146e-01	   4.1490656261962189e-01	   5.0783088226717454e-01	   2.2798788805713321e-01	   5.4726977201429039e-01	   4.1350716195556086e-01	   2.0869979573203312e-01	   1.6207854169947669e-01	   3.4381574351306970e-01	   2.6327543807679421e-01	   5.9494916282223802e-02	   4.1771222643019501e-01	   4.9111294986989312e-01	   4.1967561760879857e-01	   2.5234625892341628e-01	   1.4568239160807989e-01	   1.0937327094751052e-01	  -4.2866440143291648e-02	
   3.5369812943865747e-01	   7.6169736429732557e-02	   6.3473332491702361e-01	   3.8943419722589145e-01	   5.1718118110392686e-01	   4.3606428830244481e-01	   0.0000000000000000e+00	   5.4592500133046795e-01	   6.1427375708132292e-01	   3.2107982719299644e-01	   4.2860557355266315e-01	   1.5143863863056711e-01	   5.5114573116880217e-01	   1.3392358526519038e-01	   3.5521839222132850e-01	   3.0122256396198210e-01	   1.9523498038285153e-01	   1.5000938295610347e-01	   5.0207386113982766e-01	   4.0038380093638481e-01	   3.2054176452804317e-01	   3.2461867765623609e-01	   6.4091776833625735e-01	   4.0549745176262830e-01	   1.2643707873377358e-01	   1.6104572007469919e-01	   3.0116459984433375e-01	   3.5682488519269639e-01	   5.3190435264568980e-01	   2.6732330560231832e-01	   4.2950355742582147e-01	   3.8369682279809886e-01	   4.6836236028408101e-01	   4.2856224733800169e-01	  -5.2312084449796334e-02	   5.7697963412230067e-02	   2.5035912042964115e-01	   1.4621522683156019e-01	   2.0409467052849747e-01	   1.5305560949088087e-01	   1.1978382707048058e-01	   2.0693192953308065e-01	   3.2214020690290723e-01	   2.3954444593750021e-01	   3.0350372068890297e-01	   3.0507267294879503e-01	   3.1270488800873009e-01	   2.6100207349984550e-01	   1.6302811658260408e-01	   2.5598003044198625e-01	   2.4205373617925366e-01	   3.2700599024389670e-01	   2.8296727570555524e-01	   5.6184075780391285e-01	   3.5962217668963947e-01	   4.3625402888726350e-01	  -5.0190319667755945e-02	  -7.7975964300538766e-03	   3.4887365970510087e-01	   2.9477450332899080e-01	   5.7431008625811797e-01	   4.4070939662837971e-01	   2.1369287401491618e-01	   2.9172521632287135e-01	   4.1665221964819837e-01	   1.0350692353670597e-01	   3.4407843393615833e-01	   3.6069009795263240e-01	   7.6984489071190321e-02	   1.4142547252235217e-02	   2.7759406678358378e-01	   1.6956763591329760e-01	   4.6372101475568361e-01	   2.6850010152217108e-01	   3.1961089307001067e-01	   1.8266931570524123e-01	   4.6035913154058394e-01	   2.1649244055020517e-01	   1.6671163834371500e-01	   2.1189799212635552e-01	   1.7354929213698805e-01	   2.7764991552192614e-01	   4.6955245063605067e-01	   1.1111968584679491e-01	   4.5756321804038574e-02	   2.9411837485301201e-01	   2.5437054715106383e-01	   5.7306643225542214e-02	   1.2561454568036926e-01	   4.6586551521097208e-01	   4.4757551752273050e-01	   5.0748608340637102e-01	   4.0071611232782889e-01	   5.0504334569894072e-01	   2.8029726540496769e-01	   2.7936120099710171e-01	   3.4084654574541640e-01	   2.9448081292406830e-01	   4.5888555254111374e-01	   4.7970332431130280e-01	   3.2483170568732539e-01	   4.7619570537767464e-01	   2.6641224610448028e-01	   3.5372538649913587e-01	   1.2641775336771377e-01	   4.1850722360856041e-01	   3.4720635249897719e-01	   2.5638493070268686e-01	  -2.8190450856089025e-02	   2.3284227968593768e-01	   2.7219775103758337e-01	   4.0917165932843119e-01	   1.0661508344362752e-01	   3.7246113497899414e-01	   1.9080775376078296e-01	   4.7561892157690230e-02	
   4.4955465647717474e-01	   1.6486535633607649e-01	   1.6322567866191318e-01	   5.4813187667023078e-01	   1.2949707991264786e-01	   5.9499495530089030e-01	   5.4592500133046795e-01	   0.0000000000000000e+00	   3.3554425837148560e-01	   5.6771117844175956e-01	   5.6915048508989463e-01	   3.5202445057500453e-01	   6.3245756327932989e-01	   5.3832557591908059e-01	   4.3037921473781587e-01	   4.5865358097450731e-01	   3.3337400187119159e-01	   2.1792508029841978e-01	   4.8573714359304715e-01	   3.1763333141648564e-01	   1.0140259098061896e-01	   3.3168626186512645e-01	   3.8112888109506754e-01	   3.2992075629374384e-01	  -8.4040418806386852e-02	   1.4547698270942433e-02	   1.6000996560810346e-01	   3.0966778614217544e-01	   5.9159771461812483e-01	   3.4838699910616966e-01	   7.2137775664440157e-02	   1.4400400867528604e-01	   4.4215021949306715e-01	   6.0679747304370568e-01	  -5.7631646467101956e-02	   8.4830917733355549e-02	   2.3043462947694876e-01	   7.7514811212498924e-02	   2.0607694837164406e-01	   2.0817938057495677e-01	   2.0666190066766971e-01	   1.8645202511245737e-01	   1.7541281938874861e-01	   1.5736662917132016e-01	   9.9412241010319147e-02	   2.1476164586281243e-01	   3.0623613364568841e-01	   1.1707874760558275e-01	   3.3701573186157341e-01	   2.4700320341812965e-01	   2.1802234296944867e-01	   3.0843127248348834e-01	   1.7107946861106188e-01	   3.2037265930084474e-01	   3.1171853485130990e-01	   3.3114448650693662e-01	  -3.4828446580646932e-02	   2.1114377945793090e-02	   4.1405360774590899e-01	   4.2806429471082802e-01	   5.7509396645747612e-01	   8.0516515836163749e-01	   3.4106905815291549e-01	   4.8597099681692024e-01	   3.1583068318329388e-01	   3.5579924594720280e-01	   1.4901526234932583e-01	   3.5346757296994630e-01	   4.9442259647877511e-02	   5.7270451202732109e-02	   2.1364433962663819e-02	   1.0792323963929551e-01	   4.5171634139030342e-01	   3.9510466468045868e-01	   2.8153725004299923e-01	   2.7692041250151334e-01	   5.1206552708211472e-01	   4.2964706702845734e-01	   2.3979133377302336e-01	   2.7520351728600728e-01	   3.2548148404787347e-01	   1.5385367037600189e-01	   3.6494773338304565e-01	   9.9542779436727884e-03	   1.6749976413022521e-01	   2.4548115154059191e-01	   1.1738551976781193e-01	   2.0506157797046259e-02	   2.2371646505680254e-01	   3.7881963781261263e-01	   4.7263266325589692e-01	   3.4191653980601838e-01	   4.4428109250761344e-01	   2.6114884383488279e-01	   3.4148564053613073e-01	   2.8811058810354173e-01	   3.7989829003062098e-01	   3.2443010177262299e-01	   3.8503523559387132e-01	   3.6416841748791301e-01	   4.0094116683456965e-01	   2.4001527538572842e-01	   2.4239159057953891e-01	   3.1110809435155118e-01	   1.7610565581569487e-01	   2.2259097045088397e-01	   2.0469931300635574e-01	   1.1549089777330220e-01	   2.3253834960910907e-02	   2.2836935170943223e-01	   2.4593438653034838e-01	   2.8440964053972351e-01	   2.7664989624210584e-01	   2.8927678457438921e-01	   2.6945012866924378e-01	   2.4787482421073037e-02	
   3.2349084743246587e-01	   2.4073074133866068e-01	   4.5285800847949775e-01	   2.6340936163477924e-01	   7.1795855297608346e-01	   5.1343015552435944e-01	   6.1427375708132292e-01	   3.3554425837148560e-01	   0.0000000000000000e+00	   4.9852174397980054e-01	   2.3142065481919480e-01	   9.0184581607991088e-02	   3.6018136171014237e-01	  -3.3481375391198102e-02	   3.9320298122170673e-02	  -1.5572781428279328e-01	   1.5593438735547047e-01	   2.5996276933776796e-01	   4.2621090475715567e-01	   3.5044044427416599e-01	   2.7867117050615414e-01	   3.2175385968402614e-01	   3.4890475989805025e-01	   2.7420067036768125e-01	   3.8321386015466163e-01	   4.3608012979646232e-01	   3.0327531361346455e-01	   4.2876172884335001e-01	   2.4197286606725488e-01	   9.1616420610301286e-02	   3.7914781959584110e-01	   3.0409838148988388e-01	   2.8182506817404129e-01	   3.2551591751764458e-01	   8.6264423793593253e-02	   1.8902478508417597e-01	   2.3226630650485780e-01	   1.9022171925573067e-01	   2.6491157116463299e-01	   9.8875033251687713e-02	   7.5021712948655755e-02	   1.0409277569743466e-01	   4.8664546977482903e-01	   3.6847097220087793e-01	   2.5397043552712467e-01	   2.6568278098764414e-01	   2.6047545365275449e-01	   2.9727541152280124e-01	   2.8502604637582218e-01	   3.3722168691622822e-01	   3.4169411114934023e-01	   4.3906603712177744e-01	   4.6588265781998950e-01	   5.8898435271639982e-01	   3.7479520994944460e-01	   3.3569834363795326e-01	   1.4493078661643238e-01	   1.1890869766796522e-01	   3.1842601047260727e-01	   2.2390233430888259e-01	   3.4923054084253996e-01	   1.9023662060822610e-01	   2.1990710456167090e-01	   7.2394815373955618e-02	   2.0201794004182136e-01	   1.8789709877475094e-01	   1.7223917355793628e-01	   2.1044026145502326e-01	   1.5055356209857856e-01	   1.5709831236202909e-01	   3.7234104240890148e-01	   2.5690535436757633e-01	   3.8116818617796583e-01	   3.3641824093101658e-01	   3.5284986388258444e-01	   2.3265693703818960e-01	   3.3304738084115926e-01	   2.5051305559194659e-01	   6.9873417326664078e-02	   2.6617281842380175e-01	   1.1620128181759248e-01	   2.4657639079270952e-01	   7.5423990925970408e-02	  -1.4555651695684535e-01	  -4.0813817806759148e-02	   2.8226582097572045e-01	   2.5556895211329015e-03	  -2.0736199333928845e-01	   1.1572729559614395e-01	   4.4939649759640465e-01	   4.3809690978637905e-01	   4.0853046262515569e-01	   4.1409486266912449e-01	   4.4712797527433124e-01	   3.0108464372555016e-01	   2.5502555832918644e-01	   3.2624084089809879e-01	   2.5459100584436473e-01	   4.0593984876865791e-01	   3.9143222933547273e-01	   4.5660441164727827e-01	   3.5339861278335027e-01	   4.2287028832186135e-01	   3.5616645418656384e-01	   2.0907373281823516e-01	   3.7818850145318306e-01	   2.8383659880445278e-01	   3.2480022194566965e-01	  -2.8749351951533133e-02	   1.8717270520379059e-01	   3.0668199719698697e-01	   4.5766581951782892e-01	   2.1367963020840242e-01	   3.6573249873409897e-01	   2.2426340136652634e-01	   1.2596219675911077e-01	
   1.8944043829554047e-01	   1.8781677344535225e-01	   5.0614740204979462e-02	   1.8385462332141270e-01	   2.2649906368467354e-01	   7.2909816330359190e-01	   3.2107982719299644e-01	   5.6771117844175956e-01	   4.9852174397980054e-01	   0.0000000000000000e+00	   2.1902599903761252e-01	  -9.4394685941624881e-02	   3.9206743747062012e-01	   1.0628269760986037e-01	   1.8126504494070708e-01	   2.8054048351523114e-02	   4.7820732032285268e-01	   4.2622669080032627e-01	   3.3235538928606306e-01	   1.8134054368341679e-01	  -3.5145149927973816e-02	   2.5583719483852518e-01	   1.3161555277084702e-01	   3.9167141438893230e-02	   9.8823878405145144e-02	   1.3557865095755189e-01	  -4.2586912077627909e-02	   2.2759306962392628e-01	   4.3121469187956518e-01	   2.9856073377696124e-01	  -3.1156576199198684e-02	  -3.8347471061137506e-02	   3.4276365672840731e-01	   4.9656675346112339e-01	   1.6130988703097490e-01	   2.6306390711647643e-01	   3.4398832573562055e-01	   2.2289537435392523e-01	   2.8555930743699487e-01	   2.1239980552114524e-01	   1.6292342179850872e-01	   2.2126879159987706e-01	   4.3179353004032306e-01	   4.5294344421330640e-01	   3.9748998029875371e-01	   3.9174969343354027e-01	   4.7681587992987884e-01	   3.8999926805234608e-01	   4.1517772846580736e-01	   3.1959362774392719e-01	   4.0969447495534722e-01	   2.5571248595764806e-01	   3.2592666540180376e-01	   3.0524583821514217e-01	   4.3561648026700139e-01	   4.5272091784853979e-01	  -8.5369592055164201e-02	   4.5159304672960546e-02	   4.0411914432060064e-01	   3.1280762943634921e-01	   5.6206984803642812e-01	   5.7966978379483602e-01	   5.8520511384113461e-01	   4.8729102299846661e-01	   4.5127335053864021e-01	   4.0978209404830968e-01	   2.0678761128420609e-01	   2.7238125112118539e-01	  -6.5709844123833544e-02	  -1.9245486377893337e-02	   4.2568529140057142e-03	  -4.8102378034265918e-02	   4.1617108943500597e-01	   4.9503636724025596e-01	   3.3009369432066255e-01	   3.7599259883060954e-01	   2.7383438335416438e-01	   2.1876492259076891e-01	   4.1041890218013677e-01	   4.9731303769534596e-01	   3.6000913425918557e-01	   2.6185447007465457e-01	   5.3226415768568042e-02	  -1.9076916813186362e-01	   1.7718272517808376e-01	   1.9795525878678755e-01	   9.5199818413791333e-03	  -2.4337700724743176e-02	   3.9216879198508720e-01	   3.5130666620092521e-01	   4.9832632827051226e-01	   3.8924093236795726e-01	   4.7113912435649979e-01	   2.8145837676872942e-01	   2.1805924640901680e-01	   1.7059080630331031e-01	   3.4977426250534727e-01	   3.2662124567493755e-01	   4.7252617341782477e-01	   4.5619864646071234e-01	   4.0034057377845211e-01	   2.6904950525074922e-01	   4.3292780375228579e-01	   2.7356800214335991e-01	   7.6753684991817450e-02	   1.7022649531728598e-01	   2.4933999971503118e-01	   3.2282303556311448e-01	   1.7765286507468364e-01	   2.9451944958167953e-01	   4.0379210413978595e-01	   4.2619354987091057e-01	   3.2087703189779004e-01	   2.2721155480106248e-01	   1.9325661347178358e-01	   9.2320483365895212e-02	
   5.5225755327200443e-01	   1.9453373337863752e-01	   9.2181993289121716e-02	   3.6556853497017100e-01	   1.5376398895298082e-01	   3.5243664358465099e-01	   4.2860557355266315e-01	   5.6915048508989463e-01	   2.3142065481919480e-01	   2.1902599903761252e-01	   0.0000000000000000e+00	   6.7692170510691807e-01	   7.9247203825786505e-01	   7.2220132714440610e-01	   6.8287528446586920e-01	   5.0890493660437686e-01	   3.3340583386098466e-01	   8.6754672506970554e-02	   4.5226642154419783e-01	   2.5104768311377074e-01	   4.4332401428544999e-01	   4.0908019765732073e-01	   4.8194132017195845e-01	   4.5846541576543931e-01	  -7.1829349691603286e-03	   1.1581191135733473e-01	   4.2886659346081912e-01	   4.8597234311633536e-01	   4.0475109468775794e-01	   4.3911562946448220e-02	   1.7730825447329551e-01	   1.9271636896731817e-01	   9.4765377570325049e-02	   1.7931246312838375e-01	  -2.0768201818776200e-01	  -2.3727958264141188e-02	  -1.2261347696939653e-01	  -8.3250049491917832e-02	  -7.9798298456318653e-02	  -2.7768284193920750e-01	  -1.8035748118382838e-01	  -1.9347276684152387e-01	   1.1547191173535279e-01	   8.8855618041548151e-02	  -6.0227341255361860e-02	  -4.1807914234090714e-02	   9.2088849894530533e-02	   9.7967834752199279e-02	   2.5223538578659477e-01	   2.5423758225288878e-01	   1.6682639361370349e-01	   3.7937337970059426e-01	   2.1243603522137550e-01	   4.3014745194273796e-01	   1.7926556465878412e-02	   7.1145694325842376e-02	   7.0852340276339243e-02	   1.1026846859890194e-01	   4.1113695154145974e-01	   3.8095768423270354e-01	   3.7545888259311133e-01	   3.9050951841197779e-01	   1.6189247812202079e-01	   2.4034518799533838e-01	   6.1801310327956403e-02	   1.5402515177839943e-01	   3.2568801865221805e-02	   1.4016641965694165e-01	   2.8506129581652284e-01	   1.8409743951075291e-01	   4.3965099240809019e-01	   3.3804785750746258e-01	   4.0771828003115684e-01	   1.7384114467710457e-01	   2.2518357161942526e-01	  -7.4378077999319309e-02	   2.3252702475677273e-01	   8.6457227408736348e-02	  -1.2748403341197723e-01	  -4.7559093082223183e-02	   2.0444790279734426e-01	   5.2598249132479291e-02	   6.2591223128016216e-01	   2.6688532398279733e-02	   1.7307156988551925e-01	   3.5318524963599074e-01	   1.9627330517643835e-01	  -1.7773546952682531e-01	  -7.8967211685454619e-02	   3.1070053275846687e-01	   2.8415395134453647e-01	   4.2528126145579992e-01	   3.7589612087889807e-01	   4.4197018302020807e-01	   1.2916790913383885e-01	   4.2580114632679205e-03	   1.0674009269245818e-01	   2.5945371236133319e-01	   7.5495660728842701e-02	   3.6988875817209294e-01	   1.8137439737377620e-01	   2.5323668168376290e-01	   1.4983881923314304e-01	   4.0726512508660390e-01	   4.0659579250031619e-01	   1.8099598677189399e-01	   2.9240055007853416e-01	   2.0715864409571649e-01	  -1.2355478364056809e-01	  -4.0213647926074569e-02	   9.7089587250662968e-02	   1.2860804352121880e-01	   1.2489264618443779e-01	   3.2176968186246280e-01	   4.7967958147234435e-01	  -1.2446323293862679e-01	
   4.7689139638447697e-01	   4.2594202878054621e-01	   1.7097928945693150e-01	   4.6458019986220622e-01	   2.1709195893428179e-01	   1.7924649687732636e-01	   1.5143863863056711e-01	   3.5202445057500453e-01	   9.0184581607991088e-02	  -9.4394685941624881e-02	   6.7692170510691807e-01	   0.0000000000000000e+00	   3.7266406989251433e-01	   7.1238497488680474e-01	   2.3704187584595263e-01	   4.0143673320540740e-01	   1.6287635147677684e-01	   1.2283748942196156e-01	   3.4294767568985757e-01	   3.8684866436861709e-01	   4.9402742483784640e-01	   3.8009277220959253e-01	   4.0750457893049508e-01	   6.8911807908615041e-01	   1.8390775780494228e-01	   2.5879417018330708e-01	   4.7059399697435389e-01	   4.3999945379182193e-01	   2.0455832469981863e-01	   1.1210377780353439e-01	   3.4930181963534601e-01	   4.4694577761791343e-01	   1.8078353064276140e-01	   1.7884455360524645e-01	  -3.0769494249333416e-02	  -3.9633136072952699e-02	  -2.1589508015804043e-01	  -1.0027647400921059e-01	  -6.4522240824919114e-02	  -2.6013964994997862e-01	  -1.8158094740972619e-01	  -1.6581269597567461e-01	   3.5922618975115853e-03	  -9.7503158921502853e-02	  -1.5041711976192290e-01	  -9.3288760146712418e-02	  -1.4893485277089821e-01	  -1.5583972809104402e-01	   2.1857316007481273e-01	   1.6659506981511554e-01	   1.9566533105833456e-01	   3.6389289813527009e-01	   1.4337219143586644e-01	   1.9804901690686835e-01	  -1.2366079110851979e-02	  -1.0543786300868435e-01	   3.1094589626599445e-01	   3.7333375053212092e-01	   2.9440286061043092e-01	   2.6093840685636260e-01	   6.0912891987800061e-02	   2.5338231401274658e-01	   8.9240443575120551e-02	   2.4463247339070388e-01	  -1.2546720489257893e-01	   1.2269754742174105e-01	   1.4655786029508894e-01	   1.2183732813571009e-01	   4.3256726084623576e-01	   3.6316841777466280e-01	   4.4273265748846835e-01	   5.9279792100735396e-01	   2.8171090453665693e-01	   2.2733261033148244e-01	   2.0379585794359645e-01	   6.7245757121896968e-02	   1.4580994043042450e-01	   2.4022089807179170e-01	  -1.5849597809774613e-01	  -1.2972691473371412e-01	   1.7046479261362718e-01	   7.3323267659841207e-02	   2.8473436964196502e-01	   2.1395986537068196e-01	   1.2634484583718095e-01	   3.3881113496134641e-01	  -2.5998769443204540e-02	  -1.4630454092885781e-01	  -2.7222194966924629e-01	   1.2541734851378589e-01	   9.3679186242535711e-02	  -6.2216255871079778e-04	   1.8007579572006527e-01	   8.7311004459047353e-02	   1.3679888657084793e-01	  -4.5256648312052547e-02	   1.3877920483231052e-01	   1.3068964248674436e-01	   1.9894338997303408e-02	   4.8469018059483282e-02	   4.3958240932163106e-02	  -7.1126674666704609e-02	  -5.4188759562141739e-02	   1.1498870258493435e-01	   2.9223445382549784e-01	   8.2197066431472805e-03	   1.6689268856553735e-01	  -5.3527529165728283e-02	  -3.5709162498418578e-01	  -6.4744925023959260e-02	   1.0790624065131585e-01	  -4.3285723497114167e-02	  -3.1185706781405878e-02	   1.7483519950181481e-01	   3.5475098622473666e-01	  -1.9438756152546072e-01	
   4.5793713835617089e-01	   9.2006843132015140e-03	   3.8867752075604507e-02	   1.8425908874798488e-01	   4.9427386983338539e-02	   2.9987098265408874e-01	   5.5114573116880217e-01	   6.3245756327932989e-01	   3.6018136171014237e-01	   3.9206743747062012e-01	   7.9247203825786505e-01	   3.7266406989251433e-01	   0.0000000000000000e+00	   6.9586842574071006e-01	   8.0726330807655566e-01	   4.5584446955039848e-01	   3.0682418403399692e-01	   3.8421431682014538e-03	   3.3029901042172172e-01	   6.1261338104436756e-02	   2.7863182484763299e-01	   3.8914802081560945e-01	   2.4929964779126101e-01	   1.5003120444193796e-01	  -2.0713374257491970e-01	  -9.2960282431909513e-02	   2.0094276416742735e-01	   2.6924282591653637e-01	   4.2637221741307108e-01	   8.0743345559152219e-02	   4.2284760955080963e-02	   5.0832660573673263e-02	   1.8088540637730960e-01	   2.3351570061721211e-01	  -2.3212891127737845e-01	  -4.5844380520374255e-02	  -3.2858316835208440e-03	  -7.9765646397787951e-02	  -8.6179117258153456e-02	  -2.3044188790922146e-01	  -1.5035830262433764e-01	  -1.7808257157641899e-01	   1.2833621083259578e-01	   1.2843519947420751e-01	   2.4543443308535487e-02	   6.9224292912201495e-03	   2.1973928015285618e-01	   1.0729514027676870e-01	   2.7172627494527057e-01	   1.3029882894470735e-01	   9.9337033081583870e-02	   1.9374199378484230e-01	   1.5494561066368018e-01	   3.3031960417720341e-01	   1.1913578049628236e-01	   6.5441529940510765e-02	  -8.7326988501113534e-02	  -7.4723300952384983e-02	   4.8519924243358192e-01	   3.1004983048302459e-01	   6.8340597215940480e-01	   4.7959486334542833e-01	   2.0414376790684685e-01	   2.7386341702438255e-01	   1.0797538774464739e-01	   7.4338818533416812e-02	  -6.5972060301468974e-02	   1.4532331537118519e-02	   7.0644718481658514e-02	  -2.5883503144315839e-02	   2.7380757113564752e-01	   1.1571964831580636e-01	   3.4448325754774028e-01	   1.0590105617952386e-01	   1.7735401473791423e-01	  -1.4471025478882041e-01	   2.6734201236559191e-01	   9.8942038254662915e-03	  -7.0102617994746874e-02	  -5.1563917781193734e-03	   5.9432021384614578e-02	   1.7832818481457690e-02	   5.0622302793218699e-01	  -1.4537062892762281e-01	  -1.8134727486555698e-02	   2.0945899771722248e-01	   1.9669027096326488e-01	  -2.0847992265768961e-01	   9.5174773571754329e-02	   2.8071328855992383e-01	   3.0458711068537681e-01	   4.6419041876779493e-01	   2.8378122710193177e-01	   4.2632675577512857e-01	   1.8579410013786110e-01	  -1.0053854502508071e-01	   1.8206535483759684e-01	   1.5745995761626114e-01	   1.4635574098063250e-01	   3.8042103355266776e-01	   2.2527499011839169e-01	   3.7655185370632493e-01	   2.0457260865543669e-01	   4.1008018114630951e-01	   3.8688793950380168e-01	   2.3780199168978439e-01	   1.9541519289749959e-01	   1.9937648951551262e-01	  -9.6846704079078305e-02	   2.9505515259412078e-02	   1.4185248480163881e-01	   2.3317949097234875e-01	   2.1162867042486311e-01	   3.5174867915733155e-01	   4.4607469806091538e-01	  -2.4141660365133544e-02	
