   0.0000000000000000e+00	   4.1509070486065619e-01	   2.0535320768551790e-01	  -7.4569543649806946e-02	   3.3850755713137337e-01	   5.4459836365336523e-02	   2.3975859002153763e-01	   1.3530134588920475e-01	   2.4717401416175788e-01	   1.9017203521871948e-01	   6.5110476236015891e-01	   3.6377740317326446e-01	   5.0257455626482495e-01	   4.3743123693159075e-01	   4.3631460772413688e-01	   4.6414265251389880e-01	   4.9847772614879476e-01	   3.4411544531173854e-01	   3.4395761490699950e-01	   3.7557972009447360e-01	   2.6605691230979073e-01	   1.6422229634619373e-01	   1.5786616990571209e-01	   9.0679236835897153e-02	   2.2842653397532900e-01	   5.7289116242365296e-02	   4.0119103548014157e-01	   3.6473287146488720e-01	   2.7167269052320336e-01	   2.5927893956245723e-01	   1.4611534584054608e-01	   7.6278418079972460e-02	   2.6797118982646739e-01	   2.0701378359490299e-01	   2.0289640978108200e-02	  -8.1424283780767284e-02	   2.5882152600894587e-01	   2.8736581726005650e-01	   2.4003398990405178e-01	   2.2300375450137172e-01	   9.5776455230923527e-02	   2.3224205110577090e-01	   8.7839310869488915e-02	  -4.5392742909374104e-02	  -4.7701791689498139e-02	  -4.5634447339537171e-02	   6.6407372279798454e-02	  -2.7411783198887520e-02	   8.0094912409506294e-02	   4.9184001132694971e-02	   3.7102622159790777e-01	   1.6142093778336311e-01	   4.2777527419055156e-01	   1.4363966292705921e-01	   4.0842670069025866e-01	   1.4789586288145076e-01	   6.9535850284579181e-01	   3.3238559787121769e-01	   4.5130304565828278e-01	   1.7043178027998443e-01	   5.0216208253706518e-01	   1.8768263313508060e-01	   5.0561166195435714e-01	   2.6912566972615815e-01	   3.9367106101997687e-02	   5.9718279099419534e-02	   2.8427682075861860e-01	   6.3927165468525851e-02	   4.2316670538966794e-01	   3.9663123248950649e-01	   1.0855048143210586e-01	   1.1024962971362441e-01	   2.7225400770648828e-01	   1.7949321113531930e-01	   2.2712336101516628e-01	  -2.2344072574717001e-03	   2.0067406393086296e-01	  -3.9921210589568736e-03	   3.8310482589141559e-01	   3.0571076368131733e-01	   4.3695267598639526e-01	   3.3951604002486802e-01	   3.5161940739626341e-01	   3.1108586766866908e-01	   2.9991967663999758e-01	   2.0153909347781629e-01	   2.2692413074660195e-01	   1.3652238005733253e-01	   3.5854345614608990e-01	   3.4678858488947706e-01	   6.9762435371099663e-02	   2.5022432690874108e-01	   1.1963700505808125e-01	   2.9276142791797588e-01	   3.0678489633112965e-01	   4.0109959565725217e-01	   1.8981807329839412e-01	   3.1161733556507082e-01	   1.2088417322902904e-01	   2.5714379294447925e-01	   1.1567248362721579e-01	   5.5503070271766353e-01	   7.4924468497571867e-02	   4.6162259194483135e-01	   1.0556550226112367e-01	   2.1949548279934869e-01	   1.2776664401138646e-01	   1.8984601389193534e-01	   3.1896458557806429e-02	   1.7669382614853191e-01	   1.2338831821892714e-01	   8.8241694032734810e-02	   2.0383335542246589e-01	   2.8978670625360731e-01	   1.4551685928637081e-01	   2.8449637867235172e-01	
   4.1509070486065619e-01	   0.0000000000000000e+00	  -1.1200192363279300e-01	  -1.7554980476611562e-01	   6.8081804373433460e-02	   1.6721357063904044e-02	  -1.6807381842475017e-01	  -6.2502738288393840e-03	   8.0939504046686303e-02	   2.0225061958782564e-01	   1.2037023057663358e-01	   3.5956354095834470e-01	   3.3863477539828268e-02	   1.8142454409488701e-01	   1.1732918938203252e-01	   1.8327337005099714e-01	   2.6523710952974172e-01	   4.7197463042250254e-01	   1.0333892017349448e-01	   5.6315851790045179e-01	   3.7299303330480614e-02	   1.4584231888270607e-01	  -4.2549713862192792e-02	  -6.6160093885977336e-02	  -2.2108707608062456e-02	  -1.4173687682595054e-01	   2.7186538967933403e-02	   5.1568871884333366e-02	   2.7301591242572709e-01	   2.9332706068192005e-01	  -3.4028143761246722e-02	  -5.2578198179600188e-02	  -6.8775665939727601e-02	   6.0084966223415331e-02	  -9.1604232601137522e-02	  -1.1701661529546384e-01	   1.2609872242840986e-01	   1.6772356653312043e-01	   4.9074864012696007e-02	   1.9259152642094213e-01	  -1.1827154966794397e-01	   1.4420846587893621e-01	   3.4557581003051951e-01	   4.7229073870438754e-01	   2.5180707145514447e-01	   3.6739772803932436e-01	   4.0874995629129979e-01	   3.9941350524211938e-01	   3.9769465056501563e-01	   5.5674188480819231e-01	   3.3085422830917927e-01	   5.9977435021256631e-01	   4.9675834728910995e-01	   2.6982003612110228e-01	   2.2569976473771697e-01	   4.4421869210685272e-01	   5.9470217831287986e-01	   5.2058347605226130e-01	  -1.0246508866498158e-01	   1.7900884298113989e-01	  -1.7472047283299895e-02	   1.7152427918071383e-01	  -4.0658581646252717e-02	   2.3262153482078674e-01	  -2.6789178947059428e-01	  -9.5789265015563479e-02	  -1.7736087962974645e-01	   1.0424487534609500e-03	   3.9605232275581392e-01	   3.8857982430062210e-01	   1.8228102467675793e-02	   2.2857699370254447e-01	   2.9157686597729338e-01	   3.3141196874408230e-01	   2.7542035621046657e-01	   2.1270550406039287e-01	   1.9130832447748147e-01	   3.2822765466451909e-01	   2.3045081220956418e-01	   1.3979231193125785e-01	   3.1339223317255271e-01	   2.0718267390635783e-01	   2.5632168400097144e-01	   2.9837242376848599e-01	   1.3904062990313887e-01	  -1.7424286915011467e-02	   4.0327192610540508e-01	   9.8599271612215572e-02	   8.8661472965781210e-03	   2.5919895115621855e-01	  -1.9434820088852114e-03	  -4.9723058013641963e-02	  -9.7843459353628787e-02	  -2.7646838253148308e-02	   1.6822477912893616e-01	   2.6103874695709722e-01	   2.6401370973192079e-01	   3.8705649430724698e-01	   4.6237372427651846e-01	   3.2975764912026667e-01	   1.6850813838660716e-01	   9.0227514182463622e-02	   3.1634959063960066e-01	   3.3184463680261850e-01	   1.7287647490988511e-01	   2.8977532660154091e-02	   3.4114389881106982e-01	   6.2808905967023501e-02	   1.6765789895469976e-01	   8.3281143785859185e-02	   3.8177044648076952e-01	   4.5542488331920089e-01	   3.9011014617396594e-01	   4.0161292603159049e-01	   2.0389391376781041e-01	   1.9189852271009136e-01	
   2.0535320768551790e-01	  -1.1200192363279300e-01	   0.0000000000000000e+00	   7.0353883305498344e-01	   8.2872735396144948e-01	   4.5562323780507308e-01	   8.6768658847737523e-01	   5.1968899705832849e-01	   7.2917148697649958e-01	   3.4994093254386821e-01	   4.1171899885983332e-01	  -1.1967545933289453e-01	   5.5038135691444268e-01	   1.9952266634253008e-01	   6.6197015214573107e-01	   3.4358166533524026e-01	   1.2489699186903941e-01	   4.1544796855162124e-02	   7.2457823698772361e-01	   4.0029220544179844e-01	   4.4462402850340288e-01	   2.8994108326547713e-01	   8.5372892653735488e-01	   6.6536794268593236e-01	   6.6293614762394493e-01	   5.4760416444194970e-01	   4.2480160517049176e-01	   2.7983333386526810e-01	   2.2341365023289828e-01	   1.1501971692028222e-01	   5.6696962372626269e-01	   4.5968891283918056e-01	   6.3305982662630300e-01	   3.8996605160021014e-01	   5.8612541127580220e-01	   4.0691671698560461e-01	   3.2002524075857575e-01	   3.5800464190499165e-01	   4.9859226308909899e-01	   2.6729619270017535e-01	   2.4380476101427950e-01	   3.4908101341820202e-01	   3.5473695096071500e-01	   1.2494665780014391e-01	   2.9604266816687547e-01	   1.8534076925234738e-01	   2.0843156155847858e-01	   3.3257845271864783e-01	   2.0965087118341952e-01	   4.8525194395145466e-02	   5.0443215461213164e-01	   1.7231139697253067e-01	   3.8308316440386525e-01	   6.0563722156766597e-01	   5.1859461405429585e-01	   3.2045487578683274e-01	  -1.6802239915326574e-03	  -1.7292885441220091e-01	   4.4433765447906948e-01	   7.5162609706862074e-02	   2.9632820211141503e-01	  -1.4631877116146309e-02	   1.7169023368390873e-01	  -1.0227996457695847e-01	   7.6009107327051006e-01	   3.7677685675276035e-01	   7.1500840627670703e-01	   4.2776583227650666e-01	   3.8367210083073328e-01	   4.4191754976510028e-01	   5.2191637704090699e-01	   3.8951162244874815e-01	   4.1834590137672523e-01	   2.4962322310583646e-01	   2.8408971630664009e-01	   4.5802562297656849e-02	   3.6588259910916465e-01	   1.5364072541543797e-01	   2.5510749298835678e-01	   3.0634753997020631e-01	   2.3153804312303666e-01	   2.9527259734009415e-01	   6.5297408135451329e-01	   3.9447986939361407e-01	   6.4670315951220914e-01	   5.1355586669457143e-01	   3.5708119861116772e-01	   4.1536071843409639e-01	   6.6379780182507719e-01	   6.1521029780997072e-01	   6.3958914523093657e-01	   7.7120688910881430e-01	   5.8645182828468589e-01	   7.4745681138806852e-01	   3.3805162743939421e-01	   1.9628608007202714e-01	   4.8024012491174062e-01	   3.3595154811484340e-01	   3.1356472654172041e-01	   5.4878809435411258e-01	   4.8613917561951731e-01	   5.5538488130786345e-01	   3.8125215303262050e-01	   4.2097083897188925e-01	  -4.1348765977790886e-02	   4.8498616218121529e-02	   2.4924597896862755e-01	   4.1841260155300425e-01	  -4.8136077569526543e-03	  -9.8620200130053765e-02	   3.9574478000926255e-01	   2.7659494011319163e-01	   3.8222953691014616e-01	   3.2834367018050670e-01	   3.8849707871433464e-01	   2.3302329294879597e-02	
  -7.4569543649806946e-02	  -1.7554980476611562e-01	   7.0353883305498344e-01	   0.0000000000000000e+00	   5.4290162132678410e-01	   5.4041676471916045e-01	   6.3357143811553462e-01	   6.8524657087833707e-01	   5.1162555015712197e-01	   3.7112357023848136e-01	   1.8894350214559187e-02	  -1.0213778198287465e-01	   1.4691162011834014e-01	   1.8392708507099703e-01	   3.2955435781957099e-01	   3.4718869793936730e-01	  -6.1741355022797817e-02	  -1.3077138285155124e-01	   5.6500331968981643e-01	   3.7724743750432088e-01	   5.1747600204070698e-01	   4.4903480783857241e-01	   7.2259468301485752e-01	   7.8625426974914481e-01	   6.2163349031564918e-01	   6.3079907175729333e-01	   3.2636558057675125e-01	   3.3813512599339191e-01	   1.0564299937301065e-01	   4.2130844997829910e-02	   6.0230097733735044e-01	   5.4888813047817486e-01	   4.9209132459882154e-01	   3.8706907875765639e-01	   5.9593866867399448e-01	   6.0557673228546061e-01	   1.9844869760586115e-01	   2.8161666177535571e-01	   2.4411358329560148e-01	   1.8422848403605871e-01	   1.9896763072394394e-01	   3.2321785877155440e-01	   4.2006391945602672e-01	   2.3128911334083713e-01	   3.6826025176207067e-01	   3.3217870434784114e-01	   2.5960157443873139e-01	   4.1168548558650253e-01	   1.9017879234295348e-01	   1.2254238510802407e-01	   2.8423500285553926e-01	   1.7826965965784991e-01	   2.4769136251076840e-01	   5.0009975174937815e-01	   3.4208124724334288e-01	   2.7714395801078423e-01	  -1.0889257116607115e-01	  -3.2730256752781539e-01	   1.6676219636905878e-01	   1.0061163882334573e-01	   1.5223058193751530e-02	   1.3871128659934211e-02	  -8.8144749297096786e-02	  -3.1875644867108899e-01	   6.1396398013573461e-01	   4.7816084015043686e-01	   5.9257540086397165e-01	   6.5902616181074869e-01	   3.4399104931684910e-01	   3.7377702843709826e-01	   4.0777349378329319e-01	   3.5907170186046544e-01	   3.3549412037925008e-01	   1.8681605102014781e-01	   2.3413297175319414e-01	   9.0752860688328552e-02	   2.5431434662193608e-01	   1.9312808540252643e-01	   1.5109358427523961e-01	   2.1079139915506639e-01	   1.7591799380629858e-01	   2.9728005373417543e-01	   4.2929583871087518e-01	   3.3059979968865572e-01	   5.0545815518779003e-01	   6.3134168875057917e-01	   2.3664554523159714e-01	   4.4312931305876130e-01	   4.5314832758009549e-01	   5.7660952181994629e-01	   7.5389989891803721e-01	   7.0770594588709734e-01	   7.0859110613715326e-01	   6.1966417435804422e-01	   2.1342634729321630e-01	   1.8407033371772813e-01	   4.1493955038170188e-01	   3.3543813785282117e-01	   3.6250176096100767e-01	   5.1837016967199900e-01	   5.4033483477939448e-01	   4.3824871049634573e-01	   4.1379514283582169e-01	   3.6244734135838053e-01	   1.2779892536124812e-01	  -1.8188042107395420e-02	   1.9405719445620784e-01	   4.0649370740366891e-01	  -1.0367100507958057e-01	  -9.1622599617929651e-02	   3.6865609450748088e-01	   2.8390230320712068e-01	   3.4184022953785215e-01	   2.1364782495126081e-01	   3.4552491679472447e-01	  -1.0297998037329559e-01	
   3.3850755713137337e-01	   6.8081804373433460e-02	   8.2872735396144948e-01	   5.4290162132678410e-01	   0.0000000000000000e+00	   6.7242437981762304e-01	   7.4560202583640223e-01	   5.5984409338658825e-01	   8.4342483681508118e-01	   5.4785123386489665e-01	   4.7062424435764438e-01	   1.1303116378989922e-01	   6.2122249609267643e-01	   3.5973433241018937e-01	   7.2020890215126676e-01	   5.1452060931412524e-01	   3.2238705001248813e-01	   2.6390948464256642e-01	   6.5939862582688180e-01	   5.1614119727484220e-01	   4.3731892843378989e-01	   3.1554939806518428e-01	   7.7373033134106517e-01	   6.3563502210001821e-01	   7.0018897597440932e-01	   6.2770887020512300e-01	   4.7453179634900389e-01	   4.7354238357954859e-01	   4.4822618422715743e-01	   3.2313808469864130e-01	   5.8344035062727218e-01	   4.8222522080899777e-01	   5.1839990284215531e-01	   4.3200541497863654e-01	   4.3337894177054398e-01	   2.5047047110996173e-01	   3.7072947346396845e-01	   3.8226794212649051e-01	   5.5727304799951394e-01	   3.9639560275929570e-01	   8.6896725140250375e-02	   3.3316040483003939e-01	   4.6499910761450425e-01	   2.5318277820693957e-01	   3.3563825732074909e-01	   2.9603132243279812e-01	   3.6858428523239850e-01	   3.7024387556792698e-01	   2.4210217415315566e-01	   1.8600645546710048e-01	   4.5925439139606639e-01	   2.8652211841786035e-01	   5.5467830996008693e-01	   5.7651258462921429e-01	   5.9868928693744050e-01	   4.5467861568671697e-01	   2.0762613839832972e-01	  -2.5040193801176325e-02	   3.9424556298499891e-01	   1.5248728938832587e-01	   3.2494012625857638e-01	   9.2826622045479590e-02	   1.7694747679767983e-01	   2.7142662558803987e-02	   6.1290708693242135e-01	   3.7748953152370313e-01	   5.0384846386065951e-01	   3.0114559381171602e-01	   3.5460037657156851e-01	   3.7598272502638319e-01	   3.1788558750040330e-01	   3.4031263601817041e-01	   4.4445117256660949e-01	   3.1467466054910459e-01	   2.6530017527351174e-01	   6.3735681550759218e-02	   3.0039285272196536e-01	   1.7677007059681782e-01	   4.8531455802031309e-01	   4.5819577888037988e-01	   4.3393415375371669e-01	   3.9658202671872211e-01	   7.1279571005353148e-01	   5.7291812728223879e-01	   6.7773236568752071e-01	   4.7922543907607573e-01	   4.4260977323047634e-01	   4.6877900088115365e-01	   6.2497712437982089e-01	   6.4062587696257700e-01	   5.3024304103114939e-01	   6.8103867584787425e-01	   4.9481438680724277e-01	   6.5355171452327743e-01	   5.0235516209679165e-01	   4.2752071747809256e-01	   5.6744240137136859e-01	   4.2118507431616348e-01	   4.5045089923454878e-01	   6.1202509856387588e-01	   4.9363512690925437e-01	   5.3670716224687542e-01	   3.9861058445032860e-01	   4.7245262374302099e-01	  -8.1655209480204338e-03	  -8.7800677903049767e-02	   2.8368026216116304e-01	   3.8449005575252837e-01	  -6.5477849686126979e-02	  -6.6213141497924760e-02	   3.9239325089289812e-01	   3.0924924163103407e-01	   3.9730366511936155e-01	   4.0178949136238262e-01	   4.3143126949214194e-01	   1.1275710929780156e-01	
   5.4459836365336523e-02	   1.6721357063904044e-02	   4.5562323780507308e-01	   5.4041676471916045e-01	   6.7242437981762304e-01	   0.0000000000000000e+00	   4.5111565900384165e-01	   7.2933869728020784e-01	   5.8405025909125063e-01	   7.7950410780365564e-01	   8.5340679179823895e-02	   2.8022575432173008e-01	   3.0511315553797080e-01	   3.1874920405437313e-01	   3.5988771348324600e-01	   5.1750788692108163e-01	   1.2782123668579748e-01	   1.8936904369426250e-01	   4.0403432783510840e-01	   4.4837065757071615e-01	   4.9554228711742704e-01	   4.3714529139105829e-01	   4.9663743897799395e-01	   6.0393594763459335e-01	   5.4051351259500890e-01	   7.2804796888887879e-01	   3.8617557011055381e-01	   6.3195603733810435e-01	   2.8009941513752634e-01	   3.4838488535215634e-01	   5.7719495540950416e-01	   5.6661638749264420e-01	   4.0042677940737131e-01	   4.6552755371026272e-01	   4.5697702992981176e-01	   3.5781233968447079e-01	   1.7546204342279198e-01	   2.9271234077518971e-01	   3.2154346869944411e-01	   1.9455630756509867e-01	   2.5612254361447190e-01	   3.6866732083078568e-01	   5.4789895285901102e-01	   4.5014404003691177e-01	   4.3914041130659132e-01	   4.6175722549486209e-01	   5.2460268985510750e-01	   4.5640537464243214e-01	   3.4349099653274756e-01	   2.6548900643189838e-01	   3.1635008632642120e-01	   2.0992603508902574e-01	   4.2475520862640104e-01	   2.0620222965273372e-01	   4.6746360451787267e-01	   3.6536305455197104e-01	   1.9484361922210275e-01	  -5.4896964795724451e-02	   3.3599695991344386e-01	   1.7294408328234787e-01	   1.6060860703675733e-01	   2.3536677090890240e-01	  -1.0980099806599028e-01	   1.2042500666712915e-02	   3.6370792870739443e-01	   4.0725200901332625e-01	   3.4295164957637547e-01	   3.6099075817707560e-01	   1.7830729374866444e-01	   2.3580721917842551e-01	   1.2029669162987194e-01	   3.4840507791430630e-01	   3.9039312291142980e-01	   3.3630289553429604e-01	   2.7528538884688414e-01	   2.8952095449044613e-01	   2.7119645962420308e-01	   1.8203189232134886e-01	   3.6818897162944775e-01	   3.2944595007610500e-01	   2.3007729787967690e-01	   2.1541603591853326e-01	   4.2548128384502831e-01	   4.2940096270281014e-01	   3.5815116064240754e-01	   3.1294745504283411e-01	   3.8518088245576665e-01	   2.8330528046814490e-01	   3.1841446413022445e-01	   3.8904256191343739e-01	   4.6349457224867252e-01	   3.7444673549230961e-01	   4.5320306007397088e-01	   3.2309318671610809e-01	   1.9329955238284971e-01	   2.4439545239756180e-01	   4.6930744834429960e-01	   2.8835156397508754e-01	   5.4176579072872788e-01	   4.8483186414561996e-01	   4.5068692255748655e-01	   2.8122796729368049e-01	   3.0410699041634337e-01	   3.7213461880520882e-01	   1.3588714421423187e-01	  -1.1151803409660721e-01	   3.0461968939407696e-01	   3.2518889500600379e-01	  -8.9345663949960075e-02	   2.4353600000839051e-02	   3.4661993725915302e-01	   2.9988149382303014e-01	   2.2738361664826870e-01	   2.6035807093838281e-01	   4.2667757170327258e-01	   7.4293519334148184e-02	
   2.3975859002153763e-01	  -1.6807381842475017e-01	   8.6768658847737523e-01	   6.3357143811553462e-01	   7.4560202583640223e-01	   4.5111565900384165e-01	   0.0000000000000000e+00	   6.4344258794340570e-01	   7.8976072478903270e-01	   4.6542170069467959e-01	   3.3917231896893335e-01	   9.1851045149192630e-03	   5.3811895160853196e-01	   2.2828538747514693e-01	   5.9129050986524456e-01	   3.6194989281819961e-01	   1.8960639571100731e-02	  -5.8111262945103569e-02	   7.6073992797764922e-01	   3.7690465283001640e-01	   2.2624328497430368e-01	   8.5932615309274249e-02	   6.8102980032710514e-01	   5.3585009486614388e-01	   3.9113692476162720e-01	   3.8170186675838053e-01	   3.5548049278016169e-01	   2.6042353534407714e-01	   5.2682420141626211e-02	   3.5345686749106500e-02	   3.8116310718858659e-01	   2.8484363439904814e-01	   5.1933597287150168e-01	   3.1169187654733926e-01	   3.2792630508083603e-01	   1.9745810328009308e-01	  -2.5484995702039315e-02	   1.0918540170837154e-01	   2.6550532061044069e-01	   2.9355010655546963e-03	   2.0778429208113858e-01	   1.9580080029820679e-01	   8.6167934915643687e-02	  -7.2816907221965932e-02	   6.1945681081849245e-02	  -3.0550071139072172e-03	  -3.8638246525745934e-02	   1.0183989676111344e-01	  -1.6706412512146978e-02	  -1.5566640919830976e-01	   2.9137947658278851e-01	   2.0366326696103679e-02	   1.8190911695589745e-01	   5.1293340957970690e-01	   2.6856179409349962e-01	   9.8448479664127592e-02	   1.6071237183714435e-02	  -1.9589438610490287e-01	   4.9781866192680696e-01	   7.8909377594079955e-02	   4.4138802917864645e-01	   1.2347981014734530e-01	   1.9289753957497185e-01	   1.9331796262138476e-02	   7.6394822793689854e-01	   4.2685094977654198e-01	   5.5560434325082020e-01	   2.6406703601481901e-01	   2.4094676922189368e-01	   3.7082054889388955e-01	   3.1445362030856855e-01	   3.4795885791012299e-01	   2.8620188671650015e-01	   1.7680188530343310e-01	   3.1479727657378326e-01	   9.4896774407272316e-02	   1.9496962306861954e-01	  -4.9840189998981627e-02	   1.3085755956408740e-01	   1.7057831927082018e-01	   7.5240256410177508e-02	   1.9647762329469670e-01	   4.0962375373853094e-01	   1.9621800643757631e-01	   4.5449540859394844e-01	   3.3110945646256207e-01	   1.0240486120020731e-01	   1.0100681696692466e-01	   6.0514069342277588e-01	   4.9820789933790388e-01	   6.4573654536035441e-01	   7.7327416403100568e-01	   6.8084384916403839e-01	   7.4562137181989707e-01	   1.1359569396039723e-01	   4.2846142521681174e-02	   2.1070271504564836e-01	   9.7564492915700560e-02	   2.1764183942776782e-01	   4.3469795565709679e-01	   5.6756318218198298e-01	   6.4523192827290365e-01	   3.4992677630223279e-01	   4.2536388232274674e-01	  -1.0588860373438280e-01	   1.5551324809286644e-03	   1.4019402085480581e-01	   3.7553664489825289e-01	  -7.4718348162258769e-03	  -7.2264326134918982e-02	   8.0974183530052743e-02	   1.0629901567203140e-01	   2.2536024445506342e-01	   2.5929596939901073e-01	   2.3767028387856654e-01	  -9.7575078797977541e-02	
   1.3530134588920475e-01	  -6.2502738288393840e-03	   5.1968899705832849e-01	   6.8524657087833707e-01	   5.5984409338658825e-01	   7.2933869728020784e-01	   6.4344258794340570e-01	   0.0000000000000000e+00	   5.7150034347948442e-01	   7.1692435174551428e-01	   2.4300452675760470e-01	   3.3439155209021520e-01	   4.0844091781609082e-01	   4.8320983984072852e-01	   3.9779114245552943e-01	   5.2552295785858849e-01	  -2.1728915657048181e-02	   2.0450700764417570e-03	   5.1356113983401963e-01	   4.3727252114181686e-01	   3.3049015290724376e-01	   2.3025535824616467e-01	   4.8441418065043373e-01	   6.3483499092499418e-01	   4.1250953855547995e-01	   5.3296233094957346e-01	   5.1919574602046870e-01	   6.2234862123679568e-01	   3.4191660324457848e-02	   1.4559439401788862e-01	   4.5702216816174790e-01	   4.8094138300164568e-01	   3.8907921696705838e-01	   4.8851407737553904e-01	   3.8612890872204425e-01	   3.7864663342125954e-01	  -2.4280248138865750e-02	   2.3425317041953911e-01	   1.9923285921398218e-01	   2.6623928497002101e-02	   3.2249390695237234e-01	   2.9438409725485137e-01	   2.7989009901295786e-01	   1.9267577488480961e-01	   1.8389429258741544e-01	   2.4466152618406911e-01	   2.1641940406864096e-01	   2.6307162181493793e-01	   9.4650497201275358e-02	  -4.2023788131523673e-02	   1.8810900607846232e-01	   2.8680198275387328e-02	   1.7922727269040645e-01	   1.6854579361756405e-01	   2.6371257231710943e-01	   9.4561178597761072e-02	   1.5345727657245553e-01	  -2.7336505458880234e-01	   3.1230289320859250e-01	   2.9573426389295700e-02	   4.1854962873689960e-01	   4.3634032807156653e-01	   2.3094478162500993e-02	   1.3667999928352689e-01	   5.7892726776769643e-01	   6.3626052592806426e-01	   3.5982018609209410e-01	   3.9404139307968961e-01	   2.6176763783444479e-01	   2.5523602138226315e-01	   1.2653325074605618e-01	   4.3431095849707541e-01	   3.4991865121844012e-01	   2.7189967158832989e-01	   4.6362263108481738e-01	   3.5315897713649885e-01	   2.3782370595564389e-01	   1.2185856842352508e-01	   1.4778135618786103e-01	   2.3242545569261691e-01	   9.4377093926394318e-02	   2.1026128161595287e-01	   2.5266474512738563e-01	   2.0031555449433225e-01	   3.8238993750605021e-01	   3.6550586416983644e-01	   1.9379303377773094e-01	   1.0918804781915309e-01	   4.6291368011250167e-01	   4.0633305394548114e-01	   5.7797360803947095e-01	   4.1463529312762448e-01	   6.3979364597333843e-01	   4.0541937898361591e-01	   3.5586172228191859e-03	   7.5727464955671883e-02	   2.4315922838289872e-01	   1.1042728113052591e-01	   4.0169262617885348e-01	   3.4062050899188612e-01	   4.9911815858316949e-01	   4.5310318038547837e-01	   2.9733140587959539e-01	   3.6658070910807927e-01	   5.3390376701671030e-02	   5.6523197260710992e-02	   1.5823146237769095e-01	   3.0682744128226525e-01	  -4.4697648369900235e-02	  -5.3911188563832528e-03	   1.8285568275249378e-01	   1.3441817028555789e-01	   1.4394047325278347e-01	   2.2910911278665624e-01	   4.0468773651109369e-01	   9.1698625399147804e-02	
   2.4717401416175788e-01	   8.0939504046686303e-02	   7.2917148697649958e-01	   5.1162555015712197e-01	   8.4342483681508118e-01	   5.8405025909125063e-01	   7.8976072478903270e-01	   5.7150034347948442e-01	   0.0000000000000000e+00	   6.4420299506580436e-01	   3.7238689987348272e-01	   1.3798711908094172e-01	   5.5258966258740294e-01	   2.9486195514962421e-01	   6.2575576938352184e-01	   4.8340215563084743e-01	   2.4935229175635987e-01	   2.4065922876187218e-01	   6.7479208383832845e-01	   4.8074158849932780e-01	   2.5860749354790946e-01	   2.2654373624257931e-01	   6.4155936848410344e-01	   5.3179457059663848e-01	   4.0030478438061440e-01	   3.6258273640281435e-01	   1.7380730024945898e-01	   2.4052625298800046e-01	   3.8747391930517683e-01	   3.2481028372898357e-01	   4.2622571246286278e-01	   3.3205005870997867e-01	   4.6499065695302511e-01	   3.5516746898968465e-01	   2.8151381587721108e-01	   9.1677967328490900e-02	   1.9353135239365971e-01	   2.5718271659478942e-01	   4.4800373644318292e-01	   2.4425319519615751e-01	   7.6836190072132285e-02	   2.4940893607358838e-01	   2.4322331393261748e-01	   9.0356455044583506e-02	   1.9980638788788757e-01	   1.5436246588076752e-01	   1.5382583994860927e-01	   1.9653708134684569e-01	   9.0673570861200703e-02	   1.3463665196649754e-01	   3.6044798770916497e-01	   2.8933729682703979e-01	   4.3084906911808069e-01	   6.2124500248421222e-01	   4.2392883404153059e-01	   3.7678330892086354e-01	   2.0097345850625542e-01	   1.6814109189186986e-02	   3.6137360817404107e-01	   2.3015763110305801e-01	   2.8302092898943210e-01	   9.9255403870003547e-02	   1.7425198555935942e-01	   4.1587982977821139e-02	   6.6598473196892016e-01	   3.7251482349841714e-01	   3.8805086241094811e-01	   1.9813103653928429e-01	   3.2833773647082132e-01	   3.3307525360052803e-01	   2.7807462505135300e-01	   3.8528101704726869e-01	   4.7005793558834058e-01	   2.8260904970789785e-01	   3.7961407550997484e-01	   1.1478832128108607e-01	   2.2343454773131655e-01	   1.2235857878559384e-01	   4.2399956360012991e-01	   3.9845343993583371e-01	   3.1979076341395551e-01	   3.4393414333790673e-01	   5.4409849277818800e-01	   4.2473845257256182e-01	   5.9710111914129904e-01	   4.2175499922399806e-01	   3.0341663459991369e-01	   2.6691178209131849e-01	   5.6249795263227198e-01	   6.3220814886034171e-01	   5.0754961660834053e-01	   6.5161384640739528e-01	   5.3436170887311296e-01	   6.5043656914030867e-01	   3.6771540936654895e-01	   3.4111274288535409e-01	   3.8748198550125934e-01	   3.1834845703387715e-01	   3.5232218323668285e-01	   5.2665920367498220e-01	   5.4356929143547383e-01	   5.4933607650617788e-01	   4.2283178295781582e-01	   4.3006110503546363e-01	  -8.6952917904883326e-02	  -2.1293565645581056e-01	   1.8351379274027499e-01	   2.5996803699752130e-01	  -7.5239122468902294e-03	  -3.6524092660911896e-02	   2.0093136330564659e-01	   2.1020714005458241e-01	   2.8572552972069243e-01	   3.2616949078714841e-01	   2.8721184909203645e-01	  -2.8791032706805379e-02	
   1.9017203521871948e-01	   2.0225061958782564e-01	   3.4994093254386821e-01	   3.7112357023848136e-01	   5.4785123386489665e-01	   7.7950410780365564e-01	   4.6542170069467959e-01	   7.1692435174551428e-01	   6.4420299506580436e-01	   0.0000000000000000e+00	   2.3890969223155847e-01	   4.1795653811201694e-01	   4.8620944955124179e-01	   4.7543590969115174e-01	   4.6840143247638327e-01	   6.1198932441740150e-01	   1.5069223461716758e-01	   2.9164874108652594e-01	   3.6472291953984221e-01	   4.2555100381638034e-01	   2.5733489780343244e-01	   1.8195670071263767e-01	   3.9807433087076333e-01	   4.9061479980185491e-01	   2.8824742167731165e-01	   3.6054671217334033e-01	   3.0413776172330620e-01	   4.6879771664679359e-01	   1.6475750170827841e-01	   3.3377084800610490e-01	   3.0081517307346600e-01	   3.1090338525700512e-01	   2.3528382162922673e-01	   4.0410997411082639e-01	   2.5601433701598036e-01	   1.4716342027888416e-01	   4.1396732771153279e-02	   2.8527634701756549e-01	   2.5030645775946309e-01	   1.2174174213664342e-01	   2.0604670793908619e-01	   2.5972673243606809e-01	   2.5714425303338168e-01	   1.8886174801523392e-01	   1.6375481127911173e-01	   2.0685948652514366e-01	   2.6528301758961176e-01	   2.0523753073806172e-01	   1.5656452539916296e-01	   1.3481164464710149e-01	   3.0362195285586530e-01	   1.9616149106914588e-01	   3.4783754744020068e-01	   2.1685450643322535e-01	   3.7292897375041473e-01	   2.3305042828349321e-01	   2.3647634325841732e-01	  -1.9768453371573718e-06	   3.2583062269746638e-01	   2.0069338773993639e-01	   4.0063970541209343e-01	   5.0148709306728723e-01	  -2.9855278118812514e-02	   1.6010472629544720e-01	   4.5232721186165348e-01	   5.7618491024711815e-01	   1.9995161380012313e-01	   2.1722439697536183e-01	   3.4319268215922233e-01	   3.5660523709673247e-01	   1.4735589252880517e-03	   3.4519344206091412e-01	   3.6325252211579895e-01	   3.1231096645643430e-01	   4.6710719122811661e-01	   2.8604110969415564e-01	   1.4858686727996226e-01	   4.9706075469218070e-02	   4.2258971535771300e-01	   4.1471181246559830e-01	   2.1048231749157320e-01	   2.2275303568620791e-01	   2.5110312088160658e-01	   2.7305957368195488e-01	   4.3147587498062118e-01	   2.6015950581505526e-01	   2.3665251523094338e-01	   6.7381721276583185e-03	   4.9672463288159174e-01	   4.8400966963479020e-01	   3.7463870293942281e-01	   2.8346188740960804e-01	   4.7984745443605081e-01	   3.2725210801576421e-01	   1.2981204924602435e-01	   2.6580541334801117e-01	   3.0032308993872375e-01	   1.2485777504181071e-01	   3.6411841130489608e-01	   2.9586483883689574e-01	   3.9742634841123659e-01	   3.7773590397350387e-01	   1.7852363826217932e-01	   2.4474971448520927e-01	  -5.3471673185895290e-02	  -1.5411998858661102e-01	   1.0933023642992555e-01	   1.3219465427298804e-01	  -9.4849339778964814e-02	  -3.9743030392851264e-02	   1.0055363857674877e-01	   1.2002664926902021e-01	   9.8616837863719067e-02	   2.0894614597133357e-01	   2.6508672661939758e-01	  -8.3009300194962273e-03	
   6.5110476236015891e-01	   1.2037023057663358e-01	   4.1171899885983332e-01	   1.8894350214559187e-02	   4.7062424435764438e-01	   8.5340679179823895e-02	   3.3917231896893335e-01	   2.4300452675760470e-01	   3.7238689987348272e-01	   2.3890969223155847e-01	   0.0000000000000000e+00	   2.5369628748181233e-01	   8.2195019460964291e-01	   5.5344626002316133e-01	   6.5206827791040445e-01	   5.0603549476362308e-01	   5.4720157264053881e-01	   3.9419562563252691e-01	   3.5940571530435439e-01	   2.3890395155532962e-01	   1.4961676686859154e-01	   3.5046465559044448e-02	   3.3205487813134887e-01	   2.5150069105923784e-01	   3.4198073912879945e-01	   1.4248114188240252e-01	   4.4094896970531511e-01	   3.1912460152195760e-01	   3.9351137757795546e-01	   4.0531246298376289e-01	   2.8734322729598283e-01	   2.7049315429194154e-01	   3.5585819607352087e-01	   3.1060225495948912e-01	   1.4677873318586496e-01	  -4.4576221737174003e-03	   4.0377914533076681e-01	   4.6357010713214153e-01	   4.7601770266591220e-01	   3.4151664344854488e-01	   1.6796781187403237e-01	   2.1665262255385512e-01	   4.3714848575445192e-02	  -1.5010186223875449e-01	  -1.1469031410488406e-01	  -1.5865300603704896e-01	  -3.3211808689701740e-03	  -1.0127954259959825e-01	  -9.2981998663459978e-02	  -1.7347583898033916e-01	   3.4538196245736841e-01	  -2.5790605298865971e-02	   3.2181904883326873e-01	   1.3616525038792826e-01	   4.5511512927159514e-01	   1.1663852579648690e-01	   2.7107741239686511e-01	  -4.4380721750161826e-02	   2.8928346978793412e-01	  -9.3842308441089817e-02	   5.5041570309934706e-01	   1.3211828260682779e-01	   5.8573270877333594e-01	   3.6924137552135083e-01	   3.6300873113590632e-01	   1.8963976848987135e-01	   3.0864930579514249e-01	  -2.1336554099701824e-02	   2.1420847779129809e-01	   4.9491309028241413e-02	   2.0578992734525858e-01	   1.2753049136515091e-01	   3.8457009990334190e-01	   2.2691635504485552e-01	   3.3239390888411818e-01	   8.2394586699387373e-02	   2.3181848179947959e-01	  -4.1057117831016912e-02	   4.6717521693684538e-01	   4.9420985361365050e-01	   4.7392453697274139e-01	   4.6980514226266934e-01	   4.8579329882001476e-01	   3.3685733418749375e-01	   5.9457005454144107e-01	   3.9853914544881386e-01	   2.9664103581763251e-01	   2.1776311139357979e-01	   5.3654794199565115e-01	   4.0576010931367090e-01	   5.1887794722077038e-02	   1.4641741818784890e-01	   1.0105178151237978e-01	   1.9752354594843366e-01	   3.8647635641748324e-01	   3.9619828705583177e-01	   2.8701606554568782e-01	   2.6956357600550984e-01	   6.3153042828473296e-02	   1.6598206623178802e-01	   4.1934935963368170e-02	   3.7155419225372632e-01	   4.1578409000793050e-02	   2.0197868525133938e-01	  -8.3356980269494826e-02	   1.1001825893962841e-01	  -5.9086020201476672e-03	  -1.5103632595396561e-02	  -1.8712365984775693e-02	   7.3673545777336646e-02	   1.2390505978483768e-01	  -3.9926617130700365e-02	  -6.1958864160221766e-04	   1.7507148021866453e-01	   2.6344764807657739e-01	   3.5651956551439767e-01	
   3.6377740317326446e-01	   3.5956354095834470e-01	  -1.1967545933289453e-01	  -1.0213778198287465e-01	   1.1303116378989922e-01	   2.8022575432173008e-01	   9.1851045149192630e-03	   3.3439155209021520e-01	   1.3798711908094172e-01	   4.1795653811201694e-01	   2.5369628748181233e-01	   0.0000000000000000e+00	   2.4173772077352002e-01	   7.2956216397420370e-01	   1.8009580060625230e-01	   4.8834771814409372e-01	   2.2168542169412614e-01	   3.3977809276549203e-01	   1.6625905474232188e-02	   2.6616320364500984e-01	   8.7305536702100922e-02	   1.5473544278682019e-02	  -7.7692215827143724e-02	   5.7798920004178314e-02	  -5.5931604051678158e-03	   1.0824809173242179e-01	   3.2386635588302587e-01	   3.8346592877522234e-01	   1.2106250792322981e-01	   3.5401494264203859e-01	   7.1862873279079420e-02	   1.1404519327279844e-01	   1.2176453780487120e-01	   3.4648187493429766e-01	  -5.3895038412754240e-02	  -5.6015022658331901e-02	  -7.5233845465261781e-02	   2.0832330518274350e-01	   9.0670185692863725e-02	   5.0161065356188181e-02	   2.3190468088109273e-01	   2.6883633432044307e-01	  -5.4557158104835565e-02	   4.0120706373868505e-02	  -1.0853650167374021e-01	   2.6223301621896733e-02	   2.3390011438998864e-02	  -3.6775201630241269e-02	   2.4495991245839222e-02	  -3.1147051502904838e-03	   1.0076297805700904e-01	   1.0524047929791358e-01	   1.5205549115279993e-01	  -1.8234433923459298e-01	   9.5728539703574450e-02	   4.9694872980929942e-02	   3.6201343147036713e-01	   2.1382780053506351e-01	   2.4718454885366012e-01	   2.3120535054221786e-01	   4.7437267974989233e-01	   5.3828865747617172e-01	   2.4494929845086777e-01	   5.6156032170936943e-01	  -8.1788145095769340e-03	   2.7882412577428206e-01	  -2.4220744164400211e-02	   1.1198657406667728e-01	   1.3896662273561242e-01	   1.1906239991028947e-01	  -1.2952706992159976e-01	   2.6566304269414570e-01	   2.6582875812607254e-01	   3.1938605970262601e-01	   4.4146473962083532e-01	   3.4199758402086322e-01	   4.2004780953364095e-02	   5.1324931830756558e-02	   1.6067881792812772e-01	   1.4213495753064762e-01	   1.4867719872015644e-01	   1.5929621512812142e-01	  -2.9987758542928490e-02	   5.4781391911057575e-02	   5.3999262295700248e-02	   7.1380282068538567e-02	   8.9495647000966433e-02	  -1.1719413296252007e-01	   1.5161970338418691e-02	   1.9972221972975868e-01	  -7.6264607511520616e-02	  -1.7106737948805179e-01	   2.6771983059078228e-02	  -1.4220016892068590e-01	  -1.5701305171057011e-02	   1.0170890277207470e-01	  -8.7449912276518493e-03	  -8.8497775699412959e-02	   9.1561610004795693e-02	  -7.4389467503732432e-02	  -1.3017969825510677e-04	   7.8711418958961082e-02	  -1.3613116854508528e-01	   7.2242474492110215e-02	  -3.3054297870616640e-03	   5.3870268946653498e-02	  -2.2452336901621905e-02	  -2.0458114165691901e-01	  -1.1137320827656002e-02	   8.3689192444261720e-02	  -1.1538871933447931e-01	  -1.6093290858813053e-01	  -2.7540074220047073e-01	  -4.0547883307997711e-02	   1.3576113823983366e-01	   2.6034618166811030e-01	
   5.0257455626482495e-01	   3.3863477539828268e-02	   5.5038135691444268e-01	   1.4691162011834014e-01	   6.2122249609267643e-01	   3.0511315553797080e-01	   5.3811895160853196e-01	   4.0844091781609082e-01	   5.5258966258740294e-01	   4.8620944955124179e-01	   8.2195019460964291e-01	   2.4173772077352002e-01	   0.0000000000000000e+00	   5.9752279966039645e-01	   7.4525327671487740e-01	   5.2493335645720907e-01	   4.3250125049915272e-01	   4.1005412766504268e-01	   3.3538598539119369e-01	   1.9774338862446161e-01	   1.8656642172160670e-01	   2.0472191884355923e-02	   4.4228133419200893e-01	   3.5739879659327117e-01	   4.0675064333364080e-01	   2.0542824068080889e-01	   5.0549390208213274e-01	   3.6720820831029566e-01	   2.8797105737623963e-01	   3.3891904755816482e-01	   2.7950360880485603e-01	   2.5293980226582852e-01	   3.5901478051155161e-01	   3.7023312215882048e-01	   2.6479796331920602e-01	   7.5648630916758913e-02	   3.0559402802626401e-01	   4.3962308845935749e-01	   5.1025706792716319e-01	   2.6455293020627124e-01	   2.0355254168900994e-01	   1.3081015170803958e-01	   1.1097210760515544e-01	  -8.7532936072214296e-02	   3.0083337793961419e-02	  -3.5574899208002012e-02	   6.0181841233895708e-02	  -1.0417799093272411e-02	   3.1937897488474851e-02	  -1.2940982085851310e-01	   4.4507513800880172e-01	   5.3126275050464133e-02	   2.7925184048916873e-01	   2.0926662542403196e-01	   4.6812813467699899e-01	   1.5816314883939014e-01	   1.7618021940142456e-01	  -1.2246368141485839e-01	   3.7090724630877858e-01	  -1.3678965361109232e-02	   6.5313422342929628e-01	   3.4170428718238022e-01	   3.5371952197525885e-01	   2.9620833453102002e-01	   6.2439984441735419e-01	   5.0206905814973646e-01	   3.9013682257467575e-01	   1.1111351594494491e-01	   2.2211170557123067e-01	   1.2621759435449342e-01	   2.2030726837061021e-01	   1.4361604086417415e-01	   3.2264136927708364e-01	   2.2229790388418758e-01	   3.1301512396141784e-01	   4.4048516885551933e-02	   3.1667855172460002e-01	  -1.8102660226862355e-02	   5.4502292371392458e-01	   5.8759519562033824e-01	   3.4489517398830444e-01	   3.9626532631086997e-01	   3.7198833358122541e-01	   2.6603945027015419e-01	   6.7325675158052933e-01	   4.2424169870031492e-01	   2.9209971396460876e-01	   1.4169509826687066e-01	   6.7312871970858579e-01	   4.6913636479302157e-01	   1.8709414593129825e-01	   2.6151898664375856e-01	   2.9171763471742007e-01	   3.3754348733182388e-01	   3.5465176115194114e-01	   3.8264356792437165e-01	   3.3200183199999939e-01	   1.9676015711781636e-01	   1.4530435124369553e-01	   2.2886465015440810e-01	   2.0252867072542430e-01	   3.8551503051707336e-01	   7.4232027108149606e-02	   1.7699751482585160e-01	  -1.1818747788834502e-01	   2.8446398049682600e-02	   3.5218396295146615e-02	   7.9235298411420470e-03	  -1.0363860673735072e-01	  -3.4022074664796370e-02	   1.2812512948530105e-01	  -3.7645697734966621e-02	   1.5313138117199653e-02	   2.3732255079059750e-01	   3.4149088665278815e-01	   2.5142079324061783e-01	
