   0.0000000000000000e+00	   7.3753328915391814e-01	   3.0130553879885578e-02	   1.3940003138738738e-01	   4.3006522094541266e-01	   4.3211911707621614e-01	   3.0257390043633303e-01	   3.9631630539204976e-01	   5.5680642558565729e-01	   5.4136438234213158e-01	   6.8129100564692946e-01	   5.1656992698921744e-01	   5.6996935876482424e-01	   4.9497688627335124e-01	   4.1295963478348685e-01	   4.4306171171885633e-01	   5.9089534220095385e-01	   6.1947501500473634e-01	   4.7560556602362120e-01	   6.1854174255867600e-01	   9.9118622658051769e-02	   1.2703503440342043e-01	   1.2187416070860619e-02	   2.9127814894077092e-02	  -5.3530696356145324e-02	  -1.2023908253710429e-02	   8.6398361361533796e-02	   1.8531329688090553e-01	   5.1891323211340024e-01	   5.4715955919749681e-01	  -9.9066031127520195e-03	   1.0397656899694328e-01	   5.8306036334773748e-01	   6.2225870856831844e-01	  -5.4356269033119256e-02	   6.8368867331899327e-02	   3.4208871751759168e-01	   2.5961162106815483e-01	   9.9267589364176873e-02	   1.5132785785265021e-01	   4.1230116006435880e-01	   3.3942553501080541e-01	   2.1944052812587744e-01	   2.6319578240017183e-01	   2.2635592280451627e-01	   3.2515132441380029e-01	   2.4038969009671463e-01	   3.0944822559746255e-01	   4.2497982605232787e-01	   5.0445051548877839e-01	   3.6024459382858764e-01	   3.2812041788799656e-01	   5.1631609841142900e-01	   3.8240636559007990e-01	   3.4612514294049113e-01	   4.0295386930046112e-01	   7.7629886235537149e-01	   7.6486015497764304e-01	   4.2782701200708734e-01	   2.7356721371545389e-01	   6.6842454094351922e-01	   4.5116862703064647e-01	   3.4013617572555305e-01	   4.2395189158805086e-01	   4.7476810662166975e-02	   3.7553616886458550e-02	  -6.6321146035972056e-02	  -1.1366269095567538e-01	   6.1366623879399029e-01	   5.6989561387638565e-01	   1.7262318319855810e-01	   1.7448078820196747e-01	   3.2976407939109847e-01	   2.6485050433699658e-01	   2.8722295594478031e-01	   4.5968987649415521e-01	   2.3542255483439342e-01	   3.9874226903759469e-01	   4.7705028368708474e-01	   4.7659909290162877e-01	   5.9262900195419632e-01	   5.6083677052146741e-01	   1.1650353352696918e-01	   4.8444694907423763e-01	  -2.8497184508901499e-02	   1.7546898296022473e-01	   2.7554786877667203e-01	   8.7135412090405484e-02	   2.8769077847379565e-01	   2.5918584769944719e-01	   1.5948295920608346e-01	  -5.4120166130780877e-02	   2.5607861360032347e-01	  -3.9638839638933235e-02	  -9.2931501422088281e-02	   5.0733135809361542e-02	   8.3971188766418764e-02	   1.3305457016203032e-01	   2.4596181289286942e-01	   2.6514948651300896e-01	   3.2519260030813918e-01	   2.3460744893658902e-01	   3.9525502743932822e-01	   2.5611589176839206e-01	   2.9285551153084766e-01	   1.1018213277243616e-01	   8.4827490383037482e-02	  -1.8298761070142860e-01	  -8.4552633016396012e-02	  -1.1303516644781514e-01	   1.1009302411915764e-01	   2.1780276302049378e-01	   3.4941106959099177e-01	   3.7436791851389811e-01	   1.6473836013343196e-01	   2.0862181831733176e-02	
   7.3753328915391814e-01	   0.0000000000000000e+00	  -8.5612327835984159e-02	   3.1296421169409741e-02	   1.7912940130886268e-01	   2.0570211734216531e-01	   5.4068715323013911e-02	   2.4600264083502482e-01	   3.0279849800860725e-01	   2.8601977676906010e-01	   4.2749179439636276e-01	   3.3598092448457056e-01	   2.6348620281005053e-01	   2.1439087245390717e-01	   2.6666979770220456e-01	   2.2735658669757555e-01	   5.4865758997204139e-01	   5.5158471764631478e-01	   3.4647073715672416e-01	   5.4335179000408229e-01	   3.8619578476694311e-02	   2.5904995709162083e-02	  -1.2412307152793683e-01	  -1.0831525242206283e-01	  -1.8183994944614035e-01	  -1.6974958815687771e-01	  -9.0948816414319844e-02	  -4.6835241149072691e-02	   3.6607724235058436e-01	   3.8988524998929208e-01	  -1.3630145092146628e-01	   3.1723390929358747e-02	   3.9533683704200534e-01	   4.8881728918413414e-01	  -1.3063316603290348e-01	  -7.7713457649133427e-02	   1.7380848031392648e-01	   1.1831605817671645e-01	  -4.1554031820062315e-02	  -3.1488104389160637e-02	   4.0666600921721818e-01	   3.2282190296846064e-01	  -1.4464610856274518e-02	   3.8817132560257282e-02	   8.5467995984893755e-02	   3.1540510016889434e-01	   2.1868378856024336e-02	   8.4863743577308942e-02	   3.4980164406056813e-01	   5.3010622892079984e-01	   2.1184950357013488e-01	   2.7623298526205703e-01	   4.7615828267332944e-01	   3.9774372585520723e-01	   2.2756030664909443e-01	   1.8579302940351761e-01	   8.1818617633729451e-01	   7.5387548776294100e-01	   3.4503406776237577e-01	   3.0955138279984329e-01	   4.9946978591182167e-01	   2.5324433504429511e-01	   3.4294213636015908e-01	   2.5820684618837386e-01	  -2.0681922482346515e-02	  -6.8339933631702557e-02	  -1.6254126311359240e-01	  -1.2267641378965215e-01	   6.0804306789425033e-01	   6.6332892640261076e-01	   1.2779637566485239e-01	   1.9659535942002376e-01	   1.6530091853148407e-01	   1.5759185617716448e-01	   2.0074720026185708e-01	   3.4175756026055593e-01	   1.8047272020041369e-01	   2.8357900257101054e-01	   4.8918337448123195e-01	   4.2165332582501081e-01	   5.9356012701606009e-01	   4.6065721260887355e-01	   1.0695581134380822e-01	   2.6070573609927211e-01	   7.8875769280961506e-03	   7.4940321311678784e-02	   1.8579495639623281e-01	  -2.0210979890419013e-02	   1.6595826895554949e-01	   1.5677544926335843e-01	   7.0814851091591122e-02	  -1.2421029919077131e-01	   2.2024715952907958e-01	  -9.1564337646771216e-02	   9.3523972931559521e-02	   2.2204450000600873e-01	  -8.9228687041387422e-02	   3.5950685648473320e-02	   1.4126703581474392e-01	   1.5323452657484232e-01	   3.2430791831492123e-01	   8.1599380335254407e-02	   4.0756163538488921e-01	   5.3086429517829416e-02	   1.2611256350140748e-01	  -1.4426720103133669e-02	   4.6496825414064732e-02	  -2.1001990501764714e-01	  -6.0882392537077397e-02	  -1.4409057672980502e-01	  -1.0852430206836747e-01	   2.4346843816042260e-01	   4.4884072575142903e-01	   5.0673787694621353e-01	   1.6076774427402254e-01	   9.9582569749997990e-02	
   3.0130553879885578e-02	  -8.5612327835984159e-02	   0.0000000000000000e+00	   7.7091020748449746e-01	   6.5924352372489226e-01	   3.7779925563251127e-01	   7.5277925985951466e-01	   4.2292744326339121e-01	   3.4481986830505151e-01	   9.9709261421372763e-02	   1.7921030654588013e-02	  -4.3162461840793065e-01	   3.0543830823981438e-01	   2.7212680758800972e-01	   5.8041710225051835e-01	   5.5958034566343984e-01	  -4.8096818465127689e-01	  -4.6628909536741892e-01	   5.5031796216393147e-01	   4.1478140251638340e-01	   5.3141386894355791e-01	   6.1397904013865490e-01	   9.0984688738582786e-01	   8.6604300661982259e-01	   8.9700126928930701e-01	   8.3839936817237093e-01	   7.5035940586530403e-01	   6.9580685620079730e-01	  -2.9006587231524406e-01	  -2.4135054199717337e-01	   8.1187790815238647e-01	   6.5659637496588208e-01	   3.8615002648183594e-01	   1.8851383358829524e-01	   7.5860249772701360e-01	   3.9635232119829689e-01	   3.0040410947903218e-01	   5.4780802259975991e-01	   5.4369081814495490e-01	   4.9203136299166594e-01	   5.6012084958671403e-02	   1.3949506087167002e-01	   7.1908955434263411e-01	   6.3029010341422353e-01	   6.2635124935736219e-01	   4.9312607959932614e-01	   6.4446326826715827e-01	   5.7854405834033396e-01	   4.4470071518042864e-01	   2.2430231547426188e-01	   7.3053943170602054e-01	   4.3296849801903192e-01	   3.1868253510057593e-01	   3.1517737440952598e-01	   5.5055820403593680e-01	   5.5756725492361769e-01	  -3.1109677927822776e-01	  -1.5720152306061769e-01	   9.4981215804642749e-02	   5.4501718710540076e-02	   1.5529793862892805e-01	   2.4216935683077595e-01	  -2.3664426243337089e-01	  -1.4873378571038437e-01	   8.5533935152260498e-01	   6.1376065824381998e-01	   7.2055666682579789e-01	   4.6049063486539532e-01	   8.7719322685770096e-02	  -4.8725540803671946e-02	   4.7468213305877272e-01	   4.1805785371014714e-01	   3.3395507686011011e-01	   3.1011267403962384e-01	   4.5578164731475418e-01	   2.9038439186474546e-01	   3.5346837836817985e-01	   2.5623071555331217e-01	  -1.5949764121109133e-01	  -1.7172250402167819e-01	  -2.4199664255064701e-01	   1.8524910204043440e-01	   5.1214253671948284e-01	   2.8158234327719889e-01	   7.6528239084773497e-01	   7.0116931815302430e-01	   2.7293988901756155e-01	   3.8072595356271044e-01	   5.6201851051909779e-01	   6.8208545859316694e-01	   5.7712231557226290e-01	   4.9714258673411349e-01	   5.2439661042141250e-01	   8.4657013824625316e-01	   2.5325177814342348e-01	   2.2357471971088952e-01	   6.8421214561517929e-01	   5.5449359543955989e-01	   5.5412416961670208e-01	   5.6658044640694105e-01	   4.4513832961753635e-01	   7.0551430819503447e-01	   2.6536382497374533e-01	   6.3071485000691729e-01	   5.7456701269873056e-01	   7.5606287554469920e-01	   2.6211147871981966e-01	   4.7987279159701612e-01	  -1.1386951273839424e-01	   3.4993826387444818e-02	   5.3461954512232923e-01	   4.4662737298920729e-01	   4.9610319663844971e-01	   3.4803848233681167e-01	   7.2711689277068436e-01	   2.7560327543153013e-01	
   1.3940003138738738e-01	   3.1296421169409741e-02	   7.7091020748449746e-01	   0.0000000000000000e+00	   5.3649761686409436e-01	   6.5002826662561075e-01	   6.7777753200509028e-01	   7.0710792602316019e-01	   3.1421616860278373e-01	   3.4820595187607517e-01	   4.0970571185543099e-02	  -2.3445182957314314e-01	   3.1322730284206984e-01	   5.2556314998720677e-01	   5.3307806816063197e-01	   6.8280289149437157e-01	  -3.5008394718419411e-01	  -3.6153437415055556e-01	   5.0157057908998470e-01	   4.6502415987926038e-01	   5.6074134031007461e-01	   5.6997692075225281e-01	   7.5727484514292631e-01	   8.5842591431926241e-01	   7.2021289549725764e-01	   8.0571436473301694e-01	   6.0515360872509760e-01	   7.1189505294877209e-01	  -8.9472888830592470e-02	  -7.2246279210629330e-02	   7.4952674452776424e-01	   7.0417831003090015e-01	   4.5113512171383857e-01	   3.9056615179370102e-01	   5.9647121973130890e-01	   5.0939136413717279e-01	   3.7278703825744730e-01	   5.7678501435059149e-01	   4.5358579950293115e-01	   4.4444409139491847e-01	   8.7816866606386684e-02	   2.0820772148718186e-01	   5.1027061626801407e-01	   3.9583809698671829e-01	   4.5396681016848417e-01	   4.0578453841892964e-01	   4.5313732570390158e-01	   4.0055505143620751e-01	   3.2736392637251710e-01	   1.8055978032283510e-01	   6.2062696910425685e-01	   4.6694131069653655e-01	   3.2665483184562127e-01	   1.2690077584275680e-01	   4.7463760193830451e-01	   4.2331265442606858e-01	  -1.5348014261612464e-01	  -1.5073083385477623e-02	   2.7476424529322097e-01	   2.9573850694844073e-01	   2.3977621416273215e-01	   5.0525986155079583e-01	   3.2096219634007592e-02	   1.5433219412447133e-01	   6.7530301542621329e-01	   7.6187741688557509e-01	   7.5093350882980647e-01	   7.1962661741406708e-01	   1.7373809673430560e-01	   1.2507745895191860e-01	   5.0490579251433143e-01	   3.7655672151249264e-01	   2.4623304006774260e-01	   2.6758628316111749e-01	   4.8729688786968872e-01	   1.8986964722511940e-01	   4.8000461547104722e-01	   3.6653850409843736e-01	  -4.8437501899732158e-02	  -9.7983735668731323e-02	  -1.2424804360393497e-01	   2.0653682152048636e-01	   5.4745908349071182e-01	   3.8924125863216030e-01	   7.0458932170962019e-01	   8.0533072590781951e-01	   3.7810114641015247e-01	   4.3065444116663470e-01	   6.2443033623165278e-01	   7.0088117547810658e-01	   5.2827457275330725e-01	   2.6190445922273420e-01	   4.8260268441426057e-01	   5.8809653831236564e-01	   1.1484089996274552e-01	   8.4596084695440665e-02	   6.0987599962756278e-01	   4.6783979968592226e-01	   4.5813869382269889e-01	   4.1905410150698624e-01	   5.1728501728972942e-01	   5.0193830481509905e-01	   4.6337594823466632e-01	   6.0020301576201962e-01	   6.8657049667232495e-01	   6.0606033501394685e-01	   3.5211601227532924e-01	   4.4266086634779134e-01	  -1.4475230528263264e-01	  -2.6868633715977485e-03	   5.1085399464330772e-01	   3.6035886097257525e-01	   3.8773775253850168e-01	   4.0803929668594491e-01	   7.0674187369250152e-01	   2.2667811624859674e-01	
   4.3006522094541266e-01	   1.7912940130886268e-01	   6.5924352372489226e-01	   5.3649761686409436e-01	   0.0000000000000000e+00	   6.4418339151028592e-01	   7.0712806405204987e-01	   4.8576194936148437e-01	   7.1491002102297529e-01	   4.4156142068932586e-01	   3.6173379337884481e-01	  -4.5722357950453499e-02	   4.7877760719674789e-01	   3.6134133451469497e-01	   6.7097150380328774e-01	   5.2528821572830597e-01	  -6.2817335078650824e-02	  -3.6138662222984945e-02	   5.8638234602078643e-01	   4.7423877651859125e-01	   2.9480617072799942e-01	   2.8112479248530731e-01	   6.8591824269991009e-01	   6.1092646909665682e-01	   6.7054602738690350e-01	   5.5961296577562802e-01	   7.3124757499550164e-01	   7.2570172288075629e-01	   2.2981281561293858e-02	   4.2221471231425313e-02	   5.3413983510237528e-01	   3.8034589165128529e-01	   4.1185587904930387e-01	   2.9669961982763998e-01	   4.9772050200763918e-01	   2.8818298475088855e-01	   2.8450192162588883e-01	   4.0078038562585616e-01	   3.5465398703709566e-01	   2.8689064954269133e-01	   1.2756530958911458e-01	   2.2797028321783008e-01	   5.8268182061587526e-01	   5.2839278437266002e-01	   5.4052507364125180e-01	   4.4469538720620200e-01	   5.5990114642569400e-01	   5.4700629409547807e-01	   5.7907473222983219e-01	   6.1215453550743715e-01	   7.0591183770990151e-01	   6.5269068477664793e-01	   5.0929176363683604e-01	   6.0386864064763646e-01	   4.3179174551588184e-01	   5.7642761997354142e-01	   1.0398345682763530e-01	   2.4162920489820061e-01	   4.5269815798805735e-01	   3.6660001836041023e-01	   4.9122942885813059e-01	   4.0178256528071377e-01	  -6.4954743279777599e-02	   2.9121805701299547e-02	   6.5974325717672366e-01	   4.3781049159632146e-01	   4.1858444242530168e-01	   1.9590689880118417e-01	   4.2107187163713128e-01	   2.6491056902795651e-01	   2.6905207027311806e-01	   2.1746860775814936e-01	   2.4631190147873985e-01	   1.7723183433580852e-01	   3.5408564359123229e-01	   3.7583626308744722e-01	   2.5069341415238044e-01	   1.6838190386106383e-01	   3.3414169335527509e-02	   6.4210723684980861e-02	   7.2881238212776908e-02	   3.5297690626742972e-01	   3.9116069278155480e-01	   4.8885627754842731e-01	   3.9126766675796948e-01	   4.6853178538928536e-01	   2.5077096135579863e-01	   1.9287005243531666e-01	   4.3716254424064738e-01	   6.2921450843297699e-01	   6.0021443099316785e-01	   5.7263679660525335e-01	   6.6710083122746777e-01	   6.7572943673278874e-01	   3.1133364438688776e-01	   2.8267563694979603e-01	   5.0752759841508788e-01	   3.8568533660371862e-01	   4.9339606635966970e-01	   6.1802796096264112e-01	   4.6928100111512566e-01	   6.8400397380843114e-01	   2.5846229862080383e-01	   5.0736545778225484e-01	   4.7447485612390661e-01	   5.4140743220642018e-01	   2.4593315547417335e-01	   1.8155643529938834e-01	  -4.6162307386705667e-02	   2.3370365437980947e-02	   3.9214368631426316e-01	   3.1907958960240529e-01	   5.0839121462680503e-01	   3.0627409771302661e-01	   4.8446302006739950e-01	   2.2000580723454796e-01	
   4.3211911707621614e-01	   2.0570211734216531e-01	   3.7779925563251127e-01	   6.5002826662561075e-01	   6.4418339151028592e-01	   0.0000000000000000e+00	   6.7418294656291722e-01	   8.7043846380766010e-01	   6.5254998831804545e-01	   8.5577922601826462e-01	   3.7968552955532958e-01	   2.0738658222433282e-01	   5.3902466043312125e-01	   6.7537535227946288e-01	   5.9432290134499688e-01	   6.8603991086936134e-01	   7.7097629948151059e-02	   9.5498693353279866e-03	   4.9896074303860294e-01	   4.5651105458116137e-01	   1.7859554732074978e-01	   2.5621726743157375e-01	   4.8083993547538434e-01	   5.7268311610204004e-01	   4.0580887202668448e-01	   5.2038047178045344e-01	   4.2971892308091997e-01	   6.9739475201451628e-01	   2.5750128644698561e-01	   2.1501774601457199e-01	   4.6286683375874943e-01	   4.6467140524147849e-01	   4.3033127785477382e-01	   4.4573002811293178e-01	   2.6548019777428999e-01	   4.0420647404227977e-01	   2.3430245458537702e-01	   3.8101181322257371e-01	   1.2181168924144553e-01	   1.4233062690202636e-01	   2.7970944622663065e-02	   2.3054968655643238e-01	   2.9426555252859909e-01	   2.4027210038303007e-01	   2.8858529272937050e-01	   2.6915453624616037e-01	   2.8135231694118440e-01	   2.9537236533547129e-01	   3.0162214658921699e-01	   4.5678313924564617e-01	   5.2024247153821701e-01	   6.1745233720577530e-01	   5.5818194667019871e-01	   4.4551237861975040e-01	   2.5378623259677813e-01	   3.8208738547076226e-01	   1.9226021276047883e-01	   2.7025320154216059e-01	   5.6444775403764480e-01	   5.2817371280903491e-01	   5.5478048836728511e-01	   7.8910137804536684e-01	   2.5735856129174162e-01	   4.0355958288058857e-01	   4.3903074085091581e-01	   6.4793915818129277e-01	   4.2120052686164011e-01	   4.2826414946544422e-01	   4.1843774038154902e-01	   3.8554987190129181e-01	   2.1708109993271518e-01	   1.4074539871917685e-01	   1.3639931879947717e-01	   9.0985051401302364e-02	   3.5252776252933088e-01	   2.4711829363023316e-01	   3.2509511356533050e-01	   3.1041967109575436e-01	   1.2591268591987936e-01	   6.1879405752833183e-02	   1.3683291901824970e-01	   3.1888909946527949e-01	   3.6124316943105522e-01	   4.9690234983608284e-01	   3.0918375835994694e-01	   5.7723282132772358e-01	   1.7806293845827362e-01	   1.7093544296058780e-01	   4.8465940523972717e-01	   6.3665824384160352e-01	   4.6716142777275182e-01	   2.2470283718343737e-01	   6.0993307408492359e-01	   3.4344810078839344e-01	  -8.7761824722277060e-02	  -7.5240280551625446e-02	   3.3267479969120534e-01	   1.7042014767090849e-01	   3.2361009439854216e-01	   3.7486182046599659e-01	   5.7701323702182838e-01	   4.3339203762316514e-01	   3.8611225299030533e-01	   4.3968551299450498e-01	   5.2221179469873380e-01	   2.8788689912015014e-01	   3.2146581800143292e-01	   1.2452247304969552e-01	  -1.7747396137933064e-01	  -6.1942494018605340e-02	   3.9565637185488461e-01	   2.0915456630975895e-01	   3.8093001731304510e-01	   3.7918769574691730e-01	   4.2403152618353923e-01	   2.3336492643616730e-02	
   3.0257390043633303e-01	   5.4068715323013911e-02	   7.5277925985951466e-01	   6.7777753200509028e-01	   7.0712806405204987e-01	   6.7418294656291722e-01	   0.0000000000000000e+00	   6.9751596282771589e-01	   7.6007255390373807e-01	   4.9258061898002370e-01	   2.6077541873711091e-01	  -6.2792753781225466e-02	   5.7276477591274055e-01	   5.1401421400116631e-01	   6.4038145487821907e-01	   6.5968536290304181e-01	  -1.7431073216688098e-01	  -2.0151189400701242e-01	   6.1769541254454641e-01	   5.9430822092486069e-01	   2.4689443390666743e-01	   4.0762392109993517e-01	   7.1037912911020196e-01	   7.1494594988557914e-01	   6.3195970997338602e-01	   7.2558955445282136e-01	   5.2106751830458498e-01	   6.8944882352141290e-01	   4.7810255333827982e-02	   5.5552706305588700e-02	   6.9295359104897447e-01	   6.4641225587656470e-01	   5.5235541809954936e-01	   4.4447029355910189e-01	   4.7484293536560418e-01	   3.0877641533039529e-01	   2.3578570974825022e-01	   4.8871351580026878e-01	   2.9985349517503429e-01	   3.1148486427305999e-01	   2.1457506245645071e-02	   1.6114650011463055e-01	   5.9633767060149345e-01	   5.6003167621267580e-01	   5.4688418797617044e-01	   4.6185943933038681e-01	   5.7074877708341054e-01	   5.2152754472148866e-01	   3.3600571667429424e-01	   3.0789318550669231e-01	   6.5522214729260397e-01	   4.3518035988774434e-01	   3.8185321870517835e-01	   3.9973044200897911e-01	   3.3821867307199560e-01	   4.7643928147640957e-01	  -5.6239502470251279e-02	  -5.8916453789382922e-03	   2.9379112060984280e-01	   1.3458059011209492e-01	   4.7558941451721803e-01	   6.0240469665870378e-01	  -7.7905732917062112e-02	   1.9684552475893352e-01	   7.6065275889515482e-01	   6.4964615491737387e-01	   6.2961185839361500e-01	   3.6151366940384477e-01	   3.2291882192507987e-01	   1.9619513586121332e-01	   4.5507127097052158e-01	   3.8273359029518156e-01	   3.6773504793441930e-01	   2.9155018746545169e-01	   4.0505117909825250e-01	   3.3308783904901390e-01	   4.2879377209481229e-01	   3.1566413819548833e-01	  -3.1155272595829175e-02	  -1.2631937411433345e-02	  -6.9364278105512767e-02	   3.3467834255888002e-01	   4.0161287653509603e-01	   4.6951991852330466e-01	   5.5006256851675950e-01	   6.5330196356866022e-01	   2.2579770335129429e-01	   3.2124792646486700e-01	   4.6489983783251798e-01	   6.1854728885660348e-01	   4.7189135729944626e-01	   4.0148759993245675e-01	   5.1808600475934796e-01	   6.9082778588080607e-01	   8.4246532213951786e-02	   3.4538628059478910e-02	   5.4381141365696628e-01	   4.5973743442231341e-01	   5.3041973892243621e-01	   5.6289160544311689e-01	   5.2270194111804358e-01	   7.3393295742298370e-01	   2.7067139551771524e-01	   6.4527849108257807e-01	   5.2286549384187908e-01	   5.8322965398014515e-01	   2.3904442668822018e-01	   3.0502717012768576e-01	  -9.3359840955042822e-02	   4.4552768022122574e-02	   5.1903225191471392e-01	   4.1617151328450169e-01	   4.0957516046332687e-01	   4.4125790436534956e-01	   5.9762244531013364e-01	   6.5094235300904246e-02	
   3.9631630539204976e-01	   2.4600264083502482e-01	   4.2292744326339121e-01	   7.0710792602316019e-01	   4.8576194936148437e-01	   8.7043846380766010e-01	   6.9751596282771589e-01	   0.0000000000000000e+00	   6.1939065939685223e-01	   8.1333386217369474e-01	   2.7344240479508464e-01	   1.9871577685207933e-01	   5.1738334921646967e-01	   6.4869404643423478e-01	   4.8667866563521989e-01	   6.4066777657734975e-01	   5.2894027815340861e-02	  -1.8560794821410910e-02	   4.8734628927704404e-01	   5.2281635474082977e-01	   2.3429227921614143e-01	   3.3286089197227109e-01	   4.3781078849263411e-01	   5.2123033608526481e-01	   3.6624230812900493e-01	   5.0676310316143247e-01	   3.3586274630588997e-01	   5.9384115245909985e-01	   1.9359827256043455e-01	   1.8678243881722528e-01	   5.0779547809139602e-01	   5.7636927438896646e-01	   4.5708375517034905e-01	   4.8585060045987782e-01	   2.5906256797084676e-01	   3.6710178861228648e-01	   2.3756478211508247e-01	   3.9641468066350249e-01	   1.4130514073508460e-01	   1.6368906420147408e-01	   1.1797556804537529e-01	   2.5979942938262018e-01	   3.2645197484187299e-01	   2.7214336029931019e-01	   3.0052369128877537e-01	   3.1760669833738286e-01	   2.6897377728847666e-01	   3.0558137612937641e-01	   2.2867843899898382e-01	   3.7551717110092014e-01	   5.1558590998550469e-01	   5.5491169664701478e-01	   5.2333222563022486e-01	   3.9146292538320449e-01	   2.8638340201092721e-01	   3.7277998888388364e-01	   1.6889462785840614e-01	   2.9236209796588319e-01	   5.2430735560383135e-01	   5.2100149887469205e-01	   5.6495475569650522e-01	   8.1111238170054123e-01	   2.6569198249369441e-01	   4.2711740616650584e-01	   4.4577355529113161e-01	   5.9795043417467020e-01	   4.8142056305151437e-01	   4.6666346941949288e-01	   4.0630291558571274e-01	   3.9247867294916189e-01	   3.1959633183139785e-01	   2.5697783852960165e-01	   2.1541632249739212e-01	   2.5387081697874192e-01	   4.5137906451544429e-01	   3.6184147832053598e-01	   3.8797593945368364e-01	   3.7390397891934035e-01	   6.2455431071693671e-02	   9.4774471073378511e-02	   1.3595277306696604e-01	   2.9208896013359020e-01	   3.2400664447186445e-01	   4.3976759482411854e-01	   3.9614603931747905e-01	   5.6613139790643840e-01	   2.0422920283639429e-01	   2.4725944541982325e-01	   5.0025293919719793e-01	   5.8548676614995210e-01	   4.5313851597293742e-01	   1.6648383599446578e-01	   5.0619252272579329e-01	   3.4151927584298836e-01	  -1.2788970813598624e-01	  -1.1963184908322622e-01	   3.4404770979465926e-01	   2.4338140983072093e-01	   4.1861229611018569e-01	   4.5339310000850819e-01	   6.4635754132886736e-01	   4.8250799199027572e-01	   4.1283574166428749e-01	   4.7527482481641659e-01	   5.0720484502630869e-01	   2.5802700950460672e-01	   2.2110694702321337e-01	   2.0656260921057257e-01	  -1.6362829767202069e-01	  -4.5654013895240216e-02	   3.8892293381515486e-01	   2.4881000115029334e-01	   4.2471612426554417e-01	   5.1929022086891674e-01	   5.1072740326187072e-01	   2.5799288947231207e-02	
   5.5680642558565729e-01	   3.0279849800860725e-01	   3.4481986830505151e-01	   3.1421616860278373e-01	   7.1491002102297529e-01	   6.5254998831804545e-01	   7.6007255390373807e-01	   6.1939065939685223e-01	   0.0000000000000000e+00	   6.6591222573477349e-01	   4.9643138068347697e-01	   2.5192356378045594e-01	   6.2997818875210321e-01	   4.6790639235572767e-01	   5.8005588660692720e-01	   4.7947503212900200e-01	   2.2433379004535992e-01	   1.7779705420076680e-01	   5.1026518234797313e-01	   5.3766826422313041e-01	   3.3221549248298891e-02	   9.4109307382505614e-02	   3.5608411264364870e-01	   3.2833399666654128e-01	   2.6009520397331232e-01	   2.8292972075873857e-01	   2.8272173936615769e-01	   4.5514315975950331e-01	   3.1409629044217569e-01	   2.5122067250279462e-01	   3.1467583239423413e-01	   3.0857459857241581e-01	   3.8265627905719024e-01	   3.6659688732363876e-01	   1.1398802982635506e-01	   5.9619030300229595e-02	   1.2134578893425930e-01	   2.2968410462437933e-01	   4.8337011240800913e-02	   3.3992526329129268e-02	   1.8629151960162496e-01	   1.8694028037614907e-01	   3.2163299251883720e-01	   3.4848772888827051e-01	   3.0136350463650896e-01	   2.6833459832779560e-01	   3.5114439295398703e-01	   3.5888319602091306e-01	   3.0327595112594852e-01	   5.0036165740497163e-01	   4.5893225370022950e-01	   4.4512371227352743e-01	   4.5567330139654649e-01	   5.4304303535863685e-01	   1.5083544630485993e-01	   3.3111344974734336e-01	   2.9921198478233546e-01	   3.0402382994093252e-01	   4.2057630573306487e-01	   2.6838360723763321e-01	   6.9758991886165300e-01	   5.7981187629966802e-01	   4.9411000736691545e-02	   2.4043434939390507e-01	   5.0957781228188881e-01	   3.3947244112731578e-01	   1.4626996831754810e-01	  -8.8549818563169583e-02	   4.4900065387090904e-01	   3.5179718264870696e-01	   2.3157746817137165e-01	   1.8015197047376474e-01	   3.0111914099149062e-01	   1.8204449062513811e-01	   2.9643674953604648e-01	   3.8239099602816706e-01	   1.9496349963546550e-01	   1.7059173523497756e-01	   1.1515449338387479e-01	   1.9832696161454183e-01	   2.0055957260662838e-01	   4.0199715887820492e-01	   1.6570663702671898e-01	   4.6961481416931949e-01	   1.5160104949940453e-01	   2.9932744774823411e-01	   1.4734649324969823e-01	   1.3470355594195701e-01	   2.7403965398026098e-01	   4.0998685632872534e-01	   3.2404058705532474e-01	   2.6790391611796205e-01	   4.8107945443649691e-01	   3.7523471907264649e-01	   8.0767062761314956e-02	   1.1390251952862777e-02	   2.6651672635524692e-01	   1.9582377460573849e-01	   3.2283769195083428e-01	   4.4938481719005652e-01	   5.4290198995064709e-01	   5.9296818745920299e-01	   2.5676292513070587e-01	   3.4390863252006404e-01	   2.8746872024221809e-01	   2.5538226111219109e-01	   9.3886418510267550e-02	  -1.1303636313411140e-02	   3.1421386137944610e-02	   1.2985644203845143e-01	   2.7728465483843323e-01	   2.2364432851042174e-01	   3.1582652394084171e-01	   3.9204190272900769e-01	   3.1516752847354235e-01	  -1.7873603989332000e-02	
   5.4136438234213158e-01	   2.8601977676906010e-01	   9.9709261421372763e-02	   3.4820595187607517e-01	   4.4156142068932586e-01	   8.5577922601826462e-01	   4.9258061898002370e-01	   8.1333386217369474e-01	   6.6591222573477349e-01	   0.0000000000000000e+00	   4.9499391289292255e-01	   4.5119468305882782e-01	   6.1054024739579282e-01	   6.7203616872213967e-01	   4.4899253485586971e-01	   5.5349339382752816e-01	   3.0691092504597728e-01	   2.3638750953175539e-01	   3.6355641868872840e-01	   3.9402629060199867e-01	   6.8791050070804688e-02	   1.6776619961454758e-01	   1.7978915989403388e-01	   2.4378643562379287e-01	   1.0133618599809997e-01	   1.9973876679648703e-01	   1.7576951458289125e-01	   4.0939992368040162e-01	   3.8678214814518258e-01	   3.4506906288549333e-01	   1.9667008957074428e-01	   2.7886310091558825e-01	   3.0292973336664830e-01	   3.6554866953896686e-01	   1.1680318587771193e-02	   2.7250318507771443e-01	   1.9414729869369873e-01	   2.3758077419140572e-01	  -4.2730820921446373e-02	   2.7879028292587774e-02	   1.2998883725292107e-01	   2.1576501151554475e-01	   1.1969386185590078e-01	   9.9395509839431170e-02	   7.4964439567318047e-02	   8.2638091325477087e-02	   8.8923833803124644e-02	   1.6214840743862116e-01	   1.6940313926088643e-01	   4.3571453976307828e-01	   3.7021708508098672e-01	   5.2101003290242398e-01	   5.5336116846298167e-01	   4.2491962784159021e-01	   1.4923514834071311e-01	   2.7769959774970587e-01	   3.5589942607107283e-01	   4.8597588247195650e-01	   5.8954920368575803e-01	   5.6331073415776645e-01	   6.5894362904342529e-01	   8.1487578999596322e-01	   3.6185699770444735e-01	   4.6993461152029903e-01	   2.3197699496391982e-01	   4.1119342013866556e-01	   1.0186384568885881e-01	   1.2772689438329357e-01	   4.3863469899810426e-01	   3.8983507205186418e-01	   7.2610006960754717e-02	   1.7415774785633363e-03	   1.3445981468879592e-01	   1.0944734352012273e-01	   2.8833973790307810e-01	   3.0116212443748547e-01	   1.8889768273325669e-01	   2.3558954108195518e-01	   2.1580021749957445e-01	   1.7214993015680982e-01	   3.0420739751612424e-01	   3.4204988353649712e-01	   1.8528230539529783e-01	   4.6535821690411905e-01	   1.1433838484298908e-01	   3.7340330199700911e-01	   1.4782007822872392e-01	   1.1350328525017286e-01	   4.0106065050600370e-01	   4.5116487681710538e-01	   3.1775124780450847e-01	   4.1734057267270190e-02	   4.7121464405483415e-01	   6.4328096963773534e-02	  -2.2534807477520991e-01	  -1.6419780168601522e-01	   1.1904103656413315e-01	   1.6771199679182010e-02	   2.2324059447738787e-01	   2.5406359118591237e-01	   5.3749993715026823e-01	   2.7810866029960990e-01	   2.9390121836336708e-01	   2.7072619420718846e-01	   3.2730759805739107e-01	   5.8336983276385007e-02	   1.6055145755815045e-01	  -4.0655823230053975e-03	  -8.2180676323063487e-02	  -2.8380267186255435e-02	   2.6651803123866685e-01	   8.7238563321322876e-02	   2.4277334873941642e-01	   3.3402271246288207e-01	   2.4400064581949232e-01	  -1.0601735766943313e-01	
   6.8129100564692946e-01	   4.2749179439636276e-01	   1.7921030654588013e-02	   4.0970571185543099e-02	   3.6173379337884481e-01	   3.7968552955532958e-01	   2.6077541873711091e-01	   2.7344240479508464e-01	   4.9643138068347697e-01	   4.9499391289292255e-01	   0.0000000000000000e+00	   6.4144079576364876e-01	   7.1547471514179595e-01	   5.3505759055138657e-01	   5.3132099606745664e-01	   4.1703784018245094e-01	   3.8652514989501363e-01	   3.5581376111797713e-01	   4.1544868584380468e-01	   3.9010501905292749e-01	   8.6180151149272702e-02	   5.3876647776006273e-02	   7.9278313278339757e-02	   1.3396729702409415e-02	  -3.9192586593845134e-02	  -1.2624548075942413e-01	   4.2412762522069505e-02	   6.0411269207491326e-02	   6.0571200694429272e-01	   4.3815974504181371e-01	  -5.8533762363395192e-02	  -4.7060867014327851e-02	   4.0719342961583732e-01	   3.5021119168251968e-01	  -1.3098482284367760e-02	   1.3536023706587444e-01	   7.6798069437045466e-02	   5.5113234373597858e-02	  -1.3258097831755750e-01	  -1.2432130435988614e-01	   3.6417034580733271e-01	   1.8367401031570985e-01	   6.4360056858479300e-02	   1.3397192886721401e-01	  -3.5940414955045019e-02	   2.7126702756462954e-02	   6.4419285848307625e-02	   1.1255687263213519e-01	   3.0671722338887270e-01	   3.5514018702251710e-01	   2.5405100199455488e-01	   3.0572929322297443e-01	   3.8629235562126085e-01	   2.9094053376984830e-01	   2.4739510651323829e-01	   2.1001552485467134e-01	   3.8809728477037109e-01	   5.1775290835848053e-01	   3.4712797847887994e-01	   2.2528547412849254e-01	   7.1027415464945065e-01	   3.9667369320226115e-01	   5.3449221476111330e-01	   5.0148999006382411e-01	   2.5252040666947112e-02	   1.1433168936985660e-02	  -6.7305923792083430e-02	  -1.7085813375840658e-01	   3.7706975600928250e-01	   3.0485199567753857e-01	   9.1805533620974600e-02	   3.9511884154726021e-02	   2.7243229727874763e-01	   1.7641210653250330e-01	   2.1638683369195993e-01	   3.3642239620707426e-01	   2.2164573306483215e-01	   2.2047022808491273e-01	   2.0655102176418200e-01	   1.3729168338774272e-01	   3.9132383418390937e-01	   3.1854744545915881e-01	   1.9892246734250513e-01	   3.5263863872088408e-01	   3.9288303911941283e-02	   9.5078647372075567e-02	   1.2163015331062391e-01	  -1.6649143305882069e-01	   2.9392102663759051e-01	   1.8789585748144322e-01	   1.5635183989408802e-01	  -6.8641093289182331e-02	   1.6269685468156700e-01	  -6.5447864173548920e-02	  -7.5931764948802827e-02	  -2.0058564221280187e-01	  -2.9831003050379119e-02	  -1.0345572355328246e-01	   1.0987035041207915e-01	   9.7725745227296851e-02	   1.9924960203621933e-01	   1.6484523284776881e-01	   3.1416437070261527e-01	   1.6305744242610404e-01	   2.7113213240328782e-01	   7.2213238460739237e-02	   1.5542313153422682e-01	  -5.5283658365063333e-02	  -1.0896517045129112e-01	  -1.1350800507548359e-01	   1.7171379295731989e-01	  -2.9334552578378421e-02	   6.0939972447083671e-02	   3.3022615950304146e-02	   5.8145573673143436e-02	  -8.2314909755618337e-02	
   5.1656992698921744e-01	   3.3598092448457056e-01	  -4.3162461840793065e-01	  -2.3445182957314314e-01	  -4.5722357950453499e-02	   2.0738658222433282e-01	  -6.2792753781225466e-02	   1.9871577685207933e-01	   2.5192356378045594e-01	   4.5119468305882782e-01	   6.4144079576364876e-01	   0.0000000000000000e+00	   3.1526253760814593e-01	   4.5305425585217718e-01	   7.6110546666703999e-02	   1.2565659210039556e-01	   6.4978960223406479e-01	   5.3029436875850311e-01	   1.6666618917884862e-01	   2.9534979200146028e-01	  -1.8446271161408062e-01	  -2.0668782830141941e-01	  -3.4620915953695619e-01	  -3.5336751419060891e-01	  -4.5038381875367450e-01	  -4.3470236939554169e-01	  -3.6812490093534622e-01	  -2.9886416756393647e-01	   7.1821583429077096e-01	   6.6554071293129902e-01	  -2.9402786748342491e-01	  -1.1861369853554503e-01	   2.4771836036947120e-01	   3.8053535972019553e-01	  -3.6940413328416410e-01	  -6.6084651065502514e-02	  -4.1170053959390100e-02	  -1.8707989020502180e-01	  -3.6259679583705884e-01	  -3.1852871056755416e-01	   2.2750571543653000e-01	   9.7758497079290074e-02	  -1.8350184536458641e-01	  -1.0653456873986439e-01	  -2.4587469330141942e-01	  -1.5488437807141742e-01	  -1.7313992046264873e-01	  -1.1787652220670458e-01	   4.8405208462641527e-02	   2.2757028922232797e-01	  -9.1018360664915907e-02	   8.0233181148358299e-02	   2.5153141196017864e-01	   1.0954752797476926e-01	  -1.0488969906907872e-01	  -4.4924522686635285e-02	   4.4450286942911138e-01	   4.7485435583007718e-01	   2.1662606264586245e-01	   1.7301505973447534e-01	   4.4794596150303823e-01	   3.1209383003805935e-01	   5.9754106208609659e-01	   7.2153690024131822e-01	  -3.9998213819442630e-01	  -2.9361123884178236e-01	  -3.3585253244424457e-01	  -2.6931092041864285e-01	   1.8981854511310692e-01	   1.8186071757496508e-01	  -6.3404875119875817e-02	  -6.9204894096502573e-02	   2.3783424580063556e-01	   2.0146224332047891e-01	   5.7825640315107639e-02	   2.2768869896329433e-01	   1.6163594052069463e-01	   2.6510057848633162e-01	   2.5641674109154022e-01	   2.8843243403253149e-01	   4.9442653347266863e-01	   1.5985699052493413e-01	  -7.3355816869520959e-02	   2.1890993350677884e-01	  -3.7650999012761055e-01	  -2.7496364830875364e-01	  -4.0180437782286992e-02	  -2.2295305948931393e-01	  -1.0855539045033175e-01	  -1.8150095392922450e-01	  -1.2253390121175797e-01	  -2.9480260610932824e-01	  -9.0267082010222363e-02	  -4.0123194351150565e-01	  -3.3377372521679266e-01	  -3.5080347278133378e-01	  -3.0270558004483578e-01	  -2.9603880746520062e-01	  -4.9194653088918600e-02	  -9.9431862160480416e-02	   5.9915925415866642e-02	  -1.6417836262678395e-01	   1.3367921368978289e-01	  -9.7596877060456874e-02	  -5.5179115237700077e-03	  -3.5602708315774306e-01	  -2.1145872641493240e-02	  -1.8528813837680380e-01	  -4.1297198282097505e-02	  -9.6040414409409927e-02	  -4.7351922006409822e-02	  -1.4538520817160111e-01	  -6.1121210223043065e-02	  -6.3519713742539202e-02	  -2.0845946221621972e-01	  -2.9209129347584839e-01	
   5.6996935876482424e-01	   2.6348620281005053e-01	   3.0543830823981438e-01	   3.1322730284206984e-01	   4.7877760719674789e-01	   5.3902466043312125e-01	   5.7276477591274055e-01	   5.1738334921646967e-01	   6.2997818875210321e-01	   6.1054024739579282e-01	   7.1547471514179595e-01	   3.1526253760814593e-01	   0.0000000000000000e+00	   7.1840592309512719e-01	   7.5170731296653237e-01	   6.9398872114219978e-01	   1.4965615728713341e-01	   1.3565374685034032e-01	   3.5213915524332179e-01	   3.7456160646174647e-01	   3.3872421376309308e-01	   3.1617859045541274e-01	   3.7787684622408546e-01	   3.3049762895572782e-01	   3.2584831029584166e-01	   3.1268922772149343e-01	   3.6934683653080091e-01	   3.9125116357705336e-01	   3.5030234102737645e-01	   2.7287514253805489e-01	   2.5962816890477330e-01	   2.7802559373348179e-01	   5.0628299714378988e-01	   4.3014613638969235e-01	   2.7040008624297873e-01	   3.6976096404697589e-01	   3.3275527554828005e-01	   4.4065198148311424e-01	   1.6259115047531436e-01	   2.5569059603467637e-01	   3.5320779090571797e-01	   3.4255302267486248e-01	   3.2837178625754748e-01	   3.4842925966972671e-01	   2.4449074764105078e-01	   1.6737159027295301e-01	   3.0448066073716240e-01	   3.2669690381463856e-01	   2.6811548682571884e-01	   3.4159259905948264e-01	   5.0001740993524679e-01	   4.8810044294590593e-01	   4.8094285973199258e-01	   3.9818912280803231e-01	   4.7454380451457534e-01	   4.8299773337174057e-01	   2.4109547345559412e-01	   3.5242194277175204e-01	   3.4222339111058631e-01	   2.9630579853321470e-01	   6.7751148042388532e-01	   6.1106183443117323e-01	   1.7629989393272399e-01	   3.7595979465359808e-01	   3.9709745709972244e-01	   4.2306782243812624e-01	   2.7296664981659435e-01	   8.9408066953541282e-02	   4.2624866732153677e-01	   3.1892418628556729e-01	   1.5144904389577760e-01	   3.7021507062099619e-02	   3.0491217112904512e-01	   2.1564599954621366e-01	   2.9296003272519472e-01	   3.4058712627685805e-01	   2.8131948302103216e-01	   2.9300328755642902e-01	   2.2294840381754477e-01	   1.6225413639367858e-01	   2.8490569595506526e-01	   4.9114928162180177e-01	   3.6045130378014212e-01	   5.2273414277755026e-01	   4.1169368975892534e-01	   4.9418480567775258e-01	   4.2823099030822631e-01	   2.3902975883592431e-01	   5.8910661804187114e-01	   4.9389119373841628e-01	   2.3306355903338422e-01	   1.5806808800085147e-03	   2.9072037523401417e-01	   1.0881923295129252e-01	  -1.2620319344291817e-01	  -2.2049203792233366e-01	   2.8514648460005526e-01	   2.0079926963697486e-01	   2.8624141474813952e-01	   2.0447157171021310e-01	   3.4536922209791976e-01	   2.9659091071922994e-01	   2.2807222653795944e-01	   3.1148170190470575e-01	   3.9046192531809532e-01	   2.4278361067439375e-01	   7.5155468032918879e-02	   2.8846277234712839e-02	  -2.6450613837540843e-01	   3.7059747473994712e-03	   3.5454851365101825e-01	   1.7863542423027740e-01	   1.3684678839488112e-01	   2.8187443543276153e-01	   2.9545098859183178e-01	  -1.1505292568139977e-01	
