   0.0000000000000000e+00	   5.7796348176393031e-01	   3.8027521154106370e-01	   5.6165926000096622e-01	   3.5333861684857371e-01	   4.2088206117219251e-01	   3.6227624797438129e-01	   4.3266345526708971e-01	   3.1285445600156048e-01	   3.4603554146863624e-01	   3.3479318643778450e-01	   4.7930462499647752e-01	   3.1065652058996496e-01	   4.2515773616609420e-01	   3.8713100432196579e-01	   4.7113629987083477e-01	   5.8370625369705353e-01	   4.7916564603449391e-01	   7.2843347361937194e-01	   6.7773813562839003e-01	   4.7942426299473206e-01	   5.5128958700637987e-01	   3.8049102182823080e-01	   4.9826963236066246e-01	   1.8633777724583472e-01	   4.5492822715286280e-01	   2.1063355850347742e-01	   4.9169367132031239e-01	   5.0162268269743104e-01	   5.3490035111658207e-01	   3.6996252300745658e-01	   4.6278750853474016e-01	   4.2097933718075908e-01	   3.8937244727543008e-01	   1.9117933447836735e-01	   2.1474612225609901e-01	   3.9159614559273992e-01	   4.2938690642842359e-01	   4.4281234090284621e-01	   5.1546415686019709e-01	   4.7169055851910768e-01	   5.5450916201847367e-01	   4.0041661805756984e-01	   3.2186717298573742e-01	   4.8510260621058716e-04	   9.1459174199231677e-02	   4.0693530618592810e-01	   4.1021105538635982e-01	   2.1591260382150843e-01	   2.0757232359478570e-01	   2.9256916773052138e-01	   2.7929822603269139e-01	   2.4771286991548769e-01	   2.2972557117407599e-01	   4.6322210394513746e-01	   3.8560429201175916e-01	   8.3830175679235686e-01	   5.1390792609056501e-01	   4.1326462145377152e-01	   2.5805315859875599e-01	   4.7963872338097330e-01	   3.5076163310850927e-01	   5.7100465025492808e-01	   4.1637732618345291e-01	   3.3319213351330468e-01	   4.2618558564790660e-01	   1.7082630401349141e-01	   2.3424642043276189e-01	   4.6261949580331929e-01	   5.0075838235116188e-01	   2.2358590862139704e-01	   3.9295358760970139e-01	   5.7714096496190881e-01	   5.1756645843376159e-01	   5.2585306082800498e-01	   4.8213707103370979e-01	   6.4672986504170715e-01	   4.5405295049701611e-01	   5.2638507067130047e-01	   4.3974800699245842e-01	   4.7471603150105091e-01	   5.0579866408870444e-01	   3.7922138598791877e-01	   3.8489453443870530e-01	   4.8785457734687909e-01	   6.0716309682225844e-01	   3.7591355254565029e-01	   3.8726152960959970e-01	   5.3973770420655254e-01	   5.4087999583613966e-01	   2.5887132975025073e-01	   3.3475055693712152e-01	   1.3643107302076035e-01	   2.4594345873337387e-01	   1.9793001994042536e-01	   3.3304590300671955e-01	   5.4566675805445153e-01	   5.7904840425902504e-01	   3.6544182965855926e-01	   4.9435825418007723e-01	   8.3785761905051687e-02	   2.9309663794087182e-01	   2.6521493462569101e-01	   2.3018376487897341e-01	  -7.4984909113495660e-02	   1.5325792837283686e-01	  -1.4348294640277887e-01	   2.1465198223299253e-01	   1.8977282329673867e-01	   4.7659455507321785e-01	   6.4183245443426884e-01	   5.3268233365519446e-01	   4.1594703516349940e-01	   2.7215471711338168e-01	   2.0688714221754717e-01	  -2.8629126120470844e-01	
   5.7796348176393031e-01	   0.0000000000000000e+00	   3.9165240724443945e-01	   3.8751400458988960e-01	   4.3999379060497157e-01	   1.7977864197484184e-01	   4.4843703351630382e-01	   2.9254546124726044e-01	   3.4389862453869280e-01	   1.9957320348255408e-01	   3.6626144994086374e-01	   3.8475447929310769e-01	   4.6487541300213514e-01	   3.0424905691864268e-01	   6.3439563651516018e-01	   3.2154173875220243e-01	   7.3207038002439795e-01	   7.4081633634068855e-01	   6.5184496221177424e-01	   6.7746853168398236e-01	   6.4165488826503958e-01	   5.8969124524382366e-01	   5.8014480781452693e-01	   3.9276615082860639e-01	   4.5037484139287648e-01	   3.7339416705100326e-01	   5.2184241798526587e-01	   4.9777537435461638e-01	   4.7084532429129239e-01	   5.1308374434451887e-01	   4.6024789501665120e-01	   3.0088923629158398e-01	   2.8642036307268126e-01	   1.5890391797475101e-01	   3.0859748517155050e-01	   4.0409870279300777e-03	   6.3143817646755573e-01	   6.2019622294950794e-01	   5.9030954054673346e-01	   5.8259890633963596e-01	   6.7396041726458422e-01	   5.4564131931714810e-01	   5.1537456012126015e-01	   4.5089494686308873e-01	   1.5604279779692762e-01	   1.6589308803081321e-01	   4.5568937309976676e-01	   4.3703603218761100e-01	   3.5456075189945624e-01	   3.3380334521177335e-01	   4.5034022804153223e-01	   3.1827229530070833e-01	   3.1668091965307221e-01	   3.5395297041565843e-01	   5.3455543647089188e-01	   4.5164230163595492e-01	   5.6609403797147695e-01	   6.6197383526216680e-01	   4.4481984394533547e-01	   2.5191907418225135e-01	   3.2921096661696381e-01	   9.4266420538043932e-02	   4.1284166905597108e-01	   1.3028589132569737e-01	   4.6214175445514771e-01	   3.4011087006986052e-01	   1.5620278022179690e-01	   4.2477216205701954e-02	   5.8551736303188928e-01	   5.8058064553780231e-01	   4.4347727170082862e-01	   3.7935740837503829e-01	   5.0468979348804155e-01	   5.5022866207058696e-01	   5.3988995363327519e-01	   5.0108229359146028e-01	   4.8355521392433265e-01	   4.1628810122524418e-01	   7.4217766573390320e-01	   7.4739280798417285e-01	   6.9104558955459805e-01	   7.2086078307953261e-01	   6.3068977251265790e-01	   5.2062170138124420e-01	   6.9101183800436772e-01	   5.4517866852059871e-01	   5.5610759233042073e-01	   5.2477300890633971e-01	   6.5403466025640478e-01	   5.0858130260868495e-01	   3.3647750277658139e-01	   3.0534645906300106e-01	   1.6891105722938093e-01	   3.5927858201952428e-01	   4.4901081756796801e-01	   1.5755176106951302e-01	   6.5321032663804723e-01	   3.1124549863691542e-01	   4.1821490965820540e-01	   4.3784240882800707e-01	   7.6342517314344771e-02	   3.4334301169104031e-01	   2.9128308107911338e-01	   2.9259005473286803e-01	  -6.8794553698152447e-02	   2.4341398801285286e-01	  -2.5418447906800390e-01	   3.7954929986154982e-02	   1.7744860832880591e-01	   4.4201888945097378e-01	   4.3809293074581079e-01	   4.6360759812512625e-01	   3.4104771693051683e-01	   2.0063942960184089e-01	   3.4454733123974868e-01	  -1.9980767427148932e-01	
   3.8027521154106370e-01	   3.9165240724443945e-01	   0.0000000000000000e+00	   4.8212426569088096e-01	   6.9212571596319039e-01	   1.3240533631713372e-01	   7.4035379398555801e-01	   2.5527293132423839e-01	   5.2047132237468174e-01	   1.4110715627528669e-01	   3.5388620032701135e-01	   3.5308098508407537e-01	   5.9882516447229905e-01	   3.4262695006638333e-01	   7.0660797944999332e-01	   4.4666900149974176e-01	   1.6214476313485204e-01	   3.0324530063575916e-01	   3.9149694453272116e-01	   2.3885987612666387e-01	   5.9986385965145728e-01	   5.4163538176021142e-01	   7.7823478285007852e-01	   4.5819170751580290e-01	   4.3050167329896150e-01	   4.9427518693359507e-01	   4.4470006268506984e-01	   3.1124018305904899e-01	   1.9475194067962048e-01	   1.8288281043041155e-01	   5.1440008785194169e-01	   4.1740235750555610e-01	   4.6659483936268542e-01	   2.6749968372916572e-01	   5.0833036567253620e-01	   2.3877457139851085e-01	   3.3741971044773500e-01	   2.8479684574173392e-01	   4.2725051494888616e-01	   2.3562662639247503e-01	   3.7443809355411772e-01	   2.6090328724343759e-01	   1.7637177541334806e-01	   2.2459688382433268e-01	  -1.3967687993745587e-01	  -8.3144951022091795e-02	  -5.4488700789837264e-03	   1.1540238577210180e-01	   2.6925053607184246e-01	   2.6008921754700220e-01	   5.0582483476008644e-01	   4.0991907353028184e-01	   2.6215537438994796e-01	   2.2331336984782502e-01	   3.4809097930347455e-01	   3.1256899144612327e-01	   3.6798738301151163e-01	   4.5531028420615000e-01	   4.7208734775367867e-01	   2.9615479704600339e-01	   4.7113955273746233e-01	   2.8292643988518379e-01	   3.3895766162501206e-01	   1.3212765871070001e-01	   7.4978318415745404e-01	   5.6872396310928486e-01	   5.3893540248634142e-01	   2.2959760815312652e-01	   5.2914094564895053e-01	   3.7736959048396224e-01	   5.5928342047949897e-01	   2.7146219870127636e-01	   5.0652154785847847e-01	   4.5563064309158041e-01	   5.6150590130614519e-01	   4.4169884465284709e-01	   5.3828251841483254e-01	   3.4059815566046070e-01	   3.7548687441099293e-01	   2.5879235078185114e-01	   1.5422092408350641e-01	   3.3028178649908896e-01	   2.0469292485543972e-01	   3.0057224923125285e-02	   6.0516932825154801e-01	   6.2210139666691933e-01	   3.3341860682560864e-01	   3.8681299860047408e-01	   6.2656274031325254e-01	   4.2629342747039994e-01	  -8.0123175924178100e-02	   6.0429028097059412e-02	  -2.5201883778563855e-01	   1.9979996143723341e-01	   7.9947321382973502e-02	  -1.5590213077447931e-01	   3.0039015255245394e-01	   2.1469142333607785e-01	  -1.3633333791989876e-02	   5.3903582647224217e-02	  -2.8198097841475034e-01	   2.3478297321142344e-01	   2.6135714958902323e-02	   8.4152748725702192e-02	  -3.1549191582472225e-01	   8.0726813323149071e-02	  -3.0231306953974757e-01	   1.5617300293790520e-01	  -9.6814859734774411e-03	   3.8213958707121720e-01	   2.7605334021479883e-01	   4.5529958066059480e-02	  -1.1918614489217011e-01	  -7.8884144081815544e-03	   1.4846681218145680e-01	  -4.5513114608853117e-01	
   5.6165926000096622e-01	   3.8751400458988960e-01	   4.8212426569088096e-01	   0.0000000000000000e+00	   3.8640054807319774e-01	   7.0909353936224750e-01	   3.8541213649274003e-01	   8.2115130873889364e-01	   4.4543550464977955e-01	   6.3757909216814035e-01	   9.8376567299056611e-02	   5.7561693388598645e-01	   1.3121690765175967e-01	   5.6446828624750789e-01	   4.6524748235635538e-01	   8.2386174327273365e-01	   4.6640066145597914e-01	   4.2873025773871398e-01	   6.5263267634612754e-01	   6.6872206889183339e-01	   3.4168800777876446e-01	   6.1136706095845827e-01	   3.9687264073253836e-01	   8.5974998867979380e-01	   6.0259162099235028e-02	   3.7369838981539621e-01	   2.2505179683400184e-01	   6.4379017885717760e-01	   4.7467828095954473e-01	   6.1709546968660567e-01	   5.6443017867388001e-01	   8.4989404744873875e-01	   7.2361563684412444e-01	   7.7158721533227881e-01	   3.4784946391754568e-01	   5.8993708735759731e-01	   3.2276425060361619e-01	   4.7231059995605262e-01	   4.3459411511555812e-01	   5.1160089867020631e-01	   4.7545109930859808e-01	   5.4426351320902888e-01	   5.8454825395535048e-01	   6.0386127042352256e-01	  -8.0351389690684463e-02	   2.3290747032580694e-01	   3.8412702188474956e-01	   5.9627353395400906e-01	   3.8246970674426245e-01	   5.5223615198757559e-01	   4.4718204963146752e-01	   3.0648792457234098e-01	   1.0419848284400290e-01	  -1.1233197993150640e-02	   3.1102451442337914e-01	   3.8793821061859163e-01	   6.7272612607201654e-01	   6.6904887483096021e-01	   3.1087644588280461e-01	   5.0044560097115198e-01	   4.1214146234094295e-01	   6.0825107065324202e-01	   5.7792529257006309e-01	   6.0974674126143458e-01	   4.1639149985346519e-01	   6.6749246193345757e-01	   4.2247653727667434e-01	   6.3161065015129625e-01	   5.9647947458778172e-01	   6.3300704978076650e-01	   3.5119214557099709e-01	   5.5926435954367448e-01	   6.1983966107710819e-01	   6.1668277286588324e-01	   6.1037932874711109e-01	   6.9068233062872175e-01	   6.3840903800823612e-01	   7.1165240738978519e-01	   5.0211930498178137e-01	   3.2089542903657187e-01	   4.0284194973886578e-01	   4.6425990779739834e-01	   4.2448524537311011e-01	   3.5749907874072107e-01	   4.4791111287948410e-01	   8.0549049016737251e-01	   5.2631405229612571e-01	   7.1370907857220511e-01	   5.7383566688796961e-01	   5.5857939284255365e-01	   4.0516625592821165e-01	   3.0315304698765311e-01	   8.2933957557251775e-02	   7.1971861757717373e-02	   3.0054603030842175e-01	   1.7307665850025789e-01	   5.7026486735020054e-01	   5.7823076032935616e-01	   3.0040154249589379e-01	   4.6611781782657674e-01	  -2.3604891447727488e-03	   2.8012776558520536e-01	   3.0933212577042213e-01	   2.8569184981021722e-01	  -1.3300482490715726e-01	  -1.1087570408086829e-01	  -2.1919705072089540e-01	   6.4759508518744124e-02	   1.0543116488564351e-01	   5.8817549615633524e-01	   6.4303207778616189e-01	   5.1182461503849308e-01	   2.4461285813033073e-01	   3.2698544607851987e-01	   6.5142522166466932e-02	  -3.5030545031620486e-01	
   3.5333861684857371e-01	   4.3999379060497157e-01	   6.9212571596319039e-01	   3.8640054807319774e-01	   0.0000000000000000e+00	   3.5166832489581612e-01	   7.7718013082982362e-01	   3.8248008906615177e-01	   8.2236612654400609e-01	   4.1202106190652477e-01	   2.6759560452955983e-01	   4.2120843313097900e-01	   6.3199276191340348e-01	   4.6663786909065635e-01	   6.3302743752347124e-01	   3.7811402212433226e-01	   1.5350796462506572e-01	   3.2767843554394094e-01	   3.3041972609611242e-01	   3.1735819881928695e-01	   5.6604716648780262e-01	   4.8952355002814540e-01	   7.1741653087389035e-01	   5.2025125722472410e-01	   5.2340870172371523e-01	   5.8549571629892505e-01	   5.8087756088487796e-01	   6.1269740527177496e-01	   1.5911368206239737e-01	   1.9304557438991693e-01	   4.2387900314239180e-01	   3.7081590161667483e-01	   4.2128489995331553e-01	   2.2240896288428480e-01	   5.0264200757573463e-01	   3.2778741017530966e-01	   3.8265604070674752e-01	   3.4774261818906715e-01	   3.7212724164330990e-01	   2.8477137414199472e-01	   3.9943323491582661e-01	   1.7402651541875003e-01	   2.5420016082849306e-01	   2.9864224123674327e-01	  -7.0018859010807580e-02	   1.6788623769163987e-04	   2.2115073796714554e-01	   2.7904547512380229e-01	   5.0754723455095185e-01	   5.1485299501875881e-01	   5.8119366039830722e-01	   5.9153311683251075e-01	   4.5622878697736324e-01	   4.0967965878702933e-01	   5.7929368655167091e-01	   5.4288795934385470e-01	   3.1887393953351040e-01	   4.6200569425047017e-01	   7.5893640797496376e-01	   4.2255431419489203e-01	   6.0132384101406444e-01	   3.8353760419911598e-01	   1.5421601778342914e-01	   1.3971914597167756e-01	   6.9273764097425738e-01	   6.5927949043116718e-01	   5.5254092695889201e-01	   3.0235484740288870e-01	   4.9474708924515670e-01	   4.6975327053316707e-01	   5.6034621836127640e-01	   3.5325192979116893e-01	   4.5019208459203985e-01	   4.3210970362797496e-01	   5.2217965308335468e-01	   4.2899401699465350e-01	   5.2442257159291872e-01	   3.8895125487751803e-01	   3.4861334506716923e-01	   2.9296414775389967e-01	   2.3207458313482948e-01	   3.9579992640924189e-01	   3.4118053601332987e-01	   6.8918595254467044e-02	   5.8510896249212052e-01	   6.1975950659972778e-01	   3.9540952351332381e-01	   4.5504642792925959e-01	   6.1088245327398472e-01	   6.1327621828626588e-01	   1.7632052288385980e-01	   3.0072724824825847e-01	  -6.1460356894775983e-02	   3.4058262221927760e-01	   1.5578708209834352e-01	  -7.7418767819774692e-02	   4.1676946794245373e-01	   2.3238748530952316e-01	   3.2435473827441152e-01	   2.7145566130602250e-01	  -2.8614951054233419e-02	   3.9370427566011118e-01	   5.5956160109442883e-02	   1.7481269389709597e-01	  -3.9008181368642947e-01	   3.7329006278321781e-03	  -1.8188085716674263e-01	  -6.1837695823293171e-03	   5.9841875901325600e-02	   3.8377633505479469e-01	   2.9293455515128419e-01	   1.2705386815385672e-01	  -3.7804395537277213e-02	  -1.1091755896414218e-01	   2.3141602624842626e-02	  -5.1885901089784692e-01	
   4.2088206117219251e-01	   1.7977864197484184e-01	   1.3240533631713372e-01	   7.0909353936224750e-01	   3.5166832489581612e-01	   0.0000000000000000e+00	   3.6509454315075301e-01	   8.5078108420412235e-01	   5.3408668826053440e-01	   8.7083103400920558e-01	   1.7098367120785629e-01	   6.2696321220318929e-01	   1.7654087889881617e-01	   7.0412502811287769e-01	   2.1521342806574056e-01	   7.3349320811380059e-01	   2.2846164467497526e-01	   1.8424111197427859e-01	   4.5428298460469796e-01	   5.0381865647565061e-01	   2.9571632378145404e-02	   2.8108043291479318e-01	   9.8648587386803682e-02	   6.9874229741549310e-01	  -2.4520703569880350e-01	   1.9582126961532945e-01	  -9.0664462825419373e-02	   6.3174361611854346e-01	   3.9630714090149938e-01	   5.0369097830724130e-01	   2.5665680311701444e-01	   5.9319289269223296e-01	   4.7409956615254351e-01	   5.8717838264743327e-01	  -8.3365748330029420e-03	   4.0938728382955886e-01	   1.9529676151274997e-01	   3.1224105274392411e-01	   1.9387248929048395e-01	   4.3628980047544608e-01	   2.4255385407956570e-01	   3.5612469425061921e-01	   4.0813590575177328e-01	   4.9333342110567724e-01	   1.4910799505488553e-02	   2.8697487862015159e-01	   4.4343236864233659e-01	   5.2304744835807626e-01	   4.5097072823267725e-01	   5.8866101617758892e-01	   2.7700780260501218e-01	   3.5326690118393100e-01	   2.3082902891455048e-01	   1.8139973517437724e-01	   3.4669887797438664e-01	   5.1768252900385492e-01	   3.8343429481663932e-01	   3.1114123600397470e-01	   2.8748316881150987e-01	   4.5097231907817248e-01	   4.8453185382512748e-01	   7.6983729013679070e-01	   3.6238051330277277e-01	   6.1636925261866249e-01	   1.2932934169876514e-01	   5.0505924119002632e-01	   1.7997552586588914e-01	   4.9516487618822580e-01	   4.0712792170711148e-01	   4.4483702425292099e-01	   2.0556228111134422e-01	   4.5782905129943907e-01	   4.8694896380377706e-01	   5.0939128343089823e-01	   4.5911707028806664e-01	   5.6570367010493250e-01	   5.2098592777903463e-01	   6.2257643815030006e-01	   2.5291214527159134e-01	   1.7677685607062382e-01	   2.9157106789512310e-01	   3.4149877465986200e-01	   1.8740494310876549e-01	   2.3023571100756679e-01	   2.1017097458148079e-01	   6.2825636407803132e-01	   2.1617850722788573e-01	   4.8596151766204299e-01	   3.2513044949282177e-01	   5.3747299372529533e-01	   4.2294508167108236e-01	   3.5349397958816137e-01	   1.2530610202546527e-01	   4.1870480567587923e-02	   2.2459737517315356e-01	   2.6062313815847676e-01	   4.4137207216332486e-01	   5.9804632341639619e-01	   4.0664677397071980e-01	   5.0248704470628958e-01	   1.8200413184038128e-01	   4.0194557696097943e-01	   2.7160612643151882e-01	   2.4494757760230881e-01	  -8.0737903289577168e-02	  -1.6899452846387880e-01	   3.3858658170844769e-02	  -1.2919165017448792e-01	   7.1566465122396256e-02	   4.5212040062546288e-01	   5.6917764721811093e-01	   4.0813180157684104e-01	   2.7846016127031892e-01	   2.2469464152154461e-01	   6.3567296907757753e-02	  -2.3894022507910229e-01	
   3.6227624797438129e-01	   4.4843703351630382e-01	   7.4035379398555801e-01	   3.8541213649274003e-01	   7.7718013082982362e-01	   3.6509454315075301e-01	   0.0000000000000000e+00	   4.5976142816459203e-01	   6.7123736263490175e-01	   3.9075468399922786e-01	   6.0016786091945518e-01	   5.7228121077403815e-01	   7.9957501481623361e-01	   5.8884795164589576e-01	   6.2838321105259065e-01	   5.1039841491416094e-01	   2.4295228135829255e-01	   2.8827509257714190e-01	   4.5052769415743410e-01	   3.2711147808385521e-01	   4.6602650131988732e-01	   4.1767282758818880e-01	   5.4618843565167174e-01	   4.1293254918486544e-01	   2.4440534547290879e-01	   3.9013808439595837e-01	   3.5851897087283319e-01	   5.1421026592283725e-01	   3.4215409561072807e-01	   3.0530803824980457e-01	   3.8495801093573578e-01	   2.9912018808777480e-01	   4.1305739315702894e-01	   2.7491907910548896e-01	   3.9025758045634501e-01	   2.5707631657784585e-01	   4.2498530176327587e-01	   3.5230282458511863e-01	   4.1449879420188412e-01	   3.4852728067854555e-01	   4.6936198122171957e-01	   2.3968895347514835e-01	   2.7783952735012674e-01	   3.7609431689144579e-01	   6.3884559245513312e-02	   1.3135325437162593e-01	   2.3374059521710938e-01	   2.7805291518377145e-01	   4.6904560384741634e-01	   3.9450976560883466e-01	   5.3232263689885007e-01	   5.0155239325550582e-01	   4.4575920125532797e-01	   3.9185016414838647e-01	   5.8839884541227683e-01	   5.4816463740550070e-01	   2.5269179003656461e-01	   3.3373376603585952e-01	   6.2109279549274343e-01	   2.9082130962214070e-01	   6.8507086557967511e-01	   4.1987365695720658e-01	   3.6231296229363646e-01	   2.6193945539637914e-01	   5.8269021917587915e-01	   4.7177791752025855e-01	   4.7830324725366569e-01	   2.6811473732715146e-01	   5.7410192242893721e-01	   4.5704433044089859e-01	   4.8203452829295490e-01	   2.7276476899431962e-01	   4.7882044998909978e-01	   4.7554265678486801e-01	   5.0699868030719708e-01	   4.8302298116780995e-01	   5.3349493541629178e-01	   3.5869641821262704e-01	   3.0544926384403198e-01	   2.3500288449745241e-01	   1.7800775705033567e-01	   3.3842947645180199e-01	   2.7135253091084610e-01	   1.0530299810363900e-01	   4.9920929987051288e-01	   6.0156514789579663e-01	   2.3701094835073849e-01	   3.3427083384716083e-01	   6.3246718733986262e-01	   5.3439012731719648e-01	   9.7206228392643076e-02	   2.2305539610643926e-01	  -1.4603945799515125e-01	   1.9220611633950760e-01	   2.9093319947940516e-01	   3.9897502339485996e-02	   4.3622957998187106e-01	   3.0557684039267019e-01	   2.9533323073479600e-01	   2.3990782667827745e-01	  -1.2472455602658949e-01	   3.5864569130839202e-01	   1.1884515025227999e-01	   1.2148796973512671e-01	  -2.3327194688222364e-01	   9.1486050926580631e-02	  -1.3690387696326653e-01	   6.7642330872319772e-02	   7.2190081428198411e-04	   4.8015727729792135e-01	   4.0147009235842340e-01	   1.2200413681166569e-01	  -4.7793293783809808e-03	  -5.9008782847484523e-02	   1.1078677755138547e-01	  -3.4493847498637287e-01	
   4.3266345526708971e-01	   2.9254546124726044e-01	   2.5527293132423839e-01	   8.2115130873889364e-01	   3.8248008906615177e-01	   8.5078108420412235e-01	   4.5976142816459203e-01	   0.0000000000000000e+00	   5.0004117784104540e-01	   8.4962089422420195e-01	   2.7127614692039254e-01	   7.5027056065273934e-01	   2.9295642574661684e-01	   7.6212834287549547e-01	   4.0802749882721379e-01	   8.2417370436743065e-01	   3.6837103953538719e-01	   3.2282908454732728e-01	   5.4129167400170797e-01	   6.0311437860735695e-01	   1.8168304453528955e-01	   4.2398425914817706e-01	   2.3601421051750759e-01	   8.0146061039093563e-01	  -8.2540577673863191e-02	   2.7651633391604180e-01	   1.1408938346024371e-01	   6.7867458207017717e-01	   4.8095919526864284e-01	   5.9317053427374267e-01	   3.7148546647770275e-01	   6.8143816970013027e-01	   5.5974241701305771e-01	   6.7976473858219644e-01	   1.5171020531179860e-01	   4.7181394365123719e-01	   3.3539890818067097e-01	   4.9447667516786065e-01	   3.3559557807411666e-01	   5.9314367693290471e-01	   4.4565320893954224e-01	   5.2799147406896174e-01	   5.1196822066170711e-01	   5.7571809390536333e-01	  -3.7516226337352035e-02	   2.9516265457350999e-01	   4.1454106340265762e-01	   5.6895496711586480e-01	   4.2833179702663915e-01	   6.2625871359502217e-01	   3.6672553198782065e-01	   3.9980135863429744e-01	   1.8520012237123679e-01	   7.8092342702786380e-02	   3.7984918832614645e-01	   5.1277704962792581e-01	   4.5071493062735690e-01	   4.6024708401541325e-01	   3.3879031626193024e-01	   5.3945624846723672e-01	   5.5837158968304457e-01	   7.7716648485068340e-01	   4.3981914132748900e-01	   6.3191976878398159e-01	   2.5406273743330293e-01	   6.1464592480491076e-01	   2.9910797652904969e-01	   5.9041185659546924e-01	   5.4817407950664809e-01	   5.9140287663876656e-01	   3.1596814799559303e-01	   5.6565692293410152e-01	   5.6066881743394470e-01	   5.8678940010775382e-01	   5.3439864042863228e-01	   6.3309610938619365e-01	   6.0432011237236727e-01	   7.0298158103992514e-01	   4.1866493024156015e-01	   2.8338113167310330e-01	   3.9107233705594330e-01	   4.3099328656807356e-01	   3.7056422676217449e-01	   3.2009081243980486e-01	   3.4149534797515879e-01	   7.0067499913616926e-01	   3.9510717129801015e-01	   6.1855174164643056e-01	   5.2203592970712376e-01	   5.9133933708506126e-01	   4.8242264393847323e-01	   3.2166721425660166e-01	   1.5423958579393460e-01	   3.7405764206351361e-02	   3.6140694773836413e-01	   2.8827685836224504e-01	   5.5538093347509665e-01	   5.9252646315201674e-01	   4.0650935243949393e-01	   4.8564470140535487e-01	   1.2614338533995928e-01	   3.5762344718084449e-01	   2.5907791908586197e-01	   1.7110109509930241e-01	  -1.0000692318136324e-01	  -1.7565473632037457e-01	  -2.8232522122678287e-02	  -7.1503057585200105e-02	   4.9156309954651374e-02	   5.7651883338923338e-01	   6.2401170912305848e-01	   4.4523579971324689e-01	   2.7166543697245238e-01	   1.8561293266701301e-01	  -3.3297683177510869e-02	  -3.0287633844180362e-01	
   3.1285445600156048e-01	   3.4389862453869280e-01	   5.2047132237468174e-01	   4.4543550464977955e-01	   8.2236612654400609e-01	   5.3408668826053440e-01	   6.7123736263490175e-01	   5.0004117784104540e-01	   0.0000000000000000e+00	   6.7305206564257691e-01	   2.5624490773963526e-01	   4.0983370933589136e-01	   5.4680175491123018e-01	   5.3475075755861634e-01	   6.0759351484002455e-01	   5.2019505355703910e-01	   1.9978224952056328e-01	   3.0625451062678133e-01	   3.6111342826767068e-01	   3.6045983077773969e-01	   3.0207207097496758e-01	   4.0105225642869180e-01	   5.7969308092436034e-01	   5.7924368640393620e-01	   2.3739254552801087e-01	   3.3370752327723918e-01	   3.4165644203819046e-01	   6.5740739931124859e-01	   1.1927030683352444e-01	   2.0994590047918327e-01	   3.4362806603143947e-01	   4.1893568826506411e-01	   4.1704692202143884e-01	   2.8606929245019108e-01	   3.1952831838995477e-01	   2.6357074221531268e-01	   4.3027675023517359e-01	   4.4521371195911208e-01	   3.2762296158774695e-01	   3.6035300732063935e-01	   3.9514141089783456e-01	   2.1336664904941083e-01	   3.6527533752479746e-01	   4.3171960251685770e-01	   3.4552912016478872e-02	   1.5459743467476778e-01	   2.9766276297781813e-01	   4.2027437646157950e-01	   5.8594771676220714e-01	   5.9724177412852186e-01	   4.7795978707908870e-01	   4.7639988448813619e-01	   3.1412223466576578e-01	   3.2583693972485533e-01	   5.1090209473855808e-01	   4.8887179492056448e-01	   3.1301669146136368e-01	   3.8466344659250562e-01	   7.1979285459993836e-01	   4.0902623191754822e-01	   5.9634822155106260e-01	   4.7466302634202184e-01	   1.7925922923204790e-01	   2.9362827952619480e-01	   5.4881410674826026e-01	   5.5258858835906632e-01	   3.7731119304831329e-01	   2.4781737797522566e-01	   4.3126960507758816e-01	   4.8516425478546121e-01	   4.1995542752384496e-01	   3.4940183156270321e-01	   4.1478858476572755e-01	   4.4623110855423975e-01	   4.1683766483882301e-01	   3.9221397460136820e-01	   5.0501104061038382e-01	   4.2103631195329305e-01	   2.3742424917875771e-01	   2.4720291778327017e-01	   1.8105283165726582e-01	   3.5295162617798953e-01	   3.5316196774211572e-01	   8.4951880080580189e-02	   4.5226931477585497e-01	   6.4389148507461014e-01	   4.0009046709688190e-01	   4.7706663538956950e-01	   5.8492692974402749e-01	   6.0873551330720366e-01	   3.3919039425573083e-01	   4.7862640761179348e-01	   9.7686983909844857e-02	   3.5190605356113269e-01	   1.0105504446092349e-01	  -8.5875941614349791e-02	   3.5760386747623996e-01	   2.9105474005827225e-01	   4.0222892457015785e-01	   3.8821669501099582e-01	   1.7181008457663893e-01	   3.8158946452926334e-01	   1.2896432101088864e-01	   2.0316568210684366e-01	  -2.8870977133828429e-01	  -4.9471933861171810e-02	  -5.1972559983069828e-02	   3.4880508061554336e-02	   1.1994376792560316e-01	   3.8995527747714770e-01	   3.1603165987241461e-01	   2.8482101918582203e-01	   1.5787009149386866e-01	   1.1847825215917177e-01	   4.9587668899898726e-02	  -4.3464697180121059e-01	
   3.4603554146863624e-01	   1.9957320348255408e-01	   1.4110715627528669e-01	   6.3757909216814035e-01	   4.1202106190652477e-01	   8.7083103400920558e-01	   3.9075468399922786e-01	   8.4962089422420195e-01	   6.7305206564257691e-01	   0.0000000000000000e+00	   2.3912681765760627e-01	   6.0910291445537490e-01	   3.1863322752834367e-01	   7.1755628684093009e-01	   4.2592287015230768e-01	   7.5572644776789244e-01	   2.6384313901261436e-01	   2.1407795636210097e-01	   3.9743559725161559e-01	   4.5899384406339011e-01	   8.3833594185932114e-02	   3.4958258174932660e-01	   2.7024089255663797e-01	   7.7155751608149536e-01	  -7.3639676111372357e-02	   2.2794221580174401e-01	   1.1079577339663188e-01	   7.2219511386886059e-01	   2.7988014298575270e-01	   4.0416139053446998e-01	   2.3590588216237049e-01	   5.4051806508728872e-01	   3.6235912571232232e-01	   4.3794689304808365e-01	   3.1275364693995479e-02	   2.8243555777104362e-01	   3.3515168155527858e-01	   4.9389347009939066e-01	   2.2543185849529884e-01	   5.1642467473435039e-01	   3.1171321892782133e-01	   4.3546769270660368e-01	   4.2863838671941290e-01	   5.2701534383040094e-01	   1.7207454733526754e-02	   2.6872583634815356e-01	   3.7731854825387501e-01	   5.0160301967394749e-01	   5.2378598354623573e-01	   6.7617520532774433e-01	   3.2482179079128171e-01	   3.9840051650248554e-01	   2.2250170767009081e-01	   1.7883515354532226e-01	   3.9399232693075981e-01	   5.0857490294520691e-01	   3.3871803548266644e-01	   2.7157694871989663e-01	   4.0891946534096457e-01	   5.0121617558774068e-01	   5.5231082844551382e-01	   7.4931499514098543e-01	   2.3970706040495127e-01	   4.6626787746301979e-01	   2.5169409911602181e-01	   5.4866742985024441e-01	   7.1073512788356136e-02	   3.3659940494050622e-01	   4.2882440853780118e-01	   4.5008806154626541e-01	   2.7512140725058976e-01	   4.9148669902096886e-01	   4.8545927162451541e-01	   4.7994093520897974e-01	   4.2767372831508227e-01	   4.8566237079918423e-01	   4.8092597231193873e-01	   5.5162065030327856e-01	   2.8978928585679997e-01	   1.9089254907781003e-01	   2.5895351579261217e-01	   3.1374632844385647e-01	   2.8814623918744098e-01	   1.5012592140904080e-01	   3.0757201820098962e-01	   6.5516181394397943e-01	   3.7298276851004319e-01	   5.2881362566647316e-01	   5.0354326122141813e-01	   6.4418993136636371e-01	   4.9171266774999334e-01	   4.1168491487956427e-01	   2.4090982020113150e-01	   1.5799994286819888e-01	   2.0054822439328476e-01	   2.0767880448852463e-01	   3.9668295041481216e-01	   4.9205803927463793e-01	   3.9869589675257217e-01	   4.6686970474638062e-01	   2.4420456215826680e-01	   3.8941624006339720e-01	   1.8346630707824002e-01	   1.9479505795163216e-01	  -9.7860818680396047e-02	  -1.5771492369642925e-01	   7.7878723576224565e-02	  -1.2020863225804755e-01	   1.0641892505767767e-01	   4.4158505664826131e-01	   4.7078109993824441e-01	   3.9313719736214869e-01	   2.8571024599195433e-01	   1.6373717580708066e-01	   1.8600650450938476e-03	  -2.6775667380634466e-01	
   3.3479318643778450e-01	   3.6626144994086374e-01	   3.5388620032701135e-01	   9.8376567299056611e-02	   2.6759560452955983e-01	   1.7098367120785629e-01	   6.0016786091945518e-01	   2.7127614692039254e-01	   2.5624490773963526e-01	   2.3912681765760627e-01	   0.0000000000000000e+00	   7.2020948920210603e-01	   8.1586524527851312e-01	   6.2457494662111024e-01	   4.9853674922155777e-01	   4.5517125553203752e-01	   3.0499022363045702e-01	   1.8682667175341172e-01	   2.4343273312474967e-01	   1.0319895903570772e-01	   2.2734586689191238e-01	   2.1767184122334343e-01	   2.5575461572190178e-01	   1.8508496556072840e-01	  -4.4439961877413489e-02	   1.6835402581622038e-02	   1.4596274384806512e-01	   2.5777423410305556e-01	   4.4225237085205837e-01	   3.8081223172035816e-01	   3.0492049750338941e-02	  -4.1198743677772029e-02	  -1.0036725408294604e-01	  -8.1930095879565401e-02	  -2.0097851136371303e-01	  -3.6229332408924653e-01	   3.9436580263480947e-01	   4.4765106529277954e-01	   3.1477153266353819e-01	   4.1043310455893384e-01	   2.6577243661973987e-01	   3.8567513588185098e-01	   6.9844370555426860e-02	   2.2240423144098653e-01	  -8.7726486058416070e-02	  -1.0535749208814491e-01	   5.7268146198493783e-02	   1.0129416281145862e-01	   2.5732425595299252e-01	   1.4024044148459230e-01	   3.1881401424748146e-01	   2.7204208146851949e-01	   3.5934828379695294e-01	   3.7901363073370137e-01	   3.7531866785047541e-01	   3.3577083193910934e-01	   7.9763912764674746e-02	   8.9561039964021233e-02	   3.1044778944769130e-01	   1.1339207640344524e-01	   7.3439530344028259e-01	   3.7098271555724782e-01	   4.3059523175339354e-01	   2.8170063767598230e-01	   2.5726543982647393e-01	   6.0444171939104861e-02	  -1.2905657616433752e-01	  -2.4651934751060292e-01	   3.4234418701229241e-01	   1.6251982251799138e-01	   1.7823756588463002e-01	   1.2286002894804651e-01	   2.5557674584494083e-01	   3.3512410773467716e-01	   2.5513832168256573e-01	   2.6391429515012377e-01	   2.8664339922778315e-01	   9.9929032747277213e-02	   2.9131655968238818e-01	   1.3773498730437891e-01	   1.3634020360509669e-01	   1.6493390051197082e-01	   1.7323538756183277e-01	   4.7679778184278182e-02	   3.0317227745929332e-01	   2.8252854512281456e-01	   1.9664299428217180e-01	   1.2841815631760134e-01	   4.7071060198753756e-01	   3.2546291696679763e-01	  -1.3910778587769965e-02	   1.6851156974906144e-02	  -1.4993794128098115e-01	   1.1350830184573518e-01	   3.5847375982479196e-01	   1.8191647619846124e-01	   2.4345510813009968e-01	   1.8204296221719260e-01	   6.6216807298060898e-02	   6.1804592556508872e-02	  -1.3221145815762783e-01	   1.3131944721577662e-01	  -6.7399337215921862e-03	   5.4267862985406062e-02	   2.9478652037458744e-03	   2.9230323706233591e-01	   1.3675845203485004e-01	   1.7846020374973828e-01	   8.4706104461181264e-02	   3.9753623112993663e-01	   2.4438036563838694e-01	  -2.4481202704565615e-02	  -1.9873317701236296e-02	  -1.4124787732246333e-01	   1.0242892982449836e-01	   2.3245257448459320e-02	
   4.7930462499647752e-01	   3.8475447929310769e-01	   3.5308098508407537e-01	   5.7561693388598645e-01	   4.2120843313097900e-01	   6.2696321220318929e-01	   5.7228121077403815e-01	   7.5027056065273934e-01	   4.0983370933589136e-01	   6.0910291445537490e-01	   7.2020948920210603e-01	   0.0000000000000000e+00	   6.4391714014917389e-01	   9.1789775689655828e-01	   5.0291031025248978e-01	   7.6622030075982039e-01	   4.0704740804484002e-01	   3.3502311058958928e-01	   4.3935104521246304e-01	   4.1238825713702693e-01	   2.9417625390064672e-01	   4.5161433726425027e-01	   2.9118743757530074e-01	   6.1140973096886242e-01	  -7.3457364475051926e-02	   1.9715580083491543e-01	   1.4397599904655772e-01	   5.3323917622903927e-01	   6.0369325196656198e-01	   6.5081407272317504e-01	   2.8538919171935140e-01	   4.2852199047165840e-01	   3.2149382727129677e-01	   4.1019237575107736e-01	   1.6121660475465396e-02	   1.4443814980099420e-01	   4.5758088559199034e-01	   6.0864799291058969e-01	   4.5324766690237972e-01	   6.3778643414750347e-01	   4.3929615008102724e-01	   5.9390571261974945e-01	   2.9837540254675177e-01	   4.4734000512514560e-01	  -1.8764375564334362e-01	   1.3019946490438205e-03	   2.2420785681943634e-01	   3.6962073776095189e-01	   3.5655818859069638e-01	   4.3093827888604164e-01	   4.3232661089088437e-01	   4.0339106489638843e-01	   3.8721890382156254e-01	   3.3095161320262634e-01	   4.5759574936397007e-01	   5.4323327331327120e-01	   3.6264610804162223e-01	   4.0368117829508082e-01	   3.7638045395243530e-01	   4.3046000790202599e-01	   7.9454342519546006e-01	   7.7957616028476373e-01	   5.2840605555755737e-01	   6.2488269941518571e-01	   3.2437246850152723e-01	   5.1520712853955830e-01	   1.6145927248437461e-01	   2.7075813874887389e-01	   5.6262223829836566e-01	   4.1499736471072390e-01	   3.6063713675483922e-01	   4.9783789911558907e-01	   5.3703525620567460e-01	   6.0228895902130108e-01	   5.3158572523736025e-01	   5.9693692582683011e-01	   5.9775111409835169e-01	   5.8525450745423790e-01	   4.7703872107265533e-01	   2.7825339375332958e-01	   3.8944061344515984e-01	   4.1047132407042913e-01	   3.4541725799687945e-01	   2.5248739111746010e-01	   4.2011609296238867e-01	   6.4294696930103723e-01	   3.8841144098287195e-01	   5.2088098015121376e-01	   5.7535561208073205e-01	   5.8573199458742531e-01	   2.4981771741774580e-01	   1.2488891932766125e-01	  -6.2993114715734017e-02	   1.8387114001607259e-02	   5.1369601776118046e-01	   4.3005652185601084e-01	   5.2500960869513036e-01	   5.4248015136606675e-01	   2.4552515885540135e-01	   3.0704355549086237e-01	  -4.5234683057013655e-02	   2.5202740259678774e-01	   1.3867547709376066e-01	   1.5816681770479002e-01	  -4.9773346427999896e-02	   8.5147629125099267e-02	   1.3105577284382394e-01	   9.1609857495149674e-02	   1.3374929944153285e-01	   6.7627706093039652e-01	   5.8669650405517793e-01	   2.4505219816790030e-01	   1.3568549458456117e-01	   5.0019311426587748e-02	   6.9443523826556802e-02	  -1.5959208131644967e-01	
   3.1065652058996496e-01	   4.6487541300213514e-01	   5.9882516447229905e-01	   1.3121690765175967e-01	   6.3199276191340348e-01	   1.7654087889881617e-01	   7.9957501481623361e-01	   2.9295642574661684e-01	   5.4680175491123018e-01	   3.1863322752834367e-01	   8.1586524527851312e-01	   6.4391714014917389e-01	   0.0000000000000000e+00	   6.5159660079555948e-01	   7.6010701521469259e-01	   4.4223336550091230e-01	   2.3863967469966135e-01	   2.7155326020933690e-01	   2.5428234315095755e-01	   1.1387529793688368e-01	   4.2265655995827273e-01	   3.6437729614550424e-01	   6.0598486777671057e-01	   3.1030315672563002e-01	   2.6128761591061506e-01	   2.7503898113056208e-01	   3.6620320750547797e-01	   3.8421748317559534e-01	   2.8206890571924592e-01	   2.1138124383263801e-01	   2.2723218379900273e-01	   8.8480402927461566e-02	   3.1037383067254877e-02	  -8.3986377261460479e-02	   1.5750843673126008e-01	  -1.8580850132202598e-01	   5.1932456663303739e-01	   4.6086822923815451e-01	   4.0722230096334605e-01	   3.7804844815873129e-01	   3.5874120226826428e-01	   3.1874628642476466e-01	   1.2596659895251131e-01	   2.6949632635613330e-01	  -5.8864856220669634e-03	  -3.7517984541701306e-02	   4.3157716126760927e-02	   1.1032025777904952e-01	   3.8503490558551079e-01	   3.2276881400485291e-01	   3.8642867260522973e-01	   4.0151877482514342e-01	   3.5344033136951142e-01	   4.1084077731534008e-01	   4.6692250343216735e-01	   4.3554866491904876e-01	   1.3365762480050089e-01	   1.6567460538480705e-01	   5.2559192510809583e-01	   2.0125641658266158e-01	   7.6111438031036938e-01	   4.1945425802877978e-01	   2.3948638018508547e-01	   9.7792818359683828e-02	   5.9153906626342345e-01	   3.7385295818760178e-01	   8.1011706086275698e-02	  -1.7197756012249851e-01	   3.9865432885307456e-01	   1.7763394288157097e-01	   4.9965731488815579e-01	   2.8019253443152964e-01	   3.9610291346544679e-01	   4.0265114381133593e-01	   4.2318727099889181e-01	   3.2476228778296123e-01	   4.4135066171653786e-01	   2.1442973980956126e-01	   3.9613685855869518e-01	   2.7625484791231752e-01	   2.2445873458468413e-01	   3.3227056241378322e-01	   2.6377079643933260e-01	  -4.0310511207800090e-02	   5.8532219727493584e-01	   4.8080056244422864e-01	   3.2525759241753649e-01	   2.3814258232874874e-01	   6.4156599435473227e-01	   4.6903045953270794e-01	  -8.3147208044914961e-02	   4.3475378577318674e-02	  -1.9880425965989310e-01	   2.2346292447370519e-01	   2.5884360520598931e-01	  -7.0499540493008895e-03	   2.8047208885988872e-01	   1.5109566622725257e-01	   8.6287657723945463e-02	   5.7127957604967097e-02	  -1.8266692522060524e-01	   2.2702752537420628e-01	  -1.7461819375116722e-01	  -4.0269480228727880e-02	  -2.9584735646999338e-01	   1.2653743130736575e-01	  -4.7374676850275112e-02	   5.4839777931194643e-03	   7.4552903276797144e-02	   4.0224240903682484e-01	   2.2649556285035977e-01	  -3.0070781754319788e-02	  -9.4698637172601768e-02	  -2.4256918004053651e-01	   9.2441497624821747e-02	  -2.7081576323129553e-01	
