   0.0000000000000000e+00	   5.7516168386519362e-01	   4.8151032171449010e-01	   2.4329627617934710e-01	   1.7789224040574503e-01	   9.5512254766909874e-02	   3.0913330148745605e-01	   2.0643970321601451e-02	   1.2296767359725870e-01	  -5.5289421612912990e-02	   2.8256442574348256e-01	  -1.8355104254854132e-01	   2.1185708043645451e-01	  -2.1684921057996331e-01	   3.4779303959277064e-01	  -4.0082811648820091e-04	   5.5458280999988019e-01	   1.5389118122923001e-01	   7.2709386786326968e-01	   7.4071973007552427e-01	   3.1125369635336492e-01	   4.3659845290972343e-01	   1.5458925037213297e-01	   1.3045053087749819e-01	   6.8633383159368622e-02	  -2.2816782083378603e-02	   7.9067976690136210e-02	   2.3226241774100376e-01	   2.6625216528325385e-01	  -3.1520417092006529e-02	  -9.9450998731464249e-02	   5.7128111618437671e-02	   6.0646650093607635e-01	   3.6832077769676608e-01	   1.0875742722840882e-01	   8.8650571445779286e-02	   5.1152116287559113e-01	   4.8491012848524173e-01	   3.3793647453419029e-01	   3.9241076801673480e-01	   3.1865697736159232e-01	   4.4575627658781092e-01	   3.8479681476042854e-01	   1.7862151067264342e-01	   1.6526499470523207e-01	   1.1356183366468908e-01	   1.3260116779905631e-01	   2.1914479358328037e-01	   7.8761990172627149e-04	   2.7428053465404903e-02	   6.0678212152534085e-02	   2.1516877104301765e-02	  -7.9461701570184409e-02	  -1.1366591219213343e-01	   2.5944584736723023e-02	  -6.0524969695986183e-02	   8.1189758390096611e-01	   4.3589379166860459e-01	   4.0504781315861538e-01	   2.5135961216788322e-01	   2.8933070545248507e-01	  -1.0734128471483188e-01	   1.8052267426804947e-01	  -6.3385974686312851e-02	   7.4288734093608061e-02	  -8.4542985120293276e-02	   3.8350496198977396e-01	   2.3951560449755702e-01	   7.3820372494087927e-01	   5.4243646059735739e-01	   4.3227509303982964e-01	   4.0678373652729150e-01	   6.3672716425558251e-01	   4.7582494217416427e-01	   5.8518887778074635e-01	   5.7903370217953831e-01	   4.5442045638629103e-01	   3.9665032548885260e-01	   4.8063452851501853e-01	   3.3436033658703912e-01	   4.2993377703273100e-01	   4.8361918446970686e-01	   4.9224659228822965e-01	   1.9748040550508655e-01	   3.2750468187098819e-01	   5.7135712982630382e-01	   4.8723359233632568e-01	   5.6381568657495862e-01	   3.9491177960970619e-01	   3.8117579521585343e-01	   2.7273979217134142e-01	   3.0197814303496234e-01	   8.5146236457638858e-02	   2.1758246241449253e-01	   3.5821213538910365e-02	  -1.3872559999882357e-02	   5.8178556029924305e-02	  -4.9233824575525267e-03	   1.3991460902576761e-01	   1.8463710257962784e-01	  -1.9825115223787657e-01	  -6.4834536204704085e-02	  -1.1635691136072925e-01	   1.0288704855199460e-01	   1.9563953258870312e-01	   2.4151804499368512e-01	   3.4087596144414134e-01	   3.7214924177227271e-01	   6.4272828910931041e-03	   1.2512098958628479e-01	   3.1903921109994920e-01	   3.7248438769834297e-01	  -1.5112712859905807e-02	   7.3978624835766102e-02	   7.8743103007083884e-02	   1.6030820678780344e-01	
   5.7516168386519362e-01	   0.0000000000000000e+00	   2.6889379386405482e-01	   1.7861729898551129e-02	   1.7125355468646167e-01	   4.8690985256792101e-02	   2.2894837315736294e-01	  -5.0933113459929978e-03	   1.3280815122722425e-01	  -1.1186225627108047e-01	   2.9794312711890308e-01	  -8.3537701197168718e-03	   2.8526711052578724e-01	  -4.4532171859795001e-02	   3.4590640250650007e-01	  -5.8682693582556116e-03	   3.6781756143593702e-01	   4.0085937717833603e-01	   4.5342775202266627e-01	   5.7173611113285217e-01	   2.4882004659351320e-01	   3.4549555887082373e-01	   1.5188490181088055e-01	   5.8740038450382684e-02	   5.4241029370310279e-02	   1.6951104034221925e-02	   6.5009965262413247e-02	   8.7072309969745326e-02	   1.7302363423106959e-01	   2.6422375237611026e-02	  -6.2206322646996715e-02	   4.9230669658747270e-02	   4.3985243405835850e-01	   3.7223262572010296e-01	   1.7066155257188242e-01	   6.4300547720423748e-02	   2.0272508524171251e-01	   2.5395382361143454e-01	   8.4044406922874446e-02	   1.5331123954872095e-01	   2.1117688441894550e-01	   4.7593881747770694e-01	   3.6524775264749076e-01	   3.1610433405144223e-01	   1.9746285896428792e-01	   3.3375002478989690e-01	   1.4708582696490602e-01	   3.6603160035899429e-01	   1.6963413858468179e-01	   3.1079721511308833e-01	   1.0052271996308700e-01	   1.8926024419951171e-01	   1.1785988926933055e-01	   2.3999682754246913e-02	  -1.0757101638452070e-01	  -1.3558606565128509e-01	   5.8547024635558331e-01	   8.1717118329226723e-01	   1.5670768733427995e-01	   2.0525516111515124e-01	   7.6472323492544577e-04	  -7.1789001125475219e-02	  -1.1546088716930133e-01	  -8.6242677699419831e-02	  -2.3769934038962319e-02	  -1.8654949065715834e-01	   1.4240210007777176e-01	   1.9279399830107236e-01	   4.4629534754450217e-01	   4.7819493370761584e-01	   4.4297985443746124e-01	   2.8574769372455516e-01	   5.5653814386723111e-01	   5.0172527446800541e-01	   4.0240261343724049e-01	   5.2146016961168973e-01	   3.8152188562950262e-01	   5.8348510877802051e-01	   4.0966110052163496e-01	   3.8170196564021741e-01	   4.3463401273226177e-01	   4.1479164843821953e-01	   3.1001459523225616e-01	   6.6077320260820083e-02	   1.9972565507525195e-01	   3.1829283318980495e-01	   2.7906850925748949e-01	   1.6036607514009757e-01	   1.3290932658024071e-01	   1.4264983069364112e-01	   3.1318988474040077e-01	   2.9207451668472761e-01	   1.3736059918596527e-01	   9.4763494836384451e-02	  -1.0897872008282275e-01	  -1.4211068237513563e-01	   4.0297477909395085e-02	  -1.3539658616131123e-01	   1.5069055182740410e-01	   5.0352302089086809e-02	  -2.9641765661721921e-02	  -2.9781005439563461e-03	  -9.1526583199471503e-02	  -8.2030887899420500e-03	  -5.9344015769429992e-02	  -4.4925793368338997e-02	  -4.1018502776812765e-02	   4.2114365079548868e-02	  -1.2873892788933602e-01	  -4.6833382855259287e-02	   2.4094778246149115e-01	   3.6453334703834389e-01	  -7.0480098394390969e-02	  -4.2209540260323031e-02	  -6.7498595871637618e-02	  -6.2348620319184360e-02	
   4.8151032171449010e-01	   2.6889379386405482e-01	   0.0000000000000000e+00	   7.0016998371042238e-01	   6.7814846542606333e-01	   4.8553787134261250e-01	   7.6013271151569040e-01	   5.3515594987731341e-01	   5.3866020321692953e-01	   3.3363422048158647e-01	   4.0531499303154261e-01	  -2.6480930221767177e-02	   5.4281463864798207e-01	  -7.9510155836539644e-04	   5.8330246709874123e-01	   3.1091168137596337e-01	   6.5400801360222693e-02	  -1.1270729000174227e-01	   6.0124744472655123e-01	   5.8397982433266415e-01	   4.5959535970405080e-01	   5.0431609503201458e-01	   6.9279220641128414e-01	   6.3982273131605205e-01	   5.9629377932463090e-01	   5.1116163281627247e-01	   3.9743919377227926e-01	   4.9523432599919293e-01	  -1.5748145141863856e-02	  -1.8066646703057535e-01	   3.8402153505589803e-01	   4.0455869903000441e-01	   3.4963656749111632e-01	   2.5111188488824265e-01	   3.6103697948846181e-01	   4.1132332635791047e-01	   4.3104326687564121e-01	   2.6721056887427502e-01	   3.4280382071044679e-01	   3.9723099886686680e-01	   4.0163840519732691e-01	   5.0936790754335337e-01	   3.0270958500291106e-01	   1.9183319009616084e-01	   2.8431504069238722e-01	   1.5089364452607706e-01	   1.3907169875027445e-01	   3.1169106481286757e-01	   3.6039901556468645e-01	   2.8361638980749881e-01	   4.6455666238532789e-01	   4.6467677577557531e-01	   9.2428587742566043e-02	   5.9097395365051701e-02	   2.0371121515357629e-01	   6.8301950275600487e-02	   4.2587093485048977e-01	   2.1602852227921343e-01	   7.2143163559673495e-01	   3.4065922641053714e-01	   5.3465978741733444e-01	   3.0275566696738748e-01	   1.5582001074379276e-01	  -3.0753433658622140e-02	   5.7206616909452745e-01	   4.7736519835063373e-01	   6.4559244336164778e-01	   4.7992857136270073e-01	   5.1689920848048088e-01	   4.1302810777658894e-01	   3.4787616335936394e-01	   4.7222347682669430e-01	   3.3325941157796041e-01	   2.7414190815479816e-01	   3.8126094644773534e-01	   3.9067664613910386e-01	   2.8498868332756172e-01	   2.9777602365420719e-01	   3.3049836188779547e-02	   1.7803428831070645e-01	   4.2310610455707220e-02	   1.4848865131121927e-01	   5.9611293417885458e-01	   2.1327803626776692e-01	   4.8284184176868472e-01	   4.8542337107980449e-01	   5.9572505321031755e-01	   3.8713473089586065e-01	   7.7666627077430372e-01	   7.1782997528622206e-01	   4.9446010895869280e-01	   4.0707523989648903e-01	   5.6330215666836347e-01	   4.2641198020587689e-01	   1.2040530889258192e-02	  -8.4535248728615564e-02	   1.1735339761122657e-01	  -3.9669070555890001e-02	   3.2727700027944917e-01	   1.6720637005018921e-01	   1.7350073270769437e-01	   1.6737422624765058e-01	   1.1145598285749778e-01	   7.9727647024583986e-02	   1.3825107401786779e-01	   1.3133735815281977e-01	   4.7766604095219500e-01	   2.6645461254622027e-01	  -2.8115450083633947e-02	  -2.2077133904002590e-02	   4.3955040464233108e-01	   5.2824688324762281e-01	   4.3913973121002099e-02	   6.0886234780857793e-02	   5.7546336281603279e-02	   9.1052608724901618e-02	
   2.4329627617934710e-01	   1.7861729898551129e-02	   7.0016998371042238e-01	   0.0000000000000000e+00	   6.7946334007050790e-01	   5.6907788980004270e-01	   6.8345303651591749e-01	   8.1425697880500358e-01	   6.2256380179285609e-01	   4.6960495277988812e-01	   2.2345255856907242e-01	   2.4888331116210852e-01	   2.9686236177599012e-01	   1.5781424401356803e-01	   3.5486049358809635e-01	   3.8135326021992033e-01	  -4.8190162276537385e-02	  -2.8822861918267617e-01	   4.3498631915279351e-01	   4.3635373405027811e-01	   3.8008235304519905e-01	   3.9807462781457015e-01	   6.0011889575514721e-01	   7.2945024948169790e-01	   6.7401732935369429e-01	   7.2051055811520159e-01	   3.3237471623109743e-01	   5.1856242080074633e-01	   7.8731518410918702e-02	  -6.4240083533200574e-03	   5.6342878507978456e-01	   5.9318991114768049e-01	   3.4237591112537524e-01	   3.9529183464997930e-01	   2.8425089140997128e-01	   4.9376998544371531e-01	   3.0452123305557183e-01	  -3.6072898481277059e-02	   3.1861474872008438e-01	   2.5223942565380197e-01	   2.8617716744365557e-01	   2.5579151980355186e-01	   3.4167901165573489e-01	   2.8841174889492699e-01	   4.2790484125478739e-01	   3.0500012001896454e-01	   2.3700993492758640e-01	   2.5451308717069543e-01	   3.9837702063619596e-01	   3.0779125387302841e-01	   5.0817023317346544e-01	   4.4986633572334994e-01	   2.0303334287698985e-01	   1.2223598111738135e-01	   3.9799942694973278e-01	   9.7119482605051502e-02	   1.4676039719650646e-01	  -1.6736152896165840e-02	   4.6098569499225606e-01	   3.2493029933704770e-01	   5.9679410665891386e-01	   6.7910543098542897e-01	   3.3559871769796551e-01	   3.3374415490914394e-01	   6.4172005419167855e-01	   7.6067019759452781e-01	   4.8708704146345738e-01	   4.9962568019304165e-01	   2.0738412344287804e-01	   8.1621002585416463e-02	   3.4841625895270217e-01	   5.6896204831304154e-01	   3.0040297476907662e-01	   3.0466080620498276e-01	   3.2020593302631328e-01	   3.9387406244459644e-01	   8.7241142447901793e-02	   2.1421099376070768e-01	  -7.4857174336683333e-02	  -5.9995092284928858e-02	  -7.1656763137008847e-02	  -6.1787223751681344e-02	   4.9099066776154848e-01	   2.4149201083851185e-01	   5.0335125802010128e-01	   4.4429993729542688e-01	   4.1194405757066721e-01	   2.4796806400200760e-01	   6.2669676425921517e-01	   5.9234198650069714e-01	   3.7305931153044075e-01	   1.3666465301866243e-01	   5.3676382622539076e-01	   1.5508494183243141e-01	   4.5580450374202525e-02	  -3.2616937122094250e-02	   1.2076886850649471e-01	   4.2881305864002808e-02	   4.2099906644944923e-01	   1.4897616131830632e-01	   3.5328056654591422e-01	   1.4829821243117047e-01	   2.7381791793536397e-01	   1.1220520929194361e-01	   2.3413291074970538e-01	   1.9111054765592600e-01	   4.8143104059863062e-01	   2.8523119100067074e-01	   5.0335466160132181e-02	  -4.6809097170751317e-02	   3.3244835002018353e-01	   4.4877601971529946e-01	   1.3286972023298108e-01	   1.5649391638128074e-01	   1.4215863908863666e-01	   1.6457831963198699e-01	
   1.7789224040574503e-01	   1.7125355468646167e-01	   6.7814846542606333e-01	   6.7946334007050790e-01	   0.0000000000000000e+00	   4.9022030884677836e-01	   7.3740446376101432e-01	   7.2204523121552355e-01	   8.3599337792839390e-01	   3.4181005499738659e-01	   4.4943772496103263e-01	   3.0544574402407249e-01	   5.8935668373709782e-01	   3.3522226168825431e-01	   4.5726515122275779e-01	   3.1298892094952535e-01	  -2.7955846956659103e-01	  -1.3756618398275217e-01	   4.8246051133853035e-01	   4.3893896768856855e-01	   5.2369699257111668e-01	   4.9957210590366014e-01	   7.8929117209677868e-01	   7.6477349307574394e-01	   8.0274197428944261e-01	   5.7982703783948997e-01	   7.1613130195051244e-01	   7.5229037360843487e-01	  -1.6977071019822301e-01	  -1.9291133908635474e-01	   5.0356265176401049e-01	   4.4411423116784043e-01	   6.1492248633648966e-02	   1.2397154709779845e-01	   4.5083594532193494e-01	   5.7638823939456252e-01	   1.8774708176355925e-01	  -6.2116136379152406e-02	   2.0290058430695757e-01	   2.1672635260951817e-01	   3.5733291715532178e-01	   4.1670470109166524e-01	   3.0179033457677529e-01	   3.3756968586114755e-01	   2.7668009273854194e-01	   3.4995750283735516e-01	   1.4794048752008399e-01	   3.6406504501189108e-01	   5.1339413684162560e-01	   4.2481027181927267e-01	   5.1277593433039925e-01	   5.5888501031532467e-01	   1.9637726017502607e-01	   2.5070568578423313e-01	   2.0408321799323215e-01	   5.4761733013569486e-02	   1.2614704528072235e-01	  -1.1610956412124249e-01	   4.2306618650750072e-01	   2.0540768374855242e-02	   3.9056510478400941e-01	   5.6528637900795620e-01	   2.5333105215560238e-02	   8.1543475821720071e-02	   7.5349402998393278e-01	   6.7876082652115732e-01	   3.9747849069423324e-01	   3.6071185985165660e-01	   2.7963254872044646e-01	   7.7585998506951914e-02	   2.8703070879886311e-01	   4.6936432978276249e-01	   1.1595191464876958e-01	   9.6813633852496028e-02	   1.4293042850219606e-01	   3.1222093117820232e-01	   5.7713907373075427e-02	   1.1695500538134865e-01	  -1.4538089233442641e-01	  -9.2131311406925265e-02	  -3.2244625814916071e-02	  -3.0455026683309704e-02	   4.8909440079336358e-01	   1.0877260961976362e-01	   5.6644752322422165e-01	   3.1499928336871486e-01	   4.6685224483094429e-01	   1.2982673930701966e-01	   6.7201675510940084e-01	   4.3042043749649495e-01	   5.4154886395304414e-01	   3.6322976593050593e-01	   6.9673722192745113e-01	   3.6706517945562589e-01	   4.9730544754685913e-02	  -4.1194699505284302e-02	   1.1557281801159985e-01	   2.0113672583683222e-02	   4.1442187431792854e-01	   1.0881786172370189e-01	   3.6206154946914476e-01	   3.2856940066484280e-01	   2.8621378128121577e-01	   1.2000502834258700e-01	   1.6251514867641617e-01	   5.9857547631068361e-02	   2.3556377672177270e-01	   9.7020224598143051e-02	  -5.5331424384076084e-03	   2.3384235520035032e-02	   4.8070722336208282e-01	   5.5545296595943761e-01	   1.2894549577902764e-01	   1.1992732980023313e-01	   7.3772602961885453e-02	   6.2991619848335595e-02	
   9.5512254766909874e-02	   4.8690985256792101e-02	   4.8553787134261250e-01	   5.6907788980004270e-01	   4.9022030884677836e-01	   0.0000000000000000e+00	   6.0484744599902673e-01	   7.5834829493218647e-01	   4.9889305331531419e-01	   8.9883230769113698e-01	   3.2271080141112146e-01	   3.8183154270933378e-01	   4.1594573032028148e-01	   2.4964225954270011e-01	   4.9925264513920775e-01	   7.1346266338724740e-01	   6.1144907718266757e-02	  -8.9394158803131785e-02	   1.6589656342495032e-01	   2.5372668702417067e-01	   2.6152755060931454e-01	   1.9973223320583228e-01	   3.5658785235540191e-01	   3.8241701927325789e-01	   4.2829181443108677e-01	   5.6881169125744702e-01	   1.3799688050353193e-01	   3.6166264644311480e-01	   1.6304551936706896e-01	   1.2899570236084004e-01	   3.2838111998162250e-01	   3.2684997010230388e-01	   1.4561544872604856e-01	   1.9751166924028118e-01	   5.7217077394866554e-02	   3.0655948270065292e-01	   1.9279113399286579e-01	   1.7649706545759522e-01	   1.4952161128868308e-01	   3.8294551369141611e-01	   3.2805731824388767e-01	   3.1790633837756754e-01	   3.0589029156809378e-01	   2.0886746094930389e-01	   3.7855247883182164e-01	   3.9687373564954020e-01	   1.2850773400788540e-01	   2.7611705052285507e-01	   5.5175866524839945e-01	   4.9590394411855854e-01	   5.1856756916083568e-01	   5.3179777240219728e-01	   3.5422926082572626e-01	   2.3425350688540192e-01	   3.1700300405373383e-01	   3.1566180367040203e-01	   1.7751994437308266e-01	   9.1273643975588681e-02	   5.6325931831043174e-01	   2.4956910626616616e-01	   6.0282916269482834e-01	   6.3533323811959785e-01	   2.5061868433460044e-01	   1.9555222456960031e-01	   4.8491618028361205e-01	   5.7136001025000338e-01	   4.2277987823817653e-01	   4.9108393563759944e-01	  -1.7368936304024408e-02	   5.9575782558955862e-02	   1.4949386462760475e-01	   3.0260275473817744e-01	   7.1626858838235441e-02	   1.5613192708970963e-01	   1.4879998332177645e-02	   1.8515703507221598e-01	   8.4542054805132605e-02	   2.7650436514864518e-01	  -6.1162674057378810e-02	  -8.6604465330658228e-02	   2.8097500518333603e-02	   9.6350248040402695e-02	   4.7685802598326038e-01	   4.2218069549188253e-01	   2.4029846446039382e-01	   3.5868687611809891e-01	   2.1595808202516928e-01	   2.8572836677592839e-01	   5.5470481845393138e-01	   6.4326387410311248e-01	   4.3809028844154307e-01	   3.1239450189707224e-01	   5.1564583747921777e-01	   2.8613765998989477e-01	   6.3519770077263282e-02	   7.2860052116740917e-02	   1.5083389311256706e-01	   1.3421372252719624e-01	   4.8219273784783295e-01	   2.9090700831367144e-01	   4.0936475803063133e-01	   2.1866123891734729e-01	   2.7094189884021924e-01	   1.7331600202145681e-01	   1.1149280378558787e-01	   8.3245509533967685e-02	   3.9761283071123898e-01	   2.3804040802279053e-01	   4.7603470953956492e-02	   9.9414654061983507e-02	   2.4271906338755722e-01	   4.4574640841720159e-01	   1.6394326370787318e-01	   1.9390139729363520e-01	   1.3938695443582103e-01	   1.3769057823945874e-01	
   3.0913330148745605e-01	   2.2894837315736294e-01	   7.6013271151569040e-01	   6.8345303651591749e-01	   7.3740446376101432e-01	   6.0484744599902673e-01	   0.0000000000000000e+00	   7.1398995870495718e-01	   7.1943111248927827e-01	   4.4487811568935709e-01	   4.1501943442508293e-01	   1.3898267040823431e-01	   5.8970621774267895e-01	   6.2463729699755610e-02	   4.5750640640952389e-01	   3.7646478527950766e-01	   6.1112420830352232e-02	  -1.2628742512271582e-01	   4.2953326085315052e-01	   4.3566498204507409e-01	   3.7833938994504102e-01	   3.2501152110287179e-01	   5.0349968491064456e-01	   5.1272272336123925e-01	   5.3273354473480583e-01	   4.9218226116022890e-01	   3.4111800760132915e-01	   4.8393922489232755e-01	   1.2343481367381384e-01	   2.0879223999181224e-03	   3.9297077282161619e-01	   4.2411505510699110e-01	   3.1275860134385719e-01	   2.6882396631449734e-01	   2.0114308782606233e-01	   3.6708720807463308e-01	   4.6728947308488822e-01	   1.2723353978784052e-01	   3.8131329366897343e-01	   3.8726210832360225e-01	   5.3292850372878398e-01	   4.1861815675902420e-01	   2.7786893962806508e-01	   1.7135415809370444e-01	   3.6679075828124186e-01	   2.9632293755604427e-01	   1.1635795595222753e-01	   2.3275762744707343e-01	   4.6792093486702446e-01	   3.5616004310558957e-01	   4.7618079854148532e-01	   4.8051397076492797e-01	   1.7715469369885367e-01	   2.1549789669591612e-01	   3.4282550010460644e-01	   2.3760923481357807e-01	   2.6157197317359582e-01	   7.0381042659820953e-02	   6.5184006048164478e-01	   2.4276682547270126e-01	   6.4825444833207801e-01	   4.8405645527017394e-01	   2.7914039673395086e-01	   1.7730656362722222e-01	   6.0642578175017747e-01	   5.7212064220304892e-01	   5.7613194568069503e-01	   4.5075066206037478e-01	   3.5725135191399143e-01	   1.9685932137675355e-01	   2.5126333161497844e-01	   4.1062564601060914e-01	   3.2686794052897217e-01	   2.7035499571919208e-01	   3.2601753163534242e-01	   3.2296283863573572e-01	   1.9017415043110075e-01	   2.9750490983641942e-01	   3.2709774802955061e-02	   4.5348657691724754e-02	   1.0455220820426941e-01	   1.4712868462140977e-01	   5.6452873997283359e-01	   3.5224378451938987e-01	   4.3832840197427120e-01	   4.7546606599139174e-01	   3.8586902278813939e-01	   3.0460178114697867e-01	   7.6254090679339914e-01	   6.2627559112495867e-01	   4.1710389160987255e-01	   4.5425600737892119e-01	   5.4018958224287361e-01	   3.5119848563185890e-01	   1.9051940045515001e-01	   1.4681789297502645e-01	   2.3994679136198560e-01	   1.7959379752882260e-01	   4.1564285870188322e-01	   3.1364554658699545e-01	   2.1604466216524237e-01	   2.3935121438005225e-01	   2.4432969838208646e-01	   2.3651458219866803e-01	   2.2842824229473582e-01	   2.2860841964959860e-01	   4.6980495138576278e-01	   3.0011100491232429e-01	   1.5504208189191113e-01	   1.4304397631930921e-01	   4.2056344523860278e-01	   4.3712701583324121e-01	   2.5669616048767441e-01	   1.9930595161108416e-01	   1.9920325473948272e-01	   2.3902899899467650e-01	
   2.0643970321601451e-02	  -5.0933113459929978e-03	   5.3515594987731341e-01	   8.1425697880500358e-01	   7.2204523121552355e-01	   7.5834829493218647e-01	   7.1398995870495718e-01	   0.0000000000000000e+00	   7.2878023767593203e-01	   6.5673074049461211e-01	   3.7648042740097376e-01	   4.3383425755942595e-01	   4.4787757270433992e-01	   2.8728506085114613e-01	   4.0757758753967749e-01	   4.7911198967902047e-01	  -1.2534510711271402e-01	  -1.9272116173293305e-01	   2.0940827261117947e-01	   2.2155614994628695e-01	   2.3658216882605249e-01	   2.4434545771095473e-01	   5.5893641818822415e-01	   6.3323915030371958e-01	   6.6591121550850474e-01	   6.9551230022675015e-01	   4.5498746657569655e-01	   6.4799717821680081e-01	  -6.8597912498454623e-04	   3.8645831834766475e-03	   5.1519289573531202e-01	   4.8393914483195666e-01	   9.1584168750614481e-02	   2.3277093297290313e-01	   2.3544529544237544e-01	   4.9911774927785041e-01	   1.8790576952321805e-01	  -7.0957333677627465e-02	   2.3637178775953788e-01	   1.4614874566502054e-01	   3.4391130961385907e-01	   2.7652000954692818e-01	   2.9363555865184560e-01	   2.7636066881959936e-01	   4.1738774754633839e-01	   3.9432603772005981e-01	   1.9186317942014144e-01	   2.8574261835924109e-01	   5.0557180848006689e-01	   4.5354695225911279e-01	   5.6761945190093721e-01	   5.4607729864148569e-01	   2.8392401428616365e-01	   2.6919700648562950e-01	   3.5584982630270517e-01	   1.8402549684420583e-01	  -7.2999003788814572e-03	  -1.1401369722636995e-01	   4.2546636448858866e-01	   1.3250244464942629e-01	   6.2862966660982156e-01	   8.4223892441928538e-01	   2.8609377776377720e-01	   3.5980138148169022e-01	   7.3202831836218341e-01	   8.6565716248069779e-01	   3.7324834124574024e-01	   4.2586963077887885e-01	  -8.9500889513072029e-02	  -1.1217846856241598e-01	   8.7475022831279267e-02	   3.5702086669835675e-01	   1.0085199738077935e-01	   1.7857199107136235e-01	   1.1786378110066294e-01	   2.5134069565814654e-01	   3.2291115213418750e-02	   1.6958327560014794e-01	  -1.4356126797678007e-01	  -1.6308677077402567e-01	  -1.9024870190846744e-02	  -7.4010313052658483e-02	   4.3764095366243611e-01	   2.3230395014939753e-01	   4.8196287777524560e-01	   2.9638729642508777e-01	   2.9308324080965181e-01	   1.5336994898670919e-01	   6.3593666717780784e-01	   5.1999650585871549e-01	   4.3739978077654090e-01	   2.5034137481808394e-01	   6.1137150534821749e-01	   1.3223239726165839e-01	   4.0229320114386652e-02	  -1.4889537181507263e-03	   1.3679559483620202e-01	   7.1936495216966795e-02	   4.6817983867727070e-01	   1.5283295383770495e-01	   4.4417444381795146e-01	   2.4020526595465297e-01	   3.2596363072419055e-01	   9.0263674997589430e-02	   8.8661034042347375e-02	   3.4174048778759389e-02	   2.8291516425327556e-01	   1.0067481672666014e-01	   4.3765109821240322e-02	   1.2299297576218154e-02	   2.9260880763756136e-01	   4.5910194290549977e-01	   1.8811194416053861e-01	   1.1216904828819385e-01	   6.4081362553050095e-02	   6.6914238701923770e-02	
   1.2296767359725870e-01	   1.3280815122722425e-01	   5.3866020321692953e-01	   6.2256380179285609e-01	   8.3599337792839390e-01	   4.9889305331531419e-01	   7.1943111248927827e-01	   7.2878023767593203e-01	   0.0000000000000000e+00	   4.2924241430774185e-01	   4.1878530812962672e-01	   2.7332526644976873e-01	   5.2908111152278470e-01	   1.8419198647771612e-01	   3.3270920635829909e-01	   3.9025054651495839e-01	  -1.0040378908647080e-01	  -6.5026419752606437e-02	   3.2305783343321570e-01	   3.4954849698286300e-01	   3.1532559298836532e-01	   2.8203734267418423e-01	   5.3747487813831651e-01	   5.5631814334378282e-01	   6.3504531918990093e-01	   4.7713371106003422e-01	   5.1522019470057268e-01	   6.5194490949496098e-01	   5.8288256067971569e-02	   3.5599669591129278e-02	   4.6486721630986494e-01	   3.8973594591110128e-01	   6.4741648968706669e-02	   8.3417889798439060e-02	   1.1025565731931779e-01	   2.9277446894800330e-01	   1.9376285722342823e-01	  -4.8647281214974039e-02	   2.4117346523866640e-01	   1.7206556802700007e-01	   3.8343562587774033e-01	   3.0217934347392295e-01	   2.0233000298251436e-01	   1.8491166301344383e-01	   3.2108907053781138e-01	   2.9925903291995792e-01	   7.3842988685283592e-02	   3.0651794613034511e-01	   4.2404281558319479e-01	   4.1818593465222154e-01	   3.9688793857523957e-01	   5.2070238326754925e-01	   2.6113069262849081e-01	   4.3478681740827763e-01	   2.5456805197525190e-01	   2.6062349721079592e-01	   9.4504696177277844e-02	  -5.9107116916334052e-02	   4.1829943699197608e-01	   1.4271370370938027e-01	   4.3667165669626434e-01	   5.1959287928097087e-01	   1.1643534910036135e-01	   1.3469306302329181e-01	   5.6119253452044093e-01	   6.0383055338625125e-01	   3.9041957758020118e-01	   3.7879153740801252e-01	   2.3871949800205883e-01	   1.7112400486413898e-01	   1.4612081966511159e-01	   3.7694752737034365e-01	   1.1969143287013731e-01	   1.9037562654602452e-01	   6.8564766540987893e-02	   2.2921283769336670e-01	   1.9748669425287621e-02	   1.4764285741630626e-01	   3.2733810237891285e-02	   5.9087746844703245e-03	   8.1105379802838259e-02	   8.4656686746996168e-02	   3.7782654548729822e-01	   2.8994493019427181e-01	   3.7187107469924963e-01	   2.4900866561999641e-01	   1.6300105655275859e-01	   1.0833235659773810e-01	   5.5475061975605355e-01	   4.2238360546286569e-01	   5.4391702652843943e-01	   3.3708561852603097e-01	   6.2440424785851756e-01	   2.4483609626756397e-01	   2.3022652905147645e-01	   1.6746268582461982e-01	   2.2878277671554198e-01	   2.1280058936033130e-01	   4.8434716630051577e-01	   2.8332468207295491e-01	   2.8055041147903748e-01	   2.4256252705695314e-01	   3.1376186807516687e-01	   1.5028858761358335e-01	   2.0860433688027136e-01	   1.4672419447361956e-01	   2.7514458768056904e-01	   1.4999898967727424e-01	   1.9453164309115017e-01	   2.2944868862651990e-01	   4.4488427505009565e-01	   4.4984818764400469e-01	   3.1915761221250044e-01	   2.0572899815248427e-01	   1.5752165919066982e-01	   1.8184039019968787e-01	
  -5.5289421612912990e-02	  -1.1186225627108047e-01	   3.3363422048158647e-01	   4.6960495277988812e-01	   3.4181005499738659e-01	   8.9883230769113698e-01	   4.4487811568935709e-01	   6.5673074049461211e-01	   4.2924241430774185e-01	   0.0000000000000000e+00	   3.0006441989932359e-01	   4.6046141036467747e-01	   3.8304361756200567e-01	   3.2363832092171524e-01	   4.8757105155883768e-01	   8.3508316259055182e-01	   2.4582981243312294e-02	  -8.2022521515362282e-02	  -3.0450383489007089e-02	   4.2639991701790468e-02	   1.2868030688031928e-01	   3.7188700104140805e-02	   2.5504236838225686e-01	   3.0319246619497953e-01	   3.5896702739273001e-01	   4.8678935535964063e-01	   1.0271337973883052e-01	   2.5035501381015945e-01	   2.1519427987672254e-01	   1.9414968095575921e-01	   3.0569971474050983e-01	   2.8380848182512486e-01	   1.7515113669983619e-02	   6.2564457279646227e-02	  -3.3490194555026838e-02	   1.9724818191303356e-01	   1.5663684365352662e-01	   7.7416802641625565e-02	   1.6092954962560363e-01	   2.6157551550798325e-01	   2.7350150372980037e-01	   1.5381167917632654e-01	   2.8598564080206068e-01	   1.5831932554497258e-01	   3.3232674302447607e-01	   3.3378378250732338e-01	   1.3029135404196518e-01	   2.3438604762107768e-01	   5.2453040237146220e-01	   4.6222777860976294e-01	   4.6760029842871231e-01	   4.7431609353095849e-01	   3.6362928071110312e-01	   2.2571252639130765e-01	   3.5629783978365492e-01	   3.4273428956786023e-01	   3.9455554077499665e-03	  -2.5696120403535798e-02	   3.9408394928022233e-01	   1.2688891121820195e-01	   5.3301864895697038e-01	   5.8633578033265799e-01	   2.4282251045134517e-01	   2.4053415620434054e-01	   4.2265952326206135e-01	   5.2189035479551948e-01	   2.7143482994853829e-01	   3.3183529311817511e-01	  -1.4654932429513665e-01	  -5.7967275419632307e-02	   8.3336146896521746e-02	   2.0180362785546729e-01	  -3.1347495719468675e-02	   8.9868123936789557e-02	  -7.0397124322190391e-02	   9.4261212141349388e-02	  -4.8222912281507740e-02	   1.9562801623903722e-01	  -7.8412755251939747e-02	  -1.4741776240840393e-01	  -3.4779425684840617e-02	  -1.9651737879432547e-03	   4.1493110170731873e-01	   4.1851715122374455e-01	   1.7321064213479054e-01	   1.9989693364302946e-01	   1.1607301449310584e-01	   1.9989166187828503e-01	   4.0722496656083934e-01	   4.7148442557841586e-01	   2.8510861348252448e-01	   1.8232937338714550e-01	   3.7932987026851883e-01	   1.4129031123615721e-01	   1.3772493116224871e-01	   1.3981832513508530e-01	   1.8017627858423860e-01	   2.0602843612981098e-01	   4.4350048467264469e-01	   3.0667982604899663e-01	   3.1394959986808113e-01	   5.0405154412339045e-02	   2.4468707198609435e-01	   9.0805419370592111e-02	   1.3493932898725131e-01	   9.9254023948284545e-02	   3.2591322731292310e-01	   1.8601559965131056e-01	   1.4405109091001664e-01	   1.6017984821091641e-01	   1.8394554992054193e-01	   3.5210747092848982e-01	   1.8726375739505674e-01	   2.0637708775913985e-01	   1.4980408027191547e-01	   1.6241078749724905e-01	
   2.8256442574348256e-01	   2.9794312711890308e-01	   4.0531499303154261e-01	   2.2345255856907242e-01	   4.4943772496103263e-01	   3.2271080141112146e-01	   4.1501943442508293e-01	   3.7648042740097376e-01	   4.1878530812962672e-01	   3.0006441989932359e-01	   0.0000000000000000e+00	   3.0578726683964197e-01	   8.5439757271462491e-01	   3.3256474166323940e-01	   7.6664459659927964e-01	   3.9709197313787226e-01	   2.7839982699989946e-01	   1.8943271468437917e-01	   4.1739884176669162e-01	   3.0206881423056675e-01	   1.4844758130826111e-01	   2.0394484171088947e-01	   4.7049641718131202e-01	   3.6075959957312831e-01	   3.8762290681199119e-01	   9.3638203789076835e-02	   4.9048819720021042e-01	   4.7008178315669680e-01	   1.6853483379252354e-01	  -1.0029012820252317e-01	   6.3143495175298534e-02	   1.2890945819399172e-01	   2.7203986281872879e-02	  -1.1045255291976325e-01	   1.7146829041439546e-01	   1.7208120213210509e-01	   3.6742635301107995e-01	   2.3493691297418029e-01	   3.6997241350560206e-01	   3.0842156204491050e-01	   4.3328017038327232e-01	   4.1562019799009753e-01	   2.0917521179400583e-01	   1.8288459967318532e-01	   1.6318431237263187e-01	   3.1255519795498554e-01	   1.6559209463850766e-01	   2.7264523028873944e-01	   3.9706294043728019e-01	   5.5577756396380618e-01	   3.6243408186009640e-01	   5.3434324883575823e-01	   2.8799506806082642e-01	   3.4919407838849592e-01	   1.9610310259339209e-01	   1.9565031850673800e-01	   1.1765674254609818e-01	   6.9052703458443915e-02	   3.8488682262345192e-01	   2.8559777050617385e-01	   3.6594775073945662e-01	   2.2885941170853052e-01	   2.9745929313361598e-02	  -4.8992770893856313e-02	   3.3031137419022227e-01	   2.1067006623799156e-01	   2.8705771953916320e-01	   2.5185846219360897e-01	   2.8312841309675207e-01	   1.8421804945542225e-01	   1.9623961125421214e-02	   1.6681746765533181e-01	   1.4978396413660838e-01	   1.1746202253721300e-01	   1.9121603453265607e-01	   2.3672770808755289e-01	   1.9994905552865816e-01	   1.8156139647432862e-01	   1.3315498545712856e-01	   1.8096605934257021e-01	   2.4820323320049908e-01	   1.3930945913442228e-01	   6.1874487942005352e-01	   1.7965702568475000e-01	   5.3924578543341917e-01	   1.6990329267676921e-01	   4.1042110950181088e-01	   3.2843073460498784e-01	   4.7580231783681448e-01	   2.8398389746486863e-01	   4.3687235109376488e-01	   4.9394629928397993e-01	   3.7668080649801927e-01	   2.8111878947316060e-01	   1.3615273804985323e-01	   1.3043738248681663e-01	   1.6269079499840300e-01	   1.1956048879406428e-01	   2.6310957694710552e-01	   2.1035456311846790e-01	   3.0028089575643353e-02	  -3.5476143954557435e-02	   6.9846498897155079e-02	   6.1337911911914796e-02	   1.7737326382305360e-01	   1.2965547088989907e-01	   1.9891850940060601e-01	   1.0214886546302356e-01	   2.2987045936581857e-01	   2.3767103058608080e-01	   3.0112720461004661e-01	   3.6729750245612525e-01	   1.7703169137880237e-01	   1.3806876388106371e-01	   1.2323074103757922e-01	   1.4627530741760791e-01	
  -1.8355104254854132e-01	  -8.3537701197168718e-03	  -2.6480930221767177e-02	   2.4888331116210852e-01	   3.0544574402407249e-01	   3.8183154270933378e-01	   1.3898267040823431e-01	   4.3383425755942595e-01	   2.7332526644976873e-01	   4.6046141036467747e-01	   3.0578726683964197e-01	   0.0000000000000000e+00	   4.1146226746137704e-01	   8.9084603824188069e-01	   3.6221191153950905e-01	   5.3990339451192193e-01	  -3.7115681776134696e-02	   4.2889498693192063e-01	  -1.0942135277368234e-01	  -1.4173996093661459e-01	   2.2791546301773026e-02	  -4.5742574444262635e-02	   1.0835903308982575e-01	   1.9915571585367675e-01	   2.0957529977470474e-01	   2.6494486938470252e-01	   2.6980817300174914e-01	   2.9643022152153647e-01	   1.2770943230892901e-01	   3.4359619037843570e-01	   1.9173603336663514e-01	   1.7163116700289768e-01	  -7.9047217137458339e-02	   1.0727192500855678e-01	   1.0395975467487725e-01	   2.3832564767029843e-01	  -5.5019796733445300e-02	  -2.8259087171296737e-01	   1.2066354754698501e-01	  -7.5766334889004222e-02	   1.1232861184097631e-01	   2.0529480600457654e-03	   1.9728014205110281e-01	   2.8261202679036607e-01	   3.0253060835094936e-01	   4.2947875157068677e-01	   2.2536364195717548e-01	   1.6358907863082034e-01	   4.1265143747011918e-01	   3.9058707913382074e-01	   3.1584413894713936e-01	   2.9498902022035395e-01	   4.4728373374904407e-01	   3.1767433277908008e-01	   3.0122409798515759e-01	   1.4536710795933916e-01	  -1.6154422148307568e-01	  -5.9415315803595672e-02	  -4.9838853933474939e-02	  -1.2789448895160782e-01	   3.1708141548601509e-01	   5.6510859601156360e-01	   2.0616383529438853e-01	   6.2343829575972853e-01	   2.9700340067881770e-01	   3.3329408153391349e-01	  -6.9422312628252714e-02	  -1.5204773273361886e-02	  -1.6225797420360827e-01	  -3.2097532160836439e-01	  -5.7200234391450708e-02	   6.2306092932522927e-02	   5.5971177121163285e-02	   1.7375002872435263e-01	   3.9073186226593309e-02	   1.9126766415874777e-01	  -1.9068854890306067e-01	  -8.8058360469155966e-02	  -9.9981840798027438e-02	  -3.0831438246008782e-02	  -3.0230103756475033e-02	  -1.5692936972059371e-01	   1.7657392849920053e-01	   1.1686085865933206e-03	   1.2931061952954243e-01	  -1.9838650513820233e-01	   1.6230886738217920e-01	  -1.4621041260005629e-01	   1.2291337143479665e-01	   3.7652150432339861e-02	  -1.6387314934344260e-01	  -9.3361669004822331e-02	   1.2551373642138011e-02	  -3.2051379610506692e-02	   6.8334312604386521e-02	   2.5998275668165441e-02	   7.5317246580984168e-02	   1.0643699367891325e-01	   2.4890624871022754e-01	   4.3207574558150323e-02	   3.2474546273565363e-01	   1.7353937859861834e-01	   2.8275425682252603e-01	   1.1981658555419253e-01	   1.2124500963885151e-01	  -1.3173943829131847e-02	  -1.3039969389931000e-01	  -5.3083592361439669e-02	   1.2772386205977637e-01	   1.7060251248232850e-04	  -4.1041298293800585e-02	   4.4753998827183311e-02	  -3.3457516262070497e-02	   1.6035582481913457e-01	   9.5808507990342837e-02	   5.9014760610265588e-02	
   2.1185708043645451e-01	   2.8526711052578724e-01	   5.4281463864798207e-01	   2.9686236177599012e-01	   5.8935668373709782e-01	   4.1594573032028148e-01	   5.8970621774267895e-01	   4.4787757270433992e-01	   5.2908111152278470e-01	   3.8304361756200567e-01	   8.5439757271462491e-01	   4.1146226746137704e-01	   0.0000000000000000e+00	   4.4109111695326447e-01	   7.4898327109062623e-01	   4.6998431572982269e-01	   1.4410414570650568e-01	   2.3582559804291442e-01	   3.3126477703574975e-01	   2.4558855079119976e-01	   2.7826331993283676e-01	   2.8136192762818185e-01	   5.3341168575091791e-01	   4.4354370089674955e-01	   4.5289048412833710e-01	   2.3530718592320737e-01	   5.0829289747580741e-01	   4.3169104373333955e-01	   1.2497535686537817e-01	  -4.3421784440998978e-02	   2.0077646235889199e-01	   2.2707942526775721e-01	   3.0423826161979688e-02	  -6.7044495277309324e-02	   2.2908189569576320e-01	   2.3835377842976013e-01	   3.7966984797671310e-01	   9.9677804998871633e-02	   3.3972588122851233e-01	   2.4478454188436885e-01	   4.9844049792350559e-01	   3.4939212292266308e-01	   2.3097363156341655e-01	   1.5114936745631197e-01	   1.7418092174857638e-01	   2.6470750166391566e-01	   1.6840566092295967e-01	   2.5317570131983225e-01	   4.6509656740844851e-01	   4.7162435311598949e-01	   4.1662032416156258e-01	   5.1712116844649580e-01	   3.3274168142515853e-01	   3.3589855310623401e-01	   2.5022450397257956e-01	   1.6318411167687674e-01	   1.3554633276067624e-01	   6.5588293280847115e-02	   3.8397278485035552e-01	   1.2189074900722612e-01	   4.7013986579495848e-01	   2.9319166818146475e-01	   7.3505850661910552e-02	   8.2268680769086971e-02	   4.4939015448818620e-01	   3.0513026247162039e-01	   2.8785123783780153e-01	   1.6399400751636159e-01	   3.0403780094127553e-01	   1.2781137132634685e-01	   7.9000401855004843e-02	   2.3760840442330827e-01	   1.7014900840430608e-01	   1.0804875853567167e-01	   2.2729941454853053e-01	   2.5054254837706463e-01	   1.3648566650829574e-01	   1.6391779055524311e-01	   2.4648947732078638e-02	   1.0824462598267354e-01	   1.5814015243370602e-01	   7.9744787433998807e-02	   5.8633442973055083e-01	   1.3900885994454598e-01	   4.8614361678506712e-01	   1.1269864704129703e-01	   4.5273409875034998e-01	   1.4553971950897016e-01	   5.6158935544514477e-01	   3.1588567076276031e-01	   3.8952545840366021e-01	   5.1158257274014884e-01	   3.8601779112648560e-01	   3.7172632055845045e-01	   1.3702718214646592e-01	   8.4076422644917798e-02	   1.8325283159783901e-01	   8.8865591419106493e-02	   2.9497011391346850e-01	   1.9976570992289897e-01	   1.6565661804425860e-01	   8.8795525601687034e-02	   1.8564614225117876e-01	   1.3787227478606376e-01	   2.0641820238757363e-01	   1.2741816884911539e-01	   2.6391103130612686e-01	   1.2106398565876507e-01	   1.7707536263208776e-01	   1.6017318150701010e-01	   2.6720108107034801e-01	   3.6759035973195431e-01	   1.7422182136305470e-01	   1.2086073978870779e-01	   1.3509355737711423e-01	   1.4604660180529377e-01	
