   0.0000000000000000e+00	   9.1709283894121252e-01	   7.9445968008261580e-01	   7.7067751721779876e-01	   7.5796533481781481e-01	   6.9899774739820619e-01	   7.0941563732375768e-01	   7.9950726097476466e-01	   5.4326823185378570e-01	   6.5463748818366452e-01	   7.5700464606766515e-01	   6.1459142912538645e-01	   6.3150993336432892e-01	   6.0295627094524074e-01	   7.3123806100898614e-01	   7.1492665702379510e-01	   7.0867401430010424e-01	   7.2795696207363647e-01	   9.1799509162503079e-01	   8.3951601557486466e-01	   6.4458844373180546e-01	   6.0783153907328280e-01	   7.3345012358968598e-01	   7.4147938577238015e-01	   5.7053577674376688e-01	   5.8988924160102096e-01	   6.5135361668047254e-01	   6.3469904353478035e-01	   5.1304880619682292e-01	   6.4096297564884785e-01	   7.2721795618403040e-01	   6.9865254032694701e-01	   7.9611631688244233e-01	   8.1945747222600773e-01	   6.1929218973829425e-01	   5.8747275059618709e-01	   5.1032650139723101e-01	   7.1377960058352952e-01	   6.7522486348515742e-01	   6.8856969981929184e-01	   6.8616452103419623e-01	   6.7937666159817311e-01	   4.7834431740072703e-01	   5.2829442753290501e-01	   5.2742600836086861e-01	   5.0443339481918259e-01	   4.9220498448053313e-01	   6.0291211396488897e-01	   6.1514680124297239e-01	   5.4152055999688686e-01	   6.4239160530474781e-01	   5.8663834150450844e-01	   6.8710278955874449e-01	   4.8738510688828185e-01	   7.7743450652056201e-01	   7.5711875849795607e-01	   7.9611381355976230e-01	   7.8880915453476574e-01	   7.2625236085351830e-01	   6.5216286772421606e-01	   6.4670123775713961e-01	   4.4154697703038903e-01	   6.6478842954751161e-01	   5.8126829723983009e-01	   4.4519778788478337e-01	   4.7804500652471121e-01	   5.9864855535047645e-01	   6.5050128089097448e-01	   7.8913671185634271e-01	   7.5263044801448853e-01	   4.4226926339855543e-01	   5.2749156582272572e-01	   6.0727489729390460e-01	   5.7720295739543770e-01	   5.8239641768578676e-01	   4.9783227047510875e-01	   7.2034502633496378e-01	   7.2678415823435660e-01	   6.4923463225201927e-01	   8.3124721212810915e-01	   7.0460456255615367e-01	   7.5917264501200510e-01	   8.1062081013593978e-01	   8.1990600238741473e-01	   7.2242361372894714e-01	   7.4993286985497642e-01	   5.8659042757482038e-01	   7.0720264179407810e-01	   8.6174172500329926e-01	   8.5038395023213420e-01	   6.6814414325284233e-01	   7.5109022000418313e-01	   5.5857447558867845e-01	   6.6957946177217487e-01	   4.1334216453506228e-01	   4.5034257148480378e-01	   6.8525533660281823e-01	   6.4493631047493361e-01	   7.1019820726073035e-01	   7.5524710463914158e-01	   4.6573070654109761e-01	   6.3210195575404204e-01	   5.0039637112869528e-01	   6.6605431714890262e-01	   3.1196279822577533e-01	   1.4427942990135595e-01	   1.7286497074475110e-01	   1.5723367112664456e-02	   3.5530987101516531e-01	   4.3880845835303894e-01	   6.6710870464235450e-01	   6.9846131454283977e-01	   5.3002735560959202e-01	   3.8163319122244221e-01	   1.0491793645506451e-02	  -1.5810829302137813e-01	
   9.1709283894121252e-01	   0.0000000000000000e+00	   7.7458592036283602e-01	   8.0254964117271432e-01	   7.1946924096977394e-01	   7.0216771634393926e-01	   6.0485747313791982e-01	   7.4565980428318879e-01	   4.8866643818977840e-01	   6.6398903423704059e-01	   7.5880683842409757e-01	   6.4106874027830196e-01	   6.3546914538808585e-01	   6.5079516641959234e-01	   7.8434647399899027e-01	   7.7666378055320062e-01	   8.2713231599167703e-01	   8.6748142748850843e-01	   9.0217609711174485e-01	   8.4099467679036444e-01	   6.3946273116278907e-01	   6.3969106360151273e-01	   7.8687267114351311e-01	   8.0755482769461062e-01	   6.5879754563749171e-01	   6.7107055692373252e-01	   7.3897998662367326e-01	   6.2143558250938524e-01	   6.4941126717765885e-01	   7.7177983097647274e-01	   7.6650794288331248e-01	   7.4934850518643747e-01	   8.0943838559246695e-01	   8.1751003254257748e-01	   5.5187789984048274e-01	   5.3771353149777679e-01	   6.2206243292792718e-01	   8.1886501767858844e-01	   7.4731967794747689e-01	   7.7314393425373917e-01	   7.3105051973029356e-01	   7.7392039470370255e-01	   5.3185360551068461e-01	   5.9143404065716310e-01	   5.0801178330929275e-01	   5.0610334609662766e-01	   5.6076979295140994e-01	   6.5275355397667867e-01	   5.3099413426610487e-01	   5.0732898703568907e-01	   6.2903245890090531e-01	   5.4328409159398705e-01	   7.1153104091186170e-01	   4.8165734707594665e-01	   8.5105230213637506e-01	   7.9537168999529306e-01	   8.5747085574809301e-01	   9.0327892390201980e-01	   6.1917604329688325e-01	   5.9551722781652472e-01	   5.6226942527335344e-01	   4.4762333171124086e-01	   7.4278046366776485e-01	   6.7089723830594217e-01	   4.6729141611576741e-01	   4.8493436471910034e-01	   5.0522276455863435e-01	   5.5164106838724469e-01	   7.3405027753966501e-01	   7.0366780588781297e-01	   5.1441687753439380e-01	   6.1483368426963847e-01	   7.1198549820562196e-01	   7.3339852392427418e-01	   7.1364445451055680e-01	   6.6111202744957620e-01	   8.0107211413838653e-01	   8.1916360166335811e-01	   7.7949073918789835e-01	   9.0565539528226535e-01	   8.3458597171787496e-01	   8.7107005181283870e-01	   8.6058152767918061e-01	   8.9380686779874530e-01	   7.8775066383923276e-01	   8.0221264301503847e-01	   6.7465868085498659e-01	   7.4241001502071191e-01	   8.1741420860228753e-01	   8.0961121232779154e-01	   6.5862199309757297e-01	   6.6441880673266640e-01	   6.0223209976802650e-01	   5.7624197795029963e-01	   3.9019149750603271e-01	   4.1781980922532647e-01	   7.3063257284121097e-01	   7.0948068225814309e-01	   7.6640320034230047e-01	   7.6451705879756593e-01	   4.6348774622512123e-01	   5.0332532870791991e-01	   5.2916596795865223e-01	   6.1914294527255676e-01	   2.9605071272908512e-01	   1.2351815010770896e-01	   1.8525801254204879e-01	   1.1111914347374689e-01	   3.6650694038642712e-01	   5.4411523298415598e-01	   7.5036273941675302e-01	   6.8747879390985744e-01	   5.8437112867519458e-01	   4.4130931207852653e-01	   7.0714344270229601e-02	  -1.9786185205207166e-01	
   7.9445968008261580e-01	   7.7458592036283602e-01	   0.0000000000000000e+00	   9.2318169679580886e-01	   7.0680976226066661e-01	   7.4530030127782632e-01	   8.9242400100612418e-01	   8.5819146691554182e-01	   6.1814848643225173e-01	   7.1054940413004686e-01	   7.9452798711457018e-01	   6.3919580558965394e-01	   7.4441386751147920e-01	   6.7691980661011308e-01	   8.3121856466994681e-01	   7.8927432524081098e-01	   6.6000632076713406e-01	   6.7809347494446170e-01	   8.3160140861943554e-01	   7.3633561109711310e-01	   6.6058358145156237e-01	   6.5809704499893318e-01	   9.4699471548365544e-01	   8.8281027364186859e-01	   7.1393642218713305e-01	   6.8977095018222390e-01	   7.0577154455528546e-01	   6.5238364959596640e-01	   5.7637801524931609e-01	   6.5446876413922639e-01	   8.1307589877498987e-01	   7.7548125176733773e-01	   7.8706717948245242e-01	   7.9378137317803588e-01	   6.5266352548475581e-01	   5.3738416843904568e-01	   5.3350013508748573e-01	   6.4329132170923087e-01	   7.1280427200053720e-01	   6.9990740780879590e-01	   7.3318678469833820e-01	   6.5890021733379489e-01	   4.9253622114606654e-01	   5.0581824512142737e-01	   4.9536371131895962e-01	   3.8934329890029068e-01	   4.7693601964174537e-01	   5.6428773518320319e-01	   4.3614607375262321e-01	   4.4347955837830899e-01	   6.5656835346444087e-01	   5.1306849308646618e-01	   6.3087461044966930e-01	   4.3143016822303304e-01	   7.2466835423525555e-01	   7.1733887483382008e-01	   6.2212600015012920e-01	   6.3647295273539506e-01	   5.6393472324773275e-01	   5.2652476013638772e-01	   6.8651083742395791e-01	   4.9680843800816954e-01	   7.1236247106702688e-01	   5.8978848580474186e-01	   7.2862964127759289e-01	   6.5136245323188335e-01	   6.1122407072088869e-01	   6.2385171663226280e-01	   6.0327350897955545e-01	   5.8191419225450591e-01	   4.0775681342031123e-01	   4.1216004253377891e-01	   6.5299533954090405e-01	   5.8976136631179066e-01	   6.5099472084653931e-01	   5.7236961526983809e-01	   6.7871365013236851e-01	   6.5782627173050778e-01	   6.3767365836536893e-01	   7.5386882586839798e-01	   7.2041844554122114e-01	   7.8997032248888877e-01	   8.1823653523123696e-01	   7.8446300968289839e-01	   8.7974706011190418e-01	   8.4827602068380559e-01	   5.9249140990726912e-01	   7.6059484104763109e-01	   7.7377136393884705e-01	   7.8275409076826064e-01	   5.7572176830937638e-01	   6.3925997061802609e-01	   5.2917238141876943e-01	   5.9985252450198834e-01	   1.3810961309272354e-01	   1.4624213379869408e-01	   5.0585981223997079e-01	   4.4451123514734436e-01	   5.5855014113739865e-01	   6.0200287949718900e-01	   2.9296970513018106e-01	   4.8484353906848704e-01	   2.8349838790080134e-01	   3.9034381077326874e-01	   6.0216265309465139e-02	  -7.5531479111445421e-02	   9.8383256504570582e-02	  -1.4772646682916998e-01	   1.5496260688338359e-01	   2.6248669445797707e-01	   5.9592390716960031e-01	   4.7822989396775584e-01	   3.5878265564504136e-01	   2.7743565499729200e-01	  -3.5695486136317629e-02	  -3.2570869628442856e-01	
   7.7067751721779876e-01	   8.0254964117271432e-01	   9.2318169679580886e-01	   0.0000000000000000e+00	   6.8824313904727430e-01	   7.5714664625873795e-01	   8.1184991424366881e-01	   8.8722412648788418e-01	   6.1069629167501582e-01	   7.5224793054928984e-01	   7.4071143151875729e-01	   6.8258433467969770e-01	   7.0539393267682859e-01	   7.0400792711780458e-01	   8.0719762894215941e-01	   7.8828164780466503e-01	   6.4981366605353164e-01	   6.7031708979203741e-01	   8.0282960476396525e-01	   7.5007705723611606e-01	   6.1642362134638662e-01	   6.5023735995341836e-01	   9.1535995070509357e-01	   9.2968887490175167e-01	   7.1015109830657608e-01	   7.2101360432659067e-01	   6.9708727235985246e-01	   6.4101051545464871e-01	   5.6659135886214584e-01	   6.6987008184867425e-01	   7.7098565961317211e-01	   7.6149070015949971e-01	   7.2383545172797459e-01	   7.6231593862444669e-01	   6.0306943276314529e-01	   5.5108619228692235e-01	   5.3462108290943222e-01	   6.7736494130796165e-01	   6.6809515148010912e-01	   6.8088005906155447e-01	   6.8234434724506876e-01	   6.4190255880856517e-01	   5.0854356553617386e-01	   5.1221112074763786e-01	   4.7687982255154771e-01	   4.1023931632150190e-01	   4.9022193212164089e-01	   5.6404109851111039e-01	   4.9392777630694717e-01	   5.0301351584330378e-01	   6.8898116307820623e-01	   5.4998602377442574e-01	   6.8040897323383087e-01	   4.2196383605558768e-01	   7.2550479065452445e-01	   6.9810295620654395e-01	   6.1998971752873056e-01	   6.6977349458877633e-01	   6.1195209195467559e-01	   6.1272267463956820e-01	   6.5751278590081563e-01	   5.4589236350225079e-01	   6.8486105186464807e-01	   6.2828862118311624e-01	   6.6068265129756709e-01	   6.9052056388585814e-01	   5.5495269330811559e-01	   6.0342067934484334e-01	   6.1768098942287630e-01	   6.0268793458348657e-01	   3.6272792970245282e-01	   3.8337064718123814e-01	   6.3824284527595587e-01	   5.8856561791253781e-01	   6.2340115317776401e-01	   5.7439179080146285e-01	   6.6764029320430640e-01	   6.9172562458244369e-01	   6.5496096565954709e-01	   7.4642795462716061e-01	   7.3293636686512909e-01	   7.8834723439174337e-01	   7.7175871761892711e-01	   7.9822683868866595e-01	   8.2329638499008795e-01	   8.5273163409673824e-01	   5.9297109731835373e-01	   7.2540403043356960e-01	   7.6039264590253075e-01	   7.9408302544809373e-01	   6.2642712644741005e-01	   5.9352589383084742e-01	   5.8581827424610278e-01	   5.2123953420156433e-01	   1.5126080008896986e-01	   1.5760137187346632e-01	   5.1065277410300636e-01	   4.4122693670843083e-01	   5.7241973331119422e-01	   5.9680662269245521e-01	   3.3060196951088355e-01	   4.2520743452355192e-01	   3.0953124537455723e-01	   3.9314531700734034e-01	   5.9125482850942199e-02	  -1.0023177300335090e-01	   8.8967970051640644e-02	  -1.1989807677046587e-02	   1.9015661162915046e-01	   2.5579814895673081e-01	   5.7421756619489595e-01	   4.8449125482037148e-01	   3.8364615620769471e-01	   2.2161519166823904e-01	  -8.5584364389272555e-02	  -3.4958609538870389e-01	
   7.5796533481781481e-01	   7.1946924096977394e-01	   7.0680976226066661e-01	   6.8824313904727430e-01	   0.0000000000000000e+00	   8.2700097101125203e-01	   6.5745040561514301e-01	   7.5019546885882615e-01	   7.0200695800773050e-01	   8.0904928394473274e-01	   7.1745516056472347e-01	   5.6778672605287595e-01	   6.4801037114828020e-01	   6.0848583253840149e-01	   7.8509522259189057e-01	   7.3275566246076451e-01	   5.9963219805307366e-01	   6.2541740958620884e-01	   6.6408320557796507e-01	   5.9990302445118959e-01	   6.0861778107542408e-01	   5.9172520673466888e-01	   7.4016851481646273e-01	   7.0927916046002659e-01	   6.3245271081178256e-01	   6.1967475947982409e-01	   7.4761880662998070e-01	   7.5339301998681618e-01	   5.0918486978800814e-01	   5.8373561295224163e-01	   6.2961321689185257e-01	   6.5754367746224518e-01	   6.4909792202759187e-01	   6.7884547384029514e-01	   5.2300086269606927e-01	   4.5445330671417483e-01	   4.8813741246711900e-01	   5.2864142879222520e-01	   6.2865255875320758e-01	   5.8489050844757173e-01	   6.8828841816782205e-01	   6.3051994823185842e-01	   3.9497492201138035e-01	   4.1599528345763903e-01	   4.4466240317355926e-01	   3.9881770435967523e-01	   4.4593270820298903e-01	   4.6222955724412951e-01	   5.3798117878218010e-01	   4.5625653484621681e-01	   6.4610751880360107e-01	   4.8778889404594022e-01	   5.9360670603342358e-01	   4.6930494611572415e-01	   6.8198278353894159e-01	   6.7311029836643832e-01	   6.4590606130125083e-01	   6.4612315065158832e-01	   6.0488603922445627e-01	   5.4880340384244186e-01	   6.5448624764467289e-01	   4.8195821196335126e-01	   5.8050290975700913e-01	   5.0826082255978733e-01	   5.2664150317991787e-01	   5.8184594990289606e-01	   4.9798532210550456e-01	   5.2707881937049050e-01	   5.1812211587650747e-01	   5.4591880860685693e-01	   3.8969455405025433e-01	   4.5961314184570251e-01	   4.9944988129066803e-01	   4.9088721861294393e-01	   5.3286021393595173e-01	   4.4071878727703012e-01	   5.9991140717979385e-01	   5.8819547198042677e-01	   5.8299237118158220e-01	   6.8003141454549043e-01	   6.2759145636163538e-01	   6.1260244553178667e-01	   7.1427020587395396e-01	   6.5195814276500963e-01	   6.1390170290055823e-01	   5.6815216447596439e-01	   5.8023139548032465e-01	   5.3405721770874937e-01	   7.4450611327970084e-01	   6.7028079869175305e-01	   5.8512586376786757e-01	   6.1876819084298329e-01	   4.0506897688205701e-01	   4.9834568835062232e-01	   2.1783232972821759e-01	   3.8039526039456156e-01	   5.4746290288857380e-01	   5.0270302162114944e-01	   5.6588512466356755e-01	   5.9019832911977110e-01	   2.6848060993924472e-01	   4.0214844743253564e-01	   2.5677970881844780e-01	   4.0528890496588155e-01	   1.3380278541196716e-01	   2.3583468530021495e-02	   1.5154385779307528e-01	   2.8801675436037743e-02	   1.9337222823912220e-01	   3.1143248557284076e-01	   5.4653540245082233e-01	   5.0217365424638793e-01	   3.5976742051567767e-01	   2.4551988421415288e-01	  -1.3771327825506688e-01	  -2.4449502213182492e-01	
   6.9899774739820619e-01	   7.0216771634393926e-01	   7.4530030127782632e-01	   7.5714664625873795e-01	   8.2700097101125203e-01	   0.0000000000000000e+00	   7.2531607195853054e-01	   8.2612946430876522e-01	   6.2221000226564760e-01	   8.8447644199527020e-01	   6.7201463614936596e-01	   5.5621782711306844e-01	   6.3855667632439017e-01	   6.1171076041474715e-01	   7.4623400094890746e-01	   7.7873492087853824e-01	   5.9279979381794035e-01	   6.1842241889653216e-01	   7.1271677223240715e-01	   7.1147482814459484e-01	   5.5790110062593257e-01	   6.4427712665007997e-01	   7.7783778589092456e-01	   7.6723825907263354e-01	   6.2355103031291126e-01	   6.2931588223680834e-01	   6.5472485242944167e-01	   8.1047655718901956e-01	   4.6804203096820918e-01	   6.0215029783662877e-01	   6.6094860686618806e-01	   6.8217762212952460e-01	   6.7667201757026196e-01	   7.1412011270077669e-01	   5.8032671378323952e-01	   5.4785081115379031e-01	   3.5194398524379100e-01	   4.7306206069398599e-01	   6.4601967432061880e-01	   6.1930717013078018e-01	   6.7099451237208452e-01	   5.8125975126341145e-01	   3.7920957553721080e-01	   3.9610577142886416e-01	   4.8779625468645849e-01	   3.6303469070359540e-01	   4.1790317440601032e-01	   4.4798413549744937e-01	   4.9716201458973036e-01	   4.0910149140191054e-01	   6.0970445192925316e-01	   4.9183651252977767e-01	   5.6009157699546352e-01	   3.4890071746236173e-01	   6.3526304053161908e-01	   6.2204791613550470e-01	   5.3125972823726930e-01	   5.6283889832777423e-01	   5.2452473968050428e-01	   4.9024800673092456e-01	   5.8812027705074543e-01	   5.2272822549760312e-01	   5.3554301072896671e-01	   5.4371093956173566e-01	   5.1429629641432961e-01	   5.4419562073546424e-01	   4.7380175734009417e-01	   5.0474299560896674e-01	   5.7322371754102019e-01	   5.8943865539441564e-01	   2.3743162687542027e-01	   2.5299599106797133e-01	   5.4461378461925625e-01	   4.8719291814193566e-01	   5.3321335660134228e-01	   4.3651126950814562e-01	   5.4387888837726972e-01	   5.5078100522211959e-01	   5.0309418097322345e-01	   7.0433211381244099e-01	   5.9792193594778054e-01	   6.2638429692058861e-01	   7.1271248358327477e-01	   7.0315341881895310e-01	   6.0330980617696284e-01	   5.9400909107115285e-01	   6.1889714418353414e-01	   6.0434964065712715e-01	   6.8905677019818101e-01	   7.1259781707148417e-01	   5.8935006860274586e-01	   6.0627128592203072e-01	   4.6387808820173881e-01	   4.9634957882669384e-01	   2.6195560274298407e-01	   3.6752417775731172e-01	   5.4380490788681857e-01	   5.0091149706487514e-01	   5.4719289955207739e-01	   5.5164436077185974e-01	   3.4236407603379465e-01	   3.6915197666028909e-01	   3.4713059121892686e-01	   3.7403803830318422e-01	   1.4522668227372654e-01	   6.6716356186997299e-03	   1.9712460444140817e-01	   2.0390684413473199e-02	   2.4449911516226641e-01	   2.4512897065774447e-01	   5.0922140039523933e-01	   4.2988746573721470e-01	   3.5414900020193885e-01	   2.7755655050075706e-01	  -9.1030685614617607e-02	  -1.7035742990074915e-01	
   7.0941563732375768e-01	   6.0485747313791982e-01	   8.9242400100612418e-01	   8.1184991424366881e-01	   6.5745040561514301e-01	   7.2531607195853054e-01	   0.0000000000000000e+00	   8.4737479308516139e-01	   6.4608160459220743e-01	   6.9680365153859525e-01	   7.8134360030514949e-01	   6.1037711454322985e-01	   7.8778395087224651e-01	   6.1842286210276309e-01	   7.2622961466762326e-01	   7.0382031424636837e-01	   5.3091206396504487e-01	   5.4309654876027846e-01	   7.1679949633218787e-01	   6.6256603181327056e-01	   4.7703010717168742e-01	   5.6559270520227756e-01	   8.1520659507839310e-01	   7.3582201876816178e-01	   4.6305506881799119e-01	   4.8357554446751211e-01	   4.5593639672377961e-01	   6.1944129786228475e-01	   4.9722722504748940e-01	   5.6358771731676316e-01	   6.4335369422865951e-01	   6.3115453827998957e-01	   6.8737451923750847e-01	   7.1405502089184236e-01	   5.3897266209719197e-01	   4.3637376089909735e-01	   3.5013122286859960e-01	   4.4970528447316538e-01	   5.7486959908278679e-01	   5.5460831992677639e-01	   6.6100570381672974e-01	   4.9084935323318069e-01	   3.7598957688335499e-01	   3.8047654176149626e-01	   4.6755215158226843e-01	   2.9000617579664817e-01	   3.4524741494397693e-01	   4.2078757963818203e-01	   4.0008953099323208e-01	   3.4279576108626164e-01	   6.0641085302139941e-01	   4.2062849110201250e-01	   5.0595362389827958e-01	   3.7585370196079704e-01	   5.3664741788718573e-01	   5.8135905577547775e-01	   4.3177147517292624e-01	   4.2942965885866219e-01	   5.7711298738593175e-01	   4.3905348784797515e-01	   7.6252897141953979e-01	   5.7508827026123432e-01	   6.4998626060425868e-01	   5.7289529827154073e-01	   6.2179197478999182e-01	   5.7554575878492176e-01	   5.6592440804862532e-01	   5.2663721151773613e-01	   5.4500984970124944e-01	   5.1369073228378881e-01	   2.8607273853814896e-01	   2.5562367921318246e-01	   5.6661264739411255e-01	   4.4530544403271377e-01	   5.2116916156312532e-01	   4.2495473111035625e-01	   5.4405967240189801e-01	   5.1992551762519512e-01	   4.8412183520404073e-01	   6.1823161684426120e-01	   5.8507111977101478e-01	   6.3824575169238362e-01	   6.5841881672817837e-01	   6.4314690842325195e-01	   7.0582589653888639e-01	   7.2075754902994038e-01	   4.0838712500280155e-01	   6.1529622991281974e-01	   6.7814907929949642e-01	   7.4481977956702772e-01	   4.6074028919158161e-01	   5.8749288380734344e-01	   3.8105124814418645e-01	   5.8816054950979546e-01	   5.7098656535401610e-02	   1.0030993238721181e-01	   3.4585243671938737e-01	   3.1935905640030032e-01	   3.5824726165955001e-01	   4.6610635374856596e-01	   1.7776257537855525e-01	   4.8682574165233805e-01	   1.2756958572212429e-01	   3.0059427673524608e-01	  -3.8324268274662975e-02	  -1.6934290855818390e-01	   2.5902975852416292e-02	  -2.6255653362565701e-01	   1.5164831083483116e-01	   1.5042129716931213e-01	   4.3706128113625764e-01	   3.4930679198959153e-01	   2.4517106371452349e-01	   1.5459296847626589e-01	  -2.0732793980955372e-01	  -3.5705706832324424e-01	
   7.9950726097476466e-01	   7.4565980428318879e-01	   8.5819146691554182e-01	   8.8722412648788418e-01	   7.5019546885882615e-01	   8.2612946430876522e-01	   8.4737479308516139e-01	   0.0000000000000000e+00	   6.0432208651650665e-01	   7.9241517502037317e-01	   7.9260183310548404e-01	   7.3596474378824583e-01	   7.3317308705107664e-01	   7.1799808894331407e-01	   7.8628828839294085e-01	   7.8848847780013287e-01	   5.9259103268258040e-01	   6.3334293164348732e-01	   7.8468840363914927e-01	   7.5310108957979427e-01	   6.5151990909722257e-01	   6.6696353441625700e-01	   8.6586216710201569e-01	   8.2144115005413432e-01	   6.5145275502997868e-01	   6.4400593848474386e-01	   6.5047571864141707e-01	   6.8894971868839816e-01	   5.1140060778697205e-01	   6.6561952197373930e-01	   7.9268216166574068e-01	   7.8048154481261167e-01	   7.7044925947455667e-01	   8.0477345776983633e-01	   5.9717004266037121e-01	   5.6771827072316738e-01	   4.8505842460606663e-01	   6.3970922784363071e-01	   6.7744640262411560e-01	   6.8848445692556404e-01	   7.1349505594809848e-01	   6.0266004911593241e-01	   5.2668975889822456e-01	   5.2048724143744640e-01	   5.5007301021520727e-01	   4.4489088042670366e-01	   4.8784722584304591e-01	   5.8468858567842141e-01	   5.7496906922401680e-01	   5.4779836248348335e-01	   7.0075795431628596e-01	   6.2046025912797709e-01	   7.0763617779913113e-01	   5.2265851863469148e-01	   6.8837747141886352e-01	   7.1407081873792944e-01	   4.8904187909059621e-01	   5.8302564991684092e-01	   6.8072905232203562e-01	   6.5322312167387542e-01	   7.4525910053739852e-01	   7.0133635256293880e-01	   6.9121857455042823e-01	   6.8777148375163055e-01	   6.1608495760748094e-01	   6.8978015121193237e-01	   6.0648918186591705e-01	   6.5667844181870971e-01	   6.1958538889529102e-01	   6.6040569498408142e-01	   2.8269960761958635e-01	   3.6313981808179996e-01	   6.5119258283801007e-01	   5.7321684483550583e-01	   6.1580457817676060e-01	   5.3011026550215967e-01	   6.8445626821046424e-01	   7.0363641702591584e-01	   5.5639540435164792e-01	   7.5333149319504444e-01	   6.4332414699297047e-01	   7.2454877892125413e-01	   7.7830294825681445e-01	   7.8951660629755294e-01	   7.5564260744289546e-01	   7.8151280086337249e-01	   5.8625620122223177e-01	   6.8863342523393967e-01	   7.9941054138294643e-01	   8.3112956128571625e-01	   7.0974043409954568e-01	   7.3290271489749703e-01	   5.9189443192317059e-01	   6.5105375868961857e-01	   1.9120101532247785e-01	   2.4586920262949896e-01	   5.2030922087634413e-01	   4.8188464777823536e-01	   5.9689577367879365e-01	   6.6465378286082588e-01	   3.9450493606289871e-01	   5.8996744319027128e-01	   3.3771752998399029e-01	   5.0400541076975025e-01	   1.3917459744411176e-01	  -9.0605464537313510e-02	   1.8009278599212897e-01	   2.1996532291327590e-02	   3.3716536988457801e-01	   2.6220496378334313e-01	   5.7426233165343721e-01	   5.2563574639559774e-01	   4.1411951702275152e-01	   2.8745355952484286e-01	  -1.4181457403156028e-01	  -2.8947507695289282e-01	
   5.4326823185378570e-01	   4.8866643818977840e-01	   6.1814848643225173e-01	   6.1069629167501582e-01	   7.0200695800773050e-01	   6.2221000226564760e-01	   6.4608160459220743e-01	   6.0432208651650665e-01	   0.0000000000000000e+00	   8.4552522424709786e-01	   6.2867129224735585e-01	   4.1954259924603565e-01	   5.5527604948238118e-01	   4.1462991381699899e-01	   6.9422106469882827e-01	   5.4236441989092277e-01	   4.6271073859632883e-01	   4.6294496489810699e-01	   5.1723661612258831e-01	   4.4929856205237700e-01	   3.6815434932580404e-01	   3.5563905378259347e-01	   5.9186511750658877e-01	   5.3199847363505137e-01	   2.6174498231568749e-01	   3.3058928435314427e-01	   4.9493171893717519e-01	   5.6242469184277055e-01	   4.1120279953838346e-01	   4.1591471771157446e-01	   3.9855047385480713e-01	   4.2464480220839418e-01	   4.0299793678914375e-01	   4.1746084571485931e-01	   2.2473340855096030e-01	   1.5480670626788628e-01	   2.3675668164495084e-01	   2.8749527728016866e-01	   3.6942115905236772e-01	   3.5046293439724618e-01	   4.1762375808174312e-01	   3.0675387203380866e-01	   1.0919991816922101e-01	   1.1288160575371657e-01	   1.4891870383553929e-01	   8.4596060280154775e-02	   1.5507363395183149e-01	   1.3346659613434667e-01	   3.7729493282625820e-01	   3.0630160068461604e-01	   4.8897920339539308e-01	   3.1627782588875092e-01	   3.1147750948710962e-01	   2.0184214745160781e-01	   3.6236467027067526e-01	   3.7622124269050522e-01	   4.3600128375052627e-01	   4.0564115176022725e-01	   5.4027414043975841e-01	   4.5920292877793734e-01	   5.8344723328976633e-01	   3.9708663067552008e-01	   4.8297150059514343e-01	   3.4181536225003767e-01	   5.2957441520551218e-01	   5.2446669648612565e-01	   2.8201026656401307e-01	   2.9807280324665092e-01	   2.9256086376230028e-01	   3.1428321980486118e-01	   3.5448264441774235e-01	   3.7646245862450778e-01	   3.5949025244311367e-01	   2.4599294715373071e-01	   3.7987184349511366e-01	   2.3391837849447039e-01	   4.0852880568149152e-01	   3.6746887015015406e-01	   4.4694606505304924e-01	   4.4137968836135288e-01	   4.2398026851295118e-01	   4.0860351952440543e-01	   4.1838532624176161e-01	   4.0852261426472275e-01	   4.3746107864588535e-01	   3.9863076728305546e-01	   2.8541554653019896e-01	   3.0055484403602445e-01	   5.1632520105516100e-01	   5.3104085999048511e-01	   3.1723479369675878e-01	   3.6362535773074550e-01	   1.8992166117745951e-01	   3.2200184163980394e-01	   5.0687652507123357e-02	   1.5029908158998548e-01	   2.7156568449531199e-01	   2.3907475726918964e-01	   2.7588431005789860e-01	   3.0055752477123743e-01	   1.4733605631362526e-01	   3.3761863649800927e-01	   6.2923716198496904e-02	   2.6928359665853935e-01	   2.3903585512528703e-04	  -3.4591152217084087e-02	  -1.1141414590977312e-01	  -2.1309654347745202e-01	   1.0772595747819240e-02	   1.4538802524098074e-01	   3.0240735056509610e-01	   2.1584134383572542e-01	   1.0705786442742946e-01	  -2.2359412445094318e-02	  -7.8762819947875998e-02	  -1.8874463690984888e-01	
   6.5463748818366452e-01	   6.6398903423704059e-01	   7.1054940413004686e-01	   7.5224793054928984e-01	   8.0904928394473274e-01	   8.8447644199527020e-01	   6.9680365153859525e-01	   7.9241517502037317e-01	   8.4552522424709786e-01	   0.0000000000000000e+00	   6.9274830129088460e-01	   5.8088456136908051e-01	   6.1187551133203910e-01	   5.5552799271627473e-01	   7.5081156975929508e-01	   7.0463688870537511e-01	   5.5747782877753427e-01	   6.1055760060070385e-01	   6.5380135308564558e-01	   6.2707904500680423e-01	   4.6631221298940628e-01	   5.0298140436510097e-01	   7.4031327875147657e-01	   6.9593260306923166e-01	   4.6018387000485894e-01	   4.8465609847518404e-01	   6.1368415746422700e-01	   7.4164328179342642e-01	   4.6448172505024660e-01	   5.8002511547684432e-01	   5.5793821399366272e-01	   5.8916329072506723e-01	   5.5666407027049269e-01	   5.8880839066173574e-01	   3.9005530375100533e-01	   3.5970476198802509e-01	   3.1217604842889951e-01	   4.2779587566470634e-01	   5.4583188652783499e-01	   5.3045371252669926e-01	   5.6328253468559430e-01	   4.5445215605797795e-01	   3.2265738470118710e-01	   3.1956469908700480e-01	   3.4413259987973988e-01	   2.6364667761353261e-01	   3.6049220057983677e-01	   3.6525163950998452e-01	   4.4730679192683698e-01	   4.0089691269737499e-01	   5.5827880083359016e-01	   4.4685660027103746e-01	   4.9156103499829451e-01	   3.1493355769898396e-01	   5.4522816723419387e-01	   5.8888330980666515e-01	   4.9757315857414258e-01	   5.4763763722192360e-01	   5.5397016194353565e-01	   5.3029682864908556e-01	   6.0853733515648178e-01	   5.7977626818041705e-01	   5.4361001846548562e-01	   5.1845662671424075e-01	   5.5827308988702329e-01	   6.2101921580718600e-01	   3.5504757129228487e-01	   3.8662302560030887e-01	   4.5856073586313095e-01	   4.9071893277010858e-01	   3.1349487331662668e-01	   3.4664614968065943e-01	   4.9839279050880125e-01	   4.2814353193751131e-01	   4.9796182973227715e-01	   3.8824306961052646e-01	   5.5663532730086751e-01	   5.3374220051331767e-01	   4.8692035380360776e-01	   6.4337287952737221e-01	   5.5276282625087192e-01	   5.6330345272166948e-01	   6.0933901725879158e-01	   6.1122044533594189e-01	   5.5834680250358359e-01	   5.2151238095759267e-01	   5.3659941303262437e-01	   4.7282829596703452e-01	   6.4071365777291855e-01	   6.9566182982321512e-01	   5.5176801484290516e-01	   5.6916568230737563e-01	   4.1942955223742784e-01	   4.4507191991646222e-01	   1.9584019457773966e-01	   3.1975918456091368e-01	   4.6660610012364323e-01	   4.5134040898254912e-01	   5.0398567173379982e-01	   5.4018876358739909e-01	   3.1488887614502409e-01	   3.8711701451676994e-01	   2.7258038924250932e-01	   3.9313946031355962e-01	   1.6963041302148690e-01	   4.7902867373380856e-02	   1.0671031538850213e-01	  -2.4911175753088879e-03	   2.3336672538903366e-01	   2.6443290645155221e-01	   4.6488567945140158e-01	   3.9703387201451268e-01	   3.3535243148000005e-01	   1.7040215026913544e-01	  -7.3956384962978822e-02	  -1.5262339617331966e-01	
   7.5700464606766515e-01	   7.5880683842409757e-01	   7.9452798711457018e-01	   7.4071143151875729e-01	   7.1745516056472347e-01	   6.7201463614936596e-01	   7.8134360030514949e-01	   7.9260183310548404e-01	   6.2867129224735585e-01	   6.9274830129088460e-01	   0.0000000000000000e+00	   8.3652670744267943e-01	   9.1319690534450304e-01	   8.2355358382424582e-01	   8.9423581167676680e-01	   8.6449596440866583e-01	   7.9400829719472221e-01	   8.1362309129138177e-01	   7.2632308840133530e-01	   6.4047419543404405e-01	   6.3303410759581547e-01	   6.7946263167625209e-01	   8.3696117181225205e-01	   7.0907653222845379e-01	   5.6906433206156248e-01	   5.6033597270749391e-01	   6.2393179238221297e-01	   5.5085218674485714e-01	   8.0960653334783861e-01	   8.4048837545908450e-01	   7.6564757747859002e-01	   7.7823835942168240e-01	   7.7604794675965394e-01	   7.7507994047329121e-01	   3.8848862516547628e-01	   2.4181696491035604e-01	   5.5343579676245658e-01	   6.2115142104356624e-01	   7.0957914732810745e-01	   7.0872710489940582e-01	   7.8468824347469868e-01	   6.6345461929157334e-01	   4.7442028113989493e-01	   5.1294173576188096e-01	   4.5723453150725057e-01	   3.8446627997724120e-01	   4.8552843629013831e-01	   5.6590059828610328e-01	   3.9177329570651986e-01	   4.4082335787981219e-01	   5.4406749808539900e-01	   4.6677820335697601e-01	   6.0584687689413352e-01	   5.1611248767166651e-01	   6.9745993073799506e-01	   7.6783959511496525e-01	   5.6950819958668597e-01	   6.2194727806567895e-01	   6.0699536811357990e-01	   5.6008479097968222e-01	   8.3662041213665406e-01	   7.1717708059646601e-01	   8.3885413000710685e-01	   7.8694129781463562e-01	   5.9673237254922595e-01	   5.5392068647339465e-01	   3.9996542892595333e-01	   4.1347224701763707e-01	   4.5812052336882236e-01	   4.4199459039961986e-01	   5.5891399887922688e-01	   5.8880450129537210e-01	   8.0271585708373139e-01	   7.6590576054575799e-01	   8.1502180838274940e-01	   7.1538004372014485e-01	   7.9364262022106646e-01	   7.7777885208051689e-01	   7.5817072258709106e-01	   7.5991530050942191e-01	   8.0017044700934115e-01	   8.0344455667409775e-01	   7.8616465836081473e-01	   7.8472208821657241e-01	   7.5790268455288534e-01	   7.0615244723665183e-01	   5.3522653004243637e-01	   6.1147235606708472e-01	   7.4801047537498411e-01	   7.2979590259965232e-01	   4.8891207395323860e-01	   5.7496800611438614e-01	   3.8663723671377193e-01	   4.7373154010757923e-01	  -1.8136101989048698e-03	   9.4976610468247458e-02	   4.5252498566972649e-01	   4.7443527710269401e-01	   5.1637676669988253e-01	   5.9029826969543642e-01	   2.8621349142227670e-01	   4.8686649510250990e-01	   2.1854421711880323e-01	   4.4055644572021552e-01	  -7.8998434717915011e-02	  -2.9121421538975178e-01	   9.7326370436566695e-02	  -1.0253056543750375e-01	   2.1349569329562221e-01	   3.2845495953847859e-01	   5.7248270080900054e-01	   3.6849765788895150e-01	   2.7899209061425179e-01	   1.9266481831528473e-01	  -2.5071397446651938e-01	  -5.0106439631779265e-01	
   6.1459142912538645e-01	   6.4106874027830196e-01	   6.3919580558965394e-01	   6.8258433467969770e-01	   5.6778672605287595e-01	   5.5621782711306844e-01	   6.1037711454322985e-01	   7.3596474378824583e-01	   4.1954259924603565e-01	   5.8088456136908051e-01	   8.3652670744267943e-01	   0.0000000000000000e+00	   8.4827977710412039e-01	   9.3085818680443644e-01	   7.6916448231074730e-01	   7.9845963880665527e-01	   5.9908936909848765e-01	   6.8260678806218511e-01	   5.4925396085286149e-01	   4.4406199949847025e-01	   5.5629762604296906e-01	   6.3011217265512232e-01	   7.3559831325603342e-01	   6.6283718695294858e-01	   5.7352498804801955e-01	   5.7290718478772029e-01	   4.8803224552568059e-01	   4.2534382567872997e-01	   6.7269088536323218e-01	   7.8099592746660573e-01	   6.5297828845991068e-01	   6.9439383132933863e-01	   5.6971076923314301e-01	   5.9008910103558687e-01	   2.8808273013679669e-01	   1.6950816640506292e-01	   5.2698518365124669e-01	   5.8115731593544662e-01	   6.0482116378067563e-01	   6.4986384220847881e-01	   6.6574250957414738e-01	   6.1248120364791803e-01	   5.0771547869704281e-01	   5.3233122212806794e-01	   3.5502781298860353e-01	   3.8362769809808883e-01	   5.0735856190641049e-01	   5.8928649925428678e-01	   3.5338398711361835e-01	   5.1252151803664137e-01	   4.6953621777280141e-01	   5.0427194071024140e-01	   6.3979529755346287e-01	   5.9389357459336178e-01	   5.9409982911783654e-01	   7.7079856893465726e-01	   3.6417334891318509e-01	   4.8655741896376919e-01	   5.5890973223704199e-01	   6.1803083583545781e-01	   6.9996047685766305e-01	   7.6949195352333444e-01	   7.1316002975072323e-01	   7.6022185370089201e-01	   4.2167628355838949e-01	   5.5581732068040957e-01	   2.1962004873356264e-01	   2.9358624485386126e-01	   3.1533170389133180e-01	   2.7416376095395240e-01	   3.9699619155833477e-01	   4.4397392750798681e-01	   7.0673198807660942e-01	   7.4383601958325007e-01	   7.4204649036154846e-01	   7.4511171656733766e-01	   7.0685003640689137e-01	   7.6667275165887860e-01	   6.2407009190259533e-01	   6.2649588564527914e-01	   7.0043253524881588e-01	   7.4224077335618488e-01	   6.8956000334406198e-01	   7.2020993946308864e-01	   6.1927635143780202e-01	   6.2634737231357362e-01	   5.1819255645265672e-01	   5.4911918990249431e-01	   6.0748074531261842e-01	   6.6300707717119622e-01	   4.6197442984674197e-01	   4.9159709394595935e-01	   3.9434438425903356e-01	   3.2414621453132164e-01	  -1.7379330805733090e-01	  -7.4525728463354216e-02	   2.5458613839902183e-01	   3.0756546023388576e-01	   3.9609101564956478e-01	   5.3368132620566344e-01	   1.6325956109631440e-01	   3.3502252884160599e-01	   7.1957061653242518e-02	   3.2937558109980958e-01	  -1.3802503284444459e-01	  -4.0705829137497740e-01	   1.2281555890397307e-01	   7.6063227974438527e-02	   1.6959119162172567e-01	   1.8009377220048761e-01	   4.0065861896883925e-01	   2.2050010389798996e-01	   1.6417797259757616e-01	   6.3909679720034973e-02	  -3.5171968384493624e-01	  -5.7863244734435304e-01	
   6.3150993336432892e-01	   6.3546914538808585e-01	   7.4441386751147920e-01	   7.0539393267682859e-01	   6.4801037114828020e-01	   6.3855667632439017e-01	   7.8778395087224651e-01	   7.3317308705107664e-01	   5.5527604948238118e-01	   6.1187551133203910e-01	   9.1319690534450304e-01	   8.4827977710412039e-01	   0.0000000000000000e+00	   8.8228502579794266e-01	   8.6714150130758250e-01	   8.6280434274001339e-01	   6.6339532221324693e-01	   7.0048447453096152e-01	   6.1182491686543661e-01	   5.1622158911276128e-01	   5.3427302479101912e-01	   6.3897502600115008e-01	   8.1262822569591520e-01	   7.0813672395332383e-01	   5.6002040697658495e-01	   5.7175773650277173e-01	   5.0017706811354623e-01	   4.5853515617278362e-01	   7.3894356580209841e-01	   7.6549375946072762e-01	   6.7462268068687214e-01	   7.1026268643338430e-01	   6.7850848020842869e-01	   6.6858727366025672e-01	   3.4588070656691988e-01	   1.9142457508674798e-01	   4.9859189756297367e-01	   5.3389272394914178e-01	   6.4165162760251271e-01	   6.6571085841105948e-01	   7.7234851580173181e-01	   6.4456340728713646e-01	   4.3522879266303593e-01	   4.7999309391926759e-01	   4.0781931020213713e-01	   3.4450531790317618e-01	   4.5647048277814095e-01	   5.2145069939542443e-01	   3.2817503876729792e-01	   4.1658797469212067e-01	   5.5227769068692423e-01	   4.3250604901206824e-01	   5.7470221563496215e-01	   5.1311614821935148e-01	   5.8491786030433990e-01	   6.9959601970493701e-01	   4.3227089974447169e-01	   4.7712727866097299e-01	   5.4441640044186212e-01	   4.8784034902054169e-01	   7.6124797169850766e-01	   6.8239119693188877e-01	   7.4240162345631400e-01	   6.9259017486893804e-01	   5.4329474521712118e-01	   5.6547299211090440e-01	   3.0496191673340450e-01	   3.2409947869780592e-01	   3.6783730768593753e-01	   3.2951080526441145e-01	   3.3707136859871645e-01	   3.3878552862261846e-01	   7.0952137943884153e-01	   6.8976619089407509e-01	   7.4297249200149351e-01	   6.8796580178057287e-01	   6.4697057485839204e-01	   6.6437520373536052e-01	   6.5957214590681978e-01	   6.5267791451441104e-01	   7.4166220498717639e-01	   7.6138238593163765e-01	   7.2637987127666825e-01	   7.2674077563939543e-01	   6.9269289335563600e-01	   6.7765616405971119e-01	   4.5046002089455317e-01	   5.6170498483295805e-01	   6.3823078870585470e-01	   6.6128302420154395e-01	   3.9190001970108584e-01	   4.5700973824341029e-01	   3.2322374181127178e-01	   3.8645596737050814e-01	  -1.8460623602983062e-01	  -9.4192276070374434e-02	   2.8485717857581727e-01	   3.0826314399368671e-01	   3.2453615451872181e-01	   4.2521789523554321e-01	   1.3153858395916435e-01	   3.1476143541372215e-01	   2.9039178757976035e-02	   2.0146982015696308e-01	  -2.5263008582185587e-01	  -4.4397345951816003e-01	   6.5955917252779311e-03	  -1.9524013084633679e-01	   3.7549188703640934e-02	   1.1475303056264585e-01	   4.1856010168659363e-01	   1.9091070549157810e-01	   1.0511926456149652e-01	   5.3601798983831724e-02	  -3.6863075968557596e-01	  -5.8502354956529934e-01	
