   0.0000000000000000e+00	   6.3678276367417874e-01	   4.6316706633805493e-01	   4.9415584180345284e-01	   4.6762198081757284e-01	   5.0732738633147556e-01	   5.1568035096382780e-01	   4.4684563489675960e-01	   6.2950938995820593e-01	   5.2657544873675710e-01	   5.1360725357172377e-01	   4.1617184570482135e-01	   5.0305966856266726e-01	   2.8361864468700315e-01	   4.0910787819618033e-01	   2.8588159559954174e-01	   4.3203681814150563e-01	   3.6414612612417807e-01	   6.9880137666535047e-01	   5.1576422263470445e-01	   3.2033766085059401e-01	   2.9482462902184459e-01	   2.3001079468787944e-01	   2.2722906032871293e-01	   2.3019527751381327e-01	   2.7281965240919515e-01	   3.6261685351863471e-01	   3.5907842810784552e-01	   4.5727120301876983e-01	   4.0569168401152111e-01	   2.3513976002639669e-01	   3.0209709586099354e-01	   4.2895349217663409e-01	   3.4652678814441634e-01	   7.7620438710895870e-02	   2.1491980832787860e-01	   9.7865790901602384e-02	   3.5579453424556873e-01	   3.5212077366648747e-01	   3.3526226571403106e-01	   2.6547312344327345e-01	   1.7463847286722670e-01	   1.5508830657324563e-01	   1.2243639832088649e-01	   7.8801464663887752e-02	   1.0028126600700850e-01	   1.9498361941438672e-01	   2.1076479772774165e-01	   2.8646859500045996e-01	   4.2852659078398039e-02	   3.2431967399411188e-01	   1.1299324812553349e-01	   5.1484444702791077e-01	   2.8085658564960297e-01	   4.1685091461995183e-01	   2.5761345012752374e-01	   7.0632097507308278e-01	   5.3430619346479524e-01	   6.1610187271373484e-01	   5.3722691150929802e-01	   6.9792090058776224e-01	   4.7667517849540320e-01	   2.3994280709346327e-01	   1.4839618943857538e-01	   2.6673109372038778e-01	   3.3113431042733399e-01	   2.9137951078927515e-01	   2.4680637837813990e-01	   5.2461399341242110e-01	   5.5985376444385648e-01	   3.7721661679477592e-01	   3.9829602254017804e-01	   5.0150850115937784e-01	   3.6359195976416120e-01	   6.4585582938771979e-01	   3.6275099000333821e-01	   4.9284143253331442e-01	   3.2936345826416602e-01	   2.3417007528784023e-01	   4.0939375380408904e-01	   4.0636138382128395e-01	   3.1954816362183003e-01	   4.1882262974145179e-01	   3.0556853893177555e-01	   3.3861387960257966e-01	   2.2108426654898572e-01	   4.3676366171791592e-01	   2.1119604634970512e-01	   5.6226466799009023e-01	   5.3947086320256588e-01	   3.9393654480614182e-01	   2.9259179788388551e-01	   4.0884266465159480e-01	   4.1683909053703400e-01	   4.3429408087324717e-01	   4.0690263552137984e-01	   5.2584098516296063e-01	   6.1983264223786338e-01	   3.3782081235412831e-01	   6.2047473487815785e-01	   2.7679395670001383e-01	   5.6639988528170948e-01	   2.4539213654615252e-01	   5.5996516241743999e-01	   1.2876076676368292e-01	   1.6272702433055986e-01	  -2.7903459727797709e-02	   5.7074945020037904e-01	   1.2216485623246358e-01	   5.6780670490429130e-01	   3.2183361657224230e-01	   4.7867493258336957e-01	   5.1616346685053394e-01	   4.3326408840249953e-01	   2.9772426533578067e-01	   2.8947470472602505e-02	
   6.3678276367417874e-01	   0.0000000000000000e+00	   2.9046796817279441e-01	   3.5843282675432336e-01	   2.8718876127092774e-01	   3.0260770898487671e-01	   1.6953359377784283e-01	   2.2692503433832920e-01	   3.6362114437034654e-01	   2.5332074632801826e-01	   2.5562945876209453e-01	   3.0850686896147167e-01	   2.0943339235868974e-01	   2.7802088602665070e-01	   2.9183619817624901e-01	   2.5470429652545179e-01	   5.2671952719331949e-01	   4.8459480854389525e-01	   4.9888801712870645e-01	   4.4201064017818403e-01	   3.7007744251048919e-01	   4.5192900393879309e-01	   2.6111079886527772e-01	   2.5220184058247930e-01	   3.6020655453082295e-01	   3.0612100639417561e-01	   4.5034712607546390e-01	   2.8610044594043937e-01	   3.0988855441961299e-01	   3.8888781983629161e-01	   2.1633679627402475e-01	   2.9262238571074628e-01	   3.1395599039340716e-01	   2.2108499003374138e-01	   1.3119571326374019e-01	   1.9952577403374766e-01	   3.0844375682141129e-01	   4.3405998308851046e-01	   4.3417351719756703e-01	   4.8155192744290493e-01	   3.5026310540923833e-01	   3.3166250831306054e-01	   3.3098449727369178e-01	   3.1175607448029347e-01	   1.7258577148331525e-01	   1.9888026037293777e-01	   3.4887172642750530e-01	   3.8751292228932671e-01	   2.1731269434755454e-01	   2.0818353119257849e-01	   3.4310991465512919e-01	   2.4630699865087458e-01	   3.6827891527882317e-01	   3.5976885238748657e-01	   5.2802283027113051e-01	   4.5658380346366678e-01	   8.1601202191438960e-01	   8.0965277442964967e-01	   1.9189121014619237e-01	   2.6824700017769676e-01	   1.5701238244292215e-01	   1.7366736756190426e-01	   1.3030022515112463e-01	   5.7870712023013762e-02	   1.6427193981434757e-01	   3.4626793023092267e-01	   9.0067491306042191e-02	   1.0989689124929816e-01	   4.2158020061240964e-01	   4.7094677487426340e-01	   2.3281924306422505e-01	   4.2847800917576129e-01	   3.8703299782791534e-01	   5.6594733012665532e-01	   4.7777743947896001e-01	   5.4822603454451779e-01	   3.3035809458102505e-01	   4.1327710768263876e-01	   5.5059408822056422e-01	   5.8909573136394788e-01	   5.6931189983879871e-01	   4.2515110321712951e-01	   3.8361464265029116e-01	   3.0697776506784158e-01	   3.3067324790347630e-01	   2.5351467919314219e-01	   3.7495926170570831e-01	   3.0246070004884834e-01	   4.7270146585289952e-01	   4.6998201367461001e-01	   2.6447825597517383e-01	   7.0146355599072924e-02	   2.6893211884092322e-01	   3.0314350679409297e-01	   4.2959091882016787e-01	   2.6879625576695376e-01	   6.8287458295191195e-01	   6.2282459947855240e-01	   4.4639072522918155e-01	   5.0676939580594671e-01	   1.0399085716593826e-01	   3.9037167679693208e-01	   2.3274783891897047e-01	   3.1296856170312620e-01	   1.8283739145882982e-01	   1.4480900091904722e-01	  -2.2801040469180932e-02	   2.3588345788528953e-01	   1.3048902114068778e-01	   4.1117283092370538e-01	   4.8610334081830231e-01	   5.1265208594053679e-01	   3.9916675571268007e-01	   3.4245676589775720e-01	   3.6227781989161939e-01	   2.4271209431270815e-01	
   4.6316706633805493e-01	   2.9046796817279441e-01	   0.0000000000000000e+00	   7.0823921493629860e-01	   7.4011036435676758e-01	   5.4848028031909979e-01	   8.2031587656905436e-01	   4.9795552734680981e-01	   6.2225226262546518e-01	   4.1009769606450713e-01	   3.0498379616768989e-01	   4.2436608298207901e-01	   3.3812378208482119e-01	   3.6395628414530867e-01	   5.4476897019691473e-01	   5.4120566253427849e-01	   1.3970751354950847e-01	   2.7938520951351370e-01	   6.8506550822142964e-01	   5.6215083787335085e-01	   5.8585664139909288e-01	   4.7438774534768885e-01	   8.0543472327643495e-01	   6.7150399677197969e-01	   7.0572876506669868e-01	   5.8140859135314427e-01	   5.1386505866514387e-01	   4.8043363755089297e-01	   3.6961648554405813e-01	   3.9425514354804625e-01	   6.2776647668752905e-01	   5.4364824608995233e-01	   6.1072286427716593e-01	   5.5310635531046470e-01	   5.1417932064871397e-01	   5.3075862455508882e-01	   2.6394827889890560e-01	   3.4662253843790158e-01	   4.2218830234409144e-01	   3.1629335210884424e-01	   3.7161947447619414e-01	   3.1572200378064041e-01	   3.8350984445916658e-01	   3.5286750548396351e-01	   4.0337018960645465e-01	   4.1426212040136201e-01	   4.0066192747952595e-01	   3.8594210848405375e-01	   5.3362132485124802e-01	   4.1008546259910772e-01	   6.8148215384383271e-01	   5.3950662053336074e-01	   5.7892942137181091e-01	   4.7373034488717497e-01	   5.9077464341559915e-01	   4.9649727453862275e-01	   1.3913885356670214e-01	   7.2228305262651338e-02	   4.5793969693931652e-01	   3.1425879706025905e-01	   4.4338645052383352e-01	   3.9105250025819727e-01	   2.9081846632483377e-01	   2.6972149821717362e-01	   7.3225030353911125e-01	   3.9987853870885842e-01	   6.5685559193216447e-01	   5.8547752836583900e-01	   5.2855789880663440e-01	   4.2264767896460115e-01	   4.7146118318286345e-01	   5.1425236380684525e-01	   4.1738829788145382e-01	   2.9875269163037921e-01	   4.0002899140790271e-01	   2.3519746982208711e-01	   5.2755412880201402e-01	   4.8646198914676131e-01	   1.3355438902839725e-01	   3.7498136730578896e-01	   2.2556099607516655e-01	   4.0092538537029931e-01	   5.9673420664931776e-01	   3.1070542211795282e-01	   6.8694410808954165e-01	   5.6893322063011165e-01	   4.8221432664503205e-01	   2.8292724649307815e-01	   7.2654834297712234e-01	   7.0271844415279616e-01	   5.0881929206212595e-01	   4.8858393128030625e-01	   5.2461121883803707e-01	   5.8065707435175473e-01	   3.5117159218517635e-01	   4.2767499454580060e-01	   5.6146733552161887e-01	   6.2275484084757515e-01	   4.6850233869925872e-01	   6.3579792045081862e-01	   3.8463373334758338e-01	   4.3009385705329783e-01	   3.3614218434860765e-01	   3.6529043799346028e-01	   2.2598019267850547e-01	   3.8685964579541038e-01	   2.2070394982857089e-01	   5.2868628696927789e-01	  -1.1750227151258666e-01	   5.4110190719319418e-01	   5.4938426362837811e-01	   5.5594621681219303e-01	   5.4838493861214610e-01	   4.9191573697798485e-01	   4.6220456410364652e-01	  -1.6486827879584806e-01	
   4.9415584180345284e-01	   3.5843282675432336e-01	   7.0823921493629860e-01	   0.0000000000000000e+00	   6.8114367841622425e-01	   7.8285456823348876e-01	   7.9709095091464643e-01	   8.2297532630592585e-01	   6.4115634690370760e-01	   7.3179149497470997e-01	   1.9955388145053923e-01	   7.1971815774891201e-01	   3.1934048975389417e-01	   5.7761993117903199e-01	   4.8107763603996523e-01	   6.8166308555386523e-01	   2.9003071322135615e-01	   4.4791015742140128e-01	   6.7764536528349273e-01	   7.2334672117249199e-01	   4.3855563748951487e-01	   4.6556538423935601e-01	   6.4624021142156141e-01	   7.6773925440986179e-01	   5.4249941710636918e-01	   7.0854604340968164e-01	   4.4093676562217293e-01	   5.6923034191095168e-01	   4.6356630934165560e-01	   5.4413950579331127e-01	   5.5214236152836504e-01	   6.1311224136973097e-01	   6.2487221644393010e-01	   6.4761336750310883e-01	   2.9981645969692583e-01	   4.2778330616009963e-01	   7.3967179731169008e-02	   3.0389250323871564e-01	   3.2198990502802249e-01	   2.8531560986947402e-01	   2.4469817108900049e-01	   2.9262970690145285e-01	   1.3035818230819762e-01	   1.8105411645695485e-01	   2.1822507985727096e-01	   2.5508323868926852e-01	   1.9656905258895019e-01	   2.3700934721510991e-01	   3.5713533489968863e-01	   2.1847478844588475e-01	   5.5430458150492368e-01	   4.4468076206318324e-01	   4.8365803555843268e-01	   3.1625710034378524e-01	   5.0608607575635667e-01	   4.1125858033789076e-01	   2.1245618164776747e-01	   6.5459364861702590e-02	   4.4149330564153921e-01	   5.1308940765111544e-01	   5.5508553873697009e-01	   7.1159260636305743e-01	   5.2781434087419088e-01	   5.5120999603040122e-01	   6.3908219915386844e-01	   5.6421149722631081e-01	   7.2119691902830430e-01	   6.8512360022176022e-01	   6.2580999961241113e-01	   5.9576930648648385e-01	   2.9793581681897185e-01	   5.1221092085599884e-01	   4.5282176908741484e-01	   3.9055255796466670e-01	   4.3052648354021683e-01	   2.4628548905072251e-01	   4.5093733988479212e-01	   5.4016822680952314e-01	   2.7801304552965722e-01	   5.4522792923950869e-01	   4.5409066155568778e-01	   4.7904885683712822e-01	   5.7305853669749873e-01	   3.1815411121717913e-01	   5.5073598759563092e-01	   6.6208994995764092e-01	   3.4589499008290248e-01	   2.2783424161579535e-01	   7.2091703298932464e-01	   6.6193720219141994e-01	   5.4809318548672525e-01	   3.6023804093407497e-01	   7.0696837717998451e-01	   5.4427067905719961e-01	   4.3853385324626976e-01	   5.5112761138272059e-01	   5.8667545889909811e-01	   6.2773227704695289e-01	   4.1540145126085515e-01	   4.8235720432153917e-01	   6.0625851139020359e-01	   4.9066987088214620e-01	   5.1832538589672028e-01	   5.1773848293952396e-01	   4.3589084611768220e-01	   3.9430160243081397e-01	   3.9364979951773482e-01	   6.2516086974043916e-01	  -9.0333815697861891e-02	   5.7832286717061876e-01	   4.4911743360460954e-01	   4.9630552618830037e-01	   5.6422810787388600e-01	   6.4942590091170938e-01	   4.3679940131073686e-01	  -3.1366482596952759e-02	
   4.6762198081757284e-01	   2.8718876127092774e-01	   7.4011036435676758e-01	   6.8114367841622425e-01	   0.0000000000000000e+00	   7.6407567582422664e-01	   7.8257301580850447e-01	   6.6371198402445497e-01	   7.1607745283364976e-01	   5.4201199388342225e-01	   2.4644019270168491e-01	   4.4100628936927100e-01	   2.7723781354093557e-01	   2.4129279931555253e-01	   5.2314329533631443e-01	   4.7140532136092134e-01	   1.4501233624251553e-01	   3.7015979205999289e-01	   7.1669377252631561e-01	   6.4326164279824272e-01	   4.2148144282896127e-01	   3.5275200211141483e-01	   6.7941293545165227e-01	   5.8804164132633718e-01	   5.1718758557813660e-01	   5.2238987851892915e-01	   4.0858448481478610e-01	   5.6201025229601587e-01	   4.5130774878510638e-01	   4.6808352519564767e-01	   5.8425466996398667e-01	   5.0796098090900565e-01	   5.5812162846565516e-01	   5.9819085771002034e-01	   5.2497917644829950e-01	   5.6415711798518808e-01	   9.0297567082008562e-02	   2.6316448790368169e-01	   3.0322454466285931e-01	   1.4829277771147908e-01	   4.0157714803047373e-01	   3.0417608407066882e-01	   3.3711942894731767e-01	   3.3832500013376143e-01	   4.3728018567770349e-01	   4.3383262170835113e-01	   3.8768893368023594e-01	   3.9558498411666360e-01	   3.9887737639055654e-01	   2.9835423058373395e-01	   4.7212443033779378e-01	   3.0252647264425853e-01	   5.1177065306358982e-01	   4.0815979086571785e-01	   4.0670571148378665e-01	   3.1603019701451002e-01	   1.1192768132777385e-01	   9.5965436493506862e-02	   4.9052844000110807e-01	   4.3515929270528808e-01	   4.7424258638388517e-01	   5.4156646705788414e-01	   2.8903643002515317e-01	   3.6297047405575339e-01	   6.8872864853373372e-01	   3.7298487616474385e-01	   6.0419247529795050e-01	   6.2162598050933870e-01	   5.4957095194837957e-01	   4.4813207973578406e-01	   3.6739995163529582e-01	   4.7407050742282852e-01	   5.0012277792524784e-01	   3.5010480580683495e-01	   4.7367161944324015e-01	   3.2894804398002442e-01	   4.9189477364691064e-01	   3.9807918518239349e-01	   5.8064835832727285e-02	   3.9525769365333840e-01	   2.5358474786287272e-01	   4.0369882697554937e-01	   5.8472095515944067e-01	   4.5466279236157742e-01	   5.5793892909538667e-01	   4.2461531261745855e-01	   4.2839514030050307e-01	   2.2321654373368588e-01	   6.8419292546674804e-01	   4.7122028507118252e-01	   6.1021654341267273e-01	   4.7888026419444879e-01	   5.6914048129367312e-01	   5.1103383772909705e-01	   3.3805477898771896e-01	   4.4448069743357099e-01	   4.6810034647659199e-01	   5.8149051911709704e-01	   4.7027844221465437e-01	   5.7921642354728997e-01	   3.3740122158387442e-01	   4.7072767098319479e-01	   3.1754915848960608e-01	   4.3444162670401776e-01	   2.0688882432243252e-01	   2.9638065152154403e-01	   1.4863772408023229e-01	   4.9414072147491378e-01	  -1.3233860720480961e-01	   3.9949816254197135e-01	   5.2125524183787286e-01	   5.6769283987837682e-01	   4.4642207370002407e-01	   4.2272264623320299e-01	   4.0474715116233706e-01	  -1.1248573503113456e-01	
   5.0732738633147556e-01	   3.0260770898487671e-01	   5.4848028031909979e-01	   7.8285456823348876e-01	   7.6407567582422664e-01	   0.0000000000000000e+00	   6.9603615092954596e-01	   8.3090002557954779e-01	   6.8137539758462551e-01	   8.3079743678037754e-01	   1.7666193238579742e-01	   5.5884625002453203e-01	   2.4822323931679119e-01	   3.4189598925738240e-01	   3.8649181210082306e-01	   4.3374905014521420e-01	   1.6026171765245759e-01	   3.6184137454670706e-01	   6.8750949627886959e-01	   6.4729298206406716e-01	   3.1914605714720484e-01	   3.4866459990096749e-01	   4.7678735183894855e-01	   5.4599630543592914e-01	   3.9942721850293789e-01	   6.2001563821508976e-01	   2.8860110229897967e-01	   5.3030387764181430e-01	   4.1716076822683668e-01	   4.5668654358093697e-01	   4.3877443713101993e-01	   4.8031097599053929e-01	   4.6556825847706995e-01	   5.3224767731795120e-01	   3.6747045691414715e-01	   5.1934022938318936e-01	  -3.4110216032623035e-02	   2.8035287511786716e-01	   2.3145735555665375e-01	   2.2810384078699075e-01	   3.2698024608187559e-01	   3.5475026856538866e-01	   1.5032873400823324e-01	   2.0280040876856537e-01	   2.6661958024260335e-01	   2.9252127216176416e-01	   2.0957521754165681e-01	   2.4250558800183619e-01	   3.1238643976737784e-01	   1.9529195877519556e-01	   4.2550055761983258e-01	   2.9225445074671552e-01	   5.6239290266709407e-01	   3.9821139737842948e-01	   3.9342233131251114e-01	   3.2629746876839216e-01	   2.1365067013245398e-01	   5.8361209243616166e-02	   5.2223884197590120e-01	   5.6494982758624857e-01	   5.4134436677843878e-01	   8.0991699898495684e-01	   2.8472213236318333e-01	   3.4744216602506905e-01	   5.8747326692689816e-01	   5.6495266516844722e-01	   6.0244171350974363e-01	   6.2862016648112051e-01	   5.8008259371794724e-01	   5.6266406489604037e-01	   1.9277664582288501e-01	   4.4799048957345983e-01	   4.5827258695499673e-01	   3.5065655868790507e-01	   4.8628792818577149e-01	   3.3290598225226820e-01	   4.4202204294835074e-01	   3.9065814222898332e-01	   1.7989877504949958e-01	   4.5913034601746916e-01	   3.7750958557209330e-01	   3.3660792386940863e-01	   5.3463758697156982e-01	   3.9752529128797359e-01	   4.0597765496914950e-01	   3.8153865555686706e-01	   2.7483216440847857e-01	   1.6516937740699639e-01	   6.3488415810179721e-01	   5.2781005354289312e-01	   6.2365214349118570e-01	   4.3278175256061757e-01	   6.8340981184698446e-01	   4.8315673707495604e-01	   3.2481208370039638e-01	   4.2842058011393730e-01	   3.9384809356130879e-01	   4.9330612840124505e-01	   3.9236943517143785e-01	   4.7925668399187094e-01	   3.7316912188655205e-01	   4.8503036048902193e-01	   2.9196044550990863e-01	   3.8633470341013654e-01	   2.1092524782833449e-01	   1.6851334272778334e-01	   2.0803888295734377e-01	   6.1266946736854355e-01	   2.6735972084828353e-02	   3.6933821298266556e-01	   4.3079022498141500e-01	   3.9894112766113199e-01	   4.5009530785260776e-01	   4.0781119601204485e-01	   3.0654958528139714e-01	  -1.4428407863436885e-01	
   5.1568035096382780e-01	   1.6953359377784283e-01	   8.2031587656905436e-01	   7.9709095091464643e-01	   7.8257301580850447e-01	   6.9603615092954596e-01	   0.0000000000000000e+00	   7.8911157297970225e-01	   7.6538956112053202e-01	   6.3620345504680453e-01	   2.2906571956630262e-01	   5.5065890812163898e-01	   3.7059553456380190e-01	   3.3305682583640084e-01	   4.2284600116594739e-01	   4.8719189920507933e-01	   1.3068780444401712e-01	   3.6600436537443737e-01	   7.0370323260320133e-01	   6.0636326091297943e-01	   3.6696755817618343e-01	   2.9735696741301088e-01	   6.0216101389963228e-01	   5.7186789607842303e-01	   4.2302374520898994e-01	   5.3893139587202865e-01	   2.5906135973220912e-01	   4.4779165841196877e-01	   5.1277217619636151e-01	   4.5995225382980576e-01	   5.4799714473852312e-01	   5.0371707146922329e-01	   6.2293447882924469e-01	   6.0708621634862192e-01	   2.7547042811946137e-01	   3.4460132030134283e-01	   1.0302293348710566e-02	   1.9542112921406513e-01	   3.0300453392429372e-01	   1.9032095767437096e-01	   2.6328975431471791e-01	   1.8961895220559791e-01	   1.7019292094208446e-01	   1.7832628679657350e-01	   2.6699250004174790e-01	   2.9595297833758261e-01	   2.2977170505596228e-01	   1.9153400430682047e-01	   3.9635135224535778e-01	   1.9444703953920064e-01	   5.1368470581581505e-01	   3.3080389559782930e-01	   4.8206506217471801e-01	   3.1218012314140914e-01	   3.9549099047306457e-01	   3.1104463160507889e-01	   9.0314235009986685e-02	  -6.3470709258746302e-02	   5.1148899252004598e-01	   3.8884454051608358e-01	   6.1980870604922900e-01	   6.1144074447422381e-01	   4.2619413376363519e-01	   4.5602549082479232e-01	   6.7886278267233868e-01	   3.7154599395056853e-01	   6.5795445492193294e-01	   5.9315806899371981e-01	   5.5868342521834202e-01	   4.8702828454941671e-01	   4.5610767303088340e-01	   4.8733889340964154e-01	   5.2595330417948172e-01	   3.0806950197887867e-01	   4.9313245553039120e-01	   2.2259162532504156e-01	   5.0277296881939260e-01	   4.1884132915882755e-01	   1.1854134943919301e-01	   3.0343610982314351e-01	   2.2999896906525286e-01	   3.6296299345533500e-01	   5.4723017815995589e-01	   3.6571372029170113e-01	   5.0274868978503062e-01	   4.7029744894878411e-01	   4.3282618312822868e-01	   1.9701449617870531e-01	   6.5472418163844603e-01	   5.6727630367736492e-01	   5.1501665625217408e-01	   4.6590925671198952e-01	   5.6064014174097632e-01	   4.7898764299233909e-01	   2.9734936076745944e-01	   4.3042112174637065e-01	   3.8506800192329049e-01	   5.4933284733087506e-01	   3.4412676504704631e-01	   5.4596291711700407e-01	   4.9620061907851032e-01	   4.3114868499091163e-01	   3.3666762750156359e-01	   4.3481934299901981e-01	   1.4680376687503155e-01	   3.0163507269841294e-01	   2.1832899223087618e-01	   5.9507749632058748e-01	  -7.5181466351043447e-02	   5.1717931190548549e-01	   2.9098422813623098e-01	   4.3140973675865457e-01	   5.0109766930450894e-01	   4.4792380434560591e-01	   3.1971475851820702e-01	  -2.1291482135150813e-01	
   4.4684563489675960e-01	   2.2692503433832920e-01	   4.9795552734680981e-01	   8.2297532630592585e-01	   6.6371198402445497e-01	   8.3090002557954779e-01	   7.8911157297970225e-01	   0.0000000000000000e+00	   6.7068919016319906e-01	   8.0660354465242334e-01	   1.9571314463250741e-01	   6.8674403885851043e-01	   2.7928029661802717e-01	   4.4442227874497586e-01	   4.0842273110324168e-01	   4.7345039238867809e-01	   2.4785221373870395e-01	   4.6941889571977297e-01	   6.1787748969562284e-01	   6.2319227509447028e-01	   2.1305583755737656e-01	   2.5908954813800567e-01	   4.0955964292625779e-01	   4.9805647098699335e-01	   2.4827511037932554e-01	   5.3123552789295925e-01	   1.8726147552292255e-01	   4.5405131767785611e-01	   5.7097428919274418e-01	   5.3894973256797640e-01	   4.1710680210488238e-01	   4.7628296170705653e-01	   4.7189735079684847e-01	   5.3677273750964583e-01	   1.1714166410849362e-01	   2.2951161732614966e-01	  -9.6457481883086310e-02	   1.0721145301174387e-01	   1.7571889178426570e-01	   7.6924825726375684e-02	   2.4007673923573014e-01	   1.6803809627071392e-01	   4.2223223948160221e-02	   1.0370797021505412e-01	   1.4266090034210596e-01	   2.0074840933359583e-01	   1.1848308446437247e-01	   1.3070906546099545e-01	   2.1107320839427499e-01	   1.0642792620678174e-01	   3.4373844644166079e-01	   2.3248802450319228e-01	   3.9003007362690501e-01	   2.9312552868429009e-01	   2.8616028034403940e-01	   2.5100494139621637e-01	   1.5540759702509910e-01	   1.7948260016915712e-02	   4.3860786394362639e-01	   4.7981316998000467e-01	   5.5873218819077930e-01	   8.0704475886342308e-01	   5.0900481029497679e-01	   5.5089661949769375e-01	   5.4113114557175224e-01	   4.7135702610051455e-01	   5.6794126751803242e-01	   5.5396692846549633e-01	   5.5241514154223070e-01	   5.0369568528496700e-01	   2.2842639333094061e-01	   4.4207311372098124e-01	   5.2172726056554786e-01	   4.0348180927921362e-01	   4.6611589469594733e-01	   3.0316243082439437e-01	   3.5590778057852912e-01	   3.6380616165019752e-01	   2.6059931092017735e-01	   4.4914051423333790e-01	   4.2532207746231759e-01	   3.7402589940973741e-01	   5.0853411071394372e-01	   3.2134349520608629e-01	   3.8408179797387754e-01	   3.9527541993418996e-01	   2.7248549387091964e-01	   1.4637697755317700e-01	   5.1695953061600464e-01	   3.8458366129485411e-01	   4.7915488951851720e-01	   3.1005920778872914e-01	   5.9739401815577076e-01	   3.8061321360281219e-01	   3.2014676886168802e-01	   4.9259322974295594e-01	   3.1541437825777230e-01	   4.9279779555888426e-01	   3.1631349486769700e-01	   4.3057593534393973e-01	   4.4710667476578364e-01	   3.9776779824845765e-01	   3.0172320068971470e-01	   4.2448109360318387e-01	   2.1465047551472843e-01	   2.0121397149458570e-01	   2.4861798950959027e-01	   5.8488814507916775e-01	   1.3700751783374837e-01	   4.4341537581705293e-01	   2.2129562948705045e-01	   3.1238343489828818e-01	   4.2367833810408684e-01	   4.7705348116388924e-01	   3.2005600848924565e-01	  -2.3592002443462309e-02	
   6.2950938995820593e-01	   3.6362114437034654e-01	   6.2225226262546518e-01	   6.4115634690370760e-01	   7.1607745283364976e-01	   6.8137539758462551e-01	   7.6538956112053202e-01	   6.7068919016319906e-01	   0.0000000000000000e+00	   7.0165796441528205e-01	   3.3920362970490309e-01	   4.6377072712222656e-01	   5.7355896968042730e-01	   3.4141648455380724e-01	   5.1454691636602812e-01	   3.2141125923625125e-01	   2.0613454943240442e-01	   2.5056870001853587e-01	   6.3062541270788586e-01	   5.0889241560462484e-01	   1.7771419552947165e-01	   1.5300967601217780e-01	   4.3071758071928284e-01	   3.9608514006004542e-01	   3.8345814565999753e-01	   4.4104968114107301e-01	   3.6110671788050380e-01	   3.6042559247865835e-01	   3.5342477364753877e-01	   2.8604960664007384e-01	   2.6161072747301761e-01	   2.5991932484887503e-01	   3.7256964059423248e-01	   3.7183353777461864e-01	   1.3002532705617739e-01	   2.3451345705163706e-01	  -1.8403497442213010e-01	   1.4415688053739734e-01	   2.0809469305625128e-01	   6.0478224914085055e-02	   1.4663852560813628e-01	   3.3232282740049933e-02	   4.4453718300488290e-02	   1.3764721995674255e-02	   2.0241964273552644e-02	   6.0297310511560689e-02	   9.7809326556992301e-02	   9.5915711345168131e-02	   2.5732311986556744e-01	   5.1338458006755364e-02	   3.6790464901157538e-01	   2.0065196575222896e-01	   5.7182080344565311e-01	   3.8550181999892175e-01	   3.4181882339746467e-01	   2.2182071273106529e-01	   2.6724496775272055e-01	   1.7255103400149707e-01	   5.9693045042428350e-01	   5.6489114008872654e-01	   6.7464434479525237e-01	   5.9052432708177349e-01	   8.6273847779336096e-02	   1.4484904098809642e-01	   5.5674456394056704e-01	   3.8501592394002798e-01	   4.5101524972855872e-01	   3.7427423585757436e-01	   4.8572145890499563e-01	   5.7727887069857220e-01	   3.2653820398498118e-01	   5.1615129388565195e-01	   3.4019595107315898e-01	   1.9048280980816160e-01	   3.7891537448148788e-01	   1.4862339555651538e-01	   3.5743074421940108e-01	   2.0235720618893449e-01	   5.3788702995071151e-02	   2.6714240691739277e-01	   1.6296620285703581e-01	   1.2904275016802827e-01	   4.3215493694595886e-01	   2.1256344640734465e-01	   2.7467919371687505e-01	   2.0614822393229773e-01	   3.4566724387294945e-01	   8.2147385163677932e-03	   6.4142479234701844e-01	   5.8688096026468650e-01	   5.2350056713829596e-01	   4.4033663046262744e-01	   6.1882383237348804e-01	   5.8594209894885019e-01	   3.1723498807174710e-01	   2.9720538302862465e-01	   4.1574765146166048e-01	   4.3084141736523773e-01	   2.7585700708069683e-01	   5.4004854899722654e-01	   4.3910254563736917e-01	   6.9610279014545529e-01	   3.3640801518249047e-01	   5.2073183751284347e-01	   1.9219631363102774e-01	   2.8710061952209331e-01	   2.2639954575895035e-01	   6.8220081747760819e-01	   4.1214126195209269e-02	   4.4526300174130878e-01	   3.1535802582294886e-01	   3.8124862790037756e-01	   3.5652821559453501e-01	   3.8250851755517795e-01	   2.7618873571348501e-01	  -1.4461218289707315e-02	
   5.2657544873675710e-01	   2.5332074632801826e-01	   4.1009769606450713e-01	   7.3179149497470997e-01	   5.4201199388342225e-01	   8.3079743678037754e-01	   6.3620345504680453e-01	   8.0660354465242334e-01	   7.0165796441528205e-01	   0.0000000000000000e+00	   1.3903784545728631e-01	   5.5296974554624767e-01	   3.2939148229829607e-01	   3.5073682935367989e-01	   2.9795854826246659e-01	   3.7541491911586089e-01	   1.8511281838083232e-01	   3.1487346393042559e-01	   5.4534544812844732e-01	   5.3648034094105590e-01	   7.6055970883489837e-02	   1.6026056318984122e-01	   2.6903546072312856e-01	   4.1110817829291596e-01	   2.4324032534345633e-01	   4.6521230648640588e-01	   1.7440911155722211e-01	   3.2250702757600552e-01	   3.6462769021356789e-01	   3.4486757135691715e-01	   1.6064867262423593e-01	   2.7450328249771200e-01	   3.1137853341914545e-01	   3.3882777466656105e-01	  -5.6016156812091503e-02	   1.4067814608843235e-01	  -2.3702064335633410e-01	   1.2145858704125023e-01	   3.0547601444720709e-02	   6.8455038377482291e-02	   4.1406089205983321e-02	   6.8566398285595492e-02	  -1.0241023581689766e-01	  -7.7583459621689416e-02	  -9.6123467920285602e-02	  -4.8301170569283298e-02	  -5.4686447527505191e-02	  -2.5155813073099463e-02	   3.3767320452939072e-02	  -1.1048468658047458e-01	   1.8168528464521178e-01	   4.5799839811397777e-02	   3.9428348335867242e-01	   2.3707304631417475e-01	   1.7397595272921207e-01	   1.0816314074421982e-01	   2.7561266102818599e-01	   7.2976213702719048e-02	   4.4450955901821287e-01	   4.8006938701802127e-01	   5.9069630301100440e-01	   7.3228751317176133e-01	   2.4203693631443263e-01	   2.5679033003640706e-01	   3.7185378166760708e-01	   4.9294936630019015e-01	   4.0512036251654016e-01	   3.3946901243050698e-01	   4.9665273754515371e-01	   5.8086476410677190e-01	   6.9274574864417737e-02	   3.5187415040511466e-01	   3.2460251629490261e-01	   1.6815588272241913e-01	   4.0735701295910665e-01	   1.8592200999909225e-01	   2.2166576944054583e-01	   1.9868829921942358e-01	   1.8991434551531292e-01	   3.0510875827785378e-01	   2.6395889288365548e-01	   1.1558721320910585e-01	   3.1684060760875221e-01	   2.4323376697979657e-01	   1.4594683328025135e-01	   1.9790114532926079e-01	   1.1186764010934516e-01	   1.6611339142073234e-02	   4.8551879652692975e-01	   4.1891827370960866e-01	   4.5963862034735503e-01	   3.0833778018289548e-01	   6.6669195104319445e-01	   4.4901415790293786e-01	   3.1247314092370648e-01	   3.9976736413854019e-01	   2.4308960884751057e-01	   3.7631623742388082e-01	   1.3771192113273817e-01	   3.4064156205636170e-01	   4.2429717400833628e-01	   4.7876446563326952e-01	   2.7054981882591533e-01	   3.9574178325137926e-01	   2.0480123253450272e-01	   5.7604823898523880e-02	   1.8720846651599118e-01	   6.2762061121507828e-01	   1.2381747482554434e-01	   4.6078856615857144e-01	   1.8012615644892777e-01	   2.2272082539935467e-01	   3.2276540825520433e-01	   3.3764308482116367e-01	   1.1482218654159168e-01	  -5.2487881331834824e-02	
   5.1360725357172377e-01	   2.5562945876209453e-01	   3.0498379616768989e-01	   1.9955388145053923e-01	   2.4644019270168491e-01	   1.7666193238579742e-01	   2.2906571956630262e-01	   1.9571314463250741e-01	   3.3920362970490309e-01	   1.3903784545728631e-01	   0.0000000000000000e+00	   4.1141188998980921e-01	   8.0884473193420814e-01	   5.9399851731611286e-01	   7.5515819678855600e-01	   3.7228252224071179e-01	   6.0464478099617514e-01	   7.5003174437676817e-02	   4.0126607264413922e-01	   2.5910213163865814e-01	   2.0696856387749252e-01	   1.1895228204628924e-01	   2.1954372218363777e-01	   1.3169892848157858e-01	   2.2271136933701161e-01	   8.7667781282788002e-02	   3.3255252279007702e-01	   7.6731071396483552e-02	   3.6905231067015620e-01	   3.2653130135097591e-01	   1.4805521617976489e-01	   1.7111352007107397e-01	   2.0993667114742498e-01	   1.8391478736992162e-01	   1.1803906287932334e-01	   1.5179330010047862e-01	   5.9861698392772887e-03	   2.5373071315984885e-01	   2.1587549428140057e-01	   2.0421669812957455e-01	   1.8669128703543769e-01	   7.0209632205006769e-02	   1.4412150392774273e-01	   6.0316297493704818e-02	   7.6348576793915268e-02	   9.6475250893153619e-02	   1.8461196640768035e-01	   1.7811261731691888e-01	   3.6810252037615260e-01	   2.1460135794714691e-01	   3.7284876332180972e-01	   3.4740601909829083e-01	   4.4123097217600216e-01	   4.2827752291341703e-01	   3.6332386127370353e-01	   2.8938415652660859e-01	   3.0636104696930433e-01	   3.4082613693735891e-01	   5.1898824906989249e-01	   4.7453677637627245e-01	   4.0196862049832455e-01	   2.4703377343520694e-01	   1.3574557177329905e-01	   1.5963999434089077e-01	   1.0794131250415347e-01	   1.5801604319383405e-02	   2.3571134623628454e-01	   1.9447872634000973e-01	   4.1126581919553573e-01	   2.6658445597088776e-01	   2.5886543976388082e-01	   1.4129810552116279e-01	   1.8664560001286917e-01	   2.3553426534374677e-01	   2.4627746723225186e-01	   1.5999966814688410e-01	   2.4168814248299320e-01	   1.7549830204361200e-01	  -1.8140925241015848e-02	   1.5837361607007963e-01	   2.9974730097495056e-01	   2.3443228405787780e-01	   3.2972623450518079e-01	  -3.4206398826962213e-02	   3.6997406175995740e-01	   1.8315340913871514e-01	   4.3761446115814717e-01	   1.3205449075452691e-01	   2.5067498356378104e-01	   3.9075794791957214e-01	   2.1926860749851707e-01	   2.2009333147000232e-01	   1.3358317163143224e-01	   2.7701233901939537e-01	   2.9712703149077901e-01	   2.9835276247428566e-01	   3.5425903750575749e-01	   4.2380165709473505e-01	   3.1735174744705186e-01	   4.5994872488484001e-01	   2.1950148180028811e-01	   3.1464176244449310e-01	   3.9968009569219187e-01	   3.4996524148707686e-01	   2.5739797050402147e-01	   3.5183976304690062e-01	   2.8529672024713471e-01	   4.5874606495889686e-01	   2.5748525431548841e-01	   3.9571067526973758e-01	   2.8883236069977436e-01	   3.5085023534118132e-01	   4.2152623291728630e-01	   3.9178437340407624e-01	   4.5299287531042842e-01	   1.8710791432948792e-01	
   4.1617184570482135e-01	   3.0850686896147167e-01	   4.2436608298207901e-01	   7.1971815774891201e-01	   4.4100628936927100e-01	   5.5884625002453203e-01	   5.5065890812163898e-01	   6.8674403885851043e-01	   4.6377072712222656e-01	   5.5296974554624767e-01	   4.1141188998980921e-01	   0.0000000000000000e+00	   4.7993967395365189e-01	   8.5821596015761070e-01	   6.0992455478682717e-01	   6.9195678609516875e-01	   5.7396713453546810e-01	   6.1611341128309216e-01	   5.7990852269231108e-01	   6.8110762723630247e-01	   3.8946772119090911e-01	   4.7030619147806640e-01	   4.1515351206958462e-01	   5.2301601226142314e-01	   3.5321845147296549e-01	   4.6455162107910419e-01	   3.1015787177158610e-01	   3.3571890352777356e-01	   7.2114908608851824e-01	   7.5610999572213644e-01	   4.5907324488623780e-01	   5.2413365099749332e-01	   6.0276083516574286e-01	   6.4837257726460684e-01	   2.3464262715972573e-01	   3.1463980976455636e-01	  -2.4385658154310909e-03	   3.2164755916253684e-01	   2.3646302951317755e-01	   2.7411141845754350e-01	   2.8365727703849219e-01	   3.1214700434854314e-01	  -2.1930847972808372e-02	   5.0726069418468911e-02	   1.3717051471672059e-01	   1.9018652733299202e-01	   9.8369810149411291e-02	   1.2699937753621568e-01	   1.6896899754008737e-01	   7.8281778769044172e-02	   3.0189766325583167e-01	   2.6176056621772281e-01	   2.5458183085574632e-01	   2.4496932971535859e-01	   3.6798637520681110e-01	   2.6121405963359723e-01	   1.6451843421105233e-01	   7.3726409750952696e-02	   3.9697407812955526e-01	   4.0296829038670368e-01	   4.9700865389654714e-01	   6.8278195266369801e-01	   6.4046325830262563e-01	   7.1761976712455322e-01	   3.4892416180610464e-01	   3.8764228002023904e-01	   5.7618948985872664e-01	   5.4930982977623710e-01	   7.0727839137111737e-01	   6.0062397611909002e-01	   2.1420677321644394e-01	   4.0282578088221843e-01	   4.6912485308865426e-01	   4.6028868551148316e-01	   4.1099961308616345e-01	   1.8622803721015035e-01	   4.4026930679348736e-01	   5.5472737580288556e-01	   3.9828461871802368e-01	   5.3253842804868756e-01	   6.7641305707264887e-01	   5.4156438053998257e-01	   5.1691610504178975e-01	   1.5348731977103020e-01	   4.5514727481459166e-01	   5.7574790420700117e-01	   4.5526827685970089e-01	   6.8150238910249378e-02	   5.5024779201626950e-01	   4.5214907636962587e-01	   3.4308292995607714e-01	   1.9744505198365200e-01	   4.7337727536498619e-01	   3.6695558890704860e-01	   4.0812084108311331e-01	   5.0764122247071874e-01	   5.3770319257703181e-01	   5.8492245409955457e-01	   3.4104952282726564e-01	   3.8322105202699763e-01	   4.2027557885774636e-01	   3.5107830328800405e-01	   4.9857530244858345e-01	   4.6945808487104590e-01	   3.8360516218959817e-01	   3.3707455402566622e-01	   3.7361765919770817e-01	   5.5482603696574384e-01	   9.5193763387075497e-02	   5.6334630905178651e-01	   3.7852242260334140e-01	   3.8608274758214856e-01	   4.5659514814269475e-01	   5.5789478658390013e-01	   5.0975191649699958e-01	   1.4560816199552654e-01	
   5.0305966856266726e-01	   2.0943339235868974e-01	   3.3812378208482119e-01	   3.1934048975389417e-01	   2.7723781354093557e-01	   2.4822323931679119e-01	   3.7059553456380190e-01	   2.7928029661802717e-01	   5.7355896968042730e-01	   3.2939148229829607e-01	   8.0884473193420814e-01	   4.7993967395365189e-01	   0.0000000000000000e+00	   6.2139505729883793e-01	   6.4705606308762276e-01	   2.5641890235596509e-01	   5.2870462727624867e-01	   2.6976244588112656e-02	   3.6121505336749304e-01	   2.4219712585771747e-01	   6.7560566637474506e-02	   3.3189546571011945e-03	   1.1830404106272394e-01	   9.2062077483571453e-02	   2.6313370201046138e-01	   1.6936071290424332e-01	   3.3495927186019758e-01	   9.6074903003524503e-02	   2.7936269130011571e-01	   2.1532287645188541e-01	   6.4191343382306920e-02	   1.2962798971247619e-01	   2.9478949736155802e-01	   2.5491477687491831e-01	  -1.0573060911846872e-03	   6.7479976390630261e-02	  -1.7574380527754963e-01	   6.6092969476391983e-02	   2.1126475258040150e-01	   8.5313080930347104e-02	  -4.0212942762446705e-02	  -1.7039632140950223e-01	  -1.1156973711033691e-01	  -1.6318005922847489e-01	  -1.7410586163449296e-01	  -1.3796540453541473e-01	  -7.0582847516932945e-02	  -6.6217468803977247e-02	   2.2630167629904144e-01	  -3.1795978493817864e-02	   2.5235446178478460e-01	   1.6172928608574005e-01	   3.0918208139185077e-01	   1.5738499266909789e-01	   3.0733441903050279e-01	   1.0613034734273036e-01	   2.6151833056857204e-01	   1.9188394980779250e-01	   5.9196655525095976e-01	   5.4657947245520477e-01	   6.0784911290371080e-01	   3.4643225308660075e-01	   7.9024239540515656e-02	   1.3021497450742453e-01	   1.5821740065815559e-01	   1.4159975307811379e-01	   3.5995832033175612e-01	   2.3930260452704474e-01	   4.1766405013797636e-01	   3.9344025757052647e-01	   3.2423063941691899e-01	   2.2440928895161938e-01	   9.9319490376068811e-02	   9.5040940291966081e-02	   1.8357993711251711e-01	   4.7114381222169287e-02	   3.1097201823668441e-01	   1.9375758126952825e-01	  -4.0505784467339066e-02	   7.7305258054541054e-02	   1.8654801432086363e-01	   3.6748746840094076e-02	   1.1033648211883240e-01	  -2.3024333289598981e-01	   1.1915420576369538e-01	   1.0042245205572582e-01	   3.1860210805338046e-01	  -1.2023540665400026e-01	   4.1117624634843608e-01	   4.0504189457755613e-01	   1.3456901832494353e-01	   1.9628250455657464e-01	   1.7913167289761722e-01	   3.1825807852156301e-01	   3.4061317427439575e-01	   1.8882096007277058e-01	   3.8466162803325016e-01	   3.3435990662213699e-01	   1.0697515913385153e-01	   3.7434697646477755e-01	   3.1085229371943840e-01	   4.4707752458361028e-01	   4.7068703344063401e-01	   4.1467852566754521e-01	   3.1040028763014971e-01	   4.0476742614181183e-01	   2.6791366416165618e-01	   5.7090768984484130e-01	   7.5667028260205688e-02	   4.1739677542558362e-01	   1.4284395142543294e-01	   1.7466823816783086e-01	   2.6959146542715440e-01	   3.5986853011848341e-01	   3.4358730914120039e-01	   2.0644821163237073e-01	
