   0.0000000000000000e+00	   8.9548588845924382e-01	   9.1023426957207387e-01	   8.9147020052764958e-01	   6.0215289787754467e-01	   6.4620388525207262e-01	   8.7645717478452478e-01	   8.7482930394035097e-01	   4.5137676295774387e-01	   7.1097884561243863e-01	   8.7095412902260738e-01	   8.4111986822693530e-01	   8.4678231403707294e-01	   8.1939884046581302e-01	   7.7318771107332473e-01	   8.0785506430387299e-01	   7.6729713452417747e-01	   7.3392165393306885e-01	   9.1008720678496746e-01	   9.0422475297798377e-01	   6.0893635275103197e-01	   6.9856186665710018e-01	   8.6259134801845916e-01	   8.4795511397386680e-01	   4.1677592627287152e-01	   4.9689145220257303e-01	   5.5224437477662836e-01	   4.7074873802634182e-01	   7.8954420222064847e-01	   6.9290134366723144e-01	   8.6486260957534433e-01	   8.5996565476017106e-01	   9.2065929280284320e-01	   9.0485159694595907e-01	   7.4321698465447406e-01	   7.2986673939982660e-01	   4.4080746239120494e-01	   4.6309242562089725e-01	   5.9267012058549506e-01	   7.1674929655093866e-01	   4.2397998475563881e-01	   6.2341729611642482e-01	   5.8404630180099992e-01	   5.1861696648091860e-01	   5.6422049813311348e-01	   5.6514970908591822e-01	   7.0158950333628045e-01	   6.2292012545216591e-01	   6.1935767326847357e-01	   5.2980407647440231e-01	   5.9727483254510760e-01	   5.4202150664319326e-01	   7.5540989445756734e-01	   5.5057896724342081e-01	   7.6258144034802078e-01	   7.3380227624359118e-01	   8.7659677964676441e-01	   8.6276604234556920e-01	   7.3584424386481651e-01	   8.1123174426778577e-01	   8.1483347210810042e-01	   6.2862653635266730e-01	   7.3843927820344846e-01	   7.9568783210703420e-01	   5.9673836893857590e-01	   5.3108900908527545e-01	   7.5728137722445010e-01	   7.1889573511550142e-01	   8.7071153908915289e-01	   8.7068657311389863e-01	   5.9523252161524709e-01	   6.9586946171283559e-01	   8.0230721420011031e-01	   7.8255939972875133e-01	   7.9649845986356138e-01	   7.9931888542169904e-01	   8.6978227071283909e-01	   8.5768228308818251e-01	   7.7504596439141804e-01	   7.1862589881903038e-01	   7.6751573400693607e-01	   8.0049759407676024e-01	   7.9363663964661280e-01	   7.7185351870966423e-01	   7.9143025659442534e-01	   8.5772987652334842e-01	   2.5223548557114817e-01	   6.2496268443845882e-01	   8.4487247254941600e-01	   8.3897908014265665e-01	   8.5007320810469200e-01	   8.0216907304817175e-01	   7.5971814903231538e-01	   7.7987180445783022e-01	   6.9970776256546741e-02	   1.3530945505695385e-01	   6.3775671323437511e-01	   4.4205032725535270e-01	   7.9025562533160865e-01	   7.2921040937267478e-01	   1.6379405213897191e-01	   2.3941259888662442e-01	   1.8106998895983506e-01	   2.0626416021683908e-01	   1.3246541532757145e-01	   8.3586126192459406e-02	   9.4101398976340886e-02	   5.0358084749621379e-01	   3.1729530490533418e-02	   5.5879892887580029e-01	   7.2713765389810381e-01	   7.6374070281635531e-01	   5.3546440185069299e-01	   5.7438690580367302e-01	   2.8985067922835878e-01	  -3.8381156038170400e-01	
   8.9548588845924382e-01	   0.0000000000000000e+00	   7.7938215635282648e-01	   7.8893376817566641e-01	   4.4609054760068123e-01	   5.0171938922613490e-01	   7.1195946022120882e-01	   7.4720002814694919e-01	   3.5860418657900545e-01	   5.6094593552483396e-01	   7.3688410438830065e-01	   7.3873708274522920e-01	   8.0615737129524134e-01	   8.5885855658297539e-01	   6.8461082989410771e-01	   7.6313422515567875e-01	   7.7831123075656672e-01	   8.6368215373510049e-01	   8.9853975317845136e-01	   9.2465132482719881e-01	   4.9919573888115953e-01	   6.9249188774048875e-01	   7.8358536388533850e-01	   7.9661133314172639e-01	   4.5195719900356579e-01	   4.6727413687573732e-01	   4.9353972394855067e-01	   4.2329289789810282e-01	   7.9321971186549978e-01	   7.1828520418386788e-01	   8.0357355581524548e-01	   8.0500426809835401e-01	   9.0381133449271289e-01	   9.0622096779522798e-01	   6.5735646092049849e-01	   7.4963303178611174e-01	   5.1913957144997025e-01	   5.5146557886447134e-01	   6.2326433633549805e-01	   7.7501855516424134e-01	   5.6645394053787612e-01	   7.7273468517663435e-01	   6.7529946252661188e-01	   6.2583289504672357e-01	   5.9918044279861771e-01	   6.4971339076042078e-01	   7.5732248373481847e-01	   7.4451722192220715e-01	   7.1744969156112925e-01	   6.4856033104191524e-01	   7.3326655078101632e-01	   6.8364238540644395e-01	   8.6007729936209443e-01	   7.0246833987140778e-01	   8.4123601941092607e-01	   8.4471899364111458e-01	   9.2266716720385467e-01	   9.1494092357791179e-01	   7.2639573599327123e-01	   7.9888186255702176e-01	   6.7415912785099197e-01	   4.1633183518527628e-01	   7.6278354074448473e-01	   7.2091516997441873e-01	   3.1867860725446351e-01	   3.9211732697392965e-01	   6.8730415917943810e-01	   6.8243784159362209e-01	   9.0553463432174319e-01	   9.1661313669735089e-01	   5.1086705406057731e-01	   6.1472626253181417e-01	   7.5497937839442897e-01	   7.6388409182530603e-01	   7.2443949302397748e-01	   7.9039993991478785e-01	   9.0095859563796143e-01	   9.1071206567169261e-01	   7.8828423588117125e-01	   8.0192163130164940e-01	   8.0508060492321309e-01	   8.4644348557484617e-01	   8.1017903991085816e-01	   7.9398028355230310e-01	   6.8197447194619909e-01	   8.4987864056005624e-01	   1.2324507456831649e-01	   4.8803021320250439e-01	   8.1044061403378076e-01	   8.6565273823052891e-01	   8.0856910956198069e-01	   7.5944467435480423e-01	   6.2917503945748665e-01	   6.2347889567301862e-01	  -2.3105911760583357e-02	   2.6091228559117056e-02	   6.5594595377395548e-01	   4.1520564208001615e-01	   8.2422472992014095e-01	   7.6377834646735565e-01	   1.1471881709619380e-01	   1.8249437505596872e-01	   1.3861462926664772e-01	   1.8855220271774248e-01	   8.1622573596657672e-02	   2.3605755015098435e-02	   2.3736680272316213e-01	   5.9160130636309383e-01	  -4.5710225983431968e-02	   4.7875732829764761e-01	   7.6953423504989649e-01	   7.4085688052354648e-01	   3.9803824446788677e-01	   5.7232101228277177e-01	   2.2962834886005065e-01	  -5.0083210077953899e-01	
   9.1023426957207387e-01	   7.7938215635282648e-01	   0.0000000000000000e+00	   9.3301636288977696e-01	   7.1628816568938158e-01	   7.3491344574149053e-01	   9.6162879795590728e-01	   9.1135357380094506e-01	   5.3309781428732417e-01	   7.7931090616041754e-01	   8.8912441560334787e-01	   7.9259576669629839e-01	   8.1636844652549145e-01	   7.5593120635038868e-01	   8.1557709414479063e-01	   7.6844754814421279e-01	   7.3207728727800736e-01	   6.8308244714520949e-01	   8.7787805200532965e-01	   8.6587022612042874e-01	   6.7533407462749240e-01	   7.1217888033356969e-01	   9.2488699724272772e-01	   8.5845825732855618e-01	   4.2269382307444181e-01	   5.3738469140631284e-01	   6.1015243056263613e-01	   5.2529568427028150e-01	   7.3757643994968503e-01	   6.4136294894712864e-01	   9.1442888016557144e-01	   8.7402177631901545e-01	   9.0804398971635869e-01	   8.6514688973308185e-01	   8.1729941603758016e-01	   7.9090813637924007e-01	   3.7296505080411169e-01	   3.6567566571253246e-01	   5.7489013241696885e-01	   6.5405609527399944e-01	   3.7290190070888407e-01	   5.2794612891186343e-01	   5.3652199791191957e-01	   4.4448346151126894e-01	   5.0846022939337898e-01	   4.9369151040353765e-01	   6.1868070528734842e-01	   5.8129525182263642e-01	   5.7586410487863871e-01	   4.3146884227583210e-01	   5.8183207460375974e-01	   5.0146674737404862e-01	   6.9089378629825715e-01	   5.6570927761755219e-01	   6.7379400939108647e-01	   6.7593694896870338e-01	   7.9685983444642916e-01	   7.6412753190943516e-01	   7.6929697219997395e-01	   7.8857443550265893e-01	   8.2804246812416871e-01	   6.4155294717987776e-01	   6.7742307265662327e-01	   7.2878130349030013e-01	   7.2869774663615339e-01	   5.7822059582593055e-01	   8.5011571020619536e-01	   7.8541347614330526e-01	   8.2124633974800254e-01	   8.4000625188976585e-01	   6.3906132164005247e-01	   7.3614344611335936e-01	   7.5479779864550200e-01	   7.2771674771870665e-01	   7.4310806315944089e-01	   7.7508545819998553e-01	   8.2027458030326916e-01	   8.1222853195771050e-01	   7.8417882681864259e-01	   7.0756055716912258e-01	   7.6405288525609105e-01	   7.8300210024559458e-01	   7.9111842873088667e-01	   7.7981697695695673e-01	   7.9691946020339510e-01	   8.2881504345405599e-01	   2.3099173025247380e-01	   6.0562375088569609e-01	   8.2743984318686037e-01	   7.9025489298923990e-01	   8.5312091183668737e-01	   8.6902572321780847e-01	   7.9282198738056353e-01	   8.6174745378693951e-01	   8.7997339262463059e-02	   1.8479214211905262e-01	   5.8222215167376390e-01	   4.6761706149118376e-01	   7.3860197875755262e-01	   7.3213615396018983e-01	   2.4074810939255487e-01	   3.0388510886419440e-01	   2.4697756644837149e-01	   2.6882960589004212e-01	   2.3381249107343929e-01	   1.6035461929938918e-01	   7.6288532515779772e-02	   4.1880631001379298e-01	  -9.8714529578946848e-03	   6.0702368013321673e-01	   6.9362393697362679e-01	   7.4203912771738922e-01	   4.6990048411415397e-01	   5.7283851694185006e-01	   3.9267394864471383e-01	  -3.3394453791345813e-01	
   8.9147020052764958e-01	   7.8893376817566641e-01	   9.3301636288977696e-01	   0.0000000000000000e+00	   6.1728581468727939e-01	   7.1726805333884514e-01	   9.1237225358873308e-01	   9.6223541238394117e-01	   4.3867555487338394e-01	   7.4970565706376147e-01	   8.6378465682938632e-01	   8.5860079879842599e-01	   7.8470324109108669e-01	   7.6589170250857008e-01	   7.5637737518468451e-01	   7.9491645314154091e-01	   7.1711472258659437e-01	   6.6046609039572057e-01	   8.4292402456056170e-01	   8.5283880244745403e-01	   6.5805646974614973e-01	   6.9495622232580223e-01	   8.7600782669635446e-01	   8.8442362944379249e-01	   3.6720256228238279e-01	   4.9826550775503275e-01	   5.8038071312742945e-01	   4.9746637432788943e-01	   7.3498313660679748e-01	   6.5315718221402941e-01	   8.9446889119065598e-01	   8.9086675740592802e-01	   9.2851160354234530e-01	   9.1027810364160788e-01	   7.6352533403704459e-01	   7.6416430927964163e-01	   4.2314964661804361e-01	   3.9560424592254162e-01	   5.8756192670340268e-01	   6.5371573972679886e-01	   3.3470369248538323e-01	   4.9848719023565696e-01	   5.4177480393784361e-01	   4.6612080724247346e-01	   5.2084289246195148e-01	   4.8354454180454504e-01	   6.0658931497215396e-01	   5.6940780592339613e-01	   5.7874518946027820e-01	   4.4408642921581404e-01	   6.1404709840663574e-01	   5.0289814600455518e-01	   6.8984031794963485e-01	   5.3721976429840579e-01	   6.8108854504577210e-01	   6.4597883356407959e-01	   7.9753709227504888e-01	   8.1253770373450906e-01	   7.1996889693611743e-01	   7.9821674896481210e-01	   8.4270149570265385e-01	   7.2644075665391195e-01	   6.9974905096266260e-01	   7.8190629122781452e-01	   7.2791838129739106e-01	   7.0165884354528241e-01	   8.2107543420185158e-01	   7.9203576607313031e-01	   7.6442388551505780e-01	   8.2245594386708554e-01	   5.6467442356120601e-01	   7.0331466083441607e-01	   7.0463243110583351e-01	   6.5520021613468871e-01	   7.3236688696559726e-01	   7.2104136944960451e-01	   8.5592992561196835e-01	   8.1867457336210614e-01	   7.3595719684319705e-01	   6.5716970480045689e-01	   7.4719718821695347e-01	   7.4182690458540224e-01	   7.3575985875109307e-01	   7.5293536027198282e-01	   7.9548871281049272e-01	   8.4227097055531019e-01	   3.2281027680924590e-01	   6.5454652994693374e-01	   8.6301980701771352e-01	   7.9774198090353188e-01	   8.2033665516517917e-01	   7.6752147357141831e-01	   8.2820642431470393e-01	   8.2323722753069828e-01	   8.0350858190147159e-02	   1.1925263604962914e-01	   6.1334163875142678e-01	   4.6729037636037851e-01	   7.0734993663006396e-01	   6.5983657495179604e-01	   2.7604353595041509e-01	   3.1332972685940697e-01	   2.5954450483372604e-01	   2.6629941177607269e-01	   2.4949367402231037e-01	   1.9024861321256800e-01	   1.9580360951753220e-01	   4.6606722209758711e-01	  -1.9316105333105661e-02	   6.3216947497672571e-01	   7.0724166311401382e-01	   7.1764136096937292e-01	   4.4572919954510515e-01	   5.4253605566676788e-01	   3.9750398625256445e-01	  -2.8660315581935841e-01	
   6.0215289787754467e-01	   4.4609054760068123e-01	   7.1628816568938158e-01	   6.1728581468727939e-01	   0.0000000000000000e+00	   8.4490866914642782e-01	   7.0814961970902912e-01	   5.5528417869579216e-01	   8.9276073327156080e-01	   6.9348921415230846e-01	   6.5895067897584214e-01	   4.2653181281869001e-01	   6.2853504899621926e-01	   3.2499416161486949e-01	   6.9870693330387479e-01	   4.0195527714109835e-01	   4.1843342634809688e-01	   3.7846440465834608e-01	   5.2472760709879795e-01	   5.0793913123486578e-01	   5.1503724680991891e-01	   4.0193620172124522e-01	   6.3866213946758210e-01	   5.2720687074150208e-01	   6.3117887297818109e-01	   7.7263338684364613e-01	   6.9313353623861873e-01	   7.6376606481568010e-01	   3.9131235409148329e-01	   3.4011813560306081e-01	   6.5018261102237962e-01	   5.6531270535858802e-01	   5.9683616134662643e-01	   5.5189815061241854e-01	   6.4659239242252309e-01	   4.8421913449088028e-01	   1.8200617694770804e-01	   2.3737305653602808e-01	   2.9729617205698183e-01	   3.8378916844146715e-01	   5.7999926438836259e-02	   1.1268193804231066e-01	   4.3588640593269057e-01	   4.3068590021117265e-01	   4.5018699693702224e-01	   4.2682169143996412e-01	   5.0345686795697620e-01	   4.9657397666866954e-01	   4.9455310067504321e-01	   4.2698292762418055e-01	   4.5420120760550764e-01	   4.9626206127523487e-01	   4.2461347745056793e-01	   4.3201640912848116e-01	   4.3178699346287541e-01	   4.9337594740052593e-01	   5.1608853636069241e-01	   4.6103917929475230e-01	   6.1462502784103812e-01	   5.2551683987559028e-01	   5.6616656930293296e-01	   4.3026739991080487e-01	   3.1503161476525698e-01	   3.5482780099828959e-01	   6.2110296294261080e-01	   4.4871713844648287e-01	   6.2360592564388018e-01	   5.4964469242633207e-01	   5.3085678483232035e-01	   5.0305878542248417e-01	   5.3637930930895761e-01	   4.6546371395655639e-01	   4.4930772945355768e-01	   4.2655957251012444e-01	   4.8495282465741696e-01	   5.0402244399006491e-01	   5.0544983571001978e-01	   4.5655481982895174e-01	   4.9156778709243965e-01	   3.8866375606582237e-01	   4.7140394635783134e-01	   4.1044570515424483e-01	   4.8449226269263646e-01	   3.9041828562558811e-01	   6.2197364519805254e-01	   5.1137876919329006e-01	   2.3452655973622805e-01	   4.1135841136482132e-01	   5.5259805309740684e-01	   4.9413062763194249e-01	   5.5103298001420997e-01	   6.6438401642147038e-01	   5.2639159952166026e-01	   6.6062911867769669e-01	   1.4739039600454137e-01	   9.8713033873606720e-02	   4.3244261758268421e-01	   4.4169066619594100e-01	   5.1831560098466545e-01	   5.6298450937032452e-01	   2.3975834917865599e-01	   3.1233108808702531e-01	   2.5511216418030375e-01	   2.9645206834255589e-01	   2.9864012505823295e-01	   2.6723727395993974e-01	   6.2513903608173521e-02	   2.5139875934770239e-01	  -5.9531622089357639e-02	   4.6973149183575452e-01	   4.5029099045784282e-01	   4.7603932904707685e-01	   2.8645094326832471e-01	   4.1122572798906842e-01	   5.2523288495322573e-01	  -9.8321401634832911e-02	
   6.4620388525207262e-01	   5.0171938922613490e-01	   7.3491344574149053e-01	   7.1726805333884514e-01	   8.4490866914642782e-01	   0.0000000000000000e+00	   7.5803986281198354e-01	   6.9665447538238390e-01	   7.9665983883951430e-01	   8.1946191890176134e-01	   6.8135847939083560e-01	   5.7283378915244654e-01	   6.3893059303785038e-01	   4.5869730158012961e-01	   6.7550757165450426e-01	   4.9592900746709823e-01	   4.2974840472868858e-01	   3.8367662667418773e-01	   5.3765853786233531e-01	   5.3954446078845142e-01	   4.6313874636908764e-01	   5.1880095901523837e-01	   6.3714457606938146e-01	   5.8876273691679337e-01	   5.7743185592570101e-01	   7.6807478899061032e-01	   6.3463180514565642e-01	   8.5054426240992753e-01	   4.5791294111615988e-01	   3.6621932930425960e-01	   6.8644149787700370e-01	   6.0487615435220743e-01	   6.6302613611161743e-01	   6.3868810011309085e-01	   6.1698228225890261e-01	   4.8743332015110852e-01	   3.3709566585806672e-01	   3.5492270538418647e-01	   4.6800477949664210e-01	   5.2963483554425106e-01	   2.0542227044558878e-01	   2.4238506147384842e-01	   4.4006356130666624e-01	   4.4880952034080901e-01	   4.6576072032091786e-01	   4.0722285040363432e-01	   5.1158416530690343e-01	   4.8469064449558702e-01	   4.9980147356021359e-01	   3.9241052709520841e-01	   4.9334483190708656e-01	   4.8782452352594913e-01	   4.4696233782394312e-01	   4.3591500113737758e-01	   4.9323656828985429e-01	   5.5047035172261927e-01	   5.2565240321539941e-01	   5.6268087459547744e-01	   6.2340094472216623e-01	   6.0357320378007373e-01	   6.5020015176755952e-01	   5.8517705855821922e-01	   3.2453367860609550e-01	   4.5205971628441211e-01	   5.9169458111687900e-01	   5.6638701111849732e-01	   6.0317777469288980e-01	   5.8374171209045311e-01	   5.3988894720269365e-01	   5.5379077287141454e-01	   5.2774600801105498e-01	   4.9200384622367788e-01	   4.7134301616777308e-01	   4.3860170715450736e-01	   4.9825154746163791e-01	   5.2328152390329452e-01	   6.1734978284423248e-01	   5.6032125000176536e-01	   4.9265613103795142e-01	   3.7465869881456715e-01	   4.5874147195178944e-01	   4.3323552425223572e-01	   4.8137082916138807e-01	   4.1284606389788159e-01	   5.4542535611154719e-01	   5.6456296146489093e-01	   2.3445876982097222e-01	   3.6814757489488564e-01	   6.4586654423630674e-01	   5.8891650604702828e-01	   5.9790501466648083e-01	   6.4082842578327548e-01	   5.9990928108495867e-01	   6.4309484149988005e-01	   1.7591690817994265e-01	   2.6489338173023722e-02	   5.0277855280175032e-01	   4.3298640555177048e-01	   5.3254655931337569e-01	   5.5537743526317218e-01	   2.2914273050718645e-01	   2.6107437703627656e-01	   2.2733590152282879e-01	   2.5171903789867456e-01	   2.5717707824891201e-01	   2.2611882836894437e-01	   6.3661222618013644e-02	   2.5269004502349318e-01	  -6.2855705902790840e-02	   5.0663691581266379e-01	   4.7481098423047341e-01	   4.9365940101345712e-01	   2.7215858926805747e-01	   4.5338745543278852e-01	   5.9387860880171661e-01	  -6.9643756956029590e-02	
   8.7645717478452478e-01	   7.1195946022120882e-01	   9.6162879795590728e-01	   9.1237225358873308e-01	   7.0814961970902912e-01	   7.5803986281198354e-01	   0.0000000000000000e+00	   9.2054009922607039e-01	   5.6904242467166521e-01	   7.6677981419933217e-01	   8.7527645883947336e-01	   8.2055274899467212e-01	   8.0296107319812871e-01	   6.9951895400350583e-01	   7.6593746533305729e-01	   6.7736426257047888e-01	   6.9687523640068660e-01	   6.2088250466960304e-01	   7.9665933501574926e-01	   7.8698396462549569e-01	   6.6460441588274177e-01	   7.5456873063791163e-01	   8.3698880922832219e-01	   7.7623972156641996e-01	   3.4735445016838440e-01	   5.0922048271514431e-01	   5.3962915296467018e-01	   5.6886136071428994e-01	   6.8002160650894572e-01	   5.9733749656374346e-01	   8.4088046054165000e-01	   7.9848160574638882e-01	   8.7774756282142008e-01	   8.3169943562283888e-01	   7.4644107991273467e-01	   7.0755502035837314e-01	   3.6741060934532427e-01	   3.5715186604080973e-01	   5.6405902218135107e-01	   6.6212386316479077e-01	   3.3711808007899124e-01	   5.0360314704391129e-01	   5.0676168653138798e-01	   4.2167721963945293e-01	   4.7046089078044323e-01	   4.3318482696676525e-01	   5.7391373265191092e-01	   5.2253342655734247e-01	   5.3741302318079986e-01	   3.7658410839506373e-01	   5.5745200771925441e-01	   4.6309943920109942e-01	   6.3875278676537128e-01	   5.1700304530583119e-01	   6.0542693112166301e-01	   6.1541334690857019e-01	   7.2327083776832857e-01	   7.1234868144733121e-01	   7.7872160904493071e-01	   7.9878281959102426e-01	   8.8168990775257328e-01	   7.1690538379106794e-01	   6.4582706189345063e-01	   7.8109897845295306e-01	   7.4221730759819293e-01	   6.1748892678224032e-01	   8.1338626657584667e-01	   7.5174023455431249e-01	   7.2967251360606045e-01	   7.7190622486441796e-01	   6.3049351400772680e-01	   7.5988447343247367e-01	   7.1837182671813860e-01	   6.9587093411870438e-01	   7.0580477901860017e-01	   7.3000808025807662e-01	   7.9048440782648688e-01	   7.7504729273675410e-01	   7.2376063743096808e-01	   6.2957334903469564e-01	   6.8692208458639625e-01	   7.1590614313607015e-01	   7.0803824278645333e-01	   7.1049378880604053e-01	   7.5007526767542365e-01	   7.6419816923039718e-01	   2.3394502745327755e-01	   5.9875869099349965e-01	   7.8586338626474350e-01	   7.2486863388143097e-01	   8.1343330218217291e-01	   8.5419282194954649e-01	   7.7436904829483233e-01	   8.7888406661548246e-01	   1.1645865298799944e-01	   1.8356764621884042e-01	   5.6430268313757570e-01	   4.7104958632315319e-01	   6.9995416013994860e-01	   6.6925946362003852e-01	   2.5833259315844159e-01	   3.1967894142563213e-01	   2.5604185803965102e-01	   2.7436892778980493e-01	   2.4834748282192609e-01	   1.9269768848257959e-01	   9.0420247750435473e-02	   3.7176015887435843e-01	  -2.8424539402640461e-02	   5.6534265284827279e-01	   6.0556024295427546e-01	   6.9527420982693444e-01	   4.4916688818505646e-01	   5.9029477566842758e-01	   4.8776365629027463e-01	  -2.7523367521837228e-01	
   8.7482930394035097e-01	   7.4720002814694919e-01	   9.1135357380094506e-01	   9.6223541238394117e-01	   5.5528417869579216e-01	   6.9665447538238390e-01	   9.2054009922607039e-01	   0.0000000000000000e+00	   4.0296102989296456e-01	   7.8147024659217235e-01	   8.4982867033300491e-01	   9.1583527994037128e-01	   7.8238049662749454e-01	   7.9002736578824950e-01	   7.1776245398524796e-01	   7.8557135033328662e-01	   7.2020706345084551e-01	   6.4851679644272342e-01	   8.0977224714115370e-01	   8.0661530945322224e-01	   6.2025628174534186e-01	   7.0452169360888495e-01	   8.4559775421691064e-01	   8.6659708850732919e-01	   2.5909250014342405e-01	   3.9287337080427565e-01	   4.7713567022786618e-01	   4.5516784700176782e-01	   7.4551851049199969e-01	   6.5920102307210837e-01	   8.3646537646339292e-01	   8.5094864470609921e-01	   8.9458952401555658e-01	   8.8221033138419258e-01	   6.8840193276052308e-01	   7.2644946149002709e-01	   4.0492212054913179e-01	   3.7262883415097570e-01	   5.7857389062358056e-01	   6.4287482152260589e-01	   3.5164941233444957e-01	   5.0985938090335725e-01	   5.0318551270009693e-01	   4.3510940868587339e-01	   4.4750987550216442e-01	   4.2485425830916279e-01	   5.7655571177174125e-01	   5.1620088281271082e-01	   5.4005999831383888e-01	   3.9495991254226204e-01	   5.7286588588237519e-01	   4.6340553454050254e-01	   6.6402876094409125e-01	   5.3275627976888806e-01	   6.5352548796412324e-01	   6.2706597611644477e-01	   7.6808613070670129e-01	   7.6729445099229254e-01	   6.8968198714338758e-01	   7.9562663767253095e-01	   8.7131805125142758e-01	   7.9671068057756489e-01	   6.8790343119114450e-01	   8.3591593502772588e-01	   7.1926400608879359e-01	   6.7030418594597929e-01	   7.4066224789776014e-01	   7.2636823278287910e-01	   7.1650590828824323e-01	   7.6087378121154825e-01	   5.3564784527670883e-01	   7.1250924889667866e-01	   7.0345151790722082e-01	   6.8406657477859134e-01	   7.2440114324537186e-01	   7.1711411961649418e-01	   8.2540095790022616e-01	   8.0414879903479053e-01	   7.4309416473750400e-01	   6.4929612483611032e-01	   7.1212378029784207e-01	   7.5374394233045594e-01	   7.0983592311085186e-01	   7.5087031905319856e-01	   7.6508189529505155e-01	   8.2557992794590862e-01	   2.8184367578005032e-01	   6.4183260336809478e-01	   8.4969026398575886e-01	   7.9087574373471714e-01	   8.2331750697709027e-01	   7.5071985919162398e-01	   8.3474118421454335e-01	   8.0577204288977122e-01	   1.1014614025079428e-01	   1.3008014939867724e-01	   5.9774605767053268e-01	   4.3376303190789745e-01	   6.8583654486613188e-01	   6.3386659790476962e-01	   2.8543115490669274e-01	   3.1123114004433650e-01	   2.6677265690447827e-01	   2.6533306963641379e-01	   2.4702292347980298e-01	   1.8230636433623798e-01	   1.0660514770169444e-01	   4.4719253811987314e-01	  -4.9377028190428350e-02	   5.6612312170479040e-01	   6.5172336934267383e-01	   7.0137598541710600e-01	   4.7202907248739701e-01	   5.6574032689207376e-01	   4.2601674177165533e-01	  -2.5699805804297643e-01	
   4.5137676295774387e-01	   3.5860418657900545e-01	   5.3309781428732417e-01	   4.3867555487338394e-01	   8.9276073327156080e-01	   7.9665983883951430e-01	   5.6904242467166521e-01	   4.0296102989296456e-01	   0.0000000000000000e+00	   6.3041600510064810e-01	   4.6575072323020394e-01	   3.2299212653978793e-01	   5.5495788624622966e-01	   2.0295365836177517e-01	   5.1366446008221600e-01	   1.7266671517902604e-01	   2.7716569182731543e-01	   2.9821640713726782e-01	   3.4862917025271445e-01	   3.3669208760575225e-01	   2.7791363598188701e-01	   3.6333518342677978e-01	   4.2244640819556634e-01	   3.2273826994989430e-01	   5.8264796850136680e-01	   7.4746258736154747e-01	   5.0259783037530159e-01	   8.0726614732884627e-01	   2.5553531213761227e-01	   2.3404026853532434e-01	   4.4442410355577711e-01	   3.2742580621107498e-01	   4.6749443966739068e-01	   4.3921067630075222e-01	   4.1828463502538282e-01	   3.6333065474204107e-01	   1.8100878886043631e-01	   2.8218305615592121e-01	   2.9370556968306338e-01	   4.4501189912671685e-01	   7.6793339183850243e-02	   1.4658973728326458e-01	   3.7477134162129933e-01	   4.0317534433679481e-01	   3.0471448899376252e-01	   3.0509827838461001e-01	   4.2721250167468716e-01	   4.6430650440954163e-01	   4.4336249972446373e-01	   3.4572382398995705e-01	   4.3498341172248789e-01	   4.8390072559182551e-01	   3.3476990606437429e-01	   4.4653242443785562e-01	   3.6421010992285680e-01	   4.7634059518846966e-01	   4.0018760292992800e-01	   3.4688030389073998e-01	   5.7719749787885388e-01	   4.5051667478667934e-01	   4.3209387873549099e-01	   3.4129574174676136e-01	   1.1788302363375512e-01	   2.6931761631055656e-01	   3.6953373213554158e-01	   3.2582942006690457e-01	   4.2349244037726652e-01	   3.8228835946122819e-01	   4.3774809177850416e-01	   3.8831366823775887e-01	   4.4472449826216159e-01	   3.4629268670137592e-01	   3.2476646830565647e-01	   3.3851159552709909e-01	   3.4579573013521581e-01	   4.1222812421673111e-01	   3.8397797731327798e-01	   3.8268614316826088e-01	   3.5038620807112386e-01	   2.6780613779338841e-01	   3.1304112835656772e-01	   2.7169820424844826e-01	   3.1442898018662652e-01	   2.2690485629035703e-01	   3.6118961222676504e-01	   3.2275792615763021e-01	  -3.4865065220304393e-02	   1.3510830310956309e-01	   4.3422151543770915e-01	   4.2503950333459461e-01	   4.4011203147626488e-01	   5.8851562515274913e-01	   3.7144572784091157e-01	   5.3890329533409298e-01	   9.4032698784125068e-02	   5.5191088160930026e-02	   3.8123871764903511e-01	   4.4703766273316531e-01	   4.4234936302052846e-01	   4.9879202198048067e-01	   1.6469510321405029e-01	   2.4227046527806534e-01	   1.9029375028689416e-01	   2.3755914545794946e-01	   2.2280869781935442e-01	   2.0362030558704208e-01	   1.4183187401703767e-01	   2.6981872228244264e-01	  -1.1596081024939903e-01	   3.0090064013087697e-01	   3.4613438901197102e-01	   3.6950670000517516e-01	   2.1261910188440852e-01	   4.3607784183325521e-01	   5.6084184750859611e-01	  -8.3558737097083183e-02	
   7.1097884561243863e-01	   5.6094593552483396e-01	   7.7931090616041754e-01	   7.4970565706376147e-01	   6.9348921415230846e-01	   8.1946191890176134e-01	   7.6677981419933217e-01	   7.8147024659217235e-01	   6.3041600510064810e-01	   0.0000000000000000e+00	   7.0438845984701048e-01	   6.9014402277951525e-01	   6.6573217054701483e-01	   5.6815884616895995e-01	   5.9706383402576868e-01	   6.2778542277917149e-01	   5.3369561058614912e-01	   4.6401712865634104e-01	   5.9555651757621164e-01	   5.6611122688708693e-01	   4.5231026575981070e-01	   5.3608247087272498e-01	   7.3266481405893491e-01	   6.8819614002419227e-01	   4.7206997871005285e-01	   5.9016506034703009e-01	   5.2516410882171616e-01	   6.4579887513498979e-01	   5.7378122522727359e-01	   4.9535143790874342e-01	   6.8215719820771858e-01	   6.4772849436181068e-01	   6.9557222175844724e-01	   6.8646025814083589e-01	   5.9197787646673006e-01	   6.0139648982072580e-01	   3.4632303027298972e-01	   4.1324095923410831e-01	   5.6685763380600251e-01	   6.1541540515225346e-01	   2.4865875075189470e-01	   3.3128964123260679e-01	   3.9323629433018303e-01	   3.4911211095965666e-01	   2.9103202015390250e-01	   2.7236628072614760e-01	   4.7938830127196186e-01	   4.3211769874728212e-01	   4.2404052768970990e-01	   2.5765544916471900e-01	   4.4438465810693417e-01	   3.8362446529145944e-01	   5.0259112276341211e-01	   4.6058357350530449e-01	   5.7995505160047900e-01	   5.9596757974746983e-01	   6.0280228776088418e-01	   5.8187790541428086e-01	   5.9668532287715936e-01	   5.8730717240651553e-01	   6.8911275654291992e-01	   6.5380503486091213e-01	   3.4403295661183575e-01	   5.7652443272014686e-01	   5.7839994437382336e-01	   5.2551862465741683e-01	   5.4629017049460793e-01	   5.2055297011708168e-01	   6.2017277235750934e-01	   5.9203565357409804e-01	   5.0282934446426364e-01	   5.4681837600625083e-01	   5.6714369821611510e-01	   5.6814726779014013e-01	   5.7583572145039252e-01	   6.2417830602821311e-01	   6.3427694173822413e-01	   6.4487586421043419e-01	   5.9321644262775819e-01	   5.1649319270537863e-01	   5.5904354448519378e-01	   5.3660478908352249e-01	   5.4666598099770991e-01	   5.6079156989403423e-01	   5.8630912773908228e-01	   6.4993717207927593e-01	   2.2874073922785376e-01	   4.8649307868161162e-01	   7.3573148513375042e-01	   7.4738874836806435e-01	   6.6603579234133659e-01	   6.4737998004418396e-01	   7.2071602381890931e-01	   6.9424131045694559e-01	   1.5107532325973033e-01	   2.1430873562453795e-01	   5.4449980133239373e-01	   5.0566515119682964e-01	   5.1756080901333923e-01	   5.5483490203574315e-01	   2.8700229164358604e-01	   3.0102636798213100e-01	   2.8096537749701789e-01	   2.7585620046878451e-01	   2.8087770788305177e-01	   2.3305771435456113e-01	   1.3267242652487282e-01	   3.7445441022332793e-01	   4.3826819854384150e-02	   5.5604626385112010e-01	   5.8246991671881432e-01	   5.0305230500432330e-01	   3.5440788400545564e-01	   4.7585821356280933e-01	   5.1640399120858493e-01	  -7.7926430229060872e-02	
   8.7095412902260738e-01	   7.3688410438830065e-01	   8.8912441560334787e-01	   8.6378465682938632e-01	   6.5895067897584214e-01	   6.8135847939083560e-01	   8.7527645883947336e-01	   8.4982867033300491e-01	   4.6575072323020394e-01	   7.0438845984701048e-01	   0.0000000000000000e+00	   7.8533193930002754e-01	   8.3196272135108340e-01	   6.8154847283241415e-01	   7.5856782513890919e-01	   6.9166399491824104e-01	   7.4155256010228088e-01	   6.6802369686364294e-01	   7.8797991471338036e-01	   7.7197167058644967e-01	   6.0487164253420778e-01	   5.8750509510089133e-01	   8.3817771810796016e-01	   8.0073080406340191e-01	   3.1975296378982843e-01	   4.3292580019215210e-01	   5.7381919208425203e-01	   4.8599480671994733e-01	   7.1402017600127232e-01	   6.4326410312637550e-01	   8.2763627026680209e-01	   8.4730674655719440e-01	   8.6228323383508831e-01	   8.5240333594957884e-01	   8.0722706128312161e-01	   7.2214306718480337e-01	   4.2322168510410907e-01	   3.0667562584603875e-01	   5.1057121079975909e-01	   5.7927970102332216e-01	   2.6845894915011997e-01	   3.9122619415881360e-01	   5.0341900889796376e-01	   4.3990081765068795e-01	   4.9637045357364729e-01	   4.6552762303430079e-01	   5.7190788612729238e-01	   5.2070300467665398e-01	   5.6029084202176449e-01	   4.5331568564623304e-01	   5.8644023286565639e-01	   5.3572635272687630e-01	   6.6668689156617411e-01	   5.5223462774405119e-01	   6.3626243123146053e-01	   6.5097606945675990e-01	   7.6586496027747974e-01	   7.6629536743399496e-01	   7.0391335256172827e-01	   7.2910226905173103e-01	   8.7038658493346044e-01	   6.8259352848816690e-01	   6.9443255359423695e-01	   7.3668500611624843e-01	   7.5829388306500745e-01	   6.2840428589433728e-01	   7.7670274682757989e-01	   7.2733131029099729e-01	   7.4495081037306454e-01	   7.4761149446160569e-01	   5.2139294059647301e-01	   6.2649115627713692e-01	   6.5028343363750929e-01	   6.0905659052472183e-01	   6.8129291677871018e-01	   6.3189746722645257e-01	   7.7499442780061523e-01	   7.3271483886990685e-01	   7.6162790061892272e-01	   6.7926135666204135e-01	   7.5591433312933121e-01	   7.6717601594493123e-01	   7.1890944853760697e-01	   6.7699479730187295e-01	   8.5391885975069193e-01	   8.1739380908741044e-01	   3.5616936186593939e-01	   6.4601116422444749e-01	   8.0415365286327800e-01	   7.2132244889184527e-01	   7.4165143386902255e-01	   7.6858388737143302e-01	   7.0649260540113934e-01	   7.5556737906450155e-01	   8.0144981403097865e-02	   1.6745327722358933e-01	   5.5861660915023115e-01	   4.6675747700655190e-01	   6.4613444719560820e-01	   6.6711011576494728e-01	   1.6828569618251596e-01	   2.1731998366852623e-01	   1.5563780812726727e-01	   1.8814920312503380e-01	   1.5106394917696242e-01	   1.0369539841587271e-01	   1.0173768982282441e-01	   4.5646826798960272e-01	  -6.0000555714330550e-02	   6.6078791335459452e-01	   6.4502272700915042e-01	   6.9559647392293311e-01	   4.5073819433164619e-01	   4.9752133266932042e-01	   4.2354723952484097e-01	  -2.3585062734248097e-01	
   8.4111986822693530e-01	   7.3873708274522920e-01	   7.9259576669629839e-01	   8.5860079879842599e-01	   4.2653181281869001e-01	   5.7283378915244654e-01	   8.2055274899467212e-01	   9.1583527994037128e-01	   3.2299212653978793e-01	   6.9014402277951525e-01	   7.8533193930002754e-01	   0.0000000000000000e+00	   7.4745172184541553e-01	   8.0845623567034186e-01	   6.3218940182737005e-01	   7.3930962074905437e-01	   7.1990922750380359e-01	   6.3764210776982966e-01	   7.3838067565904908e-01	   7.3961813818611488e-01	   5.6845358054503592e-01	   7.2534130720688406e-01	   7.2575153891994626e-01	   7.7166683504821654e-01	   1.4216603240801148e-01	   2.5670913434231185e-01	   3.2828159129986034e-01	   3.8525925585066395e-01	   7.3188675259591518e-01	   6.8692104517697461e-01	   7.0801905886027061e-01	   7.5091583459920686e-01	   8.1884187209195602e-01	   8.3396986963779440e-01	   5.2658505607708261e-01	   5.8809738368892683e-01	   4.3191748637326988e-01	   4.2198737835416961e-01	   5.8294546947334469e-01	   6.5780193934761022e-01	   3.8455970732232503e-01	   5.5533391296139578e-01	   4.3004358993083208e-01	   3.7637068381630168e-01	   3.5696216370693123e-01	   3.3705207717949670e-01	   5.1232092163681353e-01	   4.5428075428545045e-01	   4.4682482523474920e-01	   3.1511668305023582e-01	   4.7029670385605682e-01	   3.6514301309635444e-01	   6.0259561374172610e-01	   4.4586368407899307e-01	   6.3334824181703375e-01	   5.8979613304915968e-01	   7.1285659788385813e-01	   7.5582291224527565e-01	   5.6894323305410444e-01	   7.3096123340958330e-01	   8.2439201848126942e-01	   7.9348615135127032e-01	   7.0367870840018854e-01	   8.7751035987562631e-01	   5.9569983844791896e-01	   5.4077632417492949e-01	   5.6973938039921135e-01	   5.4486776587746810e-01	   6.6106161504699812e-01	   6.8860429216877972e-01	   5.4814361535797773e-01	   7.0557682310852488e-01	   7.3375532531432541e-01	   6.8464947873398496e-01	   7.0753079394051099e-01	   7.0059324563284298e-01	   7.8263705691763774e-01	   7.6093172188238856e-01	   6.7335001832970287e-01	   6.3587962479315863e-01	   6.8546792881270591e-01	   7.3609712703233765e-01	   6.7319007258218511e-01	   7.5131205525552258e-01	   6.9290879030909136e-01	   7.6118424552245401e-01	   2.7936115603476985e-01	   6.5608364139141706e-01	   8.0170628517359599e-01	   7.6967956388673531e-01	   7.4636268697241492e-01	   6.7311632440794733e-01	   7.4644366572044940e-01	   7.2550084834054029e-01	   5.5701906748439278e-02	   1.7210277193324702e-01	   5.9553225259265119e-01	   4.1561271239225778e-01	   6.5565316607139623e-01	   5.8181394958686283e-01	   1.7131063114453857e-01	   2.0404516435256648e-01	   1.4555482523394761e-01	   1.5766203184453598e-01	   1.1277219540952141e-01	   6.1501320985202057e-02	   7.4205994618421520e-02	   5.2328858195118000e-01	  -4.0825255514129404e-02	   4.4895090793050230e-01	   6.3053880586562516e-01	   6.4486669952945597e-01	   4.2479226853126961e-01	   4.8953403127486217e-01	   4.0080079112316008e-01	  -1.7687432854475613e-01	
   8.4678231403707294e-01	   8.0615737129524134e-01	   8.1636844652549145e-01	   7.8470324109108669e-01	   6.2853504899621926e-01	   6.3893059303785038e-01	   8.0296107319812871e-01	   7.8238049662749454e-01	   5.5495788624622966e-01	   6.6573217054701483e-01	   8.3196272135108340e-01	   7.4745172184541553e-01	   0.0000000000000000e+00	   7.6539499808166878e-01	   7.9359364978287927e-01	   7.4805723441536398e-01	   6.9360799507942994e-01	   7.1170174506476680e-01	   8.2821256950061051e-01	   7.9577171393097745e-01	   4.8988226443927385e-01	   6.5143419232023825e-01	   8.2888608083972604e-01	   7.8562434243178303e-01	   4.4983514473373110e-01	   4.4903472567855957e-01	   5.2653547710123227e-01	   5.1478355073478976e-01	   7.6437828144673658e-01	   6.7221307099322825e-01	   7.9995936787715705e-01	   7.8526225275576711e-01	   8.7259171574110828e-01	   8.5236982362377389e-01	   6.8600415429985817e-01	   7.3435108815798045e-01	   4.7358850065374442e-01	   4.5789230513439794e-01	   6.1232633275789039e-01	   7.0411184707521846e-01	   5.0579557029760380e-01	   5.8275449911067467e-01	   5.8913258272139180e-01	   5.0886249191108346e-01	   4.7309855258108324e-01	   4.9739518965507545e-01	   6.4343028001624858e-01	   6.2030669601427135e-01	   6.0746885192809708e-01	   5.2476170633579744e-01	   6.5490645130314329e-01	   5.9627953781050991e-01	   7.3807830200433155e-01	   6.3841073135801429e-01	   7.5287943665177182e-01	   7.2893286036522442e-01	   7.8874616227474947e-01	   7.1225314246699845e-01	   7.2677160117777206e-01	   7.4239374369683819e-01	   7.2514609740542946e-01	   4.5060128102939384e-01	   6.1682175854421151e-01	   6.7830028498940764e-01	   4.6933611512894824e-01	   4.7653596906626178e-01	   6.8591117442788041e-01	   6.9953788448169152e-01	   7.8808870881267168e-01	   7.9774772144842809e-01	   5.1924931317314671e-01	   5.9238834383479277e-01	   6.5953950717224208e-01	   6.5504320709418251e-01	   6.4101557095786799e-01	   6.8712601238723492e-01	   7.6028876030818293e-01	   7.7511700180300702e-01	   7.5226094655171249e-01	   7.2338616016778534e-01	   7.3582210011674309e-01	   7.9940525594873357e-01	   7.9936378157893817e-01	   7.6482836583372837e-01	   7.7587136162438519e-01	   8.1521912566365584e-01	   1.3654140498187139e-01	   5.6102040962781308e-01	   8.3599444778006982e-01	   8.1764596311647497e-01	   8.1068803424686342e-01	   8.0329131408160592e-01	   7.0246944451290716e-01	   7.3209895402192116e-01	   4.5212609646063398e-02	   9.1649630361683665e-02	   5.7406595469326938e-01	   4.0776823481713814e-01	   7.1445290848926057e-01	   7.1818062134171501e-01	   2.4396889815433601e-01	   3.0708407226434115e-01	   2.6040931222258951e-01	   3.1065929576779039e-01	   2.3480365685592874e-01	   1.7481615617491883e-01	   1.5835657284288374e-02	   4.4356557448865702e-01	  -8.9505240204271155e-02	   4.4713220483607791e-01	   6.6605828517022592e-01	   6.5535778492956243e-01	   3.4173717163254436e-01	   6.6965615809686918e-01	   4.2950834474221505e-01	  -3.8545871425949785e-01	
