   0.0000000000000000e+00	   8.9449465085584179e-01	   5.6478224475129368e-01	   6.4325563043757306e-01	   5.3311484571274592e-01	   5.0341608141895344e-01	   6.6663066111158087e-01	   7.0351095056826196e-01	   5.6495877407978212e-01	   5.1287259834043142e-01	   8.1199362665286867e-01	   8.1650453348287466e-01	   8.0826402056179614e-01	   7.5794762013860284e-01	   7.6786699329128005e-01	   7.0545062232483080e-01	   6.2570401404770082e-01	   5.6738628506063460e-01	   7.6139506465855100e-01	   8.1084523066132042e-01	   3.1966344512916145e-01	   3.4198587776571054e-01	   4.3664925581104963e-01	   4.0066204759673790e-01	   2.6553774838533545e-01	   3.5590208118465894e-01	   3.6068949234082726e-01	   3.5007637618672288e-01	   5.5988575016720354e-01	   5.5927175326667311e-01	   4.5564087143879439e-01	   4.1049139818609320e-01	   7.4350821996266792e-01	   7.2481612138892237e-01	   2.5333722785002327e-01	   2.4672588401950562e-02	   2.9300548150412342e-01	   3.6666608259911726e-01	   3.4613572952507710e-01	   1.6222536479745692e-01	   3.8388420000574602e-01	   3.2255402183384874e-01	   5.0045034202426764e-01	   5.3725563523738362e-01	   4.6077070374072338e-01	   4.4333686149841878e-01	   5.3813258974168510e-01	   5.2196076905248312e-01	   6.4784647847305343e-01	   4.9009797564150404e-01	   5.7330499976604798e-01	   5.8274679490531400e-01	   4.9972213799468090e-01	   4.3102817679705152e-01	   5.0089001400920141e-01	   5.7366797365776567e-01	   8.9280659330674639e-01	   7.4217532905711303e-01	   7.3977028614004403e-01	   4.9899168893673218e-01	   7.1774853145994522e-01	   5.0228888613756162e-01	   6.7618240770253302e-01	   5.8069314531049165e-01	   1.8264245238160823e-01	   3.6994786185709128e-01	   4.9469148161963755e-01	   4.4760155013187758e-01	   6.8226588518884412e-01	   5.2112147007011256e-01	   6.1396096587606963e-01	   6.3399353689051752e-01	   5.9828372674496033e-01	   6.9494895093427478e-01	   5.9437081391028601e-01	   5.5631966691085510e-01	   7.3448607175320801e-01	   7.7056157625834965e-01	   1.6200342462366668e-01	   2.3296252968393880e-01	   6.6792328979125581e-01	   4.5136837334830970e-01	   7.0814823168129137e-01	   5.9924727222430452e-01	   5.2780671413339308e-01	   5.6927632181531573e-01	   3.7113440144658827e-01	   4.9691867858860145e-01	   5.8734272314018443e-01	   5.2054502207787079e-01	   2.9086157301629473e-01	   1.3835722833351460e-01	   2.3651045067204690e-01	   5.0545488274950395e-02	   1.6320802298173184e-01	   3.3033445801055167e-01	   4.7567585909884147e-01	   5.6889344187786572e-01	   4.7928536480214612e-01	   3.1142843730706860e-01	   2.8448507281175112e-01	   2.4993981486580974e-01	   2.3328843493610008e-01	   3.2614411980680419e-01	   1.4734732461343408e-01	   3.3712991430736533e-01	   1.0601047372065422e-01	   5.1024369741817122e-01	   9.1640865510365130e-04	   5.0637224244817181e-01	   5.0041849121621984e-01	   5.9458758658595812e-01	   3.1886922908026938e-01	   2.8907051563106845e-01	   3.8650496035496884e-01	   9.7032290630402862e-02	
   8.9449465085584179e-01	   0.0000000000000000e+00	   6.0374440715103517e-01	   5.9663495361537211e-01	   5.9293186110277030e-01	   4.7677036126590733e-01	   6.3583472974773492e-01	   6.4083701553833072e-01	   4.8579838974510936e-01	   3.8676779887071444e-01	   7.0193907933162403e-01	   7.6182627157536198e-01	   7.1515846435634334e-01	   6.9212290743565341e-01	   7.1368887813981896e-01	   6.8047885003403741e-01	   6.8881819690770518e-01	   6.7457739092497782e-01	   6.8452598774270346e-01	   7.9981908781873234e-01	   3.9740776706644954e-01	   3.7295596094699140e-01	   5.2761639226361867e-01	   4.4314022618587456e-01	   3.2915309274477988e-01	   4.0480301142673147e-01	   3.8046309144882429e-01	   3.2689789935238445e-01	   6.6751361121477659e-01	   6.5866106037794947e-01	   5.2984989144921746e-01	   5.1105860413917403e-01	   7.8691774923700342e-01	   7.5959075453252778e-01	   2.7040657424725362e-01	   4.2850234615349814e-02	   4.7059795798627024e-01	   5.5387601211918702e-01	   4.9360161418127801e-01	   3.2454253992351556e-01	   5.5790921109255331e-01	   4.4264453912229773e-01	   6.3216468582960039e-01	   5.9958947279164221e-01	   4.6414836952713695e-01	   5.5245587535422036e-01	   7.0925430943500700e-01	   6.5105098028647723e-01	   6.1530638356572120e-01	   6.3505509576189789e-01	   5.5474720234761365e-01	   5.9137195310348822e-01	   5.2262934656460680e-01	   3.6358359999546697e-01	   6.1360041636917129e-01	   6.4542050241106763e-01	   8.9662366539609051e-01	   8.3647186644550930e-01	   5.9147599740763990e-01	   3.9826712618023763e-01	   5.8828862395886994e-01	   3.8151477152412328e-01	   6.7416302701926600e-01	   6.2003388233337287e-01	   2.5635182268969542e-01	   3.3411588460988950e-01	   5.4455196971715492e-01	   4.6345629902046731e-01	   7.4354102861346461e-01	   5.2854943973838109e-01	   5.8944249606721189e-01	   5.4337951052470324e-01	   6.6128230784085318e-01	   7.3533459204164009e-01	   6.4803537575074410e-01	   6.4912965143962387e-01	   7.8786079761786598e-01	   7.7770091394622121e-01	   3.0728764225188987e-01	   3.5392201107822296e-01	   7.6957483843808006e-01	   5.9578486979861078e-01	   7.7568411787086655e-01	   5.9731427757848499e-01	   6.1850067725805391e-01	   6.3233198646464250e-01	   5.1915377988449674e-01	   6.1446261885775866e-01	   6.0373804877283699e-01	   4.8379487742827909e-01	   1.8089013970863185e-01	   2.7498368284468243e-02	   1.6627828935568537e-01	   2.4200659931722129e-02	   3.4275420636786258e-01	   4.3321169809526056e-01	   6.4061997627386291e-01	   6.4717800423899019e-01	   4.7643520876378259e-01	   2.4134011924190507e-01	   2.6726585472152081e-01	   2.4506434666244942e-01	   3.4885046641998196e-01	   3.2948634481288647e-01	   2.7747165784457817e-01	   4.3424055966398240e-01	   1.3979797944017533e-01	   5.7358972032510358e-01	   7.5394600658529320e-02	   6.2356661503574007e-01	   6.1782099975461469e-01	   5.8231268317268792e-01	   3.2123113280232890e-01	   2.5073049122890967e-01	   3.8494032256948174e-01	   1.9430118429655538e-01	
   5.6478224475129368e-01	   6.0374440715103517e-01	   0.0000000000000000e+00	   7.0098178996100369e-01	   6.5966533295799890e-01	   6.6467453667121879e-01	   8.4358132365900307e-01	   5.7849169877930329e-01	   4.9123672801610596e-01	   3.8378328425773989e-01	   5.7777308454691334e-01	   4.5068540857722911e-01	   5.0173943247513919e-01	   4.5465117580793113e-01	   6.3842236757057191e-01	   5.2067795546175277e-01	   3.3748323414623149e-01	   2.9474662913597061e-01	   6.5874988307790461e-01	   7.1521201827148229e-01	   5.0547037299640918e-01	   6.0533623664170477e-01	   8.2918369139976622e-01	   6.8758270595653803e-01	   5.5523069271434267e-01	   6.6665889975718962e-01	   4.7640698479223020e-01	   6.4517506905748356e-01	   4.2660232355248706e-01	   3.2846248457779592e-01	   5.6860873294874914e-01	   5.2590774573731602e-01	   6.5828775227690628e-01	   5.8838272662090285e-01	   5.2144577664927472e-01	   2.7964485138948320e-01	   2.9137594149214974e-01	   4.1925112862590613e-01	   2.4302031891736986e-01	   1.3750210398806742e-01	   2.1077429787117208e-01	   1.9764803163428640e-01	   5.6337493764946001e-01	   4.2492756333950832e-01	   5.8666568682730702e-01	   5.3753712886605098e-01	   6.3737343212892084e-01	   5.3038361183860205e-01	   6.5982813542285246e-01	   5.8472428925924880e-01	   5.8080112495357517e-01	   5.9516145831146838e-01	   5.4080832475442819e-01	   3.7068470567911677e-01	   4.6721938706374605e-01	   5.6829129468894235e-01	   4.9510219530355232e-01	   5.6309567504768021e-01	   4.9623172094873602e-01	   2.3294400162561962e-01	   5.1727418077348264e-01	   2.6318131236877995e-01	   5.4012246283740106e-01	   2.7598479462280112e-01	   5.1444278887239925e-01	   4.8895843734899658e-01	   6.6856501850646877e-01	   4.3709810607502886e-01	   4.8280348824195091e-01	   2.5677767818930314e-01	   6.8532953665344032e-01	   6.7575625020024610e-01	   5.7302851889752393e-01	   6.0367988904510428e-01	   5.7055471072577402e-01	   6.5810839214751848e-01	   6.4935015391594253e-01	   5.7098374208976377e-01	   1.4681858738846945e-01	   2.1290134197266403e-01	   3.8551051723266883e-01	   3.5302721715439755e-01	   5.1744415209532812e-01	   2.3828742464172431e-01	   5.0998970300153856e-01	   5.4488493406845318e-01	   4.8710838083272789e-01	   4.4755116056807953e-01	   4.2198849940516203e-01	   3.6619902041774166e-01	   2.3172067243195896e-01	   1.3975228917071972e-01	   1.2409302212497175e-01	   1.7194500604797203e-01	   1.3008463014001626e-01	   2.7910264513783062e-01	   3.7685527865147056e-01	   4.7639637410781865e-01	   2.8550382158355564e-01	   2.8318848906433980e-01	   1.1903678086531787e-01	   3.7413044772954446e-01	   3.5336849417703475e-01	   3.1167809592513079e-01	   3.0616511722168421e-01	   3.9277986971847129e-01	   7.0166068440055879e-02	   4.3117870749375042e-01	   2.1072550691886685e-01	   4.2154685673790737e-01	   4.5687258590291641e-01	   4.4607860976687497e-01	   2.8153351775340318e-01	   2.6330807690265984e-01	   3.3907996459792811e-01	   3.1274111663357906e-01	
   6.4325563043757306e-01	   5.9663495361537211e-01	   7.0098178996100369e-01	   0.0000000000000000e+00	   6.6541265639952374e-01	   7.7241114795991894e-01	   7.6024440341735178e-01	   8.8948926372080239e-01	   6.5073641910269653e-01	   6.3440689252978899e-01	   6.1352138678963497e-01	   6.4030300970352849e-01	   6.7652153061670972e-01	   6.3349673492188319e-01	   6.2052417552689987e-01	   6.4831856930968801e-01	   2.7481499503075013e-01	   2.6068456773039017e-01	   6.1485537384950850e-01	   7.0540437052445437e-01	   4.3606675277572815e-01	   6.2418772169420156e-01	   6.4233011631194159e-01	   7.9161861921936216e-01	   4.4320473344555567e-01	   6.0161286527261870e-01	   3.9409992597656596e-01	   5.5618826530394960e-01	   3.5551693879184726e-01	   3.2768064396560082e-01	   5.7046240324342989e-01	   5.7695976788364844e-01	   6.3251104092533117e-01	   6.5058590909426228e-01	   5.9284874297999690e-01	   4.5403275955802336e-01	   1.6217086148465917e-01	   2.4955906152390644e-01	   2.1267340269750007e-01	   1.1150841888500865e-01	   2.3911856616615978e-01	   1.3528480061934497e-01	   5.4195719497646877e-01	   5.0650968289601084e-01	   6.4774896432272100e-01	   6.2306422494834623e-01	   5.8604699862420029e-01	   6.2477751754833144e-01	   6.7619856566445469e-01	   5.6819773550847841e-01	   5.5785136961083215e-01	   6.2039232683527301e-01	   5.3126471597779745e-01	   4.9650738221357049e-01	   5.2925088504051576e-01	   6.0000168797183506e-01	   5.6600029298187438e-01	   5.0418063324021201e-01	   6.9450374716054197e-01	   5.7568682297220242e-01	   7.0801119580406890e-01	   6.6052801054915689e-01	   5.0926781954734734e-01	   4.0413998194929590e-01	   3.6386323353290417e-01	   5.1746039842570224e-01	   6.7930387529128300e-01	   6.2425443591560270e-01	   5.3794225921503791e-01	   5.5480863575989736e-01	   6.6845915380200760e-01	   7.0640539322771667e-01	   5.6059567382051667e-01	   5.9278761739714869e-01	   5.6155822339154970e-01	   5.6804795628926863e-01	   5.9610853997092672e-01	   6.6989778891306384e-01	   8.6684229174444488e-02	   1.3010455855551734e-01	   4.2773757477428265e-01	   2.5820130863310103e-01	   5.2254880273673709e-01	   5.1874012119004309e-01	   4.6084476816377062e-01	   5.8404755345402548e-01	   3.9377348096806863e-01	   4.9922216845166212e-01	   5.8781280160664262e-01	   6.1433444194188680e-01	   4.9362712566296235e-01	   3.9732453792820188e-01	   4.7109305027335163e-01	   2.3960937308837263e-01	   1.7894664692438576e-02	   2.3248768843189049e-01	   3.9045912673813421e-01	   5.6014364989734933e-01	   4.5894864538545832e-01	   4.4061550536576510e-01	   3.8081890201576818e-01	   3.8943186351408027e-01	   3.4701724681713475e-01	   4.0242199475961205e-01	   2.8562170688839739e-01	   3.5996800457973888e-01	   3.3040583999932460e-01	   4.2669196469499460e-01	  -2.4341903664778730e-02	   3.8374522377900183e-01	   4.5281043083024641e-01	   5.0730669033179110e-01	   3.6063654229442976e-01	   3.1485221412061315e-01	   2.5282205930354673e-01	  -3.3695053610438203e-03	
   5.3311484571274592e-01	   5.9293186110277030e-01	   6.5966533295799890e-01	   6.6541265639952374e-01	   0.0000000000000000e+00	   7.5852004996566669e-01	   5.3419068308245632e-01	   5.3912780355119905e-01	   7.0162793740837914e-01	   4.3946658670554067e-01	   5.0011173878271398e-01	   5.3899931594393979e-01	   5.2394924483931649e-01	   5.2234664037195022e-01	   6.1760249998216699e-01	   6.2858056907802617e-01	   2.7141599769491442e-01	   3.2963916813131999e-01	   3.9373817982420212e-01	   5.7528040757608723e-01	   6.5814245960743845e-01	   6.9267456109353343e-01	   7.4532420383767162e-01	   8.2166991094189257e-01	   6.8982815435263811e-01	   7.3799997095682468e-01	   7.7150407272543831e-01	   7.2758160012735151e-01	   4.2621638409093704e-01	   3.6850245972174467e-01	   6.7763895079837377e-01	   6.1327560430781891e-01	   6.2285317336942536e-01	   6.0948942057735900e-01	   5.9685755103983140e-01	   4.2242777693357753e-01	   2.8147181893232986e-01	   3.9323494474275578e-01	   3.1619441346433791e-01	   1.7759876433494295e-01	   3.3821738796070155e-01	   2.1892311223484542e-01	   5.4027604972603482e-01	   4.4045881522536268e-01	   5.5315261740845578e-01	   5.1984487279222968e-01	   4.9678912637795941e-01	   5.0609824723839170e-01	   4.8610214246394540e-01	   5.3894021838676165e-01	   5.9376118921249510e-01	   5.2794438136534194e-01	   4.6511461296123002e-01	   2.4990212983792248e-01	   4.5130348950410448e-01	   4.7673278358050175e-01	   5.7965843693304853e-01	   5.8042287154733041e-01	   6.1335368227784970e-01	   3.9307261995967202e-01	   6.3044377572610177e-01	   4.8458218714494483e-01	   4.4810957833918341e-01	   4.2525056450287452e-01	   5.5602394769263919e-01	   5.8367503155284473e-01	   6.2690708381592963e-01	   5.0785129219052705e-01	   4.3387134892287660e-01	   3.7528950197323274e-01	   6.8309234824812826e-01	   6.4500418274875537e-01	   5.4785551577655345e-01	   5.5068684376771038e-01	   5.0655879883107946e-01	   5.4476601004875846e-01	   5.5616060431534897e-01	   5.9831322360732042e-01	   1.9745139132914585e-01	   2.2871177195374165e-01	   4.6105157859003221e-01	   3.6256383203862319e-01	   4.9191818557986633e-01	   3.2139870216658828e-01	   4.7901138768521245e-01	   5.8791898291099887e-01	   4.4745130394491667e-01	   4.6108316797246202e-01	   4.6696314557839763e-01	   5.0468447879942147e-01	   2.3574691654248914e-01	   2.1966249082449715e-01	   2.1298965276236903e-01	   1.8434321315689198e-01	   1.8342392554906839e-01	   3.0024363412964222e-01	   3.4624931943036236e-01	   4.6086733300902449e-01	   1.6032698953303706e-01	   1.6738969282363064e-01	   7.8595167175272429e-02	   3.1622796469343328e-01	   1.6930775537158108e-01	   1.7880180408535573e-01	   1.5384501932778072e-01	   2.3634720938422976e-01	   1.1116360728162908e-01	   4.0607893150844754e-01	   1.0712287461920120e-01	   4.1592611203828822e-01	   4.9153146199952014e-01	   3.7650986911942985e-01	   1.4119095106975316e-01	   1.0737287051619429e-01	   2.4024921175726829e-01	   1.9143243507228480e-01	
   5.0341608141895344e-01	   4.7677036126590733e-01	   6.6467453667121879e-01	   7.7241114795991894e-01	   7.5852004996566669e-01	   0.0000000000000000e+00	   6.8541987075452315e-01	   6.9995865948969149e-01	   7.0196628022328800e-01	   7.1590122609259566e-01	   5.3956711377708166e-01	   5.6479912807019295e-01	   6.2186165322518339e-01	   5.7291913401466543e-01	   4.7654755130293625e-01	   5.4213919965960844e-01	   2.2290717284302453e-01	   2.3884034397540560e-01	   4.0045535323723402e-01	   5.0041015789162357e-01	   4.5827592925434824e-01	   6.5168499677324077e-01	   5.7795321272456890e-01	   7.2440432185591053e-01	   5.6444665421804452e-01	   7.4125399334731701e-01	   5.5715582466764368e-01	   6.6382209972017425e-01	   3.1086401128037561e-01	   2.8242019530546253e-01	   5.6720553050713918e-01	   5.4883304852239334e-01	   5.6295129679916311e-01	   6.3924954779704901e-01	   5.5373393902084178e-01	   4.7880835943643862e-01	   1.1729700863265628e-01	   2.1443297610473361e-01	   1.6671725792081998e-01	   4.9188755528967995e-02	   1.4221921574663055e-01	   2.2398227787715164e-02	   5.1809879922027280e-01	   5.2400450875468363e-01	   6.8791866929572087e-01	   7.1902462753948204e-01	   5.0988221550639046e-01	   5.9027862334173264e-01	   5.1414079040121652e-01	   5.5332211632675588e-01	   5.5633152275124975e-01	   5.3452904656475386e-01	   4.4459352558071730e-01	   3.2538524784542333e-01	   4.3574193595411392e-01	   4.4187304208816358e-01	   5.5560884814585432e-01	   5.2283713369370044e-01	   6.5541921090445010e-01	   5.1172653687518699e-01	   7.2287561674410605e-01	   7.0161708779906351e-01	   4.5498510493296507e-01	   4.5621027159195582e-01	   3.9060665331107447e-01	   6.6077964516682042e-01	   7.2865446863183192e-01	   6.6841833104980775e-01	   4.4971821822673441e-01	   4.0788390950392511e-01	   5.7460358765998787e-01	   5.8377940709070586e-01	   4.5160582694408180e-01	   4.9206161464250625e-01	   4.8623702691613124e-01	   4.8066208455619558e-01	   4.1920812045790112e-01	   4.6472073140967579e-01	   1.7796833887218472e-01	   1.8832738290988205e-01	   3.9820211111609427e-01	   2.7889984530418210e-01	   3.2090059297923740e-01	   2.2588235386824476e-01	   4.1227233991698076e-01	   5.5479468060860149e-01	   3.8895146617995480e-01	   3.9763109054061635e-01	   5.6724730550419533e-01	   5.5333513615442276e-01	   3.7809142415888575e-01	   3.4214357727571476e-01	   3.2089228638042294e-01	   2.3617097758240918e-01	   3.5022762523395368e-02	   2.5569395748995138e-01	   3.3013786750656771e-01	   4.8380437388646647e-01	   2.5745684607817731e-01	   3.2661621480675967e-01	   2.5047683095472684e-01	   2.3999091334730688e-01	   2.1581857654161438e-01	   2.5483487709907227e-01	   3.7633767926570999e-01	   3.6210537522338171e-01	   2.1178215024981745e-01	   4.5303761024639888e-01	   1.2027961495397566e-01	   3.9725195828347903e-01	   4.9615847842884953e-01	   4.3114093924099461e-01	   1.6212963476481668e-01	   1.1305846306668269e-01	   3.0461812618337153e-01	   2.1710715286776758e-01	
   6.6663066111158087e-01	   6.3583472974773492e-01	   8.4358132365900307e-01	   7.6024440341735178e-01	   5.3419068308245632e-01	   6.8541987075452315e-01	   0.0000000000000000e+00	   8.0943989400090088e-01	   6.5035077810048336e-01	   6.0826413026663351e-01	   6.3452282245879665e-01	   5.3857301539909941e-01	   6.9531846616784809e-01	   5.3475811280242236e-01	   7.0080761028988570e-01	   6.0097639216046916e-01	   3.7953087213797543e-01	   2.7732608549843141e-01	   6.9851133856732095e-01	   7.4391266286450319e-01	   1.9631182044073384e-01	   4.1565020629497362e-01	   5.7583338552634866e-01	   5.3061091691416551e-01	   2.5012947695584997e-01	   4.4369139010460357e-01	   2.2981043324036987e-01	   4.8598937596881686e-01	   3.5480172311417030e-01	   2.6889584950386664e-01	   4.4696504693488820e-01	   4.2262141012921417e-01	   7.2498912344840005e-01	   6.7163185476980769e-01	   3.8962666169793830e-01	   2.4185317710673854e-01	   4.0474017283381403e-02	   1.3603823097331225e-01	   4.7731241758561013e-02	  -5.5838018627387860e-02	   9.0554297503269557e-02	   5.9817960729920919e-02	   5.1726954935176594e-01	   4.3028589856323041e-01	   5.8417110986172194e-01	   5.4785180475081285e-01	   5.6941743380994292e-01	   5.0608311832917496e-01	   6.4689242657889823e-01	   4.4394673235901871e-01	   5.6998829668077022e-01	   5.6531535707205793e-01	   5.2656859620285978e-01	   5.5484304627349035e-01	   4.4463090249947457e-01	   5.2199612451918320e-01	   5.9163192327682901e-01	   5.1376389686138313e-01	   5.5750998206564784e-01	   3.6965115229135714e-01	   6.9379225637940989e-01	   4.7148198243128636e-01	   6.7553407961956646e-01	   4.4576287973818807e-01	   3.4523610803844618e-01	   3.8348112008964796e-01	   6.5508919147252065e-01	   5.0122717650492576e-01	   5.6255902332468199e-01	   3.9268727929238223e-01	   6.1331614297871329e-01	   6.4798945045502709e-01	   5.1652589116165104e-01	   5.8810688324417582e-01	   6.1414829557516326e-01	   5.8654187958684667e-01	   5.7836569608318233e-01	   5.8033793915024046e-01	   1.0524679771527330e-02	   5.9992809958854920e-02	   4.0026851543702568e-01	   2.5133500303544037e-01	   5.2927505741038994e-01	   3.1805399715909721e-01	   5.0743925497070896e-01	   5.5180277203135952e-01	   3.8384491976869972e-01	   3.0568378834980181e-01	   5.3863073031684006e-01	   4.8845528886655459e-01	   4.3645917243033039e-01	   3.0359436312954102e-01	   3.0137545680546562e-01	   1.6935685397517719e-01	  -4.5042948592879349e-02	   1.9193058959065246e-01	   3.1113473131520530e-01	   4.8491087357352836e-01	   4.5057240115565922e-01	   4.2779324694612542e-01	   3.5092045979893238e-01	   3.6010191456654794e-01	   3.6126957170843016e-01	   3.5564589082934184e-01	   3.2606162187881116e-01	   4.3643347865184584e-01	   1.5765403783188783e-01	   4.5056971973983795e-01	   9.2680663686262016e-02	   3.8111814318953680e-01	   3.7141404230792385e-01	   5.1884246202226536e-01	   4.2028163313072753e-01	   2.2751349449981903e-01	   2.9803096264692863e-01	   1.6182615688823515e-01	
   7.0351095056826196e-01	   6.4083701553833072e-01	   5.7849169877930329e-01	   8.8948926372080239e-01	   5.3912780355119905e-01	   6.9995865948969149e-01	   8.0943989400090088e-01	   0.0000000000000000e+00	   6.9150812437496478e-01	   6.8202020742079572e-01	   6.6839925417369705e-01	   7.3515700054866306e-01	   8.1258249004829675e-01	   7.1677801249105788e-01	   6.6961784160558158e-01	   7.2490383616929666e-01	   3.9170816959345039e-01	   3.4083362829213604e-01	   5.9628016710827070e-01	   7.0026120138117154e-01	   2.0141423291662341e-01	   3.9784300863108635e-01	   4.3891884447948742e-01	   5.5651082221164527e-01	   1.7959954007587470e-01	   3.9447755534353168e-01	   1.9958875452219704e-01	   4.0842737821495495e-01	   3.8022879164371814e-01	   3.7580250779549690e-01	   4.5102981153932964e-01	   4.7666427433514746e-01	   6.3807942364106962e-01	   6.8056001483427342e-01	   4.3753693804510396e-01	   3.6752874923897849e-01	   1.0299588448972456e-01	   1.4343671234270011e-01	   1.7545548382466308e-01	   9.8692686577282307e-02	   2.3385263461065164e-01	   9.4146703707741503e-02	   5.2561541953604407e-01	   5.0681892882240598e-01	   5.9613186696214460e-01	   6.0460281799694526e-01	   5.8725519222649269e-01	   5.9251152330379386e-01	   6.5574816296235938e-01	   4.8127499943800911e-01	   5.6247478262209294e-01	   5.7929190714459644e-01	   5.2610271321800073e-01	   5.7105057424238248e-01	   5.4234624885321958e-01	   5.7575373121508555e-01	   6.3969875401556964e-01	   4.9559105040127749e-01	   7.1109767000394708e-01	   6.5570856616642714e-01	   7.8023585250409722e-01	   7.3989405470889813e-01	   6.3627184632160338e-01	   5.8876945445133377e-01	   2.4413796981783817e-01	   4.2763350330760719e-01	   6.6270115928306561e-01	   6.4633271488974819e-01	   5.5056195636859573e-01	   5.8550337953072629e-01	   6.0366527187900787e-01	   6.5620608711388906e-01	   5.2371237528778347e-01	   5.8990865647977142e-01	   5.9988578543788229e-01	   5.4002107292997303e-01	   6.1326814951421205e-01	   6.7616457151332832e-01	   5.5282603164175603e-02	   9.8477573863822720e-02	   5.0811620774927435e-01	   2.8408193170839680e-01	   6.1488746663165916e-01	   5.6632435742419851e-01	   5.0432905249934779e-01	   6.0280167488254244e-01	   3.6743233253345409e-01	   3.5938617993353889e-01	   6.6353195807181153e-01	   6.5637957512987510e-01	   5.6275173207524087e-01	   4.1389516790467240e-01	   5.4273323172802945e-01	   2.3505776597090813e-01	   1.4919317241906800e-02	   2.9999229147907019e-01	   4.0408109897390637e-01	   5.8096828244358467e-01	   5.9730199013345642e-01	   5.0639235872600952e-01	   5.3236913998939706e-01	   3.2580047389466160e-01	   3.9526005007913662e-01	   3.3714040445349774e-01	   3.9063387972277630e-01	   4.5804369990673377e-01	   3.7450122961531762e-01	   5.1462179806289310e-01	  -2.0668665637305610e-02	   4.2665496992811147e-01	   4.3986199808980309e-01	   5.9092395024715094e-01	   4.8135950372518005e-01	   2.5107017711601293e-01	   2.9794343846717519e-01	  -4.2129129803294349e-02	
   5.6495877407978212e-01	   4.8579838974510936e-01	   4.9123672801610596e-01	   6.5073641910269653e-01	   7.0162793740837914e-01	   7.0196628022328800e-01	   6.5035077810048336e-01	   6.9150812437496478e-01	   0.0000000000000000e+00	   7.6733598360157906e-01	   4.9755376018440017e-01	   5.1487459759598264e-01	   6.1286570091636072e-01	   4.2679378054797346e-01	   7.5351875782570299e-01	   6.9423455566734860e-01	   2.1138758666457419e-01	   1.9663240885704242e-01	   5.7286773742125363e-01	   6.2838197420604136e-01	   9.2664185278485675e-02	   3.0237411790167645e-01	   3.3342868009281412e-01	   5.2987389706582555e-01	   1.3985719230993221e-01	   2.9216886595946157e-01	   3.5042117286562502e-01	   4.9295271360781190e-01	   1.3527321498339406e-01	   8.1862636931894189e-02	   2.6601774047375382e-01	   2.0989748038733386e-01	   5.7638295768154502e-01	   5.6158770050296392e-01	   5.1709354075146385e-01	   4.7819218264335428e-01	  -1.4701359889195087e-01	  -5.3592884331085449e-04	  -9.1336604757744022e-02	  -2.0059593845032825e-01	   1.1900336563321720e-02	  -1.0721647552263104e-02	   4.9661109571190243e-01	   4.4132741612441578e-01	   5.4573858135341013e-01	   5.1389328434161952e-01	   3.9767793297375909e-01	   4.7196363846209577e-01	   4.2472299882604336e-01	   3.2650175250173497e-01	   5.0179547689474069e-01	   5.9727566801383292e-01	   4.7140694279005280e-01	   6.3663705730023112e-01	   3.4543974846312042e-01	   4.7139987570013675e-01	   5.7490708257999523e-01	   3.4957277088715255e-01	   6.3797520225801863e-01	   5.7441395907383530e-01	   8.0066042772198309e-01	   7.2264440190208412e-01	   6.3245766468823383e-01	   5.0371363262963742e-01	   3.5672445947486409e-01	   4.3117443482123119e-01	   5.8314772636287637e-01	   5.4856114338394935e-01	   4.6467232505018347e-01	   5.5204103618118872e-01	   4.2366180298210188e-01	   4.8105582717258716e-01	   2.5065077816327797e-01	   3.1605941447126140e-01	   3.4392848655778407e-01	   4.1880702108514611e-01	   4.3028589576880372e-01	   5.2667603513040295e-01	  -1.5788777500811810e-01	  -1.0620193155048914e-01	   3.0549732989841932e-01	   8.2592501662516915e-02	   4.8029149861706300e-01	   2.9744762265956132e-01	   3.8616657762626327e-01	   5.1335643325429470e-01	   1.8865756221406846e-01	   1.3770732976288405e-01	   6.1910845724683483e-01	   7.5227098628554834e-01	   6.7546494051186978e-01	   6.0764751323637811e-01	   5.9974805175428836e-01	   4.4920732066161795e-01	  -2.4346052705174548e-01	   2.8695867126325846e-02	   2.4310688336144085e-01	   4.2939160990487790e-01	   4.7388052032477923e-01	   6.0947247931352511e-01	   4.0850844775741024e-01	   4.1777361027293125e-01	   2.6706267022303093e-01	   3.0358578277599635e-01	   1.4483463699915655e-01	   3.0946571891887997e-01	   2.5200563322478159e-01	   5.3221062850515255e-01	   2.8380730419684704e-02	   2.1828885317069260e-01	   3.4972669860089978e-01	   5.7662557277136406e-01	   4.2975644513507094e-01	   2.0243836134510101e-01	   1.9043103852856413e-01	  -4.0046253618441857e-02	
   5.1287259834043142e-01	   3.8676779887071444e-01	   3.8378328425773989e-01	   6.3440689252978899e-01	   4.3946658670554067e-01	   7.1590122609259566e-01	   6.0826413026663351e-01	   6.8202020742079572e-01	   7.6733598360157906e-01	   0.0000000000000000e+00	   4.8985590037077842e-01	   5.2723552612638191e-01	   6.2659472150320839e-01	   4.7088310406320510e-01	   5.0708088709391264e-01	   5.8639073804519715e-01	   5.3466466459520412e-02	   2.3948538921139777e-02	   4.5092530890668781e-01	   4.4362862136871695e-01	   3.3072549839941469e-03	   2.7410978062071112e-01	   1.8521344475571733e-01	   4.1449909010782970e-01	   7.3484330497653752e-02	   2.6855353042620173e-01	   1.2727898947191651e-01	   2.8082611023492021e-01	   5.0834276652281830e-02	   5.4909177012599675e-02	   1.3334283217628304e-01	   1.1744151969378046e-01	   3.6809706644404933e-01	   3.8416530205862809e-01	   4.0811945209581724e-01	   3.2788829371902867e-01	  -1.6884851031085185e-01	  -1.0271318641033746e-01	  -6.3347922868203121e-02	  -1.6746816881673898e-01	  -1.2757522683203648e-01	  -1.0353632641466436e-01	   2.8070170090774055e-01	   3.6941922216037959e-01	   4.1486850912066142e-01	   5.2917866022002613e-01	   2.9228742792535134e-01	   4.1865500022465935e-01	   3.7317148955076029e-01	   3.4823299101084348e-01	   4.0027782810154222e-01	   4.4441329693047249e-01	   3.8049016995734136e-01	   5.0215712052465644e-01	   2.5117830478352016e-01	   3.4078356798757670e-01	   5.0883259167087036e-01	   3.6094269388281269e-01	   6.4904828124934488e-01	   5.8643702738679893e-01	   8.1462347395191315e-01	   8.6170611252441209e-01	   4.6356987321263710e-01	   3.9485182127601975e-01	   1.9298652175461908e-01	   4.0062903280268458e-01	   4.1750544705919101e-01	   4.3801179272673152e-01	   3.8591665102274736e-01	   5.1659015273366871e-01	   3.5254682853324054e-01	   4.3219824156781128e-01	   1.1941602867834455e-01	   2.4046319086399826e-01	   2.1350559831494517e-01	   3.2754927257500521e-01	   2.5176274207476290e-01	   3.6083148167631357e-01	  -1.9562198805664213e-01	  -1.5762672839896474e-01	   1.7998378778385815e-01	  -1.3195159293554543e-02	   2.0359052539494182e-01	   2.9939711847749417e-01	   1.9218165671899284e-01	   3.3216214728751514e-01	   8.8995163391836760e-02	   2.1630382472017343e-01	   6.3975398260050376e-01	   6.3445515345578296e-01	   5.5215397936980337e-01	   5.1403671611995216e-01	   5.5095662816311608e-01	   2.3839990270360634e-01	  -2.2542156739890290e-01	   7.7512145837561330e-02	   1.5702923090817950e-01	   3.2314393482549114e-01	   3.4815946845578316e-01	   4.8107333777662498e-01	   4.3040679554092776e-01	   1.8820745293634467e-01	   1.5929656859550348e-01	   3.5799071753362899e-01	   1.4209377338076640e-01	   3.5166006855875109e-01	   2.1961476056286466e-01	   4.4635442728067987e-01	  -4.6569745444171924e-02	   1.5388337235676000e-01	   2.3246409377374450e-01	   3.4983970629032946e-01	   1.7930330467908956e-01	   1.1809241963514110e-02	   9.4334565724432884e-02	  -5.3292430235757235e-02	
   8.1199362665286867e-01	   7.0193907933162403e-01	   5.7777308454691334e-01	   6.1352138678963497e-01	   5.0011173878271398e-01	   5.3956711377708166e-01	   6.3452282245879665e-01	   6.6839925417369705e-01	   4.9755376018440017e-01	   4.8985590037077842e-01	   0.0000000000000000e+00	   7.9834638022131288e-01	   8.4163655301680640e-01	   8.3790972262415242e-01	   7.1803967307012528e-01	   6.6197666898622698e-01	   5.9824847742456200e-01	   5.4409184847857994e-01	   6.6142724708206591e-01	   7.4834178539182794e-01	   3.6512900843388590e-01	   4.1059015504456764e-01	   5.1638599860106027e-01	   4.7912686396617787e-01	   2.5123997304914103e-01	   4.1928538550654726e-01	   3.7460423291687139e-01	   4.2398462068061948e-01	   5.3130524732109119e-01	   5.0621597683161190e-01	   3.6288849381274602e-01	   3.5573777860678901e-01	   5.7805039651974832e-01	   6.0099079902517483e-01	   1.3761123002791315e-01	  -7.1067361335065166e-02	   2.3727691421874780e-01	   2.9827020044996772e-01	   2.6576625231679141e-01	   1.4505061016217652e-01	   2.1305257611626705e-01	   1.2191464167950365e-01	   3.7634295659765132e-01	   4.2470039297165640e-01	   4.6573814472881564e-01	   3.9650770528709234e-01	   5.2300880705083497e-01	   4.8647058677323807e-01	   6.5712117227495614e-01	   5.8656105499852229e-01	   5.5195950417935058e-01	   6.1047053682906827e-01	   4.3560907207009048e-01	   3.9042951077725663e-01	   4.6061224296411407e-01	   4.6119845928787317e-01	   7.0545872285005951e-01	   7.0780817076877345e-01	   6.7648665432829691e-01	   4.0164957489903591e-01	   6.8055798439552140e-01	   4.7389610502597412e-01	   6.6291600088422098e-01	   6.1520193130346712e-01	   3.0285429612717379e-01	   5.2218382459180335e-01	   4.3672306592795146e-01	   3.8280207484994222e-01	   3.7368912984912206e-01	   2.8583988404490268e-01	   6.1374582837443747e-01	   6.2286988770937024e-01	   5.8268622204965403e-01	   7.1179214139614566e-01	   5.9449124452514779e-01	   6.0161229533897953e-01	   5.9763871505429300e-01	   5.8808683392112271e-01	   2.6181780486445660e-01	   3.6552543110754704e-01	   6.4665344005038849e-01	   5.4897199108515182e-01	   6.1923737334831308e-01	   3.7936578196293108e-01	   6.2543026236702803e-01	   6.3777170870996536e-01	   4.8208689425774620e-01	   4.6083357875641517e-01	   5.2042361189933095e-01	   4.0127699042116066e-01	   2.2417471637768133e-01	   1.4678231986813306e-01	   1.8647657714877261e-01	   5.3272982240479494e-02	   2.2638433664600777e-01	   4.6539624828470366e-01	   4.0573661113375736e-01	   5.4163376302892807e-01	   3.6490465742385175e-01	   2.6685075918216983e-01	   1.7479516705553666e-01	   1.9630606613232951e-01	   1.2777200387135315e-01	   2.7222640792948588e-01	   2.7004612229831915e-01	   3.0177210312447333e-01	  -3.5836988193167080e-03	   4.4739677934139588e-01	   2.0438739041509615e-01	   5.5297364165056506e-01	   4.9718385830955170e-01	   4.9452693911037604e-01	   2.3132993038370381e-01	   2.1444021416566189e-01	   3.4314096213020756e-01	   3.1854552168868927e-01	
   8.1650453348287466e-01	   7.6182627157536198e-01	   4.5068540857722911e-01	   6.4030300970352849e-01	   5.3899931594393979e-01	   5.6479912807019295e-01	   5.3857301539909941e-01	   7.3515700054866306e-01	   5.1487459759598264e-01	   5.2723552612638191e-01	   7.9834638022131288e-01	   0.0000000000000000e+00	   8.6138526094343404e-01	   9.0536186000958174e-01	   6.6952705881203822e-01	   7.7412107035202304e-01	   6.0658727772729315e-01	   6.6372766594059840e-01	   5.3072459048530818e-01	   6.3292006129289380e-01	   3.6451996552599220e-01	   3.3527014027339846e-01	   4.6362106105545625e-01	   4.9049579508493180e-01	   2.9127675945653153e-01	   4.0693096568318832e-01	   3.8604546368134107e-01	   3.0994359505795210e-01	   6.6971693919730368e-01	   7.3816092934277844e-01	   5.4294359383453705e-01	   5.3906102396485012e-01	   6.0125361118356202e-01	   6.5455679332380345e-01	   1.6955489132966461e-01	   7.1871259324399667e-02	   3.8456481646048624e-01	   4.1039249958066920e-01	   5.0074246267549183e-01	   4.1079177033688824e-01	   4.3526264976452761e-01	   3.1832895850198351e-01	   4.8647378605331604e-01	   4.8793541004501406e-01	   4.3077276441289730e-01	   4.2590494049163030e-01	   4.9220853004934950e-01	   5.4019203200158361e-01	   5.4413765858913044e-01	   5.3436584589107261e-01	   4.6767815282992559e-01	   5.4423002357033867e-01	   4.6646263313957403e-01	   3.2168066706163578e-01	   5.5994589179429810e-01	   5.0614488894983767e-01	   8.0234870784454815e-01	   7.0010770581430892e-01	   7.1828113092932899e-01	   6.2449781970628693e-01	   7.1765153385290592e-01	   6.4648930743529265e-01	   5.8358778651307663e-01	   6.8998034686790843e-01	   1.9530203291542048e-01	   4.7797723123370428e-01	   4.7342559648287141e-01	   5.2724545149076096e-01	   5.0799946651527828e-01	   5.1698825915988955e-01	   6.1109912625829788e-01	   6.0822685080779282e-01	   5.8752678454020946e-01	   6.9708305360167366e-01	   5.7617338228693782e-01	   6.2296364589646402e-01	   7.0214209657112403e-01	   6.9536265469930836e-01	   3.8308003428045345e-01	   4.4574970504413336e-01	   7.3646621620657360e-01	   5.8553433260949983e-01	   7.1747265781631153e-01	   6.7218758074702312e-01	   5.1254465856865772e-01	   5.6844438650310425e-01	   4.5550971953233954e-01	   5.3351245531396030e-01	   6.0892630696008365e-01	   5.6384587206042813e-01	   3.1866631308007931e-01	   1.7955341803568500e-01	   2.7539907958782245e-01	   7.3062218006727964e-02	   3.4626253273340757e-01	   5.8164784896581068e-01	   5.9282654770585408e-01	   7.0346941526048068e-01	   5.2013734112256327e-01	   2.9912804418112604e-01	   3.5766055970060701e-01	   1.3707229649299044e-01	   2.4784126385412195e-01	   1.7929197352342113e-01	   2.5770113384491061e-01	   2.7785460488695041e-01	   2.0963210043133326e-01	   4.9501492445568079e-01	   6.8461507707154919e-03	   6.1668260920278839e-01	   6.2235501084171296e-01	   4.7468853218751073e-01	   3.0416937506780067e-01	   2.2916382209869668e-01	   3.7362218277173770e-01	   7.8328645601180275e-02	
   8.0826402056179614e-01	   7.1515846435634334e-01	   5.0173943247513919e-01	   6.7652153061670972e-01	   5.2394924483931649e-01	   6.2186165322518339e-01	   6.9531846616784809e-01	   8.1258249004829675e-01	   6.1286570091636072e-01	   6.2659472150320839e-01	   8.4163655301680640e-01	   8.6138526094343404e-01	   0.0000000000000000e+00	   8.3815352760005957e-01	   6.8884580909492099e-01	   6.9375987255093896e-01	   4.7718578369879194e-01	   4.2274536325679513e-01	   5.3695609124239396e-01	   6.1804893219717494e-01	   2.4354964695629225e-01	   3.5664694644488903e-01	   3.8715989322682032e-01	   4.4004680442595434e-01	   1.7942220827867839e-01	   3.4379941515516854e-01	   3.3338137695914877e-01	   4.3785446269316602e-01	   4.8043714091539080e-01	   4.7497374361543598e-01	   3.6216054354524274e-01	   3.6753083503183420e-01	   5.9058791888806828e-01	   6.3445930624783697e-01	   2.1091747331583671e-01	   5.6860529753661251e-02	   1.8733037490044907e-01	   1.8396574194549095e-01	   2.5788265368507124e-01	   1.1757816348828054e-01	   2.5162955048967051e-01	   1.5994029388664677e-01	   4.0925569409039275e-01	   4.1681635056402960e-01	   4.2064098093715141e-01	   4.1189717987513719e-01	   4.2622392523957697e-01	   4.9093701877792995e-01	   5.3633813837345501e-01	   4.6543926874705832e-01	   5.3585883678208412e-01	   5.0103622859799146e-01	   4.4667868143527012e-01	   4.2911538170726160e-01	   4.6590621766442114e-01	   4.5133027729529485e-01	   7.6264918451852037e-01	   6.5039600752636373e-01	   7.6639280796140641e-01	   6.3193165599215584e-01	   8.0284351955250122e-01	   6.9173403190678606e-01	   6.1120294407153297e-01	   6.5932071872138054e-01	   1.7454395908792358e-01	   5.0229512705828760e-01	   5.1477305792666539e-01	   5.0838955474424552e-01	   4.9618871592315567e-01	   4.5220238758262010e-01	   6.5922107121835360e-01	   6.4458643946997363e-01	   5.3668589060887517e-01	   6.6057298149208910e-01	   6.0349874738737186e-01	   5.9879956245606047e-01	   6.2052228200555815e-01	   6.2135726938828428e-01	   1.3033057135901560e-01	   1.6211516010242560e-01	   5.7789223919241173e-01	   3.4155208277282123e-01	   5.6056274123491090e-01	   5.0718140965258252e-01	   4.5650621407078440e-01	   5.1474362764063164e-01	   3.5964388404151348e-01	   3.5204524120842967e-01	   6.9020221338616361e-01	   5.5043736395131082e-01	   3.6394743818849995e-01	   2.5476952739259290e-01	   3.4240519002108460e-01	   6.5601646327919413e-02	   1.1085340107716177e-01	   4.4493522561685306e-01	   3.7940809439258982e-01	   5.4597628037444013e-01	   4.3766385931714658e-01	   3.1005106930006904e-01	   3.7269364730231203e-01	   1.1232007009822821e-01	   2.0826778980058525e-01	   1.5795592446954687e-01	   3.2523892250631892e-01	   3.2295190907269561e-01	   2.0855747216665019e-01	   4.5044446439112029e-01	   1.2943431798645816e-02	   5.0376042949130695e-01	   4.6739226562408448e-01	   4.7636545164622274e-01	   2.7719698564617551e-01	   1.8788839223535977e-01	   3.2461857606273270e-01	   9.2997212225049697e-02	
