   0.0000000000000000e+00	   9.1616770346702303e-01	   7.4504864593130904e-01	   7.1450852170518941e-01	   7.1033086607315199e-01	   6.2584734650922291e-01	   7.6293458562423500e-01	   7.4770369159503902e-01	   7.0842134803397494e-01	   5.4648555404009524e-01	   8.8866312370556733e-01	   9.0993304480672044e-01	   8.5181620316914575e-01	   8.2485303514738706e-01	   8.0903597797398263e-01	   8.3765172720334546e-01	   9.1200875738586551e-01	   8.8015265918098740e-01	   9.0947893119707324e-01	   8.5594358293555484e-01	   4.6650201094021859e-01	   6.3735659011556056e-01	   7.0196407135774663e-01	   6.3942565642082372e-01	   6.4702671979162107e-01	   6.3481778573274106e-01	   7.0659576709874083e-01	   7.0219862774753639e-01	   8.5307613732408383e-01	   8.7521864115693937e-01	   7.8338808898315071e-01	   8.2441134059436050e-01	   8.9635346101748814e-01	   8.9221314247384609e-01	   5.7147418416368356e-01	   7.0063580923521829e-01	   4.2632183639948418e-01	   5.9062331943703672e-01	   5.7553725241630194e-01	   2.1992423527640514e-01	   7.1570290950834337e-01	   3.1955633604638639e-01	   8.1024876988372585e-01	   6.7424525331185103e-01	   6.5851170595285868e-01	   6.2816134415101388e-01	   7.9434569536922861e-01	   7.8251691044300253e-01	   5.7995754330155613e-01	   5.6849892512310340e-01	   8.1803895611879351e-01	   6.5677189961596394e-01	   8.3788792888685037e-01	   8.0925496308769962e-01	   9.0747382444679958e-01	   8.6843506235299817e-01	   8.9268756061711207e-01	   8.3717071856653802e-01	   8.4496431442130082e-01	   7.6315404641433160e-01	   8.1580092985732100e-01	   7.8836542744359706e-01	   9.0397792625279849e-01	   8.9090144279042616e-01	   6.0935625133496707e-01	   6.2002523739456394e-01	   7.4645914562130367e-01	   8.0289911780696710e-01	   8.3188232269290130e-01	   7.5197330905700477e-01	   7.3282018189515674e-01	   7.6906500666243560e-01	   8.7549941728118807e-01	   8.7812298718074766e-01	   8.6139745307477344e-01	   8.6650172601475584e-01	   8.0681421970106515e-01	   7.9924782322025445e-01	   8.4875860583424356e-01	   8.1869221451854801e-01	   9.1923541394918951e-01	   9.0246554056684070e-01	   8.6356695987689536e-01	   6.6727377823045997e-01	   9.1941104246143668e-01	   8.7522397580144273e-01	   6.8273384020358518e-01	   7.8779565955957986e-01	   8.3460621398188861e-01	   8.7385252118217394e-01	   5.0105057931715702e-01	   4.8528844654960646e-01	   4.5751985030169884e-01	   3.7307233298928133e-01	  -5.4599317643028392e-03	  -2.4114393954925822e-01	   7.0248346675297091e-01	   5.9957170702393559e-01	   8.8788613257366289e-01	   8.2402317308354522e-01	   6.9215536543606215e-01	   5.1499433987139775e-01	   7.2757768098440423e-01	   8.1939589875234797e-01	  -2.9850841401505612e-01	   2.7342181182467934e-01	   5.5699859294828258e-01	   1.3426901396954230e-01	  -3.5960513492181945e-01	   1.5965854059156104e-01	   5.8452225695527915e-01	   5.8737483358456910e-01	   6.9347875429666384e-01	   7.4419878052383148e-01	   4.6052517622806000e-01	  -3.2010075277531364e-01	
   9.1616770346702303e-01	   0.0000000000000000e+00	   6.2754176517358184e-01	   6.9366735108537370e-01	   5.9141904967900261e-01	   6.0192361631117230e-01	   6.4284922033541525e-01	   7.1924924465830453e-01	   6.3529899492876940e-01	   5.1993961478921891e-01	   7.8698991902095972e-01	   8.8664797216944913e-01	   7.4683940348045252e-01	   7.8983246614902891e-01	   7.2087874402611340e-01	   8.1988482706412746e-01	   8.7270535987988562e-01	   8.7931762161532623e-01	   8.6872898004388777e-01	   8.6236650568997275e-01	   4.5948809378739136e-01	   6.6106656332825520e-01	   5.8459268163702482e-01	   6.0066467346192165e-01	   5.2088032743072543e-01	   5.0225932439521137e-01	   6.3126049103945281e-01	   7.0040445358969139e-01	   7.8189599304865642e-01	   8.4033679813616002e-01	   6.3196566214947625e-01	   7.2708015632824341e-01	   8.2611829090941624e-01	   8.4565750774346671e-01	   4.3579487992828381e-01	   5.9010954726527809e-01	   3.7029933905691093e-01	   5.7165703487466368e-01	   5.1535143160878671e-01	   1.8988902347359987e-01	   6.0587581565129067e-01	   2.5388458452826068e-01	   7.2532286267426127e-01	   5.7037158645707353e-01	   5.3298346547597641e-01	   5.2241067770884153e-01	   7.2541592394139143e-01	   6.9801647563229352e-01	   4.5482990954784241e-01	   4.6328955781353592e-01	   6.7236069004382037e-01	   5.2474063486046796e-01	   7.7208790517116266e-01	   7.1827792768645993e-01	   7.9890771372516833e-01	   7.5400477890807638e-01	   9.3624229223267663e-01	   9.4113866354633591e-01	   7.8185031875257305e-01	   7.6275829741234047e-01	   7.2864258990585362e-01	   7.2460603191898154e-01	   8.6875189956125898e-01	   8.6359391273519326e-01	   5.0135247885944489e-01	   5.7430397347895767e-01	   6.6189630216784090e-01	   7.3389415240320566e-01	   8.7637585903469017e-01	   8.0998930882065467e-01	   6.4009539362983947e-01	   7.2835813853007525e-01	   7.7596373650697181e-01	   7.9840600575424914e-01	   7.8172688813958746e-01	   8.0329868742381183e-01	   6.9871059675051139e-01	   7.2978424696455702e-01	   8.3605402694587150e-01	   7.9960348578200258e-01	   9.1857517827272295e-01	   8.7594233804438437e-01	   7.9149483176501723e-01	   6.5876341447241660e-01	   8.8050631638915744e-01	   8.5209518785882343e-01	   5.7452464440800921e-01	   7.5643533216760650e-01	   7.7279750117811519e-01	   8.4699379166053057e-01	   5.1704898944059985e-01	   4.0329636290866860e-01	   4.5044643242662968e-01	   2.8549787955933059e-01	  -4.7693402702580184e-02	  -2.7970304548180613e-01	   5.7193653168921588e-01	   4.4327106459932158e-01	   8.3281020402800765e-01	   7.2650494910105756e-01	   6.5114144348905512e-01	   4.2551465313251585e-01	   6.7349950022311822e-01	   7.6587874498380348e-01	  -3.4372515010292903e-01	   2.0679936273204841e-01	   5.2966438029787233e-01	   1.3938486579533746e-01	  -4.1739653965873041e-01	   4.4744353443434567e-02	   5.3184130922958861e-01	   5.9771440771631612e-01	   6.6091066033779700e-01	   6.5766160424991760e-01	   2.7329286608432085e-01	  -3.3224834435365402e-01	
   7.4504864593130904e-01	   6.2754176517358184e-01	   0.0000000000000000e+00	   8.5931423372157512e-01	   9.2594607171369159e-01	   7.7533756482512584e-01	   9.4099763299126649e-01	   8.7088750744406807e-01	   8.8012558172219291e-01	   7.5156168022367908e-01	   7.6882516592983641e-01	   7.4022144837331305e-01	   7.8875888000161520e-01	   8.1924265955234632e-01	   8.2624135081876771e-01	   7.4741865057998869e-01	   6.5787131821026512e-01	   6.6826325297827616e-01	   8.2945641751600596e-01	   8.0497903138303828e-01	   5.1676376114512135e-01	   7.2055230072360610e-01	   9.3154912741418161e-01	   8.0169478799340510e-01	   7.6110008408308527e-01	   7.7345542246483279e-01	   8.5499141880197538e-01	   7.6636850670608592e-01	   6.1886509506273102e-01	   6.3717747443281691e-01	   8.8480308199270852e-01	   8.5924894108151184e-01	   8.9885622600586279e-01	   8.6375883679703458e-01	   7.8903837526495535e-01	   8.2120657521715001e-01	   2.8134885043637470e-01	   5.1639172274489631e-01	   5.9281147303784665e-01	   2.6555755854109775e-01	   6.0766755975155784e-01	   1.9895154790906405e-01	   7.8327761298897669e-01	   5.9199062482854969e-01	   5.2701016312405380e-01	   5.0551322452983616e-01	   7.9915083307189128e-01	   6.9479638233949004e-01	   3.4531136016248432e-01	   3.6964145025778639e-01	   6.8044461099196829e-01	   5.4720975304061226e-01	   7.6327604026205476e-01	   6.8040825782027692e-01	   8.2886469846005673e-01	   7.1255997967170148e-01	   6.3907804153212822e-01	   5.7275475099634887e-01	   8.1978248103013773e-01	   6.2197463667955355e-01	   8.4958053242635734e-01	   7.6124773442437221e-01	   6.6118314546093893e-01	   6.8647346201348225e-01	   8.9095457930595090e-01	   7.8807564119519502e-01	   9.1528057742782121e-01	   8.9121099514772029e-01	   6.1936476585175737e-01	   7.3557561683623574e-01	   7.3498699500736087e-01	   7.6497008737527628e-01	   7.6236310303088972e-01	   7.1738038934152237e-01	   8.3094391166113257e-01	   7.6320906175216052e-01	   8.1186315219862093e-01	   7.8850450391999249e-01	   6.6425126798591472e-01	   5.6568238618059619e-01	   6.8602096501844945e-01	   7.1095720560295272e-01	   7.5465529493784089e-01	   4.8649452803743942e-01	   8.1031177177570712e-01	   8.0462975305267259e-01	   5.3552223897160989e-01	   6.6377230345122451e-01	   8.2362387946435822e-01	   8.3935158872318882e-01	   7.3565799381308483e-01	   8.1179864796228585e-01	   7.3176225348987578e-01	   8.1994832352881408e-01	   1.1888738900151238e-01	  -8.0481757723894876e-02	   6.5847651934509110e-01	   4.6928071042723818e-01	   8.3511007399900472e-01	   7.7542145687422881e-01	   7.1241045501223188e-01	   8.1104217242696075e-01	   7.6154114595901912e-01	   7.8751213052671476e-01	  -1.2109940954563192e-01	   4.9792774181301480e-01	   6.3797196401258549e-01	   3.8467089605751004e-01	  -2.5103502150197343e-01	   1.5830439168178739e-01	   7.8292888205812461e-01	   7.4773902889918809e-01	   6.7244174813542634e-01	   7.9711424681330101e-01	   6.3580514916967124e-01	  -2.2181166347009268e-01	
   7.1450852170518941e-01	   6.9366735108537370e-01	   8.5931423372157512e-01	   0.0000000000000000e+00	   7.9333727264935772e-01	   7.6135573825091973e-01	   7.5983527455044153e-01	   8.9164032753101441e-01	   7.0758685672395005e-01	   7.0347325132608030e-01	   6.7959741726942435e-01	   7.6385135123476211e-01	   6.5856987189278005e-01	   8.3289335737087566e-01	   7.1486197852556865e-01	   8.0295305753847845e-01	   6.3563833544238146e-01	   6.7363607583119134e-01	   7.7519924746681013e-01	   8.0500589856843130e-01	   3.9201670521923399e-01	   7.4673456248761549e-01	   8.6405163306597155e-01	   9.4141393557144659e-01	   7.6171784037584467e-01	   7.8654681751817968e-01	   8.3669792567176426e-01	   7.8832187000254605e-01	   5.3264624258985194e-01	   5.9561520885849639e-01	   7.7092087760603389e-01	   8.1697838997519834e-01	   8.3961965001351391e-01	   8.5883268676010305e-01	   7.0515545377527711e-01	   7.5573817129593390e-01	   3.3828631948859200e-01	   5.9371628184436176e-01	   5.2268222866919312e-01	   2.6642849802426960e-01	   5.2298692141574477e-01	   1.6621855341216182e-01	   7.0610431995358258e-01	   5.3192646936003518e-01	   4.4149122162791504e-01	   4.2953918375692512e-01	   7.3358733298746004e-01	   6.5009540827583923e-01	   2.8458053768326586e-01	   3.1886193384856837e-01	   6.3895396270626792e-01	   4.6507117273876952e-01	   7.3594853941487970e-01	   6.6331177642583328e-01	   7.8110675055936329e-01	   6.5968459722156858e-01	   6.9840242821002763e-01	   6.6732522773666414e-01	   7.0344188696611720e-01	   6.1469751227949554e-01	   7.0862805937442497e-01	   7.7982267568728414e-01	   6.4072657982066106e-01	   6.8307932510149061e-01	   8.1011506164790814e-01	   8.7485773195068606e-01	   7.8834213107323847e-01	   8.3469185899702891e-01	   6.9779623012246583e-01	   7.3807657589954023e-01	   6.4203860096683441e-01	   8.1877944403052871e-01	   7.2937788286564587e-01	   7.1759565229762978e-01	   7.4923954606340459e-01	   7.3910365779671494e-01	   7.1430819014415547e-01	   7.5071697862195963e-01	   7.2155281483609413e-01	   6.3257133753595107e-01	   7.2993657284433100e-01	   7.3750754649599282e-01	   6.7575699821499569e-01	   4.5313223729981666e-01	   8.4771623115296324e-01	   8.9658112738011475e-01	   4.9195127955961315e-01	   7.1718981371704593e-01	   7.5322922125457326e-01	   8.5678505525428228e-01	   7.1733322959111112e-01	   7.1192028136620222e-01	   8.1681391458326846e-01	   6.5645350282979520e-01	   7.1130226839770785e-02	  -1.2698490906640186e-01	   6.1048763494579839e-01	   4.7772056472100366e-01	   7.9054139985686145e-01	   6.7425078595134802e-01	   6.7870069123283439e-01	   6.0731600294762944e-01	   6.6858921835160201e-01	   7.0315985233653233e-01	  -1.4910244123753646e-01	   4.1270967525512570e-01	   6.3520142615968811e-01	   2.4685716227463531e-01	  -3.9347551300630457e-01	   2.0282107847508793e-01	   7.2556367469122240e-01	   6.7838778333914340e-01	   6.3319742683231550e-01	   7.3461740072234094e-01	   5.1751584475811763e-01	  -1.9807073170372075e-01	
   7.1033086607315199e-01	   5.9141904967900261e-01	   9.2594607171369159e-01	   7.9333727264935772e-01	   0.0000000000000000e+00	   8.4961835667523722e-01	   9.2055092647728121e-01	   8.7484077319915843e-01	   9.1285774703451128e-01	   8.1780398351925276e-01	   7.7685781243950092e-01	   7.4602409976756734e-01	   8.0684715506190108e-01	   8.3752987678209301e-01	   8.5937279262781785e-01	   7.8587858701002944e-01	   6.5965770318495975e-01	   6.3391055969113941e-01	   8.1016671003591434e-01	   8.1672002375333419e-01	   5.6065073763141182e-01	   6.9343257878593778e-01	   8.2725082349244494e-01	   7.3723571836267077e-01	   7.2992986721548192e-01	   7.4964712699903568e-01	   8.8202501199152883e-01	   8.2499049110722789e-01	   6.2476310630210796e-01	   6.2949579924063304e-01	   8.1933214365543916e-01	   7.9377526986766944e-01	   8.4570926868646268e-01	   8.1450198744525804e-01	   6.7826953005586610e-01	   7.7265321401258502e-01	   2.1748740177025039e-01	   4.4245591554473285e-01	   5.6738078270414827e-01	   2.6960140459065429e-01	   6.4706282986290753e-01	   2.1310913760753170e-01	   8.1001865612081070e-01	   6.3039990308932004e-01	   5.8432970066077339e-01	   5.7354255565868217e-01	   8.3895359913736667e-01	   7.5198155068061201e-01	   4.2696565964657740e-01	   4.8825034633810416e-01	   7.0666571620612217e-01	   6.2273407766977251e-01	   7.4179819079472176e-01	   7.0356359515071176e-01	   7.9974950719613080e-01	   7.1885474232370372e-01	   6.0035308469145177e-01	   5.2804785330221915e-01	   8.2238299238738299e-01	   6.5331720471389643e-01	   8.4440569929555298e-01	   7.6020793237026052e-01	   6.7498567679954791e-01	   6.9770501639852878e-01	   7.9866527867093695e-01	   7.6896857804631735e-01	   8.9616230023412835e-01	   8.7895710777510516e-01	   5.9121974131080068e-01	   7.5754786470305358e-01	   6.6212820217300628e-01	   7.0556845897746712e-01	   7.1403372958581213e-01	   6.6271702872560712e-01	   7.8574918965770202e-01	   7.3175439218679128e-01	   7.4734768748747726e-01	   7.4244937201107331e-01	   6.2112887658445204e-01	   5.2324595175819566e-01	   6.6546189217655183e-01	   6.7659639033843022e-01	   7.8177024789378968e-01	   5.5004857207532787e-01	   7.8422610485105559e-01	   7.7935982356866407e-01	   4.9723611372613513e-01	   6.6238495439999046e-01	   8.0086931510930237e-01	   8.0960841877789735e-01	   7.8123255360952182e-01	   8.2046533625736373e-01	   7.4564989158910111e-01	   8.1283645474853650e-01	   1.0597518388847528e-01	  -9.0371909409825812e-02	   6.7444753431086324e-01	   5.0896906619696869e-01	   8.4704616136160449e-01	   8.0190038056903368e-01	   7.4359987701260366e-01	   8.2927722599327591e-01	   7.9903946095237632e-01	   8.2145215626288037e-01	  -1.6092788175144666e-02	   5.6159108249157286e-01	   7.4115010072166143e-01	   4.6938915451740493e-01	  -2.7506719560505372e-01	   1.4420564227429231e-01	   8.2213693397355680e-01	   7.8553279266947129e-01	   7.2969548799705153e-01	   7.6100711418479250e-01	   5.9102875966839363e-01	  -2.1779069806583515e-01	
   6.2584734650922291e-01	   6.0192361631117230e-01	   7.7533756482512584e-01	   7.6135573825091973e-01	   8.4961835667523722e-01	   0.0000000000000000e+00	   8.3682154294433242e-01	   9.2312063968382263e-01	   8.3491261853725662e-01	   9.4367137386018152e-01	   7.2199864602412367e-01	   7.3621840983061060e-01	   7.6329014568583398e-01	   8.6719908467957030e-01	   8.2956454968808480e-01	   7.6657936577259822e-01	   6.3840135418545718e-01	   6.1715099037642029e-01	   7.6452821280759831e-01	   7.9181487126353356e-01	   5.3472808188459497e-01	   6.4568151856224143e-01	   6.8542017689038115e-01	   6.4290670368535729e-01	   4.9399354306206866e-01	   6.6619409340824365e-01	   7.7406558575860562e-01	   8.6948302526967181e-01	   6.2057875553826058e-01	   6.2307883713832068e-01	   6.6772447362998166e-01	   7.4736899193643080e-01	   7.7968496162854639e-01	   7.8773848823319315e-01	   5.1567262656401647e-01	   6.4096944663347033e-01	   1.3474036275065349e-01	   4.1791085589577615e-01	   5.4693617003240769e-01	   2.1620083424466952e-01	   5.6345657750733324e-01	   7.3663846600585434e-02	   7.0689708656689620e-01	   5.1160690789596175e-01	   4.8061052464179826e-01	   5.1722555088174060e-01	   8.0059248534271288e-01	   6.9895772303729298e-01	   3.4613222283842687e-01	   4.5375934751853336e-01	   6.1715219140949307e-01	   5.7458142637579890e-01	   7.2726651558794198e-01	   7.0453035448340395e-01	   7.2588051950154464e-01	   6.6857590465878758e-01	   6.0004216034774949e-01	   5.5492121471931322e-01	   7.8088591138644059e-01	   6.9371806768972055e-01	   8.1254040742552336e-01	   7.9904655901430999e-01	   6.8974773703309722e-01	   7.1904989773885197e-01	   6.3918217010282530e-01	   7.3914331079801454e-01	   8.0762091190976393e-01	   8.2282283054303473e-01	   5.1030097314272727e-01	   7.6167704741933617e-01	   5.1750740438929244e-01	   6.8317392270073851e-01	   6.2662764616911870e-01	   5.8230892528837241e-01	   6.8784977357426080e-01	   6.5671643742674302e-01	   6.4156949770224525e-01	   6.5875120362271611e-01	   5.8516391245966948e-01	   4.7387145220573079e-01	   6.6832104574871565e-01	   6.2438365253632933e-01	   7.4780254928682910e-01	   5.3283917878321985e-01	   7.3997276428160208e-01	   7.0031157189549909e-01	   4.5518308023809484e-01	   5.3143440660577768e-01	   7.8156015350985164e-01	   7.5437213629473798e-01	   8.2887074794751159e-01	   7.8359873748599540e-01	   7.8338940361972687e-01	   6.8273406623449751e-01	   7.6776290427887209e-02	  -1.0599397297540095e-01	   6.0580459567186362e-01	   4.5969838458550166e-01	   8.1139120352338323e-01	   7.6506492111502067e-01	   7.8543293932964953e-01	   7.8170569347376229e-01	   7.6520549152275552e-01	   7.7367922457827731e-01	  -6.6596264528970148e-02	   3.9835399894947621e-01	   7.1723931081495107e-01	   4.0375856266840721e-01	  -2.8636966475891829e-01	   8.4660206968716470e-02	   8.5734665528564780e-01	   8.3194508917596977e-01	   6.9685311108735659e-01	   7.2993186526482445e-01	   4.3186602236649135e-01	  -2.7224215380972316e-01	
   7.6293458562423500e-01	   6.4284922033541525e-01	   9.4099763299126649e-01	   7.5983527455044153e-01	   9.2055092647728121e-01	   8.3682154294433242e-01	   0.0000000000000000e+00	   8.9642739123738924e-01	   9.3539093806767082e-01	   8.1256079233910550e-01	   8.4692817476103532e-01	   7.8587071956355814e-01	   8.9542474590069554e-01	   8.5154751985747290e-01	   9.0400102930606918e-01	   7.6157176847002950e-01	   7.1861333543829109e-01	   7.0273649171017927e-01	   8.5877029779383429e-01	   8.2271192649074099e-01	   5.7862477033530646e-01	   7.0589441782470552e-01	   8.3430432014358202e-01	   6.6503106333056605e-01	   6.2882928722174913e-01	   7.1310433461165923e-01	   8.0048227308012465e-01	   7.8851483545927481e-01	   7.3417045525194002e-01	   7.1944327888988635e-01	   8.7170418651841919e-01	   8.6750214162773087e-01	   8.9754531141531646e-01	   8.6254509225176912e-01	   6.8519537486043480e-01	   7.7125492969850462e-01	   2.4490133101077477e-01	   4.5321352681750482e-01	   6.4129949320242607e-01	   2.8266911948465595e-01	   6.8326087126222312e-01	   2.2731325838467106e-01	   7.9971673335882332e-01	   5.9955113928110337e-01	   5.4683311128891909e-01	   5.4105260823507573e-01	   8.3957683471252376e-01	   7.2748669227825913e-01	   3.8051837764992680e-01	   4.2763907870514567e-01	   7.1347857960707040e-01	   6.1057303273789376e-01	   8.0476641506205326e-01	   7.5267540308238134e-01	   8.4566766878562194e-01	   7.5549286223033008e-01	   6.3208682706939812e-01	   5.6385823781913946e-01	   8.6084755507149779e-01	   6.7164462285596438e-01	   9.3163326014643899e-01	   7.9372386969003184e-01	   7.4106229797972134e-01	   7.4650681566174748e-01	   8.1297404637563819e-01	   7.1224937945822953e-01	   9.1862814867671472e-01	   8.8703320254826856e-01	   5.7118483107583762e-01	   7.4667608530091001e-01	   7.3624618049361390e-01	   7.3838795592589856e-01	   7.7300747425436522e-01	   7.2515598118920832e-01	   8.5975580967884957e-01	   7.9138350244304234e-01	   8.2969394531075280e-01	   7.7899621392219232e-01	   6.6002252240512993e-01	   5.7982823971676400e-01	   7.2615291525313597e-01	   7.3224518616907674e-01	   8.2969952541300196e-01	   5.8672331151593471e-01	   7.8274572801591580e-01	   7.5449305121148025e-01	   5.3287770625238151e-01	   5.9818359835558832e-01	   8.0829526896828818e-01	   8.2526290662958057e-01	   7.6002840382348313e-01	   8.2630113129345473e-01	   6.7278491596157475e-01	   7.8933060912565078e-01	   9.8664014243711989e-02	  -8.3235863280850253e-02	   6.9013591661735940e-01	   5.0719075740966524e-01	   8.7028400410962670e-01	   8.4661996202074696e-01	   7.7184749687653442e-01	   8.7461036988406571e-01	   8.1192463885980837e-01	   8.3440004545348800e-01	  -9.3943927150638151e-02	   4.8571481522382409e-01	   6.6711962935009361e-01	   4.1826316071970859e-01	  -2.9757524365237392e-01	   1.1137296934786406e-01	   8.3888874002751068e-01	   7.8626642312044359e-01	   7.0573890133478367e-01	   8.2535442184414665e-01	   6.4658172505944955e-01	  -2.5528084809600005e-01	
   7.4770369159503902e-01	   7.1924924465830453e-01	   8.7088750744406807e-01	   8.9164032753101441e-01	   8.7484077319915843e-01	   9.2312063968382263e-01	   8.9642739123738924e-01	   0.0000000000000000e+00	   8.6067100532534857e-01	   8.8309377623479557e-01	   8.0656414140488597e-01	   8.4653219016372638e-01	   8.0776794018248621e-01	   9.2505893577516174e-01	   8.6611183491639809e-01	   8.5802220626936054e-01	   7.2181847949560385e-01	   7.2735223412843431e-01	   8.8243401340127814e-01	   9.0906352393185896e-01	   5.4108878001154415e-01	   7.5016021240858755e-01	   8.1908165822971934e-01	   8.0796707239531873e-01	   6.1834959498807085e-01	   7.4186703462912740e-01	   8.2530788493103779e-01	   8.7445340233901792e-01	   6.8242906786965551e-01	   7.0871321506452900e-01	   7.9351955516966144e-01	   8.7739954075368010e-01	   8.9026632302499098e-01	   9.0244720112485166e-01	   6.3421531663808239e-01	   7.4894976213025233e-01	   1.9720824462246664e-01	   5.0153755043390047e-01	   5.9605919472331115e-01	   3.2061730184241310e-01	   6.3767953053932069e-01	   2.2739108699844429e-01	   7.7740596841931764e-01	   5.4107668403040865e-01	   4.8760248391084837e-01	   5.1673071118687963e-01	   8.5854451716366087e-01	   7.3994743433258792e-01	   3.0701399637568055e-01	   4.1482541847794291e-01	   6.6076533069038534e-01	   5.4779123888541081e-01	   8.3931973430910811e-01	   7.7605386095648354e-01	   8.0952247014707479e-01	   7.0914429314675831e-01	   7.0812831505947527e-01	   6.5391382379770380e-01	   8.2066687896177748e-01	   7.1370700771006601e-01	   8.6505589996623566e-01	   8.8171239803302792e-01	   7.7033614424855867e-01	   8.0658190948023023e-01	   7.4957209860607632e-01	   8.4350098572820631e-01	   8.7639665280620815e-01	   8.9903401042530340e-01	   6.6785539795887416e-01	   8.5895418022556003e-01	   6.1399490553115310e-01	   7.7816367889371341e-01	   7.3285289213017513e-01	   7.1362873846621278e-01	   8.0732670217186531e-01	   7.8414733180166785e-01	   7.5293847515376444e-01	   7.7144220228346883e-01	   6.8225863903666395e-01	   5.7733851113715629e-01	   7.7839957637995216e-01	   7.6814053520673609e-01	   8.3200036574129954e-01	   6.3828667463323607e-01	   8.4021622340444757e-01	   8.4390006485182134e-01	   4.5161114928297791e-01	   6.8078786607072073e-01	   8.0937690859952038e-01	   8.8476615623391996e-01	   8.7717995800344817e-01	   8.3507393229195781e-01	   8.3318076524560081e-01	   7.2402333380507167e-01	   9.4181015268800086e-02	  -1.1968486828279627e-01	   6.4229422472724007e-01	   4.6801508823662114e-01	   8.7394336479311563e-01	   8.0366128578111751e-01	   8.1083615267523590e-01	   7.7835304088627000e-01	   8.2006633809668505e-01	   8.3655466534668765e-01	  -9.1266788507125385e-02	   4.7287149867336431e-01	   7.6923128987306866e-01	   4.1644708899536764e-01	  -3.9728223842326327e-01	   6.1513631870787608e-02	   8.5150456918464767e-01	   8.3389154671015364e-01	   6.9435534097832785e-01	   8.0027016730046052e-01	   5.5013920576998854e-01	  -2.5336544979187725e-01	
   7.0842134803397494e-01	   6.3529899492876940e-01	   8.8012558172219291e-01	   7.0758685672395005e-01	   9.1285774703451128e-01	   8.3491261853725662e-01	   9.3539093806767082e-01	   8.6067100532534857e-01	   0.0000000000000000e+00	   8.5352564701504918e-01	   7.6989087625255292e-01	   7.4330324585348229e-01	   8.3696896643075025e-01	   8.4031352319345509e-01	   8.9778557834790185e-01	   7.6448110541038372e-01	   7.0134408511551949e-01	   6.6647119627199980e-01	   8.2633418041328710e-01	   8.1039781779161491e-01	   5.9566652248940943e-01	   7.2246625597707048e-01	   7.6740823059833208e-01	   6.2845522170093082e-01	   5.7654973237727614e-01	   6.4134605074828710e-01	   7.8645513196529149e-01	   8.0917845414660527e-01	   7.0711898605818568e-01	   7.0351658739217315e-01	   7.9693856085342030e-01	   8.0720400208543530e-01	   8.5629495162081692e-01	   8.3196946785710546e-01	   6.2641732607742873e-01	   7.7414509987338542e-01	   2.1032073289240608e-01	   4.4066780291399632e-01	   6.1391077958341556e-01	   2.7813761115349794e-01	   6.7491491130318559e-01	   2.5339697055515253e-01	   7.7134272347207378e-01	   5.7493706897205588e-01	   5.5365292332858251e-01	   5.5792121022178276e-01	   8.1786253000010933e-01	   7.0165162491821365e-01	   3.6642161669798706e-01	   4.5420042533841976e-01	   6.5094376149439226e-01	   5.8309203485506389e-01	   7.3543848301244319e-01	   6.6611255427847016e-01	   7.7688687601225870e-01	   6.8092561267907381e-01	   6.2294692656044737e-01	   5.6374814011556817e-01	   8.4710655243974953e-01	   7.0513551795539375e-01	   8.9934006566422864e-01	   7.8931378084933534e-01	   7.0499155966961169e-01	   7.1218536744754357e-01	   7.5078279273461124e-01	   7.1686293552706748e-01	   8.9681618904079996e-01	   8.6718587018175519e-01	   5.9281780911012694e-01	   7.6882095056774080e-01	   6.7498418769566892e-01	   6.9118365041065266e-01	   7.2953962027474173e-01	   6.9123836357707158e-01	   8.2468352926926447e-01	   7.5379141517960768e-01	   7.7603336438101767e-01	   7.5578168141442958e-01	   6.3683412218483171e-01	   5.5113853945654523e-01	   7.0177057256460595e-01	   6.8377384760004112e-01	   8.1497480367091368e-01	   5.8706347454306851e-01	   7.3879632869605960e-01	   7.2154072969966143e-01	   5.2200854005253050e-01	   5.9825791723478461e-01	   7.8628088323136192e-01	   7.9258254087417501e-01	   7.5425471536047728e-01	   7.7561913695988050e-01	   6.7255248338516971e-01	   7.7208837965918198e-01	   1.6181115251312139e-01	  -3.9151361594611370e-02	   6.6332449551532990e-01	   4.6462876180665458e-01	   8.1083952097484602e-01	   7.8219864555352447e-01	   7.1167585413247647e-01	   8.4748495942187019e-01	   7.7562146336261661e-01	   8.1466736749724888e-01	  -4.4202267375886381e-02	   5.0846661742628907e-01	   6.6654939054688511e-01	   5.0057714348103433e-01	  -1.8230783091214350e-01	   1.2441630592792843e-01	   8.0059180126736207e-01	   7.9335359181176668e-01	   7.1118474076442617e-01	   7.7631227757285048e-01	   5.7313425179173305e-01	  -2.2043997724443440e-01	
   5.4648555404009524e-01	   5.1993961478921891e-01	   7.5156168022367908e-01	   7.0347325132608030e-01	   8.1780398351925276e-01	   9.4367137386018152e-01	   8.1256079233910550e-01	   8.8309377623479557e-01	   8.5352564701504918e-01	   0.0000000000000000e+00	   6.4304178461018391e-01	   6.4131530101591794e-01	   7.0914684082533019e-01	   8.2155213156858087e-01	   7.9930576236698947e-01	   7.0248192044689151e-01	   5.4401470551078390e-01	   5.0762955840630364e-01	   7.2153995699759610e-01	   7.4992562431498744e-01	   4.5358145993047327e-01	   5.8091626950535269e-01	   6.6705716292261497e-01	   5.8108683096463898e-01	   3.9152586797917499e-01	   5.5239489880751858e-01	   6.8662694602825924e-01	   7.9070489847427794e-01	   5.4530552723868075e-01	   5.3911174398281869e-01	   6.1028963077436582e-01	   6.8986746484651107e-01	   7.3028479358211440e-01	   7.3496913522456353e-01	   4.7152365431794768e-01	   5.8685403459836061e-01	   5.2078770573674396e-02	   3.5728358318111275e-01	   4.5856243187581380e-01	   1.8753662625847625e-01	   5.0098312083471253e-01	   4.9055033250498425e-02	   6.1396363133027831e-01	   3.9986291620792391e-01	   3.9472891588426662e-01	   4.3502614384513777e-01	   7.1296725749118950e-01	   5.8089341758757151e-01	   2.5894090168119499e-01	   4.0815640044255314e-01	   5.4720219744992993e-01	   5.3780457863842512e-01	   6.8315881519579502e-01	   6.5010752302608799e-01	   6.3121850097184407e-01	   5.6141287066539403e-01	   5.0659064869614845e-01	   4.7276703451947044e-01	   7.5729717439468502e-01	   6.8656996871835974e-01	   8.0475385531306021e-01	   8.0216967691193997e-01	   6.2215233746573995e-01	   6.5023678284644859e-01	   6.3992437657501933e-01	   7.1011528603968743e-01	   7.7678882342103583e-01	   7.6037252990892656e-01	   4.8581997520572145e-01	   7.4290531544369232e-01	   4.4441225159223025e-01	   6.0970538525545714e-01	   5.6131028162358765e-01	   5.1800391197567364e-01	   6.4637716582769678e-01	   6.0331979632408350e-01	   6.1135656043935260e-01	   6.1620584020085312e-01	   4.7529105729332144e-01	   3.5876083836496592e-01	   5.7514780743512939e-01	   5.3173573214616221e-01	   6.8694990878958051e-01	   4.6424954394140694e-01	   6.6208479450490176e-01	   6.1784230284988717e-01	   3.5083422032906914e-01	   4.4268342195447774e-01	   7.0772591635643312e-01	   6.9062022070101337e-01	   7.9960709183983014e-01	   7.5518774493271512e-01	   7.4577964089921345e-01	   7.0848297421640538e-01	   1.8361126523708071e-01	  -3.0178297620745764e-02	   5.4689732413340808e-01	   3.8404655259505932e-01	   6.9805129340122440e-01	   6.6439486321989838e-01	   6.9511510617405425e-01	   7.8401629745109647e-01	   7.0043771010988665e-01	   7.2248461419017307e-01	  -3.9914495070381251e-02	   4.7527121523561716e-01	   6.8723471533486491e-01	   4.8515940026949156e-01	  -1.8281115224196037e-01	   7.7110806570704196e-02	   7.9305610972217433e-01	   7.6638033449448550e-01	   6.3931481656260858e-01	   6.8728949645773785e-01	   4.3702325604755332e-01	  -1.7216881077027890e-01	
   8.8866312370556733e-01	   7.8698991902095972e-01	   7.6882516592983641e-01	   6.7959741726942435e-01	   7.7685781243950092e-01	   7.2199864602412367e-01	   8.4692817476103532e-01	   8.0656414140488597e-01	   7.6989087625255292e-01	   6.4304178461018391e-01	   0.0000000000000000e+00	   9.2592680240501823e-01	   9.5385854741192933e-01	   8.7080755352158046e-01	   9.0796902664102319e-01	   8.5855181238285050e-01	   8.8031015902029941e-01	   8.4400133622574236e-01	   9.0598769978717386e-01	   8.4260161734176386e-01	   4.7266475329570884e-01	   6.5062824542384412e-01	   7.3846141246830732e-01	   6.3871004947398224e-01	   5.6253476131530300e-01	   6.5682252889971904e-01	   6.8055156871392730e-01	   7.4278708831631568e-01	   9.1193704830193134e-01	   8.9596066372678651e-01	   8.5041023353214906e-01	   8.8982542833719558e-01	   8.7277925503938159e-01	   8.5733824179750984e-01	   5.7314486233638362e-01	   6.7162524478925012e-01	   3.9490400910356105e-01	   5.3127471739869137e-01	   6.4937259371699796e-01	   3.1987335024633146e-01	   7.1753828952520138e-01	   3.5274855479859440e-01	   7.4713897599462187e-01	   5.7275163809672769e-01	   5.3747164713402840e-01	   5.1467266909614384e-01	   8.0042710285153928e-01	   7.4437854271852677e-01	   4.0236626536340431e-01	   4.1641627843382745e-01	   6.7793046286358449e-01	   5.1448154589411321e-01	   8.3207092362052637e-01	   7.7678716836470896e-01	   8.6538548906971902e-01	   8.0086369226060161e-01	   7.7152370101583445e-01	   7.2349496689282988e-01	   8.0094971992298147e-01	   6.8795023046640391e-01	   8.8305662016703557e-01	   7.8436090202297182e-01	   9.2284042275042011e-01	   9.0613705297067426e-01	   6.5021081468809705e-01	   5.8620083767191222e-01	   7.6236154964495251e-01	   7.8347893475566588e-01	   6.7212570132190252e-01	   7.2980376744479125e-01	   7.3985539118359711e-01	   7.5198880239089338e-01	   8.7480569646976303e-01	   8.4876314181628421e-01	   9.0817326618027727e-01	   8.8369343364875041e-01	   8.4768306906226387e-01	   7.9106382083158544e-01	   7.8547611365648906e-01	   7.6149524166565385e-01	   8.6199358538655413e-01	   8.8642522758565157e-01	   9.2942007542286909e-01	   7.2427390378305634e-01	   8.6039362762250504e-01	   8.2262137067492835e-01	   6.3772016467470949e-01	   7.5665839746102614e-01	   8.0202395000186422e-01	   8.6828720070101506e-01	   6.1059560697126036e-01	   6.2905551363380829e-01	   5.1057130892257385e-01	   5.1662489243822374e-01	   5.5478497434999080e-03	  -1.9545881231969936e-01	   7.2840185181945860e-01	   5.5732781979597235e-01	   8.8188410472923939e-01	   8.3747286905096441e-01	   7.2077250142767291e-01	   6.5492831755211656e-01	   7.6327679734981713e-01	   8.5400576154773067e-01	  -2.8801067122856394e-01	   2.9275841276666631e-01	   5.8913983946341320e-01	   1.8409164878804188e-01	  -3.6904044210114939e-01	   1.1875374448904259e-01	   6.8854361317241375e-01	   6.2396555936360487e-01	   6.3919079640798182e-01	   7.6816691073073540e-01	   5.3122575967524499e-01	  -3.2422554897274558e-01	
   9.0993304480672044e-01	   8.8664797216944913e-01	   7.4022144837331305e-01	   7.6385135123476211e-01	   7.4602409976756734e-01	   7.3621840983061060e-01	   7.8587071956355814e-01	   8.4653219016372638e-01	   7.4330324585348229e-01	   6.4131530101591794e-01	   9.2592680240501823e-01	   0.0000000000000000e+00	   8.7571731495043226e-01	   9.2068199952861174e-01	   8.4483824657586148e-01	   9.2608141341998140e-01	   8.8764654619652084e-01	   8.9226856185326997e-01	   9.3105554032806326e-01	   9.1016423960823301e-01	   4.7595072063492028e-01	   7.0220988954410801e-01	   7.2212552854209477e-01	   7.2590271701700326e-01	   5.9114677143584049e-01	   6.4613632441988433e-01	   7.1543914516359752e-01	   7.8904193958003011e-01	   8.6706402872133737e-01	   9.0002027273142138e-01	   7.7499958074262509e-01	   8.7614465721872459e-01	   9.0323293993857212e-01	   9.2151815627359945e-01	   5.5006731809928922e-01	   7.0205512398327374e-01	   4.0390635540566111e-01	   6.0032451589460645e-01	   6.3721872962540482e-01	   3.3746488715350209e-01	   7.0327772889584050e-01	   3.0654696976958046e-01	   8.2962483706841561e-01	   6.5659722408546317e-01	   5.9067223621960196e-01	   5.8895741747096941e-01	   8.7330872657448344e-01	   8.3016609220240078e-01	   4.5677542069416399e-01	   4.6864222033098857e-01	   7.1721555338229803e-01	   5.4533641899933771e-01	   8.8455869252129093e-01	   8.0248808802645999e-01	   8.8136868998096762e-01	   8.4578603300959465e-01	   8.6048010248187379e-01	   8.2970107675596072e-01	   8.1076240479896255e-01	   7.5600308107018777e-01	   8.3194728676361762e-01	   8.2222922699123790e-01	   9.2286705592721896e-01	   9.3985756151362532e-01	   6.1939387422845882e-01	   6.6431859163153373e-01	   7.7084592199629820e-01	   8.3621883207506764e-01	   7.7540378740635929e-01	   8.2038715677743324e-01	   7.1485583071129566e-01	   8.0808769877125752e-01	   8.5314437607304372e-01	   8.6359722551708362e-01	   8.8104562496158967e-01	   8.9979591001149339e-01	   8.1185006845600161e-01	   8.2473143370263369e-01	   8.4797297568675378e-01	   8.1484124070555419e-01	   9.2405028940356415e-01	   9.2853038932551724e-01	   9.0945003806079661e-01	   7.0886407936258322e-01	   8.8265933878435798e-01	   8.9936824694673922e-01	   5.7224519937962703e-01	   8.3017016272417077e-01	   8.0289213022989148e-01	   9.2668595583631475e-01	   6.3415493782868548e-01	   5.8711948259787727e-01	   5.4248031083774628e-01	   4.3137330861009315e-01	  -1.1883748542639158e-01	  -2.6414490254570183e-01	   6.6815509000060658e-01	   5.4930322916280971e-01	   9.1049527145603859e-01	   8.1966486988234133e-01	   7.1130857305125195e-01	   5.7469906892668510e-01	   7.3689814302830769e-01	   8.1935806192736993e-01	  -3.6166120419794190e-01	   2.3199980157976530e-01	   6.0569868026491869e-01	   2.0787229937090695e-01	  -4.8075296502386194e-01	   5.7483616910771126e-02	   6.8280065005481316e-01	   6.7385869031292667e-01	   6.4859857833255619e-01	   7.2292226702993223e-01	   4.1320543598865794e-01	  -3.7254780019343930e-01	
   8.5181620316914575e-01	   7.4683940348045252e-01	   7.8875888000161520e-01	   6.5856987189278005e-01	   8.0684715506190108e-01	   7.6329014568583398e-01	   8.9542474590069554e-01	   8.0776794018248621e-01	   8.3696896643075025e-01	   7.0914684082533019e-01	   9.5385854741192933e-01	   8.7571731495043226e-01	   0.0000000000000000e+00	   8.8052431231445072e-01	   9.3553402987439549e-01	   8.1403648524742445e-01	   8.3025465650531438e-01	   8.0371475819625626e-01	   8.6383426807714569e-01	   7.9866893173888698e-01	   5.1784711785199855e-01	   6.4099815356278189e-01	   7.2183501151575380e-01	   5.7598803158613021e-01	   5.6526251489187906e-01	   6.5173573104632998e-01	   7.0779982037537259e-01	   7.5317490376731444e-01	   8.8780387660808835e-01	   8.6574559724714029e-01	   8.4634645567663180e-01	   8.7138871513238136e-01	   8.8144516823977859e-01	   8.5614642175716060e-01	   5.9015631412124969e-01	   6.9633509023113027e-01	   3.6199429188746363e-01	   4.8674548945766205e-01	   6.7485485572066850e-01	   2.7073083428586181e-01	   7.5278826089823370e-01	   2.9447791050901301e-01	   7.5940310359544450e-01	   6.0091467843799418e-01	   5.4231618208884269e-01	   5.2594966724724990e-01	   8.0323220374989956e-01	   7.3771316659294639e-01	   4.3437940374361478e-01	   4.5983638683167360e-01	   7.2408211555460578e-01	   5.9684049693435193e-01	   8.3443589041021982e-01	   7.8513336044018400e-01	   8.6636909935018336e-01	   7.9810160833344290e-01	   7.2509649115772945e-01	   6.8185214940747141e-01	   8.3593302812501513e-01	   7.2111551663468765e-01	   9.2711589498025138e-01	   7.9600790466286941e-01	   8.6645893130276974e-01	   8.4791208045825850e-01	   6.9656272743736736e-01	   5.9150193130855877e-01	   8.1303342795275624e-01	   8.1143609936006444e-01	   6.2445321918103658e-01	   7.0146188975900969e-01	   7.4343780768814172e-01	   7.5021121923393341e-01	   8.5036166669117341e-01	   8.1049806560583249e-01	   8.9437241594125272e-01	   8.5179914818727254e-01	   8.6252476803351552e-01	   7.9979621408718282e-01	   7.5490349053827233e-01	   7.3156511941030544e-01	   8.1727803403732135e-01	   8.1982787367289600e-01	   8.8959946181324812e-01	   6.5759375642665219e-01	   8.1940213600632605e-01	   7.6181101551422126e-01	   6.7268624363317098e-01	   6.5488485426361231e-01	   8.1345083073351865e-01	   8.3174951939376862e-01	   6.1251773341481019e-01	   6.5120610371196919e-01	   5.0700777770084282e-01	   5.7344091180431300e-01	   9.5526712456653427e-03	  -1.6185440213796354e-01	   7.2477878812322749e-01	   5.6259117931219627e-01	   8.7336830958084677e-01	   8.5179265430503714e-01	   7.2642299434046187e-01	   7.4304596100260412e-01	   7.7798347121490163e-01	   8.5631775913379560e-01	  -2.0827336804697266e-01	   3.3529880271907286e-01	   5.6205204527981034e-01	   2.3012958173063286e-01	  -3.1655504539930091e-01	   1.4049188052877618e-01	   7.1853230019104408e-01	   6.3957889585115857e-01	   6.5273109068667479e-01	   7.8962909288719274e-01	   5.5615401716849722e-01	  -3.3517898157403414e-01	
