   0.0000000000000000e+00	   7.3115882901243090e-01	   4.0774993402611648e-01	   2.8218329576411283e-01	   1.4023919403756435e-01	   5.5395916250653465e-01	   3.0272736022968083e-01	   4.6428698593246009e-01	   3.5009053217776454e-01	   4.3477843384799103e-01	   7.9706465809628213e-01	   7.9511192835768352e-01	   7.4105869282532377e-01	   7.3809296340160468e-01	   6.3222656967017565e-01	   7.0473332583907777e-01	   7.1620113335508995e-01	   8.0486115654043744e-01	   6.9696697825620624e-01	   6.7186697715873656e-01	   2.0871574081157968e-01	   1.1324443580460672e-01	   2.4419827474883740e-01	   3.4968367830767061e-01	   2.4028689692916455e-01	   2.6234547057150864e-01	   2.5325224013802672e-01	   3.6189503337888296e-01	   6.6373351481632958e-01	   7.1437952312541331e-01	   1.1578687364807388e-01	   2.9308940250331517e-01	   3.8160464904788327e-01	   5.0108444515428407e-01	  -1.1253278134138577e-02	  -1.1255696591826164e-01	   3.9648801240276310e-01	   1.0533873719643852e-01	   3.7566480414800096e-01	   2.6289868297550800e-01	   4.1396362543037224e-01	   4.7539306189945885e-01	   1.5308202192692544e-01	   2.5224566560916278e-01	   2.3343623967586749e-01	   2.1118395117563366e-01	   2.5681871766547787e-01	   1.9532411251332910e-01	   2.5053033889217757e-01	   2.7295426555521429e-01	   4.0462093870405641e-01	   4.4661527729838874e-01	   4.9628243295505642e-01	   3.7659918822516725e-01	   3.0843958499091106e-01	   3.6691280799461867e-01	   7.9357039488517689e-01	   5.4143619708015334e-01	   3.5950086189036029e-01	   4.3424060911856655e-01	   5.7454305511749026e-01	   3.8816193349384648e-01	   6.9239796879659199e-01	   6.9927609775133903e-01	   1.7959463484828536e-01	   2.0050958280616021e-01	   2.3698228446994396e-01	   2.8494860949591694e-01	   5.8461961405030938e-01	   6.6533740093914617e-01	   2.1034966749582798e-01	   1.6682175022507201e-01	   4.6586324866499262e-01	   5.2047320654836637e-01	   4.4962489589014687e-01	   3.7840309788483051e-01	   4.3355335981609944e-01	   2.1630839392902051e-01	   5.8904164273422233e-01	   5.7445616855275994e-01	   6.6925032265253637e-01	   7.4662960921489996e-01	   4.9587722478214796e-01	   6.4943384117761171e-01	   4.3787908736299141e-01	   5.4577362920959049e-01	   3.8895317150568326e-01	   4.0902121328623031e-01	   6.5067500009588075e-01	   6.2916022142212968e-01	   3.2747418221667901e-01	   1.9966454081957521e-01	   3.6459516152196658e-01	   4.3807487857920074e-01	   3.7841446417739560e-01	   2.2285150340965276e-01	   4.3951315234377852e-01	   5.2672774021989788e-01	   4.0685187400305256e-01	   2.3263850884119064e-01	   3.1369427564314989e-01	   5.4644477202886876e-01	   4.6703738798287653e-01	   5.4238858126085709e-01	   1.8631666461480284e-01	   8.1011551005648733e-02	   1.7556726125605113e-01	   3.2060516052235491e-02	   9.8122551005316305e-02	   3.1403604632967574e-01	   3.0078610868498457e-01	   3.9942439693536486e-01	   3.2291757780482944e-01	   4.6395601943041176e-01	   3.2605673414633612e-01	   1.2350153872310958e-01	
   7.3115882901243090e-01	   0.0000000000000000e+00	   3.5416806562018022e-01	   4.0948829434188017e-01	   1.2310441143334383e-01	   4.2182188863399694e-01	   1.0702494690442932e-01	   4.0838886362639160e-01	   2.8425836580260905e-01	   3.3743986512614099e-01	   4.7602183089226602e-01	   7.6816849149546318e-01	   5.0769964907073684e-01	   6.9063378318391799e-01	   4.6527677794132632e-01	   5.6981092392964017e-01	   4.7232682404567627e-01	   6.3528656037617659e-01	   4.4277540080917255e-01	   6.3443611479951045e-01	   3.8411154588734220e-01	   3.1929558166798122e-01	   4.0303478341170274e-01	   4.5974749209321752e-01	   3.8157415297976266e-01	   3.6534461270523777e-01	   3.9309466928033643e-01	   3.7403971388084301e-01	   3.5275538563980491e-01	   4.0637989651015960e-01	   1.7467938329931165e-01	   3.7630689511643667e-01	   2.6311834776457399e-01	   3.2353650494677194e-01	   9.6740346059742466e-02	   5.8507390180725471e-05	   3.3802652963325441e-01	   3.7455839927100842e-01	   3.6393270553947488e-01	   5.0258660500888153e-01	   3.8550152336391397e-01	   4.4640599235945705e-01	   6.6990391198109664e-02	   1.6280592591647142e-01	   2.0395619790089324e-02	   4.8305497284900190e-02	   1.8762825331308880e-01	   2.0522840180781182e-01	   2.3523212116707645e-01	   4.1425974717745950e-01	   4.9488687774572687e-01	   5.7451693200727527e-01	   4.6059783258711728e-01	   3.6585615821696116e-01	   3.7353703724267640e-01	   4.7224500271061953e-01	   8.2217136270270186e-01	   7.6662293619972866e-01	   5.1768299824101871e-01	   5.4840840394435064e-01	   6.3601816951375278e-01	   5.7290150561662456e-01	   4.8624291325865310e-01	   6.7993731898040433e-01	   2.7346623804923098e-01	   3.8613946743248118e-01	   2.4664263684387094e-01	   3.4601616281215719e-01	   7.0543032689630536e-01	   5.5591202473417978e-01	   1.3812223427472986e-01	   2.2007118968719797e-01	   4.2191767366369448e-01	   5.3911650354365004e-01	   3.9352188770315605e-01	   4.6806095107141088e-01	   3.8493328338198673e-01	   3.6130694610613273e-01	   3.7855223971649343e-01	   3.9773187934859144e-01	   5.0377687218303646e-01	   5.4858501100731716e-01	   3.9847907711849190e-01	   4.5743546746220587e-01	   4.9688699846767881e-01	   4.9345359479971496e-01	   4.4040381076470902e-01	   4.2918862620459541e-01	   6.9611795764624051e-01	   5.9801870906514654e-01	   2.1235142876703156e-01	   5.4420366846748738e-02	   2.8301029841115993e-01	   3.1715273004547512e-01	   2.4683485397217186e-01	   1.1558095295555285e-01	   5.1451611602652947e-01	   5.8698142599231373e-01	   3.7590383953458917e-01	   2.3501223062268733e-01	   7.7032512226826028e-02	   1.8877843461341207e-01	   2.5000316207555756e-01	   3.2775664541221478e-01	   7.5539643689062075e-02	   1.5610576314708968e-02	   1.5475157061624797e-01	   1.9158506020700644e-01	  -2.8171789316140512e-02	   3.0315697523184898e-01	   2.4714983241270377e-01	   2.6604595344435655e-01	   1.9249021760514456e-01	   4.7864252394124507e-01	   3.5075297761840341e-01	   1.0463549424076377e-01	
   4.0774993402611648e-01	   3.5416806562018022e-01	   0.0000000000000000e+00	   6.6961165256714961e-01	   6.0852011967965969e-01	   5.2309079992245655e-01	   7.6515629034001076e-01	   5.2214167408181744e-01	   4.5591035617452319e-01	   3.4331323812282410e-01	   2.0949502454383240e-01	   2.4365556204446687e-01	   4.1461800743533517e-01	   1.9804268677572354e-01	   5.4408697695086483e-01	   4.7293376243972329e-01	   1.9984887403496482e-01	   3.1554458776907701e-01	   5.4825328611120772e-01	   6.2126595613767177e-01	   4.0767222298686823e-01	   2.6319181884581344e-01	   7.0195098144380808e-01	   7.0409892726596923e-01	   6.2653902737505907e-01	   5.7625565745009721e-01	   6.2743431768055202e-01	   6.2085659688729489e-01	   3.8332343782029363e-02	   1.7219703272255443e-02	   5.0111964828492139e-01	   5.2715112991730118e-01	   7.1916067191218136e-01	   6.0588832500949863e-01	   6.6999225680335994e-01	   5.4608360829778124e-01	   3.9176060919844130e-01	   3.6724721835238588e-01	   3.5125794219239659e-01	   2.6218759928507801e-01	   2.5860094224526409e-01	   1.4240790303844375e-01	   5.1955645413632334e-01	   4.7260894203297144e-01	   4.9086804026077296e-01	   3.6753353509609427e-01	   4.6642386470745140e-01	   4.6869049836978338e-01	   2.8653207051143814e-01	   3.1725520672056168e-01	   5.1018513745843719e-01	   4.5973164126129340e-01	   1.9492661898832570e-01	   2.8255708239206601e-01	   4.4312611210227570e-01	   4.1052308937086202e-01	   3.7328294248339078e-01	   3.4925798324448354e-01	   4.2068591512728631e-01	   2.1942081660043705e-01	   5.0739461812772224e-01	   1.2082782520328907e-01	   3.0935154602046683e-01	   1.9577726312920163e-01	   7.3771038325446991e-01	   5.5464041063221248e-01	   7.6684248142579625e-01	   6.9535877756925124e-01	   4.6601219882078238e-01	   5.7198778771701653e-01	   1.7301304783713897e-01	   7.2590821599994443e-02	   2.5667521013898498e-01	   8.1253412315280993e-02	   2.9516807139230161e-01	   1.4546498593307305e-01	   2.8788754827299812e-01	   3.8671727828050884e-01	   1.7827608920710997e-01	   2.7070907162714658e-01	   1.9806076077659504e-01	   3.4989834849602974e-01	   2.4481664874456577e-01	   1.7139862197489775e-01	   5.4934200820451007e-01	   6.5872867625729281e-01	   2.8096945141186569e-01	   4.3801058589955799e-01	   4.2354483675325239e-01	   4.8062272028765607e-01	   3.8739609082522025e-01	   4.2624730617919449e-01	   3.2670735616855728e-01	   6.0874116490680896e-01	   6.5665667324782259e-03	   1.2877409702629652e-01	   3.1185736240895534e-01	   5.7794079036307688e-01	   4.2745887173513808e-01	   5.5433538802018922e-01	   1.1078708667432627e-01	   4.7872609057782683e-01	   2.3483605785123729e-01	   3.1442105304328410e-01	   2.7406080557932383e-01	   3.8981470916431199e-01	  -4.7499243217970777e-02	   6.6489574661440037e-02	   2.2352674078799758e-02	   2.2681034915514581e-01	   5.4257090585555234e-01	   5.5276635251616213e-01	   3.7450214465787968e-01	   4.8662408340101215e-01	   3.7574067536502975e-01	  -1.2253211879229400e-01	
   2.8218329576411283e-01	   4.0948829434188017e-01	   6.6961165256714961e-01	   0.0000000000000000e+00	   5.9616741101493942e-01	   6.3749127765569957e-01	   5.4225382493654428e-01	   8.1418908401191825e-01	   3.7822151091943756e-01	   5.1761464613181518e-01	  -4.0572219690167784e-02	   3.1745091581386004e-01	   1.3409341269425284e-01	   2.1626894999808594e-01	   1.7007349976288116e-01	   3.2179647206003326e-01	   1.2535117394079315e-01	   1.7659594838153023e-01	   2.2955797892600013e-01	   5.4983489194210211e-01	   3.0442028824950695e-01	   5.5760824566081746e-01	   5.6022660262695478e-01	   8.2543970130169475e-01	   5.7939923335765098e-01	   6.9839670679414545e-01	   5.5936450527490722e-01	   5.7701076721128086e-01	  -1.1088599935073187e-01	  -4.5357465905368696e-02	   4.2044573368943527e-01	   6.1991130980314879e-01	   5.4710298559996962e-01	   5.7654944133090003e-01	   7.2810254610517888e-01	   7.3375976182698643e-01	   3.4884792425941102e-01	   5.3254076719808252e-01	   2.4580906435251651e-01	   4.8259145920241076e-01	   2.2506410274999064e-01	   3.2229507465193874e-01	   4.8329609538841589e-01	   5.2081972938493548e-01	   4.1096102759326802e-01	   3.9403942657420116e-01	   3.6764061924275127e-01	   4.8258574021270384e-01	   3.1476740746288867e-01	   4.2245326256827997e-01	   5.3367285394335917e-01	   4.9801200046225941e-01	   1.9129819180500765e-01	   1.8277689215801046e-01	   4.1064318443864717e-01	   4.0053694061147704e-01	   4.0480544438955529e-01	   3.9424991234626638e-01	   5.6646423863763229e-01	   3.3521618787950452e-01	   5.5915977519198301e-01	   4.3192264537987413e-01	   2.2244455906774813e-01	   2.9042519719393678e-01	   7.2644173802550638e-01	   7.9250658780970706e-01	   7.0518030398607245e-01	   7.7321141782784486e-01	   4.2999401418229594e-01	   4.9592495996239849e-01	   2.2134832428729839e-01	   3.5962045543888277e-01	   1.5935308372567608e-01	   1.9215660432789572e-01	   1.3333578185184938e-01	   1.9449756624060635e-01	   2.7608945506009736e-01	   4.1833284614011013e-01	   1.3384478583617154e-01	   1.6149305387218438e-01	   1.5389021080199244e-01	   2.8729499696236460e-01	   7.2350609988691666e-02	   5.9770837870088363e-02	   5.8694459205954974e-01	   7.1911472379631702e-01	   3.1547995980105759e-01	   5.1603043056087605e-01	   5.1102990277195692e-01	   5.4561557531291038e-01	   4.0623898830462857e-01	   4.0036047886946258e-01	   4.5116447131546178e-01	   4.9719026120746190e-01	  -1.4950900503796796e-02	   1.7696517089566688e-01	   3.5737345526304842e-01	   5.2747302053140732e-01	   4.9041388741329606e-01	   4.2741972342711221e-01	   2.5606089223136774e-01	   3.0887111131392986e-01	   2.5229823980557747e-01	   2.4850968232742360e-01	   2.7833201957552245e-01	   2.4701872693934587e-01	   4.1362206752571448e-02	   3.0911151182643334e-03	   2.7664928248224443e-02	   2.3402127479485513e-01	   5.2543881162530082e-01	   5.2119404214277620e-01	   4.4413598457775022e-01	   4.6878959428487499e-01	   3.9391321151679581e-01	  -1.1650806822825391e-01	
   1.4023919403756435e-01	   1.2310441143334383e-01	   6.0852011967965969e-01	   5.9616741101493942e-01	   0.0000000000000000e+00	   3.4035610330776978e-01	   5.7229399542356418e-01	   4.1867222471776933e-01	   6.3429051030520678e-01	   2.4938275644854796e-01	  -2.3035362327657710e-02	   3.3464304114325986e-02	   1.1903559915066456e-01	  -7.0889002352949784e-03	   2.7703444166582525e-01	   2.7827991163879462e-01	   2.5282935366191795e-02	   7.5441923632465838e-02	   2.6120561834102995e-01	   3.5511540581643630e-01	   1.6110006694152337e-01	   3.3215433550401824e-01	   4.2350039951223445e-01	   5.8792216001290665e-01	   5.4945551540527005e-01	   5.5680782806430529e-01	   4.2696715247734074e-01	   4.3854362376100781e-01	  -4.1605924837882280e-02	  -7.2906942165769706e-02	   4.0550546086367945e-01	   4.3676526038028218e-01	   4.1415793151667274e-01	   3.6752340487892260e-01	   5.0583830534402563e-01	   4.7192629349273474e-01	   2.8203287312147790e-01	   2.2734668427485577e-01	   1.7376467129116785e-01	   1.1165239581355485e-01	   1.8125356949724594e-01	   2.1724619013242014e-01	   6.7816784617985948e-01	   6.7743336596933357e-01	   6.4034794627298874e-01	   5.1748329486134648e-01	   6.3300491199876441e-01	   6.5177441830067617e-01	   4.7120759752709251e-01	   4.4534296943419066e-01	   5.3313019485172175e-01	   4.9682380812407567e-01	   2.9585186678575093e-01	   3.3258170782500357e-01	   5.1983756320953811e-01	   4.5924627680539143e-01	   1.8754204066768074e-02	   1.5269074121494808e-01	   3.9599079360605594e-01	   2.0636754546842448e-01	   2.3238526903903761e-01	   2.2706902187107737e-02	   1.4779674989237893e-01	   4.4938627860886995e-02	   5.7662052910916861e-01	   3.8758946694303176e-01	   6.3226255697027789e-01	   5.8396214016487913e-01	   2.5872908400146610e-01	   4.0408686926107107e-01	   2.6445695295278238e-01	   2.2244601112712159e-01	   1.7311599573943931e-01	  -1.1042172321188512e-01	   1.7418396266392011e-01	  -1.2178326751802786e-02	   3.0016325929118159e-01	   2.5205463157455366e-01	   4.6372393707561452e-02	   1.3210854838428909e-01	   5.5250289013067076e-02	   1.7560606115368338e-01	   3.7004952395771583e-02	   6.1777610525037406e-02	   3.5774450464664248e-01	   4.6046441971108731e-01	   1.4867955877172687e-01	   3.3014035728235036e-01	   3.0073706904787895e-01	   4.4226836485413740e-01	   5.7125434041191048e-01	   4.4353973101409827e-01	   5.0885110749150120e-01	   4.6608742051694951e-01	  -6.8011307143063346e-02	   7.0903676623124690e-02	   2.8772781071648879e-01	   2.8504114531283686e-01	   5.7056318307642295e-01	   6.4001564151021106e-01	   3.2513981341178405e-01	   3.7186289816580936e-01	   3.8851197766922008e-01	   2.1614664577071513e-01	   3.6585206735426695e-01	   3.5412145298968667e-01	   2.1329289267080068e-01	  -1.7519333742107246e-01	  -2.5637768106716276e-02	   8.6898289711024923e-02	   5.4759987218051043e-01	   6.3524282274699340e-01	   5.6368409927260721e-01	   2.8802982085603956e-01	   3.2044321104899010e-01	  -2.2990944470109079e-01	
   5.5395916250653465e-01	   4.2182188863399694e-01	   5.2309079992245655e-01	   6.3749127765569957e-01	   3.4035610330776978e-01	   0.0000000000000000e+00	   4.3410421132434512e-01	   6.8184860608618436e-01	   2.8864137696740017e-01	   6.7666217766703762e-01	   3.5687355222289274e-01	   5.4274867693751783e-01	   4.4627155240904193e-01	   3.6214507797713968e-01	   1.7439147666497301e-01	   4.6044554148542682e-01	   4.0687423601765815e-01	   4.6541428753100411e-01	   3.1031053438961353e-01	   4.6390694652446329e-01	   2.6107352705091358e-01	   3.9648420542391510e-01	   2.3279926198606182e-01	   4.7856419680859380e-01	   4.5244836456308551e-01	   5.5397917721815360e-01	   3.7266971037876329e-01	   6.6445047963681569e-01	   1.8520279638849546e-01	   2.9929008049233841e-01	   3.0926452443741457e-02	   2.8374959122874049e-01	   3.7174231467116214e-01	   4.8372438599163048e-01	   5.3469446870549142e-01	   4.2016235635952348e-01	   2.9708535550146098e-01	   2.1947042319732157e-01	   3.6409250916050867e-01	   3.2358418276749484e-01	   2.7314925399730150e-01	   3.0101693384085676e-01	   2.9133723644628373e-01	   3.3543548185465466e-01	   3.0825314216296562e-01	   2.9256159253601455e-01	   2.5641919167481320e-01	   3.6939065565675422e-01	   2.3911648832258633e-01	   3.2467584859773535e-01	   4.4328614715418302e-01	   3.4931763478026240e-01	   1.6164937455701658e-01	   1.0773842241708920e-01	   2.8764761391676530e-01	   4.1519460960938859e-01	   4.7932508952737585e-01	   3.1826885038927594e-01	   5.8977936802684572e-01	   4.0713587036689847e-01	   6.3426833563435947e-01	   5.4393344122503828e-01	   3.4278149630175747e-01	   3.8437441650692206e-01	   5.9749754424769264e-01	   6.3854141430408151e-01	   5.4298889233001069e-01	   5.5550846090597250e-01	   3.8334932959540646e-01	   5.2149003622455070e-01	   2.2399238011954015e-01	   1.8133273846710546e-01	   2.2526913894971926e-01	   2.9740062885256141e-01	   1.7274659157667072e-01	   1.8794376498563620e-01	   1.0151315984027499e-01	   1.4250036870513463e-01	   3.9135435721185369e-01	   2.9810407819428131e-01	   3.6600448862406232e-01	   4.0018765044690396e-01	   1.6592403585066737e-01	   2.4154747689183742e-01	   6.1970724204308458e-01	   5.9517931629220122e-01	   3.1587120818121284e-01	   3.1998863820642232e-01	   4.5356970695926901e-01	   4.9840367079870551e-01	   2.7382678755880813e-01	   2.5755010099196707e-01	   4.0408384848232348e-01	   4.9744520438962148e-01	   3.4233518313020433e-01	   1.8475906668797748e-01	   4.0529361771825956e-01	   5.3668268246815187e-01	   2.8637734433975182e-01	   2.5602942819455610e-01	   1.0562876601320567e-01	   4.2919733756557010e-01	   1.8921518837377516e-01	   2.8168090404894558e-01	   1.8737044621137380e-01	   2.5218165903734202e-01	   4.4329458028759691e-02	   1.6777464196999683e-01	  -3.9636606760992843e-02	   2.0174085730675284e-01	   4.2804899536387930e-01	   4.3568219061661140e-01	   3.8883264498533904e-01	   3.0281093692209787e-01	   2.8986505371051063e-01	   5.3979004961106941e-02	
   3.0272736022968083e-01	   1.0702494690442932e-01	   7.6515629034001076e-01	   5.4225382493654428e-01	   5.7229399542356418e-01	   4.3410421132434512e-01	   0.0000000000000000e+00	   6.2072332580126943e-01	   5.4819434411036305e-01	   3.9716994224139290e-01	   1.4098753666925376e-01	   1.4743299325189907e-01	   3.1376684665249277e-01	   1.0545812807210925e-01	   4.1852132548414078e-01	   3.1535538271853009e-01	   7.0795382800793200e-02	   1.0555920563752851e-01	   4.8272957207947031e-01	   4.5870747620924412e-01	   2.3197944019632896e-01	   1.4116540869236768e-01	   5.0249832720335275e-01	   4.7099235337041412e-01	   2.6609659725306212e-01	   4.6533219190873099e-01	   2.9036773251332287e-01	   4.7576741761648106e-01	   3.9975465924972420e-02	   1.8548889886981782e-02	   5.1441085943147113e-01	   4.5969104716409326e-01	   6.8523815233768059e-01	   5.6186253152326948e-01	   5.4233738082327998e-01	   4.5576195989671842e-01	   2.7499834377262355e-01	   1.3717510411851963e-01	   9.6018541024602222e-02	   3.5573757757094204e-02	   1.3162673644000517e-01	  -1.5618556551222282e-02	   4.1992616308818087e-01	   3.8311008551265718e-01	   4.7746344695585141e-01	   3.9648951681228772e-01	   3.7993053863289616e-01	   3.2846454017864324e-01	   2.1500776472065161e-01	   2.3027724722404119e-01	   3.2937329384775699e-01	   2.5465246644547768e-01	   1.2472944310914584e-01	   2.2642364865951403e-01	   2.5340560910679766e-01	   2.2902503691343112e-01	   1.2501434537570660e-01	   1.2394665398747767e-01	   3.4125702667567809e-01	   1.0271064111358394e-01	   4.8012727012097917e-01	   1.5021728362382603e-01	   3.2842520193315772e-01	   1.8659888261783186e-01	   6.0537848331990929e-01	   3.7051416312529373e-01	   6.2667153608087545e-01	   5.2371401698289499e-01	   1.8353328926900328e-01	   3.9419712918243299e-01	   3.0319579045346867e-01	   3.5997416599045443e-02	   1.7293663890786928e-01	  -7.8697168520568336e-02	   2.2040915872312591e-01	   7.8514004032915669e-02	   2.6198284162364333e-01	   2.2804591099845956e-01	  -7.9127260589834554e-03	   5.4064157058448456e-02	   3.5444810254987059e-02	   1.9164817576558205e-01	   1.4800637577291040e-01	   3.1463331294206948e-02	   3.9064332247832623e-01	   4.6806388317919617e-01	   9.3187470029237343e-02	   2.2157863733259914e-01	   2.7047834197579551e-01	   4.2449447460759426e-01	   4.2445769969370684e-01	   5.0502552910354837e-01	   3.8262080075048505e-01	   6.0440023666534359e-01	  -9.4465368743654743e-02	   1.4702652564740376e-01	   1.3376071637877132e-01	   3.5592618088982625e-01	   3.7735292157775180e-01	   4.5148832163449626e-01	   1.7627281330249833e-01	   6.0147915633452587e-01	   1.8490615558333162e-01	   3.2793667349325895e-01	   2.1577249663528961e-01	   3.4696809187014210e-01	  -1.7636235781859239e-01	  -2.6885078188313184e-02	   1.8414491120521664e-01	   3.1455004942353632e-01	   3.8633004197258081e-01	   5.3464282386441342e-01	   4.7266683504496720e-01	   4.5342555815535024e-01	   3.6883247253036222e-01	  -1.7518552302642924e-02	
   4.6428698593246009e-01	   4.0838886362639160e-01	   5.2214167408181744e-01	   8.1418908401191825e-01	   4.1867222471776933e-01	   6.8184860608618436e-01	   6.2072332580126943e-01	   0.0000000000000000e+00	   3.8600289485192635e-01	   6.9241164849546499e-01	   2.1043232063206946e-01	   5.1396846204317725e-01	   3.0240393925364206e-01	   4.3629456238414838e-01	   2.6778717913933331e-01	   4.5861636699868524e-01	   2.1834835125632096e-01	   2.5572351696112749e-01	   3.3705417410824523e-01	   5.4753363905931562e-01	   1.8627688714922550e-01	   4.1221959288435661e-01	   3.5204091559168371e-01	   6.1344149615123844e-01	   3.3543021045163451e-01	   5.4636004131151927e-01	   3.6878804535988463e-01	   5.4013605128595588e-01	   1.1798402901038646e-01	   2.3721762063155583e-01	   2.2135369462175519e-01	   4.4714502752671859e-01	   4.8962307550128459e-01	   5.5306287506090868e-01	   5.0305316995572402e-01	   4.6596412152332445e-01	   2.3334386830149170e-01	   2.5943254834380075e-01	   1.5209543525909464e-01	   2.8278179395172537e-01	   2.7875016941699005e-01	   3.1216169494928925e-01	   3.1444806775945949e-01	   3.8757884520964692e-01	   3.1727098543489918e-01	   3.3947594236952461e-01	   2.5879095924940715e-01	   3.6884990759700909e-01	   2.5223605542258820e-01	   3.5978068093052551e-01	   4.5512653241786538e-01	   4.0597851045770750e-01	   2.5448291689895286e-01	   2.1327261124455188e-01	   2.9201257643437084e-01	   3.0011559254750719e-01	   3.7398935162830776e-01	   2.7227425153595819e-01	   5.4165391438376898e-01	   3.1020163572221393e-01	   6.5588465885458258e-01	   5.7156826118446202e-01	   2.9685015449298913e-01	   4.1164762974047808e-01	   5.4690527376252973e-01	   6.6762864464121630e-01	   5.3774292426669268e-01	   5.9757601137838701e-01	   3.9293873043522609e-01	   5.5243309795201534e-01	   2.2308546653661454e-01	   3.4656310652638117e-01	   8.8787488900809119e-02	   2.2851607150051650e-01	   6.0857026617143185e-02	   2.0846500264637779e-01	   2.8193606532943538e-01	   2.9248352319319265e-01	   2.0154534704194887e-01	   1.9522424499493768e-01	   2.6304088118788954e-01	   3.4610042079906045e-01	   1.5588118946268614e-01	   2.5823027714965702e-01	   5.7996128740509456e-01	   6.6133802093312821e-01	   2.2649788218561284e-01	   4.7115704272977066e-01	   5.3107371040279627e-01	   5.6924496494840005e-01	   4.3448119839475563e-01	   4.4186268084360081e-01	   5.3701691487412306e-01	   5.6962215168461494e-01	   6.5449559783701289e-02	   1.6677793103912497e-01	   3.6479926564875198e-01	   4.2796322908979889e-01	   4.4963762507970356e-01	   3.3860195449840036e-01	   3.6365225191125794e-01	   5.4159009607012720e-01	   2.9572978523091398e-01	   3.3728895899447431e-01	   1.8130390321506296e-01	   7.0456675245304481e-02	   9.5937127647886065e-03	   2.2138205634722127e-02	   4.6237552145799707e-02	   2.4804926979837980e-01	   4.1809021772254734e-01	   5.1425957902555175e-01	   4.6227601413762709e-01	   4.1747677335325750e-01	   3.5414236028397772e-01	  -1.4459408917772559e-01	
   3.5009053217776454e-01	   2.8425836580260905e-01	   4.5591035617452319e-01	   3.7822151091943756e-01	   6.3429051030520678e-01	   2.8864137696740017e-01	   5.4819434411036305e-01	   3.8600289485192635e-01	   0.0000000000000000e+00	   3.7298563008129915e-01	   2.9982345834190671e-01	   2.8147529693404894e-01	   4.4661035726077541e-01	   1.7152977831024074e-01	   5.7901812912627337e-01	   4.5232077433241269e-01	   1.3279555257703385e-01	   1.7778318447399966e-01	   2.9764764384153264e-01	   3.1291641089740180e-01	   1.2290924302345109e-01	   7.0925685156315921e-02	   3.8856033083877578e-01	   3.6898771497062155e-01	   1.8324780284787373e-01	   1.8149966342112750e-01	   1.1702740405148775e-01	   2.6419667893727000e-01	   2.8039905599393145e-01	   2.0634575681938272e-01	   3.9245545670912158e-01	   4.4106782230706787e-01	   3.1376755008512097e-01	   3.0917960759297813e-01	   2.2725885908771415e-01	   1.1078069889409362e-01	   3.5945979039373910e-01	   8.9075154750412527e-02	   2.1513546437334322e-01	   5.6079880719102193e-02	   1.7686773694486735e-01	   2.5011180339953223e-02	   4.6278288151550517e-01	   4.7672964337060797e-01	   4.3275168918507922e-01	   4.8398010919378975e-01	   4.9921014568366850e-01	   4.1479235547275883e-01	   4.8719512267244558e-01	   5.4463114565478565e-01	   5.1180717874455350e-01	   5.7741498974205863e-01	   4.6681731819102201e-01	   5.5264878858618360e-01	   4.1635364319089574e-01	   5.5979069257424074e-01	   1.2083081049119813e-01	   2.2962777114781019e-01	   4.9053901357281493e-01	   3.2970172064053760e-01	   3.9928273151337423e-01	   2.2447846650417866e-01	   2.0233415762926488e-01	   1.7981285832493329e-01	   4.2382001977560146e-01	   1.3601638902761709e-01	   2.4517375293537896e-01	   2.1038923942913501e-01	   1.6257128330638609e-01	   2.5951576328557086e-01	   3.1801057731253912e-01	   2.1447525188166461e-01	   2.6846979283039013e-01	  -4.6616810850820829e-05	   3.0043207409466388e-01	   1.3048201575906632e-01	   2.7822121324700139e-01	   5.2651660720110488e-02	   1.4491454582892677e-01	   1.6639941602021033e-01	   6.7645651500211568e-02	   1.5943448194224341e-01	   2.3068537268539635e-01	   8.4739849310639659e-02	   1.8067623720450909e-01	   2.8869855445862969e-01	   3.3062159024636500e-01	   1.0763410518564095e-01	   3.3197442404474864e-01	   5.0674765271279942e-01	   3.3560901610844462e-01	   3.7763912953608181e-01	   2.7538013642232451e-01	   4.6863212377138125e-01	  -4.3923914304466551e-02	  -1.7242581328137489e-02	   2.2142715830280249e-01	   2.5393692892818454e-01	   3.9663586188122624e-01	   5.1125858501229138e-01	   2.3916650420633151e-01	   4.5854173666149056e-01	   1.2620772238260625e-01	   1.7452975268812701e-01	  -8.4246833532454948e-02	   2.2062791677843724e-02	  -5.0320108339959015e-02	  -2.8910351521302352e-01	  -1.7701137601445341e-01	   1.4208411393300183e-01	   9.7220482139639450e-02	   3.6608946946419052e-01	   4.4892211251050673e-01	   1.2670026634210593e-01	   2.0477224654989787e-01	  -8.9243817440467721e-02	
   4.3477843384799103e-01	   3.3743986512614099e-01	   3.4331323812282410e-01	   5.1761464613181518e-01	   2.4938275644854796e-01	   6.7666217766703762e-01	   3.9716994224139290e-01	   6.9241164849546499e-01	   3.7298563008129915e-01	   0.0000000000000000e+00	   2.7724947845253439e-01	   4.7693119497086062e-01	   2.9045559805825844e-01	   2.8023326419883521e-01	   2.1395737868343823e-01	   3.4205847263742717e-01	   1.6867248273473748e-01	   2.4249037042200486e-01	   2.7363074418105438e-01	   4.0853809561367771e-01	   7.2774852912396534e-02	   1.8218553690494999e-01	   9.9388181877810358e-02	   2.9536132535567616e-01	   9.3677688860089411e-02	   1.8014617334578514e-01	   1.1151161612120543e-01	   4.1187337884479119e-01	   1.2746144887154937e-01	   2.5391246321904049e-01	  -1.2879212109328181e-01	   1.4656411517902568e-01	   1.4898316229707062e-01	   2.0731744509322084e-01	   3.3625523262101770e-01	   2.0154009424798713e-01	   3.5071101391841206e-02	  -2.2590579705301553e-02	   1.5479214540083197e-01	   1.4634060562745277e-01	   1.3027298373683069e-01	   1.4749202859225993e-01	   1.3083644609206918e-01	   1.9315824746746368e-01	   1.0869952584588827e-01	   2.1216514586790231e-01	   1.0058409791754080e-01	   1.6473610959532281e-01	   1.6664591604087570e-01	   3.5606231606199679e-01	   3.3116878468847771e-01	   3.5178933457398998e-01	   2.7943117889596780e-01	   2.5246032802904295e-01	   1.4369484601818477e-01	   2.9128832507947400e-01	   3.2624082588796105e-01	   2.2088341405237544e-01	   6.2143412378687324e-01	   3.8514387191279859e-01	   6.1141831556849868e-01	   6.8893540567129885e-01	   4.2553232926392487e-02	   2.6729931141601310e-01	   4.6687879103750457e-01	   5.6683158785215504e-01	   2.7083618915223773e-01	   2.5056185670721481e-01	   2.7621456605933770e-01	   4.4055418807378194e-01	   2.8070722776932933e-01	   1.8107006544580168e-01	   3.6427488163524910e-02	   1.8492333713458098e-01	   1.0108563524193184e-01	   1.2627133847201394e-01	   4.3359314348438371e-02	  -7.2959511751776229e-02	   2.4695856302746796e-01	   1.5196364872745818e-01	   1.7772626895455473e-01	   1.9667135970909927e-01	   8.6277436136695126e-02	   1.4377857372049341e-01	   5.2861612826795668e-01	   4.7296130250505231e-01	   3.0613793342389517e-01	   1.9348966988036959e-01	   4.2331650961332246e-01	   4.9618032949455154e-01	   3.6506156842879334e-01	   4.8115428796900550e-01	   5.1698178007166240e-01	   5.8598216488707300e-01	   2.6402947981924429e-01	   1.3987136545519849e-01	   2.9026569602854069e-01	   2.9680840144200088e-01	   2.2953435616819737e-01	   2.0473226348250337e-01	   1.4435224609738403e-01	   5.8066439167194117e-01	   1.2413910781534879e-01	   2.7340253370397449e-01	  -2.7829950800817637e-02	   1.0408607222566490e-02	   6.4031791212294742e-02	  -8.7136840031549923e-02	  -5.2408549523803999e-02	   1.1993013718493725e-01	   1.7257033722038409e-01	   3.5699177812074301e-01	   4.6345583101625809e-01	   2.3857197749773029e-01	   1.8275219259925424e-01	  -2.8298951671514104e-02	
   7.9706465809628213e-01	   4.7602183089226602e-01	   2.0949502454383240e-01	  -4.0572219690167784e-02	  -2.3035362327657710e-02	   3.5687355222289274e-01	   1.4098753666925376e-01	   2.1043232063206946e-01	   2.9982345834190671e-01	   2.7724947845253439e-01	   0.0000000000000000e+00	   6.8346046181439846e-01	   8.7137336906187557e-01	   6.4257224428393911e-01	   6.5041379723127901e-01	   6.7881242401542852e-01	   7.5389731940065663e-01	   7.3321691064192418e-01	   4.8463631383331340e-01	   3.5223494769829616e-01	   3.1006604422144285e-01	   1.5074622584097273e-02	   9.0488821120934797e-03	   4.1820745703574365e-02	   1.4047855973677756e-01	   6.9998678396034880e-02	   1.0489674985056330e-01	   2.0467668398442873e-01	   8.3244903712454765e-01	   8.1239700268600146e-01	  -8.5664406945450550e-02	  -1.3599113427541746e-04	   1.6023409784639886e-01	   1.9519234871460753e-01	  -2.3593724975618191e-01	  -3.5738802410429121e-01	   3.7519891965208224e-01	  -3.0210838635073619e-03	   3.7871823663386073e-01	   8.9330886241861959e-02	   4.2039316850765179e-01	   3.4295753748346297e-01	  -3.8505973028550716e-02	  -4.3135649657816404e-02	   3.1181610344413385e-02	   9.4009557298560063e-03	   7.6578827009737227e-02	  -9.9333888638743380e-03	   1.3547279046412430e-01	   1.7918443412013751e-01	   2.2225357420403530e-01	   3.2774870664114381e-01	   4.2687003566085757e-01	   3.5016114298101342e-01	   1.3575787688550514e-01	   2.3014547191390411e-01	   5.2735520372182265e-01	   3.2945824450108663e-01	   1.7350196265696261e-01	   2.8389540411846920e-01	   3.9427687902327835e-01	   2.2951341625401178e-01	   6.2083202917615843e-01	   5.8265495588953664e-01	  -5.5648745011833770e-02	  -1.3919855681674004e-02	   1.7434130089030351e-04	   3.3757474738008234e-02	   4.0257340165564615e-01	   4.1566081727711124e-01	   2.7376366035857014e-01	   2.0368389186377162e-01	   5.1408972244480178e-01	   5.8254060360289017e-01	   4.6240501177746923e-01	   3.4710103610251120e-01	   4.3878055939167288e-01	   1.0459690049292039e-01	   6.2730095008292786e-01	   6.1709638800292876e-01	   7.0990574370985904e-01	   6.6841817331477826e-01	   5.9182443669775187e-01	   6.6043431654914042e-01	   2.8871418848961639e-01	   3.5361384142287050e-01	   3.6158056334273248e-01	   2.1756034362728013e-01	   4.3430048527965592e-01	   3.9832465332253497e-01	   1.6637526279594794e-01	   6.9535248022417256e-02	   1.4647489127190538e-01	   3.1339972849183528e-01	   4.2757849273482262e-01	   5.3020072801327346e-02	   3.3806114153726519e-01	   2.8003863236178517e-01	   1.0905861219431932e-01	  -1.1156043093077214e-02	   2.3295218475530680e-01	   4.8963232657856914e-01	   3.1145872377957251e-01	   3.4693179901455612e-01	   2.2328318766913421e-02	  -1.4927866924168826e-01	   9.5772851460177139e-02	   9.0270446874951824e-02	  -4.3788773134879597e-02	   7.1843709036107886e-02	   7.2042178471410118e-02	   1.3628667262518093e-01	   1.0963515434466908e-01	   1.4107471086818096e-01	   8.7336659635481539e-02	   5.3500108570524549e-02	
   7.9511192835768352e-01	   7.6816849149546318e-01	   2.4365556204446687e-01	   3.1745091581386004e-01	   3.3464304114325986e-02	   5.4274867693751783e-01	   1.4743299325189907e-01	   5.1396846204317725e-01	   2.8147529693404894e-01	   4.7693119497086062e-01	   6.8346046181439846e-01	   0.0000000000000000e+00	   7.1145415894971697e-01	   8.5248839239412666e-01	   4.8651996031315492e-01	   7.7923939024374533e-01	   6.3260198361975406e-01	   6.9090055317713550e-01	   3.9378349628141629e-01	   5.6494007388806178e-01	   2.4658526368593972e-01	   1.9098133383753507e-01	   2.5481956247671672e-01	   3.8122142493977990e-01	   2.3068052342513451e-01	   3.1160001669411197e-01	   2.4283849083182907e-01	   4.3871239682836316e-01	   5.7692383833647454e-01	   6.7330088988015535e-01	  -2.0311784599930001e-02	   2.5422299181060859e-01	   2.1151950120159305e-01	   3.5377328459441326e-01	   2.2566280118740033e-02	  -1.3558897623606161e-01	   4.0369324906053528e-01	   2.0903972469664214e-01	   3.3335220816919892e-01	   3.7902478781747945e-01	   5.1899550348015600e-01	   4.6240243288853866e-01	  -8.8400628684070934e-02	   7.7004154304018274e-02	  -2.1682789365323349e-02	   9.0708237825001467e-03	   4.1601259123316213e-02	   6.0453069611792955e-02	   9.8044754884555552e-02	   2.8779993947191773e-01	   3.4594857159357145e-01	   4.5139152343295030e-01	   4.0724735645213106e-01	   3.0591016848225094e-01	   2.0072827184887274e-01	   3.1396506815912517e-01	   6.9600991433173398e-01	   5.1643970893528501e-01	   4.2157002630579821e-01	   3.8841145709106123e-01	   6.0942129236269238e-01	   5.9499984175288301e-01	   5.0849306916542625e-01	   6.6777492582426512e-01	   2.0200228444615187e-01	   3.6169619595939845e-01	   1.3349895045824317e-01	   2.3958350060739231e-01	   5.5968506818497910e-01	   4.9447463103393480e-01	   1.5630275573274122e-01	   2.8748474660197354e-01	   3.7252094497080046e-01	   6.4386719172139084e-01	   3.6692044042298577e-01	   4.9007890584620228e-01	   3.5467539352019944e-01	   2.9767033100270496e-01	   5.8335674881211663e-01	   4.9078224914721830e-01	   6.0632760732077695e-01	   6.2290471156204930e-01	   4.4535712278875222e-01	   6.1746566831205874e-01	   5.0412472306036804e-01	   5.4805669642577448e-01	   4.1499745039160185e-01	   4.5275445394508601e-01	   5.8900370381656675e-01	   5.7866275140634749e-01	   1.3669249911247008e-01	   9.6683752363931938e-02	   2.6811269193984966e-01	   2.9211398755760959e-01	   3.7628786800542519e-01	   1.4231076137138335e-01	   4.5182371949556910e-01	   4.3157898208338374e-01	   2.1797418059591459e-01	   9.1034676797608557e-02	   1.4134406114774462e-01	   3.1856931234880226e-01	   2.4543008503425923e-01	   2.9311914861319782e-01	  -4.6777869797335909e-03	  -1.4174400701678719e-01	   1.1015113659818838e-01	   1.8294211850874995e-01	  -3.8297625326837545e-02	   1.5630493124080130e-01	   6.9996297741622027e-02	   1.9318936179405638e-01	   1.4947824454204311e-01	   2.4198782654953860e-01	   1.2506626873645849e-01	   1.4123235312063379e-01	
   7.4105869282532377e-01	   5.0769964907073684e-01	   4.1461800743533517e-01	   1.3409341269425284e-01	   1.1903559915066456e-01	   4.4627155240904193e-01	   3.1376684665249277e-01	   3.0240393925364206e-01	   4.4661035726077541e-01	   2.9045559805825844e-01	   8.7137336906187557e-01	   7.1145415894971697e-01	   0.0000000000000000e+00	   6.4826098948008637e-01	   6.6828103772216330e-01	   7.4131140505057236e-01	   5.8955240398070130e-01	   6.6450506537018539e-01	   4.0967693319234610e-01	   3.8861527356852865e-01	   3.0018496692361019e-01	  -3.3331463717630211e-02	   2.1024959181813130e-01	   2.3979170653379606e-01	   1.9103225670601487e-01	   2.3859031311471107e-01	   1.9517292959496108e-01	   3.1661171993590692e-01	   6.4811515115700413e-01	   6.4473087388244399e-01	   1.9441195673292035e-02	   1.9362729749347932e-01	   3.3345099366397618e-01	   3.5228294030659890e-01	   1.3335729983564855e-03	  -1.4752303143426254e-01	   4.2651223330192334e-01	   1.1606939685676321e-01	   3.3930223484861227e-01	   1.4555889446859760e-01	   4.5619532411044822e-01	   2.6129851077666599e-01	   9.2624363375610710e-02	   1.0435370296765822e-01	   1.3337263599316876e-01	   1.2159574104494486e-01	   1.9197196429344643e-01	   1.4172378717925230e-01	   1.9344742037756185e-01	   2.4414740488157410e-01	   2.8469213251843595e-01	   4.0409603457451682e-01	   3.3653234468842708e-01	   3.3253398792101158e-01	   2.3436742756105811e-01	   3.6462745037270106e-01	   4.9875835033416283e-01	   3.0969169971250221e-01	   2.8791390883505297e-01	   2.5693517160304125e-01	   5.3627489787489990e-01	   2.6114982888372412e-01	   5.7675926668283073e-01	   5.5053513833020640e-01	   1.7623155239197225e-01	   1.3905350527681737e-01	   1.8432244457613847e-01	   1.8269640354879030e-01	   4.3337334854710968e-01	   3.9993323310230433e-01	   2.1342717347422618e-01	   1.2392557008464936e-01	   4.6281789265064044e-01	   4.9435496789283417e-01	   5.1954335370402616e-01	   4.2162930166352663e-01	   3.5507228468928126e-01	   2.0090300680175252e-01	   4.9353487159306741e-01	   5.3280008700119119e-01	   5.5430520633066582e-01	   5.7502536825580075e-01	   4.9560772584749541e-01	   5.2571732356709244e-01	   3.2167216000347221e-01	   4.3434923486873467e-01	   3.9698898013144224e-01	   2.5738251747092450e-01	   4.2898643553150295e-01	   3.8793121384914786e-01	   9.6576200383728397e-02	   9.9071474602612564e-02	   8.4980925165672308e-02	   3.2652699667557866e-01	   2.5486841903513779e-01	   3.3030930509854173e-02	   3.1573009855343581e-01	   3.3840004596155315e-01	   1.0202842141258489e-01	   1.0612690290048812e-01	   1.3435636647325197e-01	   4.2096807812747888e-01	   1.3700580726590861e-01	   1.9675373852180705e-01	  -9.1928415176028261e-02	  -8.7877303862837208e-02	   1.9274057195119206e-03	   1.2652550242068039e-01	  -1.5811777985715722e-01	   4.0025555613226842e-03	   7.2749282396900400e-02	   1.6305020954934463e-01	   1.2254683670255126e-01	   1.0614867612081164e-01	   1.0094477583329922e-01	   5.1809198420659300e-03	
