   0.0000000000000000e+00	   7.3001167018899138e-01	   2.0813999270608528e-02	   4.4173103442249873e-01	   2.0101062923282703e-01	   6.8782764211485958e-01	   4.5474543752957791e-01	   5.9840617282031827e-01	   4.3461913633639943e-01	   5.6429074085567366e-01	   8.5902174578760704e-01	   8.0483626099800043e-01	   7.6837602862258514e-01	   7.9107034478987281e-01	   4.7133466649295408e-01	   6.2602510940886269e-01	   4.2639348313899372e-01	   4.7019900341392484e-01	   5.2622666257107320e-01	   6.7094713690124141e-01	   3.0642491680635137e-01	   2.7472426469889999e-01	   1.1495750109710490e-02	   6.2442846908734181e-02	  -2.8005272693841121e-01	   8.7670233874561632e-02	  -4.0410129508991685e-02	   3.2105799425902004e-01	   5.4527579039735830e-01	   5.3221950142184604e-01	   4.4550301280722543e-02	   2.1444964219967089e-01	   4.7661535686818912e-01	   4.9095298092326878e-01	  -1.6954748954703697e-01	  -8.4202090156368467e-02	   3.1220109006633306e-01	   3.7282305100837887e-01	   4.1324615526494635e-01	   3.8516264441457737e-01	   5.9281494848538618e-01	   4.8718653587365102e-01	   7.7907264017668204e-02	   5.1807439944796585e-02	   1.1907550160071487e-01	   3.0139516313862252e-01	   2.5321271831883274e-01	   1.7227240288310486e-01	   3.1192977714822867e-01	   3.9457809601334531e-01	   4.5806606538499539e-01	   4.2725353436773467e-01	   7.2173350942051884e-01	   5.3686974446569080e-01	   6.8495941849982145e-01	   5.0796703207974570e-01	   6.1560287326745577e-01	   4.8139111512807897e-01	   3.3515277635817986e-01	   4.5263464963599875e-01	   7.0660273125709372e-01	   6.5929606673411234e-01	   5.5659513701384822e-01	   6.5473163430007508e-01	   8.3085301336143710e-02	   1.5149999127497973e-01	   2.7310083210074365e-01	   2.9572547552833278e-01	   6.5017208057369846e-01	   5.6263363219693208e-01	   3.8728546779902062e-01	   4.3553989186842468e-01	   6.2469541912120163e-01	   6.2980940763834325e-01	   5.9990843988712927e-01	   5.9089235557731323e-01	   4.5118814345482317e-01	   6.0791747260542905e-01	   4.5967405622950497e-01	   3.9615877323690774e-01	   5.5146283645511218e-01	   5.2350395079366718e-01	   5.1960036234009255e-01	   5.7396642207893378e-01	   4.8385569856127508e-01	   3.9273169978408617e-01	  -7.4995546983162003e-03	   2.6741811039322316e-01	   5.5496577522397195e-01	   6.8949937844665499e-01	   5.0857018957712752e-01	   3.9091600127370141e-01	   3.3892675499317992e-01	   1.4594964330732016e-01	   1.1548235304947015e-01	   3.4187960239701265e-01	   2.7975304340267471e-01	   4.9588354638042831e-01	   5.6142574463943373e-01	   5.4791754275870408e-01	   4.8646965863370401e-01	   1.1693748285383779e-01	   3.3663386639332354e-01	   5.5177493061124627e-01	   2.3271779536277606e-01	   2.0216097121962276e-01	   8.1571131713696024e-02	   3.2276781125854315e-01	   2.9292597089828495e-02	   1.3406423118958988e-01	   2.3851973447139257e-01	   2.4115936926651821e-01	   3.2744101245297663e-01	   3.3783675904821198e-01	   1.3519736656501694e-01	   1.6394286814924489e-01	
   7.3001167018899138e-01	   0.0000000000000000e+00	   4.5405771017029750e-02	   4.0008318978490265e-01	  -4.0748936669634667e-03	   4.6221031572849214e-01	   2.0999935087558352e-01	   4.0858120005056453e-01	   1.9187401765495712e-01	   3.6481026661454197e-01	   6.3772489185263503e-01	   7.1436066613872584e-01	   3.9557577656313120e-01	   6.4628347423410071e-01	   2.9063032999408478e-01	   4.2894169740855648e-01	   3.2793818824272669e-01	   3.9724481174107240e-01	   5.8044468414186623e-01	   6.7624673271313540e-01	   1.6832657111033547e-01	   1.4225195117638989e-01	   6.8132220838380475e-03	   9.3145370900091395e-02	  -1.9061295411122636e-01	   5.1832816520061445e-04	  -9.8214696206469776e-02	   5.2461809359793485e-02	   3.6425497410545749e-01	   4.0137123662223517e-01	   2.7290681442429035e-02	   1.9406217324457273e-01	   3.9402792625253080e-01	   4.2331421113603696e-01	  -9.7672582440320496e-02	  -2.9041699513285488e-02	   2.7201160265179325e-01	   4.0708853252219623e-01	   2.6672541465556909e-01	   3.4666684754065874e-01	   3.7880783649795668e-01	   3.7343765830796077e-01	   2.5470874764441387e-01	   2.7014379081296302e-01	   2.9662660801150248e-01	   3.8326625851505575e-01	   3.7612953115136494e-01	   3.0532248461648737e-01	   3.1048400893437617e-01	   3.8779290752660356e-01	   3.3232137015353708e-01	   2.3126618685282729e-01	   5.2612455347882536e-01	   4.3098109698903525e-01	   5.6547412114936124e-01	   4.4653020584070913e-01	   6.9617814837235936e-01	   6.8437104776550672e-01	   1.8200842376844617e-01	   3.5285363509141110e-01	   4.5198826282144089e-01	   5.1900440218722155e-01	   5.4771101013590662e-01	   5.0673482378296431e-01	   2.7409450177074673e-02	   8.5695766445110441e-03	   6.1756082256902947e-02	   1.3928556005839543e-01	   5.6309188096557261e-01	   5.2854977211038479e-01	   4.0901527783495972e-01	   3.9461899569822845e-01	   4.7943070346463529e-01	   5.4197537416066588e-01	   4.1415235666877481e-01	   4.7120914686968041e-01	   5.3909267135218442e-01	   5.2506327798576313e-01	   2.7503893281851838e-01	   1.5462518630926930e-01	   4.2724252881031005e-01	   3.2225118364303318e-01	   4.6260333465243614e-01	   5.0716742361711975e-01	   3.5914155812994186e-01	   2.5380499596086425e-01	   6.0067307573894932e-03	   1.5236200610079009e-01	   3.7780676658667312e-01	   4.7932198161976686e-01	   4.5527183831533857e-01	   2.9137316374713729e-01	   2.8227295412540299e-01	   1.2766432020729163e-01	   2.0802960074746510e-01	   2.9580388045522343e-01	   3.7747134331917020e-01	   4.5088974561640166e-01	   6.6165155109968388e-01	   6.0560846189076756e-01	   3.7136123610304084e-01	   6.3026660337836785e-02	   4.4424912724724630e-01	   4.2033114046616854e-01	   2.4504094524610792e-01	   1.2611468994104216e-01	   1.8233608401299378e-01	   3.0878378207016843e-01	   1.2438234666253029e-01	   2.7183703105268675e-01	   3.8385302155497825e-01	   4.4725556583598669e-01	   4.2965833350672378e-01	   4.4647246444090588e-01	   1.6279216397805940e-01	   1.0174838505082560e-01	
   2.0813999270608528e-02	   4.5405771017029750e-02	   0.0000000000000000e+00	   4.3164604465321105e-01	   5.8224178734028420e-01	  -1.0839713071815667e-01	   4.0207981878364379e-01	   3.0789473492396392e-02	   2.0506000006772740e-01	  -9.7284990038308580e-02	   1.7278978839660025e-01	  -2.3952509824262419e-01	   7.5817780238234517e-02	  -1.9151027983022051e-01	   5.7499844940116462e-01	   3.8295923294586287e-01	  -5.6643481713426714e-03	  -4.1727853955700854e-02	   4.1568501928441892e-01	   2.3560727774887319e-01	   4.5186740140844506e-01	   1.6134804407536191e-01	   8.1444638402846048e-01	   6.7633143644045179e-01	   5.7278873853568824e-01	   5.4137718471545071e-01	   6.4607226336734036e-01	   5.7027013305153074e-01	   1.6452912107231821e-02	  -1.2958466305603819e-01	   6.8173771658430704e-01	   5.7238052037987108e-01	   4.3661906568917297e-01	   2.6220951679503607e-01	   7.2124392379056546e-01	   6.4821890556600748e-01	   3.1839265693542695e-01	   3.2058174385009996e-01	   2.4390883555508047e-01	   2.7678856866550255e-01	   2.4727554282607012e-01	   1.6749057806259929e-01	  -2.0864817822174447e-02	  -1.8674740347544974e-02	   8.0138374066471674e-02	   1.0849380201634531e-01	  -3.9916964027484791e-02	  -1.6083292087023297e-02	  -8.4270010843182475e-02	   1.1904126190679839e-02	   5.1379736476187140e-04	   8.8330345647005842e-02	  -4.4629796777596695e-02	   4.1793137858279018e-02	   2.3675812063884102e-01	  -3.1865752209265193e-02	   3.6081629866186085e-02	  -4.5019531283459625e-02	  -9.9689243288059032e-02	  -1.2408569406104150e-01	  -4.4276116218852996e-02	   5.1570528932055049e-02	   8.9605866884350252e-02	  -5.1941586289798426e-02	   7.4086256652345717e-01	   5.2316403876487727e-01	   5.3832147470976865e-01	   4.4655921090241557e-01	   2.1681601004551360e-01	   2.2808979826841774e-01	   3.9667312375567143e-01	   2.3468589280914487e-01	   6.8709953279312425e-02	  -1.1799399480750486e-01	   2.4334653573157239e-01	   1.8413782275601673e-01	   3.5348651895055505e-01	   4.2942035994451611e-01	   4.7889428384937122e-02	  -1.7568907519102900e-03	  -1.8167585388533417e-02	   9.6779912742859783e-02	   4.2911065905509704e-01	   2.3507505336015422e-01	   4.9120405835436787e-01	   4.1156535924133109e-01	   5.3869339162903951e-01	   5.2989237767912856e-01	   4.1958227574011930e-01	   3.5811008076115414e-01	   1.8835734343771435e-01	   4.7612653766485580e-01	   3.0376538394689417e-01	   6.2378353658540853e-01	  -6.4114870428390647e-02	  -6.5159912290195063e-02	   1.5047679507297823e-01	  -5.5383096214814791e-03	   7.4857478374117464e-02	   8.1593636828985350e-02	   1.5486700400836903e-01	   6.5977020417022136e-01	   1.2278920691194400e-01	   3.8786708453066487e-01	   2.8602173257851160e-01	   4.9655368358771068e-01	  -8.8500555555348664e-02	   4.9421694623730375e-02	  -4.2739053726071563e-02	   8.6042071377730470e-02	   3.1580699188950612e-01	   2.4032590600513254e-01	   2.6365327958902857e-01	   1.8308065893637493e-01	   3.4489653928944330e-01	   1.9886114495116730e-03	
   4.4173103442249873e-01	   4.0008318978490265e-01	   4.3164604465321105e-01	   0.0000000000000000e+00	   2.2666839364522837e-01	   4.9850854375553882e-01	   4.3778711584285540e-01	   6.9018539300171633e-01	   3.9831156804706902e-01	   5.6410015115631484e-01	   4.1022255902521998e-01	   4.4120174159619752e-01	   1.2937010987647043e-01	   4.3415855083642096e-01	   4.7496796496810162e-01	   7.9930568765363474e-01	   1.3098810659294186e-01	   9.9302454917845950e-02	   6.6415649295280910e-01	   6.8036487042263361e-01	   5.5463447263662746e-01	   4.5286601956922068e-01	   5.2703174058728952e-01	   7.2580147779252557e-01	   3.2492920511503320e-01	   5.9873426880359015e-01	   3.3786060716272703e-01	   4.5387831882577373e-01	   2.8054248047559593e-01	   1.7296563018656722e-01	   6.0936974384420350e-01	   7.3270078494932334e-01	   5.5233383494609489e-01	   6.2461878413631000e-01	   2.7092709514852836e-01	   4.6073862136875776e-01	   4.2521238866204103e-01	   5.6379899713831105e-01	   2.3026052445693879e-01	   4.2982522013454072e-01	   5.1335370489111942e-01	   3.2678389305831790e-01	   1.2319421631333344e-01	   2.4351692043124484e-01	   3.3639632822970494e-01	   5.8636166765586673e-01	   2.5133227219152060e-01	   3.2027427355004262e-01	   1.3781804122503483e-01	   3.7191381722740136e-01	   2.2793267566012360e-01	   3.1709622631249901e-01	   3.5279360437558410e-01	   5.4606832021002649e-01	   4.9103999263343667e-01	   5.1183978667062280e-01	   3.3029192027914617e-01	   6.5442208983996941e-02	  -1.2581654038471748e-01	   1.9946672631764359e-01	   9.0738965909295616e-02	   5.9774903790596223e-01	   2.6488116272235362e-01	   2.2896918676113959e-01	   4.9401748567772519e-01	   5.9489752441104427e-01	   3.4506012979800804e-01	   5.9261053323858648e-01	   5.9625741504448948e-01	   6.0881021363876597e-01	   4.2530968249948686e-01	   4.5455747345646513e-01	   3.5684120104175021e-01	   2.9652942114687075e-01	   3.2740887278840070e-01	   3.8039136457337425e-01	   5.2425727332229610e-01	   6.6715676623436126e-01	   3.0544125461426608e-01	   1.8453254596125040e-01	   3.5375014207738675e-01	   3.3498372642223223e-01	   5.8976896482833008e-01	   4.8499488465148460e-01	   6.8644121279267001e-01	   7.6886844522046904e-01	   4.4434766769143763e-01	   7.1896148106841606e-01	   4.2625265845039728e-01	   7.3776275361791810e-01	   6.8888465256162301e-01	   6.5995656366495137e-01	   7.7820018194442342e-01	   4.9432382590032498e-01	   1.6498136620064392e-02	   1.4042302719879757e-01	   3.0375357784984286e-01	   3.5328370891414473e-01	   5.3203343357152921e-01	   4.6855361425589254e-01	   6.9419682735255295e-01	   4.2215288014293850e-01	   5.6627126681274853e-01	   3.3924587422841457e-01	   5.0403234371538663e-01	   3.5209203413707801e-01	   1.4726410151528391e-01	   1.0326085870571786e-01	   1.1661507515192562e-01	   3.6594138459430503e-01	   5.1744342178139091e-01	   4.8611481326231715e-01	   5.3661206577667064e-01	   3.9482295339825152e-01	   4.1356282642484399e-01	   3.0299152368756571e-01	
   2.0101062923282703e-01	  -4.0748936669634667e-03	   5.8224178734028420e-01	   2.2666839364522837e-01	   0.0000000000000000e+00	   2.1176073549971403e-01	   4.5448857150007860e-01	   9.5119658663648049e-02	   5.7836271508078041e-01	   1.1390982099948888e-01	   1.5820881427938155e-01	  -1.4899504325531829e-01	   4.0005213877457246e-01	  -1.6740192789815625e-01	   6.7705697965466360e-01	   3.9437971993284904e-01	  -6.1647307037129062e-02	   6.1866341641158909e-02	   1.5189098415312866e-01	   2.1734798131268854e-01	   4.8221285513580053e-01	   2.5879039034673723e-01	   5.9160271555325838e-01	   3.5421625313114524e-01	   4.6990318378719642e-01	   5.6826162333484764e-01	   6.8432885938083432e-01	   5.8137676157384210e-01	   1.8129078113354430e-01	   4.7245568393302614e-02	   4.5080864737441084e-01	   3.2168080305920943e-01	   3.3648587445481953e-01	   1.4852863551599010e-01	   5.0504613486591310e-01	   5.0527726754288960e-01	   4.3884319640824804e-01	   3.4326665217996555e-01	   5.5051059697481541e-01	   4.5550700584131842e-01	   4.6360768120907880e-01	   3.2240254521098749e-01	   7.2854546421862509e-02	   1.1592808041732901e-02	  -4.0818415478856104e-02	   1.3029856401836293e-02	   6.7225721930429500e-02	   1.1307345602373163e-01	   3.2604087291753688e-03	   1.1287819361509538e-01	   2.0407809620117287e-01	   2.6838370532003780e-01	   2.3350163059226253e-01	   2.7198573744056098e-01	   3.9786896424149243e-01	   1.8912300497730866e-01	  -1.2110573770195296e-02	  -8.4007129575222703e-02	   7.2901799231929909e-02	  -8.8060107915401906e-03	   1.8220054841833772e-01	   1.5924447562209565e-01	  -1.2949431722725452e-01	  -1.4572144524140396e-02	   5.8271376206029746e-01	   5.7139432902166587e-01	   4.8117148509080010e-01	   3.6631102577781127e-01	   3.1141606518371356e-01	   2.6035778238024893e-01	   4.3298330508644434e-01	   2.6791213287341137e-01	   2.1230823681940070e-01	   2.2755093660139204e-02	   2.7596089345999808e-01	   2.4685072621831217e-01	   2.0512647914528759e-01	   3.0696528425424019e-01	   1.3380850152851143e-01	   1.9128675242554732e-01	   7.8306622851693292e-02	   1.7402503043386397e-01	   4.5296006013077961e-01	   3.3367599257032038e-01	   4.1107005174758166e-01	   2.4573391325358807e-01	   4.9180491797899162e-01	   4.2714446711823706e-01	   5.0881921281143017e-01	   4.1673987721660721e-01	   1.5940545623901298e-01	   3.8808782312782375e-01	   2.4350301109096190e-01	   5.3647413381818143e-01	   1.5392510814614355e-01	   1.8514408677947025e-01	   3.3380049305657911e-01	   3.2252678424526560e-01	   6.2660724030998913e-02	   1.5785110253885440e-01	   5.8194046877628969e-02	   4.6247308132909776e-01	   1.1567549177746145e-01	   5.0383091838023308e-01	   3.2039191899216996e-01	   5.2095386075876837e-01	  -9.0378662883135466e-02	   2.5462137342741425e-01	  -2.1499969054372939e-01	  -4.2778772209108501e-02	   2.8689120979046878e-01	   1.2821344162566145e-01	   3.3955701212000533e-01	   1.4751082694316620e-01	   3.6175781251020500e-01	   1.8620421364540410e-02	
   6.8782764211485958e-01	   4.6221031572849214e-01	  -1.0839713071815667e-01	   4.9850854375553882e-01	   2.1176073549971403e-01	   0.0000000000000000e+00	   4.7548618010132204e-01	   8.2177560034867680e-01	   5.7010675576071412e-01	   8.5772431256957882e-01	   5.5366812360952955e-01	   7.0117716797851348e-01	   5.5048248926849142e-01	   7.1294323044734575e-01	   3.6068328489078338e-01	   6.0379969961281921e-01	   3.1712053969877518e-01	   3.5909336576325690e-01	   4.7796965484299669e-01	   6.2076074762851652e-01	   3.2675893094169839e-01	   5.3197403339908145e-01	   2.9084396943520750e-02	   5.2398064373073316e-02	  -7.6170867337684814e-02	   3.2840281037051461e-01	  -5.2548934614040213e-02	   3.2482323280304604e-01	   5.1576452934889494e-01	   4.7647181413088602e-01	   1.3446693669206800e-01	   3.2678598602041731e-01	   4.9754030455125808e-01	   6.2279530892162704e-01	  -1.1929079958991001e-01	   6.8562408732657079e-02	   3.3264004355186033e-01	   4.5879757219556855e-01	   3.0977334594481604e-01	   4.3937161809430003e-01	   4.3111820230963876e-01	   5.2284748841290662e-01	   5.8281920992876129e-02	   7.4818854778297361e-02	   1.4737772485907938e-01	   4.8960438885542995e-01	   2.0017653949380840e-01	   2.4051942519546449e-01	   1.7435210523412931e-01	   3.9258689602905295e-01	   2.8183407337517630e-01	   2.9770199030108024e-01	   4.9935402186912486e-01	   4.4921812992731419e-01	   4.6667956581244074e-01	   5.0392062031953955e-01	   4.4199907059220234e-01	   2.2827754614795470e-01	   8.2846628652910065e-02	   2.9678955434854615e-01	   4.6787830992868784e-01	   8.2172070135057651e-01	   3.1420620526853760e-01	   5.9139131472762330e-01	   7.8835137414254006e-02	   4.1477369637601635e-01	   3.1234010918354704e-01	   4.9616215553177562e-01	   6.8542003641651650e-01	   6.4777635444694659e-01	   3.5612160276112914e-01	   5.1602902599498868e-01	   5.4521838444275383e-01	   5.9341451299779446e-01	   4.2770178229840611e-01	   6.1587662865523818e-01	   4.6876382562905572e-01	   5.7532199209195733e-01	   4.5826085522306798e-01	   3.6376909389595558e-01	   5.6678432622790942e-01	   4.9910415973010475e-01	   4.8996572272181116e-01	   5.4470503763051470e-01	   4.7008531161187839e-01	   3.8365572037477041e-01	   4.3730163447358597e-02	   2.7873475082733107e-01	   5.6008425953518370e-01	   7.0786048866186435e-01	   6.4925782963988410e-01	   5.3761649145448276e-01	   5.2282166907182903e-01	   1.7461301245384764e-01	   4.8500215957033903e-02	   2.3680282300099392e-01	   2.5244856545189831e-01	   4.5111422153874065e-01	   4.5251929214613568e-01	   4.9340649605490605e-01	   5.3476602260870942e-01	   1.3711880358593109e-01	   4.8765926537525578e-01	   4.7187275663288908e-01	   3.7372364392801649e-01	   1.6723240267699388e-01	   9.2698377907739118e-02	   2.1047170043681807e-01	  -4.8790087681781412e-02	   8.1216571858117523e-02	   3.8137432346833877e-01	   2.6564700368304200e-01	   3.4801504110158477e-01	   2.9944348191121950e-01	   3.6261200859564902e-01	   2.1629496447943397e-01	
   4.5474543752957791e-01	   2.0999935087558352e-01	   4.0207981878364379e-01	   4.3778711584285540e-01	   4.5448857150007860e-01	   4.7548618010132204e-01	   0.0000000000000000e+00	   6.8775501977104891e-01	   7.3388873425319856e-01	   5.5888416228056070e-01	   5.3464422311021464e-01	   3.3012539887579545e-01	   5.9442581824939278e-01	   3.2523245474686902e-01	   6.5127062077020881e-01	   5.2671294378773825e-01	   3.2079040420770050e-01	   3.3075710414521509e-01	   4.2245739128926146e-01	   4.0379350767139477e-01	   3.9276156052128885e-01	   2.6457595721657323e-01	   2.0601561899092019e-01	   6.5444970014974360e-02	  -9.0937198685757004e-02	   2.9029982980203328e-01	   6.5364320794333769e-02	   4.0130829048535832e-01	   5.4105949999240122e-01	   4.2325435774213915e-01	   2.8137484448132910e-01	   3.7027354863508882e-01	   5.9842856461928551e-01	   5.5177589256152837e-01	  -1.8436426434795865e-02	   5.6927209592851948e-02	   6.0739796487908740e-02	   7.4641215413433132e-02	   1.3253839199310030e-01	   2.4389973055350583e-01	   2.9371101703641544e-01	   3.0383682353237662e-01	   4.6125059934281398e-02	   6.1055382796437185e-02	   2.4271529063239913e-01	   4.0125022288982132e-01	   1.8293869905373650e-01	   9.8710680504490375e-02	   1.8075109860245653e-01	   2.6162174668830496e-01	   3.0143833995715552e-01	   3.1243028529934841e-01	   4.2865466087190446e-01	   3.2911938668000817e-01	   3.4693251578018053e-01	   2.6793644208545370e-01	   6.0191735105877484e-02	  -6.2590568280019965e-02	   2.0549982021393801e-01	   1.3943644180008763e-01	   5.5749231879152517e-01	   6.6532364201949423e-01	   3.5474193222475420e-01	   5.8998919481720680e-01	   4.6900343893101776e-01	   3.7113862860651459e-01	   5.4298109215567525e-01	   4.2142796708935898e-01	   4.7087836402942707e-01	   4.6475149111398689e-01	   2.2767400095626908e-01	   3.1319605900360165e-01	   3.8426238283404579e-01	   3.0182617592847621e-01	   3.4585693036740428e-01	   5.2387958564249926e-01	   3.7493621291348656e-01	   4.4245457365147844e-01	   3.4529983593332009e-01	   3.0623203439443941e-01	   4.4740882057339587e-01	   4.5119540407639619e-01	   5.6739529524659027e-01	   5.4968163297333894e-01	   4.8756642078047491e-01	   2.6794261990056761e-01	  -3.5878957577483037e-02	   1.8774027489867995e-01	   5.7018914380034746e-01	   4.2894607954190278e-01	   3.5182060569725104e-01	   4.9505028591339573e-01	   1.9879377904261419e-01	   2.7455928623457393e-01	  -1.4986799619878502e-01	   3.9780228235749393e-02	   5.7072052038530205e-02	   1.8416657477090909e-01	   2.2922439081992660e-01	   3.0005772915978335e-01	   3.0677530200799796e-01	   2.8869715606619395e-01	   2.5418039264657927e-01	   4.4944774906443014e-01	   1.3727747012746400e-01	   1.0337010728292598e-01	  -1.9108283374618557e-01	   2.1116405931333601e-01	  -2.5009138906808809e-01	  -2.1410550966622041e-01	   9.3982392484055655e-02	   2.3497397300703793e-01	   3.7688065846144281e-01	   1.5784859875532475e-01	   8.1889386263663766e-02	   1.2027500239465680e-01	
   5.9840617282031827e-01	   4.0858120005056453e-01	   3.0789473492396392e-02	   6.9018539300171633e-01	   9.5119658663648049e-02	   8.2177560034867680e-01	   6.8775501977104891e-01	   0.0000000000000000e+00	   5.8038201661080990e-01	   9.0677902456840886e-01	   5.3071058616227118e-01	   6.8914675644633938e-01	   4.3438408482858404e-01	   6.8402068874070288e-01	   3.8003048510842563e-01	   6.4151025890101887e-01	   3.2014880888238528e-01	   2.8040923384107064e-01	   4.9278881279164255e-01	   5.5542497959014825e-01	   2.8867553133022444e-01	   4.1695193662867214e-01	   5.9378882960644155e-02	   1.4501426935226475e-01	  -1.2610700416337206e-01	   3.3174967619029821e-01	  -1.3195408358837607e-01	   2.5885898564604498e-01	   4.8316245565002142e-01	   4.4310702495053167e-01	   1.6958217280457316e-01	   4.0685582431806233e-01	   5.6572957021856174e-01	   7.4433601689260009e-01	  -1.6613213686235070e-01	   2.7616685596563433e-02	   1.1139248552646536e-01	   2.8018463454694253e-01	   1.0590393478435721e-01	   3.1274245570569148e-01	   3.3690011905695316e-01	   3.5652105791978783e-01	   1.8469959784262657e-01	   2.4611306480227033e-01	   3.7187590511435004e-01	   6.8376834095168570e-01	   3.1894464167715170e-01	   3.3530571667055098e-01	   2.5444080635665745e-01	   4.6306711543617740e-01	   3.1818991436577881e-01	   3.6105285064731873e-01	   4.8781407453663145e-01	   4.9130421220496251e-01	   3.8074107197506379e-01	   5.1969468432001042e-01	   3.3379524898643265e-01	   7.5128093497221909e-02	   7.5951804217115379e-02	   3.0265219360532175e-01	   4.1146978672365864e-01	   8.8754495286160662e-01	   3.8750931139189970e-01	   6.6291346807614948e-01	   1.8167281660039067e-01	   4.1811337104888346e-01	   3.1355177295880410e-01	   5.2725274645180997e-01	   6.6223533261675416e-01	   6.8376413510776390e-01	   2.0146637581445570e-01	   4.3085796479838112e-01	   4.2989358098026564e-01	   4.7785368322060795e-01	   3.3423859536574163e-01	   5.5143107294996307e-01	   4.6789600258230235e-01	   5.5898796366773973e-01	   3.7313311642565372e-01	   2.7184359164778532e-01	   5.4672414916547663e-01	   4.6602056394195274e-01	   4.9178631246365823e-01	   5.5013287788232057e-01	   4.9035490781533675e-01	   4.3942660722917087e-01	  -7.8957193496227901e-02	   2.6969716446375036e-01	   4.5951970212549342e-01	   6.4608309285156151e-01	   7.1600128137477992e-01	   5.8499734573924789e-01	   5.6742813337944575e-01	   2.0174547533834386e-01	  -7.9833146641078309e-02	   1.4094050305559674e-01	   1.8431034256210110e-01	   3.5474851461921253e-01	   5.3753873752202730e-01	   5.4508722881197502e-01	   6.3144762461091897e-01	   1.7212958005016929e-01	   5.2336251412817214e-01	   3.7165677385643370e-01	   3.0138916365108953e-01	   5.3023468650110608e-02	  -7.4743092090521742e-03	   1.4339845684859331e-01	  -6.1473661505857355e-02	   2.8927952560759057e-02	   3.0530115650187595e-01	   3.9684856274368863e-01	   4.3957721789442172e-01	   3.2387313163173365e-01	   2.7209321343617054e-01	   2.3944493846941117e-01	
   4.3461913633639943e-01	   1.9187401765495712e-01	   2.0506000006772740e-01	   3.9831156804706902e-01	   5.7836271508078041e-01	   5.7010675576071412e-01	   7.3388873425319856e-01	   5.8038201661080990e-01	   0.0000000000000000e+00	   6.1971085384171398e-01	   4.0870389299789456e-01	   3.3607912517852634e-01	   5.5653009523684049e-01	   2.6228084229437310e-01	   6.9942557001358296e-01	   5.7024045957447744e-01	   1.5299732752648931e-01	   2.5755731593606090e-01	   2.8675226821825595e-01	   3.4349510956244717e-01	   3.1351251139370095e-01	   3.1680403788650108e-01	   3.4674546664789835e-01	   1.8243976889156133e-01	  -2.9684658068892106e-02	   3.6471431820032413e-01	   1.6913900550168898e-01	   4.4674811784470198e-01	   3.8759066887358923e-01	   2.8910033040867700e-01	   2.0660901985900826e-01	   2.5022319543242044e-01	   3.9509882408482444e-01	   3.9845719429388798e-01	  -6.6954742168973430e-02	   1.1480924954343820e-01	   1.0496883036887350e-01	   1.8537261626638984e-01	   1.9970502626626041e-01	   3.0426393375829608e-01	   3.2339518982450183e-01	   2.4541475557020609e-01	  -1.8711199878266239e-02	  -1.0300038660114494e-02	   1.7229043518047639e-02	   2.7301012963694232e-01	   1.2972776537140762e-01	   7.1952703172119881e-02	   7.7909358955029068e-02	   1.8117266452194458e-01	   2.3386495697282739e-01	   2.9983660598303108e-01	   5.2744386805175858e-01	   5.3887645455883249e-01	   4.1825861289342409e-01	   3.5214692257118252e-01	   1.2570786160943628e-01	  -2.2734253866782267e-02	   4.8191647849078562e-02	   7.7771805549611328e-02	   4.5639828407273542e-01	   6.5048709305414154e-01	   1.4676327912390300e-01	   4.1958394384982689e-01	   4.1956778181450610e-01	   4.5849005257559738e-01	   2.3532545149621931e-01	   2.6523239123201570e-01	   5.2134847103557347e-01	   4.9673793329354543e-01	   2.5714068844754090e-01	   4.1080386545926173e-01	   3.3004698510347064e-01	   2.8243713251168556e-01	   2.9214468707273983e-01	   4.1496461810964480e-01	   2.0831955207667324e-01	   3.4138444148664959e-01	   3.6220293997039038e-01	   3.3509661036106153e-01	   3.5391363341181914e-01	   3.6310595274134427e-01	   4.3830492536835031e-01	   4.2974786885748190e-01	   3.6217988176720955e-01	   1.9531818508569659e-01	   1.0651690275144088e-01	   2.1823811710065999e-01	   5.2086347463787308e-01	   4.8184477299895478e-01	   4.1861796588607103e-01	   5.8597467389649360e-01	   3.4187456482169842e-01	   4.2062206627129894e-01	   1.7966991434229043e-02	   1.4882200926096628e-01	   1.7099195703805442e-01	   2.7859737091066106e-01	   1.9416008087503045e-01	   3.1861746224490772e-01	   2.0051511151943002e-01	   2.0493453608953485e-01	   2.7588039551223359e-01	   4.1686557287990267e-01	   2.5865969885248558e-01	   8.2491060076770928e-02	  -1.8091118948860313e-02	   4.0772546921761854e-01	  -1.3180634342132805e-01	  -7.2103012929690874e-02	   9.4974276740457386e-02	   2.1156797602441524e-01	   4.1981873170147282e-01	   1.7100813351612210e-01	   3.1049707316709724e-01	   1.4253524365629300e-01	
   5.6429074085567366e-01	   3.6481026661454197e-01	  -9.7284990038308580e-02	   5.6410015115631484e-01	   1.1390982099948888e-01	   8.5772431256957882e-01	   5.5888416228056070e-01	   9.0677902456840886e-01	   6.1971085384171398e-01	   0.0000000000000000e+00	   4.7736362701405533e-01	   6.6647556815263842e-01	   4.3004681904313780e-01	   6.2407270222160438e-01	   3.2037612037003671e-01	   5.5183762717709306e-01	   2.5597622180479074e-01	   3.1153311413955498e-01	   3.6895370199491795e-01	   4.6732198553860116e-01	   2.0262069235003197e-01	   4.2711985855321066e-01	   7.2458494232072984e-02	   8.5995305788028428e-02	  -9.7629797142432528e-02	   3.2642323900038944e-01	  -1.2284739386793569e-01	   2.3224879070252527e-01	   4.1751578383390403e-01	   3.7820774822926329e-01	   1.1251435550862288e-01	   3.0596205467864812e-01	   4.6276179392230832e-01	   6.3300764039947088e-01	  -1.9296661553727473e-01	  -4.8705929570119350e-03	   9.6088627965907281e-02	   2.6578352648522574e-01	   1.0995671265328964e-01	   2.9545669609115166e-01	   2.6492262021563939e-01	   2.6771112873363156e-01	   1.0933219017768085e-01	   1.3323171943795531e-01	   2.1220964437199846e-01	   5.3346295160413537e-01	   2.2374267541803936e-01	   2.4097591424408338e-01	   1.3607081467151466e-01	   3.5600382383244894e-01	   2.1915912946669763e-01	   2.8478348595298941e-01	   4.1177308092733844e-01	   4.2716773372276856e-01	   3.5112339882561044e-01	   4.4518008426238670e-01	   2.9400071984521053e-01	   6.6972560176142532e-02	   1.2498657965442993e-02	   2.4741742582207316e-01	   4.0317634126192264e-01	   8.3867278272642887e-01	   3.3234788019866496e-01	   5.9130528313103192e-01	   1.3441688868509705e-01	   3.9539762103894061e-01	   1.8564303832202950e-01	   4.0826439775401402e-01	   6.3403126398893472e-01	   6.1004715955466782e-01	   1.3593519989749217e-01	   4.1496355604501234e-01	   3.6097977429738998e-01	   4.4563560153970849e-01	   2.6951600828455907e-01	   4.4687700957050769e-01	   3.9484325068438653e-01	   4.2448893582139047e-01	   3.4907388502612152e-01	   3.0124982211908036e-01	   5.0563647780454424e-01	   4.2230560400159939e-01	   3.9050130151572637e-01	   4.3109360194994850e-01	   4.0953577261723850e-01	   3.3513693839015241e-01	  -5.7154995534321879e-02	   1.9798289892397292e-01	   4.8589031464067534e-01	   6.0607943352169513e-01	   6.9348621518884812e-01	   5.5154945521229592e-01	   5.6211131149572835e-01	   2.2543221457143403e-01	  -4.8730463112729369e-02	   1.5386588001207699e-01	   1.5266994433676870e-01	   3.2460905870679801e-01	   4.3687018466309957e-01	   4.6054214186943793e-01	   5.2938628486781902e-01	   6.3906549115360506e-02	   4.2418324440666783e-01	   3.4002243385171632e-01	   2.6788703325247865e-01	   6.6834150609096074e-02	   5.5805270867651649e-02	   1.2209951114344125e-01	  -4.5348923891342346e-02	   3.3458361115276399e-02	   2.1381468957260805e-01	   3.1477343447088746e-01	   3.8260098742824622e-01	   2.4540150325261922e-01	   3.2437896784804354e-01	   2.6416861418436477e-01	
   8.5902174578760704e-01	   6.3772489185263503e-01	   1.7278978839660025e-01	   4.1022255902521998e-01	   1.5820881427938155e-01	   5.5366812360952955e-01	   5.3464422311021464e-01	   5.3071058616227118e-01	   4.0870389299789456e-01	   4.7736362701405533e-01	   0.0000000000000000e+00	   7.3701076936655419e-01	   8.0078107334493542e-01	   7.0152256602355267e-01	   5.7144566510250927e-01	   6.2220910557585152e-01	   5.0214192181178419e-01	   5.0109073570380380e-01	   5.9763915905856868e-01	   5.7258891664687750e-01	   3.3630502406060025e-01	   2.4378044987378261e-01	   1.0320009261417384e-01	   8.1811990950846888e-02	  -2.9439668584851619e-01	   4.6202304337166024e-02	  -3.1259896483686878e-02	   3.1278166040146760e-01	   5.9925563090473122e-01	   5.4532576029808688e-01	   1.6790973668629716e-01	   2.8205656246607624e-01	   5.1263312307561648e-01	   4.6715426957313477e-01	  -1.3089753062623721e-01	  -6.6049280726769577e-02	   2.9345689936697877e-01	   3.3731330363331347e-01	   3.8394263392680217e-01	   2.8375641202195501e-01	   4.8693712619197582e-01	   4.8297804008272716e-01	  -7.9148860090999529e-03	  -2.5946865268611514e-02	   1.0291901840847045e-01	   2.2377843763750827e-01	   1.6333188741069496e-01	   7.4398814666261401e-02	   2.1841709719756841e-01	   2.8020335643602151e-01	   3.3244818200953002e-01	   3.1438727154622303e-01	   5.7815445948447053e-01	   4.7158810635821080e-01	   6.0261319155410820e-01	   3.7801619489432231e-01	   5.3547238022457488e-01	   4.9980570516713685e-01	   2.5690380769166660e-01	   3.1125908332955088e-01	   7.0463664313146168e-01	   6.0420616740155131e-01	   6.1830056606247408e-01	   6.6899393195989942e-01	   2.0209481034901347e-01	   1.2822960308200168e-01	   2.7546603035431411e-01	   2.1790597581087245e-01	   5.4106713728547817e-01	   4.4569161274117736e-01	   4.0808349544135458e-01	   4.7646119287744426e-01	   6.5400737244740792e-01	   5.7610780230398162e-01	   7.0512392506490085e-01	   6.0110376777677588e-01	   6.2252826992869581e-01	   6.0629341041424734e-01	   4.9911507917347420e-01	   4.6258486670859644e-01	   5.7486149519754592e-01	   5.8829071532373334e-01	   5.4755272987227210e-01	   5.4428992848498881e-01	   4.6054870119991564e-01	   3.7916616139154746e-01	   2.2372799661464795e-02	   1.9354960791414300e-01	   5.1787993365454743e-01	   5.9935682488257802e-01	   4.3670067574997901e-01	   4.0698755119621099e-01	   3.0127063787181979e-01	   1.9604311817431275e-01	   5.8197503492527766e-02	   2.2147213780896435e-01	   2.2830629218098225e-01	   3.4807677844215296e-01	   4.9398420730818182e-01	   5.3255029743608384e-01	   4.4618443936957047e-01	   1.2660820777439838e-01	   2.6896716743601118e-01	   5.4067302447379162e-01	   1.5359195578733198e-01	   1.5969561376841793e-01	   1.4642833731018753e-01	   3.6054724297920149e-01	   1.5641260742655300e-01	   1.1170163777845982e-01	   1.6725627973920099e-01	   2.5487473647584141e-01	   3.1803082204550848e-01	   2.8575197430504101e-01	   1.2386377763092596e-01	   1.9712899269415785e-01	
   8.0483626099800043e-01	   7.1436066613872584e-01	  -2.3952509824262419e-01	   4.4120174159619752e-01	  -1.4899504325531829e-01	   7.0117716797851348e-01	   3.3012539887579545e-01	   6.8914675644633938e-01	   3.3607912517852634e-01	   6.6647556815263842e-01	   7.3701076936655419e-01	   0.0000000000000000e+00	   5.1908618668380768e-01	   8.5094664688410215e-01	   2.0190601723461962e-01	   5.1331712516391192e-01	   4.7659796660851433e-01	   4.4931237690146508e-01	   5.2381191566926533e-01	   6.2505834045452924e-01	   1.5392414158684151e-01	   2.9030175048072115e-01	  -1.6524352411872442e-01	  -2.3899526737700946e-02	  -3.6755470833389836e-01	  -2.1344980995205237e-02	  -2.6040954881337919e-01	   1.0489441911357265e-01	   4.8795752717337121e-01	   5.2803861639654515e-01	  -7.3806840178905403e-02	   1.8170607635289374e-01	   4.2874180082027646e-01	   5.3857348958773210e-01	  -3.8937784698073602e-01	  -2.2451665087974945e-01	   1.0862741136201494e-01	   2.6511980433674953e-01	   1.5461074908032044e-01	   2.0504612515231424e-01	   3.6625726656317892e-01	   3.6657828386856761e-01	   1.3183956103585637e-01	   1.6906802695456719e-01	   2.6787178002254397e-01	   4.3955958376394494e-01	   3.0402024887758083e-01	   2.5427942603523801e-01	   3.1021354646094046e-01	   3.8486107788351931e-01	   3.6248033693079551e-01	   3.0723142747369014e-01	   5.8774997495539449e-01	   5.1649483086386461e-01	   4.7830928410959306e-01	   5.2487042670700856e-01	   6.0163301332653973e-01	   5.2780064052180042e-01	   1.8281009526843739e-01	   3.8401968391860875e-01	   4.9767567078039987e-01	   7.0327588150405529e-01	   5.8535791798221559e-01	   7.4887670485794455e-01	  -1.3717454877151800e-01	   1.4560440068779847e-02	   4.6837294121648554e-02	   1.8620809598248378e-01	   6.3022235560788720e-01	   5.8238410915650052e-01	   1.8596308005869205e-01	   4.3594125404613782e-01	   5.4471791043110929e-01	   6.5510835306385773e-01	   4.7451489924909485e-01	   5.4122416672670703e-01	   4.3953839865801403e-01	   4.9894726726569716e-01	   4.4923021828483484e-01	   3.0319237135201288e-01	   5.6057469712277030e-01	   4.6365808831603517e-01	   3.3320906005226086e-01	   4.1453106569639264e-01	   2.7338395293667472e-01	   2.5913108001750718e-01	  -1.8755564070575570e-01	   4.1948069591413603e-02	   2.7165246739381999e-01	   5.1459455954324662e-01	   5.6320818176408238e-01	   3.2536065324582741e-01	   3.8723494609688280e-01	  -6.4409576060712615e-03	   9.7340049161745244e-03	   2.1025489950822401e-01	   1.9224800951982596e-01	   4.0110885706614319e-01	   5.8550917466596464e-01	   5.9420107330004535e-01	   5.0186169451410501e-01	  -7.7033887016470057e-02	   3.7619501628792651e-01	   3.1523051752099468e-01	   1.4730434818981705e-01	  -9.7434062530603743e-02	   1.5769858591466807e-01	   1.9284086421837238e-01	   1.7435857168015420e-01	   1.3766411373129464e-01	   1.9329050330102651e-01	   2.7153260740809970e-01	   3.0441088706198671e-01	   3.1167575027339833e-01	   7.7205719263612527e-02	   1.3688158072449369e-01	
   7.6837602862258514e-01	   3.9557577656313120e-01	   7.5817780238234517e-02	   1.2937010987647043e-01	   4.0005213877457246e-01	   5.5048248926849142e-01	   5.9442581824939278e-01	   4.3438408482858404e-01	   5.5653009523684049e-01	   4.3004681904313780e-01	   8.0078107334493542e-01	   5.1908618668380768e-01	   0.0000000000000000e+00	   5.2850797559276264e-01	   5.9536259849060580e-01	   4.5252925716415415e-01	   4.0890853348904632e-01	   5.2456622925170349e-01	   2.5105413419651246e-01	   3.5237845373888610e-01	   2.3784301128990659e-01	   1.7392124589784830e-01	  -2.2255466026679972e-02	  -1.5811801545963722e-01	  -3.3663766796732741e-01	   2.5061984727010822e-02	  -1.5030911031478737e-02	   2.8834999780326520e-01	   6.1394715652036291e-01	   5.7179458305996356e-01	   5.9626839763796385e-03	   5.9271409059475949e-02	   3.8308597179844683e-01	   3.2020970299952173e-01	  -1.7827868156383303e-01	  -1.4258397917489182e-01	   2.0179125028990327e-01	   2.1421549979805227e-01	   4.5195017801110826e-01	   3.1707720939631057e-01	   4.4834088856641141e-01	   4.7396430165322989e-01	  -6.5893128790872335e-02	  -1.1958455905749535e-01	  -6.9192490025923065e-02	   6.9073301314978339e-02	   9.4134386986693352e-02	   7.5194899581271842e-03	   1.9268507571122387e-01	   2.0176209885429131e-01	   3.7697605055299865e-01	   3.2670943682278597e-01	   5.9587006878135373e-01	   3.5248913726895448e-01	   5.5725837186845217e-01	   3.0667937423481290e-01	   3.4497861875868302e-01	   3.3499580237041693e-01	   3.7857648340133598e-01	   2.9465293628325873e-01	   8.3915422489642055e-01	   5.2412011010229842e-01	   3.9353627137531089e-01	   5.8269577387022065e-01	   1.5278968843835422e-01	   1.3056518138666756e-01	   3.0998296911747536e-01	   1.8947348723288382e-01	   4.5648697095768004e-01	   3.4176812524291589e-01	   3.1986532402691681e-01	   3.3149956316584339e-01	   5.8557175848366227e-01	   4.8765549953541365e-01	   5.6824749728812451e-01	   5.5233017618629432e-01	   3.6022829334413664e-01	   3.9033461852933549e-01	   4.7241767100832543e-01	   5.6601861860024139e-01	   5.1650620230950728e-01	   5.9786374191207625e-01	   4.4628997185796387e-01	   4.9096071760349702e-01	   3.2684920244445015e-01	   1.9469156510608682e-01	  -9.9985756625096525e-02	   5.5139451763501088e-02	   5.8207225798295259e-01	   5.1357436808066903e-01	   2.6774810774529728e-01	   3.2523138974566118e-01	   1.0433860277464602e-01	   1.2195908102465230e-01	   1.5571988278983995e-01	   3.2582274643319364e-01	   2.3223533224874793e-01	   3.9275971739890120e-01	   2.8406686498580969e-01	   3.8377519260657322e-01	   1.4810797240124102e-01	   3.4721418563253025e-02	   1.1005352067302213e-01	   5.2059319133089632e-01	   1.6622702526412642e-01	   2.0429214632420889e-01	   3.7514111690737886e-02	   4.6590787419558333e-01	  -6.9527822680225809e-02	  -3.8128579662800505e-02	   4.0786550057356340e-02	   8.4384040244918967e-02	   1.9140525740191919e-01	   1.7296700198957610e-01	   1.2670873431227775e-01	   1.7676124503067875e-01	
