   0.0000000000000000e+00	   7.6805744537104959e-01	   3.1209866280720100e-01	   4.9693063542861299e-01	   4.6104820875340990e-01	   6.6111907400916281e-01	   4.3250337400280003e-01	   6.0718149572097802e-01	   5.2114427022351573e-01	   5.0064585584964205e-01	   7.8032008378332107e-01	   6.9973406089697432e-01	   7.7817616776215848e-01	   6.3449226977899398e-01	   7.2202921315907775e-01	   6.3952305779943897e-01	   5.7782069241531386e-01	   6.3687306822185208e-01	   6.2399948062178379e-01	   5.7786877063543152e-01	   6.3233444700197217e-01	   5.3735792728320741e-01	   3.0409217002541311e-01	   3.4967964091517972e-01	   2.2896794018057132e-01	   3.3471084078064683e-01	   4.2107640147317316e-01	   5.6097979090151973e-01	   4.5202608610852252e-01	   5.3449565474608163e-01	   2.9262742895653487e-01	   3.1228591934827643e-01	   5.0106649745339560e-01	   5.2002624468431446e-01	   1.4840796374910217e-01	   2.7173233215048698e-01	   4.6864833662285577e-01	   4.7354795269943206e-01	   5.4310327705357819e-01	   5.5873357003896240e-01	   4.9691555189701286e-01	   6.3280968798317305e-01	   2.3935861913166512e-01	   1.4954756167126473e-01	   5.8759813565301675e-02	   1.1180171783556048e-01	   3.0224066406926231e-01	   3.7713870026493990e-01	   7.7500843459460650e-02	   1.6190691514735966e-01	   2.0242051609273931e-01	   2.2530501150738169e-01	   5.2392597971005217e-01	   3.0878194424465566e-01	   5.3087833366086223e-01	   3.8334377256087815e-01	   7.6394354261439001e-01	   5.2632314971635497e-01	   3.5500859840715271e-01	   3.9585754824465397e-01	   4.7003499386050712e-01	   4.4751533436809732e-01	   4.3481026294450015e-01	   5.2914936814328739e-01	   1.9737619521732287e-02	   1.9079732709283231e-01	   1.4874313784193255e-01	   1.1755657019980328e-01	   6.1194837983491712e-01	   5.5103668600888311e-01	   5.5151946722419121e-01	   5.7212385091594342e-01	   6.2582697773900109e-01	   6.4626759243450338e-01	   6.3520289130501961e-01	   5.9171258503583724e-01	   7.3866016298198267e-01	   7.3440279868990221e-01	   2.8206358464709097e-01	   4.2723905452249478e-01	   5.2733872207126808e-01	   4.4501416991926790e-01	   6.4143706240141141e-01	   3.8964220513042735e-01	   4.1330220378723692e-01	   5.0280252820147875e-01	   4.1080069445523637e-01	   4.0476180498710407e-01	   5.8748789362780152e-01	   5.1198107080233235e-01	   6.4178175515430558e-01	   4.7209517494412728e-01	   5.5681624356042825e-01	   3.5188151761745223e-01	   3.0837443825213368e-01	   3.7948207867470307e-01	   4.7200197105784492e-01	   4.8480619595979679e-01	   6.4962847574622251e-01	   6.4215590547097778e-01	   6.5164419309926380e-01	   5.2519444448984232e-01	   5.9715419345620369e-01	   4.2128631769803471e-01	   2.4709063675958459e-01	   2.3710927480643032e-01	   2.3022061206436906e-01	  -1.1741705427226359e-01	   4.1307196370176591e-01	   4.4511482248889456e-01	   5.0404892213235120e-01	   5.6599061673885731e-01	   4.9864487914562694e-01	   5.4664397959315014e-01	   2.2386991491855823e-01	  -2.6495059195064885e-01	
   7.6805744537104959e-01	   0.0000000000000000e+00	   9.6751162392859719e-02	   3.3283243953798058e-01	   3.5023831099325498e-01	   5.9377216124369214e-01	   2.4443227557222497e-01	   5.4455288871110885e-01	   4.1197324748437092e-01	   4.5764328408733679e-01	   5.9248298989192816e-01	   6.2152002252660199e-01	   4.5208794377431294e-01	   4.4837730086908534e-01	   3.9599995648524355e-01	   3.2211822254529826e-01	   4.3179035592604997e-01	   5.9706684963725265e-01	   5.2724214363859079e-01	   5.3873562769604311e-01	   5.5791864869464092e-01	   4.7188212004981978e-01	   1.5547537150239862e-01	   2.2653272746734529e-01	   8.2582571386089043e-02	   2.5277241846053500e-01	   3.5421862678775251e-01	   5.0419779796129582e-01	   3.3249407172614820e-01	   4.2985150544286599e-01	   3.3792244484843093e-01	   3.4867204744372898e-01	   4.1162413981252394e-01	   4.6782407950895682e-01	  -2.6566533603460786e-03	   1.6102542902436678e-01	   2.9261120957289527e-01	   2.6806936694920447e-01	   3.8682014066632364e-01	   4.3948176700729058e-01	   3.2186181672360370e-01	   5.0887100115410844e-01	   2.7912733428702441e-01	   1.7813640950283957e-01	   2.7681802304562692e-01	   2.5468048337214089e-01	   3.9578996658034699e-01	   3.8784586731895893e-01	   2.8049778814957060e-01	   3.3282175818277127e-01	   3.0165152109859139e-01	   2.6542471386258160e-01	   4.7275820590541734e-01	   3.8811917660076783e-01	   4.2940370228218461e-01	   3.6650867663049164e-01	   7.1628641917599245e-01	   6.9492287464615154e-01	   2.1415993012646856e-01	   3.8215293466896583e-01	   3.6414471099128454e-01	   4.4712586208738753e-01	   3.6125093465614011e-01	   5.3577073310494305e-01	  -1.5692730576176606e-01	   1.2989720352026782e-01	   2.0496908704279823e-02	   7.4962519222437934e-02	   4.7017926436278423e-01	   3.4996376912725180e-01	   3.3613384162058302e-01	   4.1382604739874307e-01	   6.1309611424638255e-01	   6.1295815663896203e-01	   6.3509506057878196e-01	   6.1274621209136182e-01	   5.6358155668439835e-01	   6.5018980348126598e-01	   2.8407304770004982e-01	   3.4919066844926694e-01	   4.3565753164918514e-01	   3.2670801446043096e-01	   4.3814874595884890e-01	   1.5906633661136235e-01	   1.8526446827618376e-01	   3.5956842368419389e-01	   2.8549992822338260e-01	   1.7484367285931485e-01	   3.4054059606220599e-01	   3.4138037867745480e-01	   4.4200853479533603e-01	   2.1159482481182351e-01	   3.8958434895096694e-01	   1.1900720642455537e-01	   1.2716568628627165e-01	   2.3708772725001506e-01	   2.7511300059591737e-01	   3.6573547672971740e-01	   5.8890311638550630e-01	   5.7116572014648426e-01	   5.3825221254212008e-01	   3.2652626010543362e-01	   4.1935330100822377e-01	   2.2476169900458470e-01	   2.1638734143031901e-01	   4.6089242646095083e-02	   3.2430506915280971e-01	  -9.0494109274719098e-02	   3.4902662787157340e-01	   2.6374825399666302e-01	   3.2509286732507087e-01	   5.7070182559621840e-01	   3.6614357888190469e-01	   3.9102585612708152e-01	  -2.2912476579517167e-03	  -2.7708457550793253e-01	
   3.1209866280720100e-01	   9.6751162392859719e-02	   0.0000000000000000e+00	   7.7495868956412317e-01	   4.4260235160632522e-01	   3.8891235905666560e-01	   7.6868434015172871e-01	   4.3253938449867568e-01	   4.8283754385319000e-01	   3.1152152882998496e-01	   3.8099085073022471e-01	   3.1661844745564305e-01	   5.1477783469938254e-01	   4.6377480419090833e-01	   5.7662484365833222e-01	   4.6698050113319112e-01	   3.2378618113677599e-01	   2.8444172777250726e-01	   3.9542717934810645e-01	   4.2514411246374156e-01	   3.8701146623100069e-01	   1.7838448736156071e-01	   8.9834040950203320e-01	   6.9442792410658327e-01	   5.2466806011784739e-01	   3.5085937332995931e-01	   2.7438064989167160e-01	   2.3392753056243976e-01	   3.5831582490617525e-01	   3.0562198343462949e-01	   5.1730464972954748e-01	   5.1504297933688614e-01	   5.3997152411312499e-01	   4.6522255674125262e-01	   6.1835635365727248e-01	   4.9599894728653726e-01	   4.1686997146685717e-01	   3.3944666383365801e-01	   4.9344508218272320e-01	   5.2499936313396234e-01	   4.4977563774742818e-01	   3.2643104538854217e-01	   2.0167947756186286e-01	   1.7364265978629723e-01	   1.1465987780628523e-01	   1.3358727123135822e-01	   1.4422331465017518e-01	   2.3745074415995060e-01	  -1.4893491828657575e-02	   8.7275866356501558e-02	   2.3874032938857889e-01	   1.5607080581744026e-01	   2.1603916603554230e-01	   2.2454293111824247e-01	   3.5744645434468503e-01	   1.5357768457596385e-01	   1.6305271611233890e-01	  -1.8972960797760841e-03	   1.1719385143057182e-01	   1.1362195043891257e-01	   2.0878496271500230e-01	   1.4607083321761902e-01	   3.3117125570256062e-01	   2.7412717607345255e-01	   6.2190482705628192e-01	   2.9061382974341987e-01	   4.3255315156753837e-01	   3.1974226982766313e-01	   3.4612185684554331e-01	   4.2955057318744161e-01	   4.7784540038809653e-01	   5.2530718700766244e-01	   3.0551219670244667e-01	   1.9624952148870617e-01	   1.6893959497739092e-01	   1.4134126459044744e-01	   4.8411473987684267e-01	   3.9525547908254172e-01	   2.4563905988290613e-01	   4.1327894005130372e-01	   4.0612823201710546e-01	   4.2075330744883377e-01	   3.6921908666466613e-01	   3.6488106095245193e-01	   5.9144630605748960e-01	   5.2914217936267560e-01	   1.2626591486639877e-01	   2.9609044152568675e-01	   6.8705304803483846e-01	   5.5275388851026830e-01	   4.2090680721306895e-01	   6.4622224803037631e-01	   4.9785276423768393e-01	   6.6883987913912046e-01	   3.8403715842729558e-01	   4.0735355131942741e-01	   4.4637339934717479e-01	   3.4206554765596053e-01	   4.2508476964338038e-01	   3.8286903731404326e-01	   4.1653903332030540e-01	   6.4348504638125870e-01	   4.1187335217330534e-01	   4.7629729211378186e-01	   1.8245285217186502e-01	   4.0801588262408284e-01	  -1.1584822659433308e-01	   1.4292973561961450e-01	   4.9891568645203654e-01	   5.1456464550904446e-01	   4.4321533142097541e-01	   2.8417614388776274e-01	   4.3256807885646692e-01	   4.4531099326957563e-01	   2.2747101918469759e-01	  -8.8897166685789189e-02	
   4.9693063542861299e-01	   3.3283243953798058e-01	   7.7495868956412317e-01	   0.0000000000000000e+00	   3.5045416166508009e-01	   6.0830280842051876e-01	   5.2501188278524968e-01	   6.7677115687234035e-01	   4.3111909908603840e-01	   5.3311627700226527e-01	   5.2500077424359204e-01	   5.8665776526637348e-01	   5.8135925617591289e-01	   7.0369189462348769e-01	   7.5120344900499347e-01	   5.9929511620415654e-01	   3.7599136217007872e-01	   4.2585110651685676e-01	   3.6263569090985470e-01	   4.2638260407556144e-01	   4.9986455884214204e-01	   3.5590148132600297e-01	   7.8832159810217717e-01	   8.3681485089017471e-01	   4.1610668262811390e-01	   2.9513987249083384e-01	   2.6681853335291439e-01	   3.5812292399800827e-01	   3.2232651175113963e-01	   3.6630672991431174e-01	   5.6959891599685508e-01	   6.4111908034695453e-01	   5.5703339138421204e-01	   6.1606168256037042e-01	   5.6432986995598478e-01	   6.5947847559087891e-01	   4.6449532262375204e-01	   4.4137072765259011e-01	   5.4730815784762343e-01	   5.9965937277371206e-01	   4.7643226057840171e-01	   4.7304082884374754e-01	   3.0207602947342482e-01	   2.0239889024496444e-01	   1.8007757682208753e-01	   2.1314512604996763e-01	   2.2631039357397620e-01	   3.3718863539410221e-01	   2.7435252468950760e-02	   1.0221708698154718e-01	   2.3280497245380516e-01	   1.8792415843736737e-01	   3.2703900633497768e-01	   3.1168574429073304e-01	   4.4304722496124832e-01	   2.4306928411818635e-01	   2.7845084374317453e-01	   1.4169185873782736e-01	   1.2450333827180454e-01	   2.2544081709508329e-01	   1.9621401493448515e-01	   4.4468921028202579e-01	   3.7377203786432067e-01	   4.2342974026589586e-01	   5.1218323376626196e-01	   5.1423686733424856e-01	   4.7672861327419996e-01	   5.0429539654094369e-01	   4.0529283023071838e-01	   4.8404970056536101e-01	   4.7176810507003514e-01	   6.7649707708647189e-01	   3.4423032148476052e-01	   2.8917657089453364e-01	   1.9666600422413219e-01	   1.5175745833431353e-01	   5.7204218917173111e-01	   6.3640188916394225e-01	   3.3717888572258070e-01	   4.8282243391241009e-01	   5.0577737736374784e-01	   4.6356256668380530e-01	   4.1999774876262375e-01	   3.3067991719655382e-01	   7.2334768934734828e-01	   7.6523759600283048e-01	   1.6546493836549678e-01	   3.9927066926872745e-01	   6.8370779584843844e-01	   6.3667108137641792e-01	   6.1739971515806136e-01	   5.5936962756703457e-01	   6.9924232948459941e-01	   5.9239630098970886e-01	   3.2821064741758632e-01	   4.8849181602200464e-01	   4.3240211160932795e-01	   4.8778119688854354e-01	   5.6000358757402813e-01	   4.4321812387427184e-01	   6.1868601418015134e-01	   5.6638307333576909e-01	   5.8936233816861350e-01	   4.4113259522296355e-01	   3.1138771725252606e-01	   4.0032545030870098e-01	   2.1552849001473964e-01	   1.3270915274396802e-01	   5.5057611576594001e-01	   5.4911468427298926e-01	   4.7992183961453494e-01	   4.4543189999982696e-01	   3.7246452338829722e-01	   6.2936541630315856e-01	   2.7988727220016296e-01	  -9.8764078714312448e-02	
   4.6104820875340990e-01	   3.5023831099325498e-01	   4.4260235160632522e-01	   3.5045416166508009e-01	   0.0000000000000000e+00	   7.3579133437846367e-01	   4.9535855620576630e-01	   3.3047003253928742e-01	   6.2578663691013414e-01	   5.6529108356813784e-01	   4.8224418079258402e-01	   3.3745605225845232e-01	   5.1569614331529157e-01	   3.1368744456905778e-01	   4.0904517471344748e-01	   2.8561227453815474e-01	   2.6570419038779797e-01	   3.4190524442738746e-01	   4.5279926806053239e-01	   4.2542892946744920e-01	   5.0705926364918319e-01	   3.5635281607430525e-01	   4.3633490219317772e-01	   3.6085976583341905e-01	   6.8953200097420386e-01	   7.9305628833344277e-01	   7.3484087825826050e-01	   6.3315574568942445e-01	   2.7015715632653814e-01	   3.0293868904137289e-01	   5.1525563880939396e-01	   4.9925810102971235e-01	   4.0666829179074127e-01	   3.8198941930335861e-01	   2.4791688122661065e-01	   2.6173703154304151e-01	   2.5459062688724965e-01	   2.9940858807733511e-01	   3.9392569139740408e-01	   3.8966580939008655e-01	   2.1339548343222364e-01	   2.9097183582964348e-01	   1.0289298085779469e-01	   9.0842413449326101e-02	   5.1673579364242037e-02	   6.2799613502244139e-02	   1.6792084807057772e-01	   1.7725271625655734e-01	   5.1361583517679416e-02	   8.8873858640442935e-02	   1.7614036176897119e-01	   1.1019076699557315e-01	   1.9935049333771326e-01	   2.4429578531690893e-01	   2.7678212009588288e-01	   2.1325231680748694e-01	   3.2738123796044583e-01	   1.0841658908610437e-01	   6.8675320940372070e-02	   1.7587865652837903e-02	   2.4563184142559669e-01	   1.8765470905035034e-01	   2.8299774496669994e-01	   2.9502715392483864e-01	   1.2157414560356240e-01	   1.5496696102003715e-01	   1.6527568046762350e-01	   8.6584687294301466e-02	   2.4134205435459893e-01	   2.0001752809823728e-01	   3.3410326934666401e-01	   2.9370508082023294e-01	   3.2175755819400809e-01	   3.3907760921994001e-01	   2.4542787381819053e-01	   2.5894060413835973e-01	   4.0443931410831330e-01	   2.7379060514239201e-01	   1.8506677765005725e-01	   2.9227742988793204e-01	   2.9550121240920507e-01	   1.7172075301845788e-01	   3.7448764145152896e-01	   1.2540049150343632e-01	   2.1913941419172522e-01	   3.1387506298434859e-01	   3.3261856187682920e-01	   2.1589025676841278e-01	   3.9699402832855019e-01	   3.4249062104819561e-01	   3.4795975917452215e-01	   4.1815340670086654e-01	   3.5098957046288826e-01	   2.8340804883424453e-01	   2.2660432427782673e-01	   2.8619003749290506e-01	   3.2845097002846801e-01	   2.3860275084327925e-01	   4.0410962633045433e-01	   3.8348011178831837e-01	   4.8099556257844966e-01	   3.7521621222673512e-01	   3.1060019715360887e-01	   2.2525935608452002e-01	   1.1742454342244768e-01	   1.4017111255906767e-01	   1.8885553440541977e-02	  -2.5719576786166064e-02	   4.1133978416083300e-01	   3.3967380975184658e-01	   3.2743777647557193e-01	   2.3497990372913682e-01	   3.2553259364736276e-01	   2.4202894127492791e-01	   1.2222691105261638e-01	  -3.7961260426523098e-02	
   6.6111907400916281e-01	   5.9377216124369214e-01	   3.8891235905666560e-01	   6.0830280842051876e-01	   7.3579133437846367e-01	   0.0000000000000000e+00	   4.0178126443571360e-01	   6.8432131296571330e-01	   6.3274417095771718e-01	   8.1215315028911550e-01	   6.3381438444078486e-01	   6.3407666706026422e-01	   6.4240585948078133e-01	   6.3469941407605179e-01	   6.5517883720918202e-01	   5.3365746215507959e-01	   4.0210896589845752e-01	   4.9988475866106430e-01	   4.3864602486801119e-01	   4.0301896982635332e-01	   5.9209053238914477e-01	   5.7517695061191210e-01	   4.1444678643566041e-01	   5.5905001643169561e-01	   5.4894801020658524e-01	   6.6408057591510838e-01	   5.9021840757842092e-01	   7.6832863909783755e-01	   3.5142146916686084e-01	   4.8972907920138292e-01	   4.8150816809766495e-01	   5.2425212176032865e-01	   5.2062543637336511e-01	   5.7248791372424346e-01	   3.8140645792255740e-01	   4.3055176091518910e-01	   4.9626775956986408e-01	   5.5480716574571176e-01	   5.6156980522423972e-01	   6.2036212312586425e-01	   4.5977663926163359e-01	   5.8298570400428829e-01	   2.9332049722656994e-01	   2.0274936600731852e-01	   1.4238969055373096e-01	   1.8066607075869429e-01	   3.5964257961251478e-01	   3.7682074492082068e-01	   1.1689632066459411e-01	   2.0428171157864999e-01	   2.6603805898408350e-01	   2.6355393214982076e-01	   3.9358620697993635e-01	   3.1963694236102530e-01	   5.0380135002613702e-01	   3.8337244132164194e-01	   4.7002090121153306e-01	   2.9917864768751645e-01	   1.9837130296316166e-01	   2.7430735707231862e-01	   2.8027450453786018e-01	   5.6567584200998056e-01	   3.3357294262094983e-01	   4.1815431152484916e-01	   1.4028582638216944e-01	   3.8821266897084084e-01	   3.3249401152306290e-01	   3.2988270743398457e-01	   3.8759927964275454e-01	   3.1684911627225815e-01	   4.8743004918528776e-01	   4.9611579532217109e-01	   4.2497787008418064e-01	   4.4485597546024702e-01	   3.5056139736245040e-01	   3.3613525573616254e-01	   5.7177477062833582e-01	   5.6096427978963925e-01	   2.6466712884255356e-01	   4.8480680856281305e-01	   4.8853024141498691e-01	   4.0516300255453608e-01	   5.4572554517907723e-01	   3.3510875079584684e-01	   4.4145968697495730e-01	   6.0387132462561821e-01	   3.5792269886639005e-01	   3.6055235456983220e-01	   5.5833637343290210e-01	   5.8454903109884471e-01	   6.8236694211626503e-01	   5.1680199035452634e-01	   7.0381926658834448e-01	   4.0677795438071707e-01	   4.2512836919036440e-01	   4.9215361549185443e-01	   5.0636201848826423e-01	   4.6767963314275585e-01	   6.3946104409043358e-01	   5.7099639479246522e-01	   7.5627910607657323e-01	   4.4156797531847058e-01	   5.6032764637003840e-01	   3.1284960841905429e-01	   2.3516049227392094e-01	   2.6420061570762293e-01	   1.3093896439069502e-01	  -7.5635620283295568e-02	   5.6790914435866013e-01	   5.4209856618102648e-01	   4.9867859800078840e-01	   4.9695395002864184e-01	   4.3167180604168987e-01	   5.2435446076527648e-01	   3.3191812016613553e-01	  -1.5315132913906779e-01	
   4.3250337400280003e-01	   2.4443227557222497e-01	   7.6868434015172871e-01	   5.2501188278524968e-01	   4.9535855620576630e-01	   4.0178126443571360e-01	   0.0000000000000000e+00	   5.4779267145590094e-01	   7.0945254957551529e-01	   4.8134356575258264e-01	   4.9520144069251049e-01	   4.4713087622883507e-01	   5.7337436600980873e-01	   4.2538610372972357e-01	   4.6401177815264583e-01	   5.1565293689836800e-01	   5.0154853658985910e-01	   4.6721258945900912e-01	   6.0722281047708382e-01	   5.8449586815644317e-01	   4.0232395278848404e-01	   2.2460311093686491e-01	   6.0757635844811864e-01	   3.2833975113718061e-01	   3.3547959459957527e-01	   3.2188500825777211e-01	   1.6514382948001952e-01	   2.0975487553157574e-01	   5.3446237525073881e-01	   4.8786195128848686e-01	   4.9504577459026738e-01	   4.7860096647650818e-01	   7.1016030748403447e-01	   6.2301703806972641e-01	   4.1951306207997857e-01	   3.3919311058419854e-01	   3.2295251667233027e-01	   2.6263475570519768e-01	   4.9954259864764061e-01	   4.1995562109112367e-01	   4.8061522013892238e-01	   4.4632262607158524e-01	   7.7229936175635699e-02	   3.6087338839089780e-02	  -5.9721613527401782e-02	  -2.5907264822799619e-02	   9.7771671809209440e-02	   2.0019986509056162e-01	  -1.1310407633695005e-01	  -2.1656162146894260e-02	   6.0925111696101236e-02	  -1.0488170137464113e-02	   1.9141212714396849e-01	   6.7909630270127419e-02	   2.4949345345058110e-01	   9.2144560408745385e-02	   4.3792030164804469e-01	   1.5878348702120587e-01	   2.2528741792444862e-01	   2.1617604138052024e-01	   3.8258500786433136e-01	   2.9049842913870710e-01	   5.2939024815746072e-01	   5.2948459862732888e-01	   3.3210972595031069e-01	   1.9387526596839236e-02	   2.5721739303807856e-01	   9.3432718484167662e-02	   3.6144661598059680e-01	   4.3975333156519392e-01	   4.9643107755769667e-01	   4.2224975372839829e-01	   5.3863832210317431e-01	   4.8713409207399561e-01	   3.8319838215515950e-01	   4.7496481616251512e-01	   6.3823350295397874e-01	   4.7113573910527529e-01	   2.3876857968189241e-01	   4.9903366076276195e-01	   5.1145287790879934e-01	   5.1841137360773415e-01	   4.9800073149102375e-01	   4.3118845891433116e-01	   4.1346215030296202e-01	   3.4085872263830269e-01	   1.3387943848913289e-01	   2.7644510996630944e-01	   4.9051917036874687e-01	   3.4120462908115756e-01	   4.7572042735211018e-01	   6.6908733948955446e-01	   4.2364171445381160e-01	   5.3177822484411452e-01	   3.6366464765817186e-01	   2.6980621281576034e-01	   4.3177340794905306e-01	   3.3604979751076103e-01	   4.8905547375664715e-01	   5.1620562524112679e-01	   4.9880539153300696e-01	   6.9821160521574210e-01	   4.9858834329932239e-01	   5.9237004013858885e-01	   5.2157699580217293e-02	   2.9072586885076501e-01	  -2.3348085025760829e-01	   2.4812349452636578e-02	   3.9427688399895533e-01	   4.2968031499369436e-01	   4.7230465603437638e-01	   4.2811841425298047e-01	   4.3302417748479977e-01	   3.1327041265170286e-01	   1.0660487084762432e-01	  -3.5233297642718120e-01	
   6.0718149572097802e-01	   5.4455288871110885e-01	   4.3253938449867568e-01	   6.7677115687234035e-01	   3.3047003253928742e-01	   6.8432131296571330e-01	   5.4779267145590094e-01	   0.0000000000000000e+00	   6.5574389292882396e-01	   7.4482813527843938e-01	   5.8083651066991537e-01	   7.1744175881392147e-01	   5.3326937409111830e-01	   7.4828542512068741e-01	   6.0873462781402865e-01	   5.5661135011378460e-01	   4.4265462768601288e-01	   4.9534265710063263e-01	   4.0355650420124872e-01	   4.2494548732999438e-01	   4.5523482200095666e-01	   4.0152864889598350e-01	   4.2253941258152283e-01	   5.0094738893257706e-01	   1.6707240710867399e-01	   2.1133096781194313e-01	   1.0046563609965106e-01	   2.9320355394765063e-01	   4.2853573691787150e-01	   5.5054970337106046e-01	   4.8123273604271111e-01	   6.2094465738191384e-01	   6.5044032047559441e-01	   7.7047053049547598e-01	   3.9626051941076229e-01	   4.9262241008965391e-01	   4.7313220552595164e-01	   3.9401719020880199e-01	   5.8879682158648849e-01	   5.8852930897627975e-01	   5.4550504132415278e-01	   6.4664072157880770e-01	   3.2377191158235047e-01	   2.3951746903244162e-01	   1.6369867533667287e-01	   1.8526134096335473e-01	   3.5891019118331285e-01	   3.8849228626722732e-01	   1.4313321413922367e-01	   2.0002173608618928e-01	   2.3066020781384752e-01	   2.6142184800029855e-01	   3.7572527679432177e-01	   2.0088479700023612e-01	   4.2426253341804682e-01	   2.8720526962476473e-01	   5.6912202456458238e-01	   3.6653566333402088e-01	   3.4756985280846231e-01	   4.9200061939223949e-01	   5.3196389578436232e-01	   8.6230936702427652e-01	   4.6896499265324776e-01	   5.6223290902547474e-01	   2.1674365194710032e-01	   4.7269691001533543e-01	   3.6413189050488676e-01	   3.9373291042929304e-01	   3.3137358210405254e-01	   3.9687286756037055e-01	   5.4252057668518194e-01	   6.4238591537436718e-01	   5.3105250189380504e-01	   5.2997008376443644e-01	   4.2365478536786516e-01	   4.5801970139784731e-01	   7.0819638570144861e-01	   7.3231772713979004e-01	   2.5419428276388445e-01	   4.8183710182777939e-01	   5.2586089763796295e-01	   4.4636718436762918e-01	   4.3392596194228733e-01	   3.1046093421406035e-01	   4.0484821759734579e-01	   5.7098103586345406e-01	   3.9231515279024881e-02	   1.8608115953455465e-01	   5.4670208274348608e-01	   4.9686425418938945e-01	   7.3229197692811132e-01	   5.3481745906852440e-01	   6.9909848829095111e-01	   4.1527883400911886e-01	   3.4299838969747448e-01	   4.1045258342314289e-01	   4.6507074310846397e-01	   5.0613354726194304e-01	   7.0419054641919043e-01	   6.0782461367618890e-01	   7.8303840307411610e-01	   5.4138612360071625e-01	   7.1767122716741882e-01	   5.2636851668192863e-01	   2.2584722907994825e-01	   3.2031558905689050e-01	   1.7940560884475754e-01	   5.6139724192541922e-02	   5.1268713716501146e-01	   5.1324684715865343e-01	   5.4932358591181030e-01	   6.5239053732987018e-01	   4.5274658923304045e-01	   6.0484620592148974e-01	   2.4268678326315496e-01	  -3.1858261622369954e-01	
   5.2114427022351573e-01	   4.1197324748437092e-01	   4.8283754385319000e-01	   4.3111909908603840e-01	   6.2578663691013414e-01	   6.3274417095771718e-01	   7.0945254957551529e-01	   6.5574389292882396e-01	   0.0000000000000000e+00	   7.2754569290920978e-01	   5.4030171725054366e-01	   5.4929827477448423e-01	   5.8130472684326295e-01	   4.5939457129534228e-01	   5.9383710248825039e-01	   4.7769569447552951e-01	   4.5037148403444077e-01	   5.2153513852529787e-01	   4.8045994681573057e-01	   4.6595990033727297e-01	   3.5842097072729534e-01	   3.5917318376372465e-01	   4.6246509596399349e-01	   2.9024207198123486e-01	   2.9302259307731460e-01	   4.0678739588502810e-01	   3.0993273589741854e-01	   4.6374468904421950e-01	   4.7215926828358767e-01	   5.3222576365673446e-01	   4.9293729561784827e-01	   5.5673074056818450e-01	   6.2600231078322366e-01	   6.2066956391096162e-01	   3.1209137518769636e-01	   3.1290933734252280e-01	   4.1073100443614191e-01	   3.3395561676131141e-01	   5.1809322262095059e-01	   4.8672395180729278e-01	   4.8904834395180252e-01	   4.8830444385351479e-01	   1.5467410398422582e-01	   7.3683372519112375e-02	  -4.2223181112759953e-02	  -1.6859038694130406e-02	   1.4643059424619778e-01	   2.1163742324255336e-01	  -3.4317304732079799e-02	   7.6263645383532449e-03	   9.2815133276257317e-02	   4.5770965413893319e-02	   2.5328203896019885e-01	   1.7615434216039766e-01	   2.4702189138184852e-01	   1.2088958847327910e-01	   5.0267648004423093e-01	   2.9577228453766724e-01	   1.6426323177533386e-01	   2.1970777670166353e-01	   4.6994612251093948e-01	   5.3382088442757947e-01	   5.1270373426963023e-01	   5.0327413888702222e-01	   2.3365227215215351e-01	   2.2048781727676792e-01	   1.6141567315533040e-01	   7.3187192521438710e-02	   2.3466763289776846e-01	   2.9052232276528367e-01	   4.3571793338384890e-01	   3.6811996827815341e-01	   4.7956429349788554e-01	   5.2707132742570351e-01	   4.2203990428217619e-01	   5.5287483785504155e-01	   6.2729993285658281e-01	   4.9681709783020878e-01	   2.7986298977468849e-01	   4.7567083425986389e-01	   4.9331222958198651e-01	   4.3578109552159672e-01	   4.3683927031642400e-01	   2.9398699680453932e-01	   2.7885713820688818e-01	   3.0044167202775307e-01	   1.1877432297007597e-01	   1.3211041175321891e-01	   4.3250394646020274e-01	   3.6028452855778126e-01	   5.0364308062045660e-01	   5.5267120565220118e-01	   4.8191835463935168e-01	   4.1552320605783200e-01	   3.5190010363150237e-01	   3.8992321923556078e-01	   3.7747200000537862e-01	   3.4486147442372272e-01	   4.9349591335239440e-01	   4.9734330447214570e-01	   5.4554594963477887e-01	   5.1305183269522536e-01	   4.1918402180527320e-01	   3.4782330386597193e-01	   3.0702046645945585e-02	   2.0621656895908952e-01	  -7.6968127394473146e-02	   8.2578728069984432e-03	   4.0179098860783885e-01	   4.4935749777488687e-01	   4.7848701269909372e-01	   4.5243484504835840e-01	   3.4855784947645629e-01	   4.3007662899338944e-01	   1.4637004719606289e-01	  -2.9693894986072389e-01	
   5.0064585584964205e-01	   4.5764328408733679e-01	   3.1152152882998496e-01	   5.3311627700226527e-01	   5.6529108356813784e-01	   8.1215315028911550e-01	   4.8134356575258264e-01	   7.4482813527843938e-01	   7.2754569290920978e-01	   0.0000000000000000e+00	   5.6297254592491075e-01	   5.9828532813314794e-01	   5.3208048179640099e-01	   5.4021247084288859e-01	   5.9876223034275422e-01	   5.4617768120499066e-01	   3.5181163491923734e-01	   5.0636062661590953e-01	   4.0868294623209395e-01	   4.2264295458351159e-01	   3.2511694426229143e-01	   4.0142043384394405e-01	   3.6642067788388039e-01	   4.0696546382533205e-01	   3.0329003520599962e-01	   4.1773595258720458e-01	   2.7426751041201552e-01	   5.0609677913368656e-01	   3.5432398280990285e-01	   4.7759520861362392e-01	   4.5893004947437471e-01	   5.5862697193323263e-01	   5.7132711544069326e-01	   6.6843812823078264e-01	   3.5803197151036903e-01	   3.6907446381255760e-01	   3.3319618524535877e-01	   3.8060654863584331e-01	   4.7012422865869730e-01	   4.3880982027107407e-01	   3.7270462711140900e-01	   4.7465851711400425e-01	   9.1877465530398911e-02	  -3.4478876104738293e-02	  -7.0652907897109013e-02	  -3.8553772666864307e-02	   9.2564765367611115e-02	   1.3551979522952315e-01	  -1.0999785883760044e-01	  -5.0493588475066596e-02	  -3.1383722081046200e-02	   1.0253047646076765e-03	   1.1380664247384606e-01	   1.0658425243697245e-01	   2.0196412796148006e-01	   6.8513682948846910e-02	   3.9538566838578082e-01	   2.3555124281152293e-01	  -1.2394196482243571e-02	   1.3424100885255116e-01	   2.6641397265995415e-01	   6.9076881652192379e-01	   3.9297126422657536e-01	   4.8591469943134585e-01	   2.1597213629479028e-01	   3.7239209991326894e-01	   1.2907685101730643e-01	   1.4805076852493326e-01	   2.5557677288344527e-01	   2.5435905526606783e-01	   3.6432695105878699e-01	   4.4118630776031192e-01	   4.0253491753373249e-01	   4.6252690090514670e-01	   3.7777081981880145e-01	   4.3732291477845292e-01	   5.4713200360987757e-01	   5.1748500545821330e-01	   2.2434934004142743e-01	   4.4823743205274291e-01	   4.5150806442902086e-01	   3.4724316818667494e-01	   3.8199477467750664e-01	   2.1741483295873537e-01	   3.7471834294841255e-01	   3.8505407430149918e-01	   1.1447066289640226e-01	   2.0985577204033110e-01	   4.1985947120126921e-01	   4.1444136393902292e-01	   6.0798632845928657e-01	   4.7774532149397164e-01	   6.0886920793544452e-01	   3.6754680132596124e-01	   2.9551173629333100e-01	   3.5369336202552171e-01	   2.9518428609906461e-01	   2.8455501567767955e-01	   4.7601244198555054e-01	   4.0313597279987590e-01	   5.9170334539681924e-01	   4.1111845089788607e-01	   4.3506457008865601e-01	   3.3151869083535773e-01	   1.7812223008503183e-02	   1.6342673559890974e-01	   4.7036114023139543e-02	  -9.0442048976893660e-02	   3.8587087235455486e-01	   3.5823294520106463e-01	   3.5322790030428758e-01	   4.0358438205603320e-01	   2.9254604422264563e-01	   4.3366169621886608e-01	   2.2563736714469584e-01	  -2.2205942002616363e-01	
   7.8032008378332107e-01	   5.9248298989192816e-01	   3.8099085073022471e-01	   5.2500077424359204e-01	   4.8224418079258402e-01	   6.3381438444078486e-01	   4.9520144069251049e-01	   5.8083651066991537e-01	   5.4030171725054366e-01	   5.6297254592491075e-01	   0.0000000000000000e+00	   7.3603557210513593e-01	   8.8189279297465883e-01	   6.7467308893882594e-01	   7.0490100030935721e-01	   6.7639457725326213e-01	   6.3264867583780626e-01	   6.7877394785043021e-01	   5.8587166665112167e-01	   5.5141562116662624e-01	   6.1643233952933241e-01	   3.5073239946947765e-01	   4.1394357349224009e-01	   4.0075750420731648e-01	   2.0632409809880323e-01	   3.3713006774835019e-01	   4.5937689477989585e-01	   5.4217533883458346e-01	   4.8300312035969889e-01	   5.6262087030682206e-01	   4.1012281345420776e-01	   4.3077658152986975e-01	   5.5205014081455994e-01	   5.9356595185981453e-01	   2.3705235746128556e-01	   2.7591476781930369e-01	   4.7415689321528409e-01	   3.9319933373465776e-01	   5.5090537567876530e-01	   4.6270843358397939e-01	   4.8335136103088616e-01	   5.2153837096870359e-01	   2.5845846556942170e-01	   1.4514616521928159e-01	   1.4082744248670781e-01	   1.5834538098345177e-01	   2.4997767228611112e-01	   3.6400903011785629e-01	   1.0770952003682874e-01	   1.3738189495126718e-01	   1.5154054089602781e-01	   1.5281707035084513e-01	   3.7059320403359786e-01	   2.9507511665042124e-01	   4.3082080227923730e-01	   2.1010131363184159e-01	   6.4750825801063794e-01	   3.8366556263081070e-01	   1.8660820549062646e-01	   2.5150603606786137e-01	   4.3639968181671440e-01	   3.1066496853342007e-01	   5.7205685397321793e-01	   5.9561466089354875e-01	   1.2010983678654123e-01	   1.9168412210989516e-01	   2.0262164291552820e-01	   1.5642921999253206e-01	   4.2704103989574915e-01	   4.4517877958804486e-01	   5.1344612073306539e-01	   5.2690673440211044e-01	   5.4602028955778625e-01	   5.4743658409711360e-01	   4.9629045650809173e-01	   4.8459910362614106e-01	   6.7476040803533677e-01	   6.6735317577822562e-01	   4.1082953873290251e-01	   5.2875922722815172e-01	   5.8937359853624205e-01	   4.6009894310034904e-01	   5.8543661541665437e-01	   3.1234466633268809e-01	   5.0250736096906923e-01	   5.3134585084498720e-01	   4.0715293340089787e-01	   2.3622289110355063e-01	   5.0808146815372679e-01	   3.8661040850079781e-01	   6.1751250340937125e-01	   5.3203297261888904e-01	   5.1186660786758154e-01	   4.6957953625014692e-01	   2.6805691314628166e-01	   3.6033372564131649e-01	   4.2115636524247035e-01	   4.8257784161695405e-01	   6.6207260576852800e-01	   6.0786561388975624e-01	   6.3640446332354528e-01	   5.8136488643022766e-01	   5.7466013173195929e-01	   4.5363494717044961e-01	   2.6406810598956643e-01	   2.9544485051192937e-01	   2.4084380776804298e-01	  -8.9350719694249001e-02	   5.0417610091929510e-01	   4.8723811517226867e-01	   5.6813084208602915e-01	   5.7833668468455868e-01	   4.6746799845078324e-01	   4.2675114860189289e-01	   1.2060632066026779e-01	  -9.1208557952900865e-02	
   6.9973406089697432e-01	   6.2152002252660199e-01	   3.1661844745564305e-01	   5.8665776526637348e-01	   3.3745605225845232e-01	   6.3407666706026422e-01	   4.4713087622883507e-01	   7.1744175881392147e-01	   5.4929827477448423e-01	   5.9828532813314794e-01	   7.3603557210513593e-01	   0.0000000000000000e+00	   6.9862023484561042e-01	   8.0899282353978963e-01	   6.3058996251178145e-01	   7.3993630326812532e-01	   7.6301516437885120e-01	   7.2844047451728489e-01	   5.3994723057576943e-01	   5.0202460699203066e-01	   5.0631338811578619e-01	   4.4097046734443462e-01	   3.1427843502371039e-01	   3.9068739762820598e-01	   1.2912237950696459e-01	   2.5112706938008728e-01	   3.1510187951043322e-01	   5.1015896778501268e-01	   6.7848194722241661e-01	   7.6027461805934204e-01	   5.0173246588000020e-01	   4.9312297564015695e-01	   4.4434657799081062e-01	   5.5535527063975987e-01	   7.0574439824237029e-02	   2.4098625651516647e-01	   4.9266989710505227e-01	   4.5336184921293021e-01	   6.0033092728971815e-01	   6.0605254871812486e-01	   6.3666918851947107e-01	   6.7749502471559275e-01	   3.6841210485969755e-01	   2.7146321944480217e-01	   1.5110068948586922e-01	   1.6350044381226067e-01	   3.2318965385021997e-01	   4.7628865185175406e-01	   7.0595360914156816e-02	   1.1234880994898239e-01	   1.1093378212080657e-01	   8.2452484799801384e-02	   4.3732685102533436e-01	   2.3660538138522064e-01	   4.5511318280386548e-01	   2.9616826206153157e-01	   6.8336900138962964e-01	   5.3583478948222663e-01	   2.4784219666151572e-01	   3.9429858093296677e-01	   4.0336003389159203e-01	   5.4992414099855491e-01	   7.3067288764925975e-01	   8.1845948630030607e-01	  -1.6675128881028581e-02	   1.8481854291354216e-01	   9.1667065266540587e-02	   1.1239682975230983e-01	   3.8977898046748616e-01	   3.9049562002092059e-01	   4.9042925202191634e-01	   5.6433303227287057e-01	   6.8936879129429451e-01	   6.5448709221517620e-01	   5.4162947586626220e-01	   4.8539022958889566e-01	   6.9267046572897129e-01	   7.0940239702753582e-01	   5.5070130210922663e-01	   6.4093815958143741e-01	   7.6890614097543075e-01	   5.9926268539338301e-01	   7.1448132422343491e-01	   4.3281960906336736e-01	   4.4028102999906510e-01	   5.3321747180855517e-01	   3.3966487645853993e-01	   1.8904251940186523e-01	   3.5235883724849204e-01	   3.3148215866107245e-01	   6.0422395297999887e-01	   3.7987988961618802e-01	   4.5834172355644864e-01	   2.5347870002415546e-01	   3.9362136556141258e-01	   4.9377408969237158e-01	   4.6753987659466462e-01	   5.6281847315946365e-01	   6.7148254155147258e-01	   6.4810413436775227e-01	   6.3482104463233924e-01	   5.9185971053679209e-01	   6.5248658171887741e-01	   4.4822023361136659e-01	   1.8923637533583626e-01	   1.0414319727654589e-01	   1.8442171091838644e-01	  -5.8804611034494719e-02	   4.8427568931148068e-01	   5.5333618779277105e-01	   5.8840640035066771e-01	   5.5343404987078704e-01	   3.4144201645137301e-01	   4.7605136178053081e-01	   1.2620937994620773e-01	  -1.0940277637318808e-01	
   7.7817616776215848e-01	   4.5208794377431294e-01	   5.1477783469938254e-01	   5.8135925617591289e-01	   5.1569614331529157e-01	   6.4240585948078133e-01	   5.7337436600980873e-01	   5.3326937409111830e-01	   5.8130472684326295e-01	   5.3208048179640099e-01	   8.8189279297465883e-01	   6.9862023484561042e-01	   0.0000000000000000e+00	   7.3878297813168858e-01	   7.8025630576929084e-01	   7.9561331692677451e-01	   6.9566738992989441e-01	   6.9121989839779063e-01	   5.3609681058686809e-01	   4.6389601756318316e-01	   5.7093943441856332e-01	   4.4839777704121681e-01	   5.2305976022458678e-01	   4.8035771826962537e-01	   3.9443090962340493e-01	   4.6623132822009206e-01	   5.0204887465257142e-01	   6.1213257743934424e-01	   6.0202827264251746e-01	   6.2084074769946940e-01	   4.5789953716271248e-01	   4.3929112558231576e-01	   4.8770137044941941e-01	   4.9551419527822704e-01	   3.0833278626905058e-01	   3.2670600256021598e-01	   5.9734567015881113e-01	   5.8842170448264064e-01	   6.5759257919862990e-01	   5.9668604686687021e-01	   6.2512186445910511e-01	   5.7928041936977104e-01	   3.4238368644247086e-01	   2.6203631359115920e-01	   1.2138629668851121e-01	   1.8036964346655421e-01	   2.9486763972879615e-01	   4.6259384438499379e-01	   8.1326529167358372e-02	   1.4364947884899287e-01	   2.3630919145926269e-01	   2.3801705097297146e-01	   4.5598198815938645e-01	   3.6183001516282925e-01	   5.6230445699609533e-01	   3.2983600389978129e-01	   6.1496125105535782e-01	   3.4385182792159652e-01	   2.7144791924184275e-01	   2.6715539561880192e-01	   4.5760209737513413e-01	   2.7701594169149463e-01	   5.6957352973873054e-01	   5.7279606719113951e-01	   2.5079823182855521e-01	   2.7548210562420350e-01	   2.7898634265096611e-01	   1.9129332265892895e-01	   4.0107386256584465e-01	   4.1366984108078997e-01	   6.1298135548115162e-01	   5.5842491651300075e-01	   5.4819243593029621e-01	   5.5929459700921036e-01	   4.7854151431260550e-01	   4.4029025911623609e-01	   6.6867858880922237e-01	   6.1310135506979080e-01	   5.1488478414345329e-01	   6.3857264340629527e-01	   6.8557539060867101e-01	   5.9724615931427127e-01	   6.8323639675624614e-01	   4.9051382247191777e-01	   6.4367227904474977e-01	   6.2559440781817954e-01	   5.0294327000448902e-01	   4.2686038054325726e-01	   6.2443389215547929e-01	   5.3194671639229874e-01	   6.0562210335186040e-01	   6.0630350762910401e-01	   5.5373468196786446e-01	   5.5236007446483903e-01	   4.4220180827249400e-01	   4.9352994980106901e-01	   5.4601512085090775e-01	   5.6452599608587728e-01	   6.6725457631177065e-01	   6.4840363668349843e-01	   6.1609448983572945e-01	   6.9547261267641980e-01	   5.5673694422176245e-01	   4.6336501614430903e-01	   2.6409239176336630e-01	   3.4680501909341704e-01	   7.6812895268707521e-02	  -1.0636082980360367e-01	   4.8858274221489512e-01	   5.9628062974335250e-01	   6.4177282044673478e-01	   5.5309080188573634e-01	   5.2030615996857610e-01	   5.1606931642170728e-01	   2.4605112277168997e-01	  -6.5790660971140127e-02	
