   0.0000000000000000e+00	   8.9284155587218839e-01	   6.7109941033326792e-01	   6.7826547058556019e-01	   3.4338988943076798e-01	   6.5430608361658482e-01	   7.5854569436937713e-01	   7.4558709338146223e-01	   3.3743650827444083e-01	   6.6833857217136239e-01	   8.1195386684316917e-01	   7.8081365178789119e-01	   6.9383415088525124e-01	   6.5443913330105286e-01	   7.2922650783946730e-01	   5.9391419967618098e-01	   8.0028389658547572e-01	   7.7985580918475728e-01	   8.0553003035805282e-01	   7.6072935048736734e-01	   6.5585664270255495e-01	   7.1052678237507050e-01	   6.3508902178172666e-01	   5.5660180996864050e-01	   5.4033901402682516e-01	   5.7231753577665578e-01	   6.4894991334435970e-01	   6.8479710148436124e-01	   6.8369405419427798e-01	   6.8901934628365047e-01	   6.3545966092401751e-01	   5.8480592516599317e-01	   7.7428989095998668e-01	   7.8511036356794672e-01	   6.1506105113008114e-01	   6.0957048243803991e-01	   5.8778899592320788e-01	   5.1950779018182658e-01	   7.0985662576235398e-01	   6.8900440262578555e-01	   4.8438481485633655e-01	   8.3114227068831648e-01	   4.7644857614532310e-01	   5.8159168655250904e-01	   2.9859620949552412e-01	   3.4119711758822496e-01	   5.7324485791929125e-01	   5.8490073171345602e-01	   4.0201482982958703e-01	   3.9152809737999550e-01	   7.2003560702490554e-01	   5.2034441687637933e-01	   6.8531169076745968e-01	   6.7965464356582905e-01	   8.0191146346241671e-01	   7.7096643736797987e-01	   9.1240449569561888e-01	   8.8920300559428256e-01	   8.6828929896936258e-01	   7.3392275938236295e-01	   8.6357418737462965e-01	   7.1369361258699071e-01	   8.4757460237081039e-01	   8.0184393691026501e-01	   6.3900275357399439e-01	   6.9083791925989646e-01	   7.9515352072659840e-01	   7.1662940154059340e-01	   8.1062293143949349e-01	   7.2348265956112368e-01	   6.7012251525357236e-01	   6.6692715378640921e-01	   7.7696316329970072e-01	   7.8711843009304761e-01	   7.8613435134124066e-01	   7.9756977876573154e-01	   7.7586346914508408e-01	   7.9515302419214395e-01	   7.5723934672172888e-01	   7.6657217456782922e-01	   7.8775626450375624e-01	   8.5912630518400612e-01	   7.3222105405966886e-01	   7.2846426368140982e-01	   8.4676840499163297e-01	   8.0223787690888004e-01	   8.0702773447159637e-01	   6.3741269281562296e-01	   8.4626134627121485e-01	   8.0355148191829340e-01	   3.7585175991038750e-01	   4.6437036888201733e-01	   4.0830220252717286e-01	   4.4153376671230282e-01	  -9.9409893762764129e-02	   3.0100182852704743e-01	   4.8113161697588780e-01	   6.5966829359564660e-01	   6.5405758452513496e-01	   6.9768679015605239e-01	   5.3398860932543180e-01	   6.2600604473776689e-01	   5.0646125891234361e-01	   5.9077126723498774e-01	   6.2232896276148059e-02	  -1.1830161990614141e-01	   4.1897956873971515e-01	   5.5621379504728341e-01	  -2.5070767880568368e-01	   9.3992448042067814e-02	   5.7608302961963020e-01	   5.6430785760449420e-01	   5.8456846431604548e-01	   3.0660990792147158e-01	   1.1750776536377491e-01	  -1.0680137848891331e-01	
   8.9284155587218839e-01	   0.0000000000000000e+00	   5.5418086910500608e-01	   5.6528748333298617e-01	   1.8593979364757982e-01	   4.6920499104125923e-01	   5.4926635103924215e-01	   5.9290489427259130e-01	   1.6604667818703794e-01	   5.7101264175445643e-01	   6.2833392959177992e-01	   6.8252520271750372e-01	   5.3111257329540518e-01	   5.1878909982135157e-01	   6.0816755802544631e-01	   5.0427668426226857e-01	   7.7470572311967456e-01	   7.7843781264707212e-01	   6.6564095924785416e-01	   6.9902256421327813e-01	   5.6712756557763766e-01	   6.4059937388245780e-01	   5.1494024397244820e-01	   4.4297569053498675e-01	   4.9235517201797707e-01	   5.0586445493367760e-01	   5.2594222483864161e-01	   5.7802373269229879e-01	   6.3028306368343368e-01	   7.0329437904495973e-01	   5.7020485915112928e-01	   5.1806179943482611e-01	   6.6762403892831435e-01	   6.8458407236769436e-01	   5.5088950028621075e-01	   5.1162072550670423e-01	   6.1104788899290219e-01	   5.6597227720953003e-01	   6.9868627757425839e-01	   7.0493547949828739e-01	   6.3180680317786475e-01	   8.3159196330832419e-01	   4.3387246849985239e-01	   5.4531445158015057e-01	   2.7158073119813275e-01	   3.2653423869427334e-01	   5.3589407491786356e-01	   5.2882831147217479e-01	   3.9144088611538858e-01	   4.4875829777770826e-01	   6.4400012019656161e-01	   5.4406805862034313e-01	   6.3615305483266193e-01	   5.8948666205838773e-01	   7.2645546123649241e-01	   7.3242169823374170e-01	   9.4696870170291536e-01	   8.9131072923038390e-01	   7.0232459750234444e-01	   6.4631885039671033e-01	   6.5954760740690177e-01	   6.1369910950295914e-01	   7.5368524794765057e-01	   7.1595430612039057e-01	   5.3878644061932091e-01	   5.6538821235747228e-01	   6.4031767908356685e-01	   5.6771558235716402e-01	   6.9523811480936915e-01	   6.2130718092839488e-01	   5.5188635818605047e-01	   5.9501208019755680e-01	   8.0702358234168958e-01	   8.1996568741136988e-01	   8.3026873428468717e-01	   8.1168778573734701e-01	   7.6026554292753090e-01	   7.5697522774466508e-01	   7.6199691504703027e-01	   7.2550318733074426e-01	   7.5378995051305642e-01	   7.9184724274556006e-01	   6.4176072170006793e-01	   7.2742069692173117e-01	   7.2506736162150220e-01	   6.8354145892722462e-01	   7.7224100999481282e-01	   6.8968690863099624e-01	   7.2410344063852072e-01	   6.6365215071000361e-01	   2.1992924478661280e-01	   2.7371472453888357e-01	   2.3989502426410125e-01	   2.6555354292153988e-01	  -1.2290787247870204e-01	   3.4033531203707501e-01	   4.3531816613440677e-01	   6.5106389968761880e-01	   5.8018120085763591e-01	   5.7559200863670790e-01	   3.7549558509153369e-01	   4.1531504220350496e-01	   3.5386565832555439e-01	   4.0605784745180906e-01	  -5.9142861659855862e-02	  -2.0684168684420748e-01	   3.2825349742443904e-01	   3.8595128822627178e-01	  -2.5905749749163659e-01	   5.8785809001649141e-02	   5.2488120463925458e-01	   4.9556266031329332e-01	   5.0397739988735757e-01	   1.8612476007225814e-01	   1.0978347415091583e-01	  -8.3072641205771208e-02	
   6.7109941033326792e-01	   5.5418086910500608e-01	   0.0000000000000000e+00	   8.2840908235818356e-01	   4.2581061947874355e-01	   7.0470513081226105e-01	   8.8797678255210499e-01	   5.6957860314389719e-01	   4.3097079000930105e-01	   6.3765709695797046e-01	   5.9759758308307620e-01	   3.5345528893594175e-01	   6.5261938024910682e-01	   5.3433282300391194e-01	   7.2008514442955041e-01	   7.2797487101615288e-01	   4.0138112588329611e-01	   3.4063383875099607e-01	   7.3185939655320231e-01	   5.6628645836492197e-01	   7.8529769971647345e-01	   7.6491122092162767e-01	   9.4381034608683412e-01	   8.5623530714477636e-01	   8.0595643284177909e-01	   8.1818116381325079e-01	   8.5595392019318994e-01	   8.6199344332903394e-01	   4.5077108542562233e-01	   3.7034932691161493e-01	   8.5611685549827243e-01	   7.6122219972969052e-01	   7.4715590674328014e-01	   6.9541432732143571e-01	   8.0265797870654676e-01	   7.2068883095101632e-01	   5.6226168804339005e-01	   4.0488102307546536e-01	   6.2313686621702402e-01	   4.7048812558528830e-01	   2.6317603379891408e-01	   4.8084278904395950e-01	   5.6775641914024610e-01	   5.8855169324462131e-01	   2.8169227139616321e-01	   3.2697523951512586e-01	   5.8427210247122674e-01	   5.5496278876777438e-01	   5.2414972112917368e-01	   4.8059583708491016e-01	   7.4864056737158891e-01	   6.5975019584158445e-01	   6.1897157949833315e-01	   7.1325046944826742e-01	   7.3026372308847887e-01	   6.7181068803501609e-01	   5.5035386512991868e-01	   5.5093259534603101e-01	   7.1164925092383280e-01	   5.0046247480227368e-01	   6.5202068663982271e-01	   3.7341104097648886e-01	   5.1917004149206070e-01	   4.2652443732777690e-01	   8.8058276465790963e-01	   7.3249823966420702e-01	   7.3071773196931267e-01	   6.3499897518438309e-01	   6.9400360519010196e-01	   6.2574890372266323e-01	   8.0744878578511525e-01	   7.2067317771341821e-01	   6.6687047292466495e-01	   5.8230770340167037e-01	   6.4463094681092448e-01	   5.3973629857716987e-01	   5.8639232011931397e-01	   6.2156816890317190e-01	   4.2250994039336243e-01	   4.5748140098344225e-01	   4.2106994982450263e-01	   5.4627549542280374e-01	   7.9948672537548016e-01	   6.7417594498702293e-01	   8.6683634489770223e-01	   8.4474201625033829e-01	   7.9883657595170110e-01	   6.5703649581866408e-01	   8.1892555184156324e-01	   8.0679927295720644e-01	   3.5240334192103417e-01	   5.1606852516999235e-01	   4.1847428664773278e-01	   6.7320850556924694e-01	   1.1403273393046878e-01	   2.4778475601455383e-01	   6.0446254183081694e-01	   6.7565649984593967e-01	   5.0697228211698553e-01	   6.1927293021640351e-01	   4.5221537176097726e-01	   6.5454116180918542e-01	   4.1978528384125730e-01	   5.2487258196138376e-01	   6.5812381250960506e-02	  -2.8461268695104201e-02	   3.1907866762192821e-01	   5.1282118419030365e-01	  -2.0554047645068030e-01	   1.9081290510554488e-01	   5.8049176873687158e-01	   3.2550423751493307e-01	   4.5417630925743835e-01	   4.2075543533191462e-01	   3.4200824955911935e-01	   1.2289701613564749e-01	
   6.7826547058556019e-01	   5.6528748333298617e-01	   8.2840908235818356e-01	   0.0000000000000000e+00	   3.8653125979897063e-01	   8.6745497667159177e-01	   8.7301808857519725e-01	   7.9713899782135100e-01	   4.3173951276144340e-01	   7.9879224034775032e-01	   5.1755672351493121e-01	   5.2685201437221318e-01	   5.5554656928847079e-01	   5.7647907625672545e-01	   6.2549198029690067e-01	   7.5514618550160173e-01	   4.2916967120784894e-01	   3.9831607677535796e-01	   7.6379139894274661e-01	   7.4132386480580981e-01	   7.2903233044173399e-01	   7.9490210334794953e-01	   8.4656687561172350e-01	   8.5083739039560202e-01	   6.4630490310371513e-01	   7.9132764327485949e-01	   6.9810343624395332e-01	   7.8941146611608248e-01	   4.5254043271551003e-01	   4.5716411298392784e-01	   8.4733683606414134e-01	   8.3522512378830793e-01	   8.5685582577756525e-01	   8.5973862545182156e-01	   7.8360841787474000e-01	   7.9325315903977744e-01	   4.2651643670880163e-01	   3.7316046956021515e-01	   5.8105546163021615e-01	   5.1168228026583373e-01	   2.2325547585812133e-01	   5.5781688564584009e-01	   5.5315591625114691e-01	   5.7556538657274658e-01	   3.2608335296292679e-01	   4.0594978497088030e-01	   5.9591200080083884e-01	   5.9223174927249200e-01	   4.7417968398741733e-01	   5.2254415526647124e-01	   7.5830922252263233e-01	   6.5292136709022919e-01	   6.7368015157511041e-01	   7.4580799293629485e-01	   7.6811751302976916e-01	   7.3773898408813354e-01	   5.2677215930580479e-01	   6.0746994748009087e-01	   7.4302041389961260e-01	   6.4930567658712113e-01	   6.9472735412164488e-01	   5.9756604366022270e-01	   5.8172654538736401e-01	   6.0082002940783830e-01	   7.9965857515117234e-01	   8.1807904227084971e-01	   7.9330167543816965e-01	   7.5649422575352676e-01	   7.8369686341555411e-01	   7.2852904981381006e-01	   7.8734086111639323e-01	   7.8599512622529133e-01	   6.6191063825397534e-01	   6.2110792058321385e-01	   6.2783076914974323e-01	   6.5534108051811968e-01	   6.4927711146961398e-01	   7.1874655207406257e-01	   4.5757494168853408e-01	   4.8334408810248908e-01	   5.0040916790546830e-01	   5.9852599258478445e-01	   7.3318538818929269e-01	   6.5365253822990188e-01	   7.7232804862669113e-01	   8.3274843176297164e-01	   6.6543699982486970e-01	   5.0650080627748328e-01	   8.2871213046296044e-01	   8.3210174539104220e-01	   5.3393552950618883e-01	   5.8089380189911610e-01	   5.7029342322454157e-01	   6.9940697385830131e-01	   2.1579354123458633e-01	   3.9878949562096083e-01	   6.8336355761480683e-01	   7.4252553556591971e-01	   6.1735301877100024e-01	   6.8952192599057616e-01	   6.5674732582563400e-01	   6.9350249280349285e-01	   5.9931360848300042e-01	   5.9791567614151697e-01	   2.8199246876024209e-01	   3.2309377272213932e-02	   5.3274312106199218e-01	   5.3437015363114715e-01	  -1.6590304714950588e-01	   3.1130982781079897e-01	   7.2972110134610002e-01	   4.9169984852532217e-01	   5.9238816292288132e-01	   5.7233019780464689e-01	   4.6615186675911324e-01	   2.3083787804736194e-01	
   3.4338988943076798e-01	   1.8593979364757982e-01	   4.2581061947874355e-01	   3.8653125979897063e-01	   0.0000000000000000e+00	   4.2192500833843016e-01	   4.6035630055227850e-01	   5.2682813137167361e-01	   9.0588376238583268e-01	   3.8479677149315550e-01	   5.1775855755472622e-01	   3.9821948750959357e-01	   6.5618496071336052e-01	   6.1853542491140456e-01	   7.1304018241336475e-01	   4.7320766187030383e-01	   4.1025045742918639e-02	  -3.8330575946056065e-02	   2.7082161321712400e-01	   1.6597531945301294e-01	   3.3608868758577543e-01	   3.1686620323199588e-01	   5.1846406105849741e-01	   4.6062295218289218e-01	   4.8755925581621501e-01	   4.6674069584568689e-01	   4.4422840078314973e-01	   2.5392132262809564e-01	   1.9819663484994093e-01	   9.8158054994433933e-02	   2.6741672873050537e-01	   3.0121710540900287e-01	   2.7363958754712137e-01	   2.8340174246277861e-01	   2.7490224645891470e-01	   2.5529943432519497e-01	   3.8965511452299278e-01	   2.1963152345954540e-01	   2.7060576347532267e-01	   2.4633573404853690e-01	   1.7532077531394896e-01	   1.9426286276092447e-01	   8.3164889190272748e-02	   6.3451920432984810e-02	  -5.8461873183916879e-02	  -1.4979568497517772e-02	   1.9556995301046715e-01	   1.5396321886380662e-01	   2.3825910754078888e-01	   1.7453735322689276e-01	   4.0069969502390435e-01	   2.9227670409071960e-01	   2.2508277240790980e-01	   2.8194474697389815e-01	   3.4085494595347243e-01	   3.3958761202872878e-01	   2.2036138004692368e-01	   1.9685911148857199e-01	   4.3846026706395425e-01	   3.2667150514609822e-01	   4.6849189561315119e-01	   4.1779955724926726e-01	   2.0321601247021281e-01	   2.1612897595614217e-01	   4.5923183389229927e-01	   4.9722073986415855e-01	   3.1626159186591435e-01	   2.2761282319071552e-01	   2.8328453903078854e-01	   2.6519151154651688e-01	   4.7286594710553054e-01	   4.5974465779455165e-01	   3.2003969788930453e-01	   2.6738041682823344e-01	   3.0768151794122744e-01	   2.5254466505279283e-01	   2.1580207105814936e-01	   2.3729033902576752e-01	   8.6185998644289913e-02	   1.1049721408246350e-01	   9.9939027768537608e-02	   1.9995256605900896e-01	   3.4222472703325513e-01	   1.1394539356466307e-01	   4.0048180591601251e-01	   4.3397036013187573e-01	   3.3216152084548700e-01	   1.0240407060437018e-01	   4.1833256350366649e-01	   3.8462772100646986e-01	   8.3558571892933683e-02	   1.2370309727008480e-01	   1.7747823514692937e-01	   2.7185438368341325e-01	   9.6338462085304472e-02	   9.0878246625874404e-02	   1.7445630349707519e-01	   2.9173438249496153e-01	   1.0733743409831419e-01	   1.3898813582166192e-01	   1.5925393657202394e-01	   2.9415488519202648e-01	   1.1885192450061198e-01	   1.9545359774496110e-01	   2.6179383319212976e-02	  -1.3610967384654744e-02	   1.7994434457973768e-01	   1.9985873853457226e-01	  -5.8683723411949655e-02	   1.9991198233757845e-01	   1.2287158712588475e-01	  -5.6859435030634189e-02	   8.0729041060495943e-02	   1.4166823026031017e-01	   1.8258935954500788e-01	   5.3514983583211259e-02	
   6.5430608361658482e-01	   4.6920499104125923e-01	   7.0470513081226105e-01	   8.6745497667159177e-01	   4.2192500833843016e-01	   0.0000000000000000e+00	   8.2143689685631616e-01	   8.3526341330114962e-01	   4.6706324331812465e-01	   8.1879711204347805e-01	   5.3368264592612125e-01	   5.8533073293108495e-01	   5.4387999341820847e-01	   5.8190390127594549e-01	   5.7413352340416579e-01	   6.4487111282974463e-01	   4.4054904841031728e-01	   4.1885980229933983e-01	   7.9339832857842651e-01	   7.3373726397382077e-01	   7.2105679428762171e-01	   8.3672682934153342e-01	   7.6987281554810483e-01	   7.7222069407263438e-01	   6.2912199077960540e-01	   7.7201290611260820e-01	   6.2807968893689015e-01	   7.7142789648796783e-01	   4.2830797865538578e-01	   4.0740728326134751e-01	   7.1380807316528549e-01	   6.5479969463446452e-01	   8.2563274235698381e-01	   8.0849620238449849e-01	   7.6138554058965102e-01	   8.5745633277313626e-01	   4.9304675317346652e-01	   4.0063582488358002e-01	   5.9016889601630595e-01	   5.4569388217538350e-01	   2.4100175932346754e-01	   5.9267495037583284e-01	   6.2466027923674516e-01	   6.0930335974564442e-01	   4.2188702097599806e-01	   4.5858684428317548e-01	   6.5481957401500768e-01	   6.9315665229840806e-01	   5.1685500782096327e-01	   5.2212354226762658e-01	   7.7594326459592011e-01	   5.5236940870711315e-01	   7.2936418305572148e-01	   8.3148100026599703e-01	   7.8760987653902004e-01	   7.8830412542114470e-01	   4.5800223086719682e-01	   5.7828868552877655e-01	   7.6095871389201331e-01	   7.8509093102297722e-01	   6.8969520028013664e-01	   7.4030803673460233e-01	   5.2245328216025055e-01	   6.0198872441340689e-01	   7.2740519329256825e-01	   8.0244615785311590e-01	   8.0022928978093155e-01	   8.0837808717865656e-01	   7.9314203666743155e-01	   7.7411307472282043e-01	   7.2783276524921781e-01	   7.3951096772261893e-01	   5.7777829461166852e-01	   5.6625646033288513e-01	   5.4097582962896373e-01	   5.5406694457338967e-01	   5.7722755802065695e-01	   6.5363246671283071e-01	   4.6068140257833617e-01	   4.5220690281295794e-01	   5.5479695460709155e-01	   5.7163426801759842e-01	   6.6343656583977118e-01	   5.5261042536824168e-01	   7.5717108766364916e-01	   7.9927834917698692e-01	   6.0373162227383048e-01	   4.0139360339950669e-01	   8.3410755609021647e-01	   8.7407557588903029e-01	   7.0623170131773594e-01	   7.4874988321313363e-01	   7.5320931323138518e-01	   7.9455470007357365e-01	   2.5996131392531008e-01	   4.3668758332202806e-01	   6.8513711025167290e-01	   7.0353532614563552e-01	   7.4281962397371593e-01	   7.7662232164948164e-01	   8.0317553297681898e-01	   8.1445997364160461e-01	   7.4941589181940194e-01	   7.3843093701195195e-01	   3.8837339795202597e-01	   1.3916061882451647e-01	   6.6262802444562374e-01	   6.9671744848155504e-01	  -7.3590288064008594e-02	   2.8042922558675520e-01	   7.3103460659832287e-01	   5.9133135790512770e-01	   6.4856731328713035e-01	   6.5044667023648672e-01	   4.9484942886155281e-01	   1.1120370920914817e-01	
   7.5854569436937713e-01	   5.4926635103924215e-01	   8.8797678255210499e-01	   8.7301808857519725e-01	   4.6035630055227850e-01	   8.2143689685631616e-01	   0.0000000000000000e+00	   7.8063025120224294e-01	   5.1717667843703530e-01	   6.7777714799804278e-01	   7.1963703092450548e-01	   5.7853226943395475e-01	   7.0556017490395440e-01	   5.8705449285975519e-01	   7.2419436421344119e-01	   6.7819795018581575e-01	   5.2873601041217011e-01	   4.7591196073865771e-01	   8.4455830375749996e-01	   7.3240417521237322e-01	   6.9977928925413246e-01	   7.4725389671743581e-01	   8.2650163894953710e-01	   7.4365959648241964e-01	   6.1711050814480251e-01	   7.0788862257526253e-01	   7.3468768031080622e-01	   8.1782695091236479e-01	   5.2626260861728646e-01	   4.5407318358452203e-01	   8.0895965406868364e-01	   7.3872115068502830e-01	   8.4657406567012183e-01	   8.3258718791429009e-01	   7.1402056682418624e-01	   7.0337337822743196e-01	   4.7113728003157518e-01	   3.1580555495651763e-01	   5.1735679470788354e-01	   4.4059716182623920e-01	   1.7876616771527076e-01	   5.3388037048505421e-01	   5.2560164881149540e-01	   5.4767090796977680e-01	   2.8109928458072114e-01	   3.0995064107303849e-01	   5.5380704442593398e-01	   5.4521900886644747e-01	   4.2039675381959457e-01	   3.1698682325548772e-01	   6.9205545934256696e-01	   4.7066347706380779e-01	   5.8125735623174168e-01	   6.8331471678538913e-01	   7.2675129989186460e-01	   6.6293330184971699e-01	   5.7937697516652398e-01	   6.3707773512061894e-01	   8.2965185869664038e-01	   6.1056269532111207e-01	   8.3751501816008966e-01	   5.7412623470355850e-01	   6.9110477556432381e-01	   6.6495014496143434e-01	   7.9460170985370815e-01	   7.3843822933050529e-01	   8.0765021849557050e-01	   7.2863949573589593e-01	   7.9066423688988863e-01	   7.3428942621499227e-01	   7.9718695477368395e-01	   7.3020491527041886e-01	   6.5632144022323102e-01	   6.1548023374003658e-01	   6.3773017310039282e-01	   6.0841216750683080e-01	   6.2803130624519876e-01	   6.7377792404124448e-01	   4.3336841536642312e-01	   4.9874125906310568e-01	   5.3599056800577316e-01	   6.3183289906894480e-01	   7.2412007069232853e-01	   6.2213300880378031e-01	   8.4304256529327060e-01	   8.1266251331255357e-01	   7.0173624093069131e-01	   4.9102145665553204e-01	   8.4172873481305854e-01	   8.4214172011874788e-01	   5.3588592418767411e-01	   6.7562063681850115e-01	   5.5221027505324904e-01	   7.4049367599271565e-01	   7.5053456340538380e-02	   2.2032983677758355e-01	   5.5293957188722176e-01	   6.1913976020265760e-01	   6.0125767727959178e-01	   7.3175666574010156e-01	   6.1951915606154695e-01	   8.0262137079383677e-01	   6.0738622628991545e-01	   6.8579313041350587e-01	   2.3965226984055629e-01	   5.1600566315638932e-02	   4.6148223310731401e-01	   5.9820821241121425e-01	  -1.8056369987865711e-01	   2.4530506708937114e-01	   6.2139690267637671e-01	   4.6472171296349529e-01	   5.6851781448351768e-01	   4.6475335271578344e-01	   3.1289417738403430e-01	   9.0185885923941278e-02	
   7.4558709338146223e-01	   5.9290489427259130e-01	   5.6957860314389719e-01	   7.9713899782135100e-01	   5.2682813137167361e-01	   8.3526341330114962e-01	   7.8063025120224294e-01	   0.0000000000000000e+00	   5.8296470390662525e-01	   7.2478712569865811e-01	   7.0726061774692828e-01	   8.3734404524537787e-01	   6.9683409501156568e-01	   7.3010347532987452e-01	   7.3042625346070467e-01	   6.1993793243926987e-01	   6.0677489066830925e-01	   5.4787427744740302e-01	   6.9933683002524161e-01	   7.4062152659978631e-01	   5.8556979068745973e-01	   6.9824670678599077e-01	   6.1238820940263927e-01	   6.0448339951550434e-01	   4.9488842112668380e-01	   6.6613939914643616e-01	   4.9330126188523676e-01	   5.7417292764690819e-01	   6.3618912873248423e-01	   6.3700097622786145e-01	   6.3523295359917098e-01	   6.4926815531938020e-01	   7.9250168272201416e-01	   8.4673079762729142e-01	   6.0596645469122945e-01	   6.7341473274069164e-01	   4.9995163542069232e-01	   4.9651320502177698e-01	   5.3315065312685062e-01	   5.7030031029118522e-01	   3.3684997444550868e-01	   6.6120879758922091e-01	   3.5930982183329563e-01	   4.1721376542643474e-01	   1.8119950214291536e-01	   2.4174135455214535e-01	   4.6432987206811371e-01	   4.9498766600865490e-01	   2.8650342695888686e-01	   3.1153543755974489e-01	   6.3651413805592683e-01	   4.3076405925508138e-01	   6.0361534507183234e-01	   6.4520476959506767e-01	   7.2949445319078543e-01	   7.1175867265994186e-01	   5.8444953559390855e-01	   6.7616699850564421e-01	   7.5930873342097671e-01	   7.5992872214110985e-01	   8.2132534675412749e-01	   8.8269153586798521e-01	   7.0807061220070167e-01	   8.1127699040057755e-01	   6.3420734098535436e-01	   8.1241966718822256e-01	   7.0465034947186289e-01	   6.7822466879958498e-01	   7.3417133666600576e-01	   7.1514371119792397e-01	   7.1712234254745955e-01	   7.7390946730465138e-01	   6.8891904640003232e-01	   7.1347236719956331e-01	   6.5184474080674393e-01	   7.3643332308139442e-01	   6.9504657630253353e-01	   7.4560410995640070e-01	   5.5696820223389065e-01	   5.5187321703285841e-01	   6.5562443244006896e-01	   6.9522181111618830e-01	   6.0842681169486013e-01	   5.4762080989903617e-01	   7.1691283655686477e-01	   7.5139619252536383e-01	   6.3222111616860521e-01	   3.9219108900112770e-01	   8.1124979520313290e-01	   7.5899721243633622e-01	   4.8474999608117730e-01	   4.9986995672692891e-01	   4.8922659716614958e-01	   5.2130602773906631e-01	   9.7742771563943079e-02	   3.7062718541401346e-01	   4.9432683647172959e-01	   6.2957356259768660e-01	   6.0562750005590327e-01	   6.2422918649108827e-01	   6.5489171858857886e-01	   6.3684931548399337e-01	   6.3355377738721308e-01	   5.9274882165297238e-01	   2.9111484815310223e-01	  -4.8600243136310319e-02	   5.8490647654454098e-01	   4.8479793359109125e-01	  -5.6902782090501300e-02	   3.2573474445243578e-01	   6.0946705998533401e-01	   4.8068979551626762e-01	   5.4886772544423956e-01	   4.8745307356886391e-01	   4.1578505939799493e-01	   2.1438471299088227e-01	
   3.3743650827444083e-01	   1.6604667818703794e-01	   4.3097079000930105e-01	   4.3173951276144340e-01	   9.0588376238583268e-01	   4.6706324331812465e-01	   5.1717667843703530e-01	   5.8296470390662525e-01	   0.0000000000000000e+00	   4.0914459157834782e-01	   5.1236894441842906e-01	   3.8061404334540416e-01	   7.2410863692370153e-01	   5.8539328540716340e-01	   6.8707339963438585e-01	   4.5141414873133467e-01	   4.1823648703646779e-03	  -4.5381334043731417e-02	   2.8826713501575807e-01	   1.9039988746423808e-01	   2.7649315090695870e-01	   3.0541704276862991e-01	   5.0186693295259199e-01	   4.4900533467830406e-01	   3.8810112737280100e-01	   4.4607195696246532e-01	   3.5967425456361479e-01	   2.6529480540454103e-01	   1.4122706585729097e-01	   6.0544713580792386e-02	   2.4972606483024934e-01	   3.1716126725719634e-01	   2.8606475419481969e-01	   2.9829107153461354e-01	   2.7751360002463155e-01	   2.5854758552626761e-01	   3.4087726229182608e-01	   1.7558446832702271e-01	   2.5387746539321843e-01	   2.0283959971457799e-01	   1.6025229232008081e-01	   1.3562662038410828e-01	   8.6511254362200543e-02	   6.8640679364141838e-02	  -5.2312734229614355e-02	   7.3065034462790098e-04	   1.6911549397867354e-01	   1.3053268410315591e-01	   2.5728337136292762e-01	   1.5390956950881615e-01	   3.6242186863952341e-01	   2.4096064522472391e-01	   2.0807936721277914e-01	   2.9446687942837269e-01	   3.4274158466812077e-01	   3.2589276676084472e-01	   1.8272069570109539e-01	   1.5993373966538982e-01	   4.3362022207239176e-01	   3.0434161917031410e-01	   4.8635136902556553e-01	   4.4498570986829600e-01	   1.8350969264603645e-01	   2.2339191925655244e-01	   4.4286389713851909e-01	   4.6154374685387234e-01	   2.9948104917785301e-01	   2.0071714182500539e-01	   3.0009559581068779e-01	   2.7505183597051946e-01	   4.2854243515821772e-01	   4.3431520312869532e-01	   2.3704364871396638e-01	   2.0407480751947921e-01	   2.4992610381760619e-01	   2.5044288079958832e-01	   2.0636265716477165e-01	   2.3629727375207324e-01	   6.4986130166236639e-02	   9.0099575700722800e-02	   6.7832615266665425e-02	   1.5839107154758919e-01	   3.0842810307424817e-01	   8.2137303169059997e-02	   3.7108300780046066e-01	   4.0225441227106590e-01	   3.1433397622964110e-01	   1.0574794690604539e-01	   4.3155916819145362e-01	   3.7005860957381653e-01	   9.4500582701248281e-02	   1.6663662305411658e-01	   1.7849478133992935e-01	   3.3796621537092386e-01	   1.5929924082139682e-01	   1.4551807754947590e-01	   2.0102307753156903e-01	   3.2156193305666853e-01	   1.1847548189059008e-01	   1.7547281448275012e-01	   2.1182337560756725e-01	   3.6138164033526388e-01	   1.7427209752898981e-01	   2.1828633525745461e-01	   5.8525105259317374e-02	  -1.3239428294779334e-02	   1.8229705693986803e-01	   1.8677078798986196e-01	  -3.7420752972841878e-02	   2.9449320420977187e-01	   1.1786351345661319e-01	  -3.9870705671215201e-02	   9.6501201261721625e-02	   1.6572927331015352e-01	   1.7500314083536747e-01	   1.3582318605291432e-01	
   6.6833857217136239e-01	   5.7101264175445643e-01	   6.3765709695797046e-01	   7.9879224034775032e-01	   3.8479677149315550e-01	   8.1879711204347805e-01	   6.7777714799804278e-01	   7.2478712569865811e-01	   4.0914459157834782e-01	   0.0000000000000000e+00	   4.6740455613079290e-01	   4.9105906187615644e-01	   5.1299276226637858e-01	   5.1648697293509516e-01	   6.0405620911063695e-01	   7.3595433966671397e-01	   4.4638749052817844e-01	   4.0950820472678084e-01	   6.6989786595871870e-01	   6.9737851481860713e-01	   6.9776027512004579e-01	   7.6686219850272397e-01	   7.3086217891106431e-01	   7.4574961318811228e-01	   6.2094363291039811e-01	   6.8368684045501271e-01	   5.3636493186031675e-01	   6.0215525450917762e-01	   3.9527076521727322e-01	   4.4818587509830765e-01	   6.6327062093393030e-01	   6.6727803983351452e-01	   7.8504750681143209e-01	   7.7204803373971842e-01	   7.1710516364737609e-01	   7.7381994575839808e-01	   4.3506295806542977e-01	   4.2550879199189112e-01	   5.6537777971727654e-01	   5.6535923748211236e-01	   2.2552874290693703e-01	   5.7396700219728392e-01	   6.0870041478723091e-01	   6.0421626462643885e-01	   4.4563985915345689e-01	   4.7842489417332984e-01	   6.6433946803763400e-01	   6.6474809620029840e-01	   5.9369260624208897e-01	   6.3783010465909273e-01	   8.2363289104365633e-01	   6.5732583562654556e-01	   7.1133365042663022e-01	   7.6469009932929588e-01	   7.9002007700297494e-01	   7.8081849837395467e-01	   5.3892248364785844e-01	   5.7067340707459180e-01	   7.5628242442119697e-01	   7.6956097909543097e-01	   6.6699252356198468e-01	   6.8895226723401626e-01	   5.0813316547009646e-01	   5.3743164076967154e-01	   7.8806777239318504e-01	   8.0504575037609327e-01	   7.7607537580127095e-01	   7.3934281558448212e-01	   7.8469649948014997e-01	   7.1806768009617794e-01	   5.9308689793052560e-01	   6.2242077864699419e-01	   5.5234148229260349e-01	   5.3163971662441001e-01	   5.0965693325757222e-01	   5.6305089117131568e-01	   5.8308736949905215e-01	   6.1623535780469951e-01	   5.4618285267614719e-01	   5.5508713492201989e-01	   5.3926247392442539e-01	   5.7910640361933885e-01	   6.2746986996782705e-01	   5.4122795044645089e-01	   7.1821901392386767e-01	   7.6997367186383037e-01	   6.6219248868974279e-01	   4.1599785422445784e-01	   8.0997441050379715e-01	   8.0558589088185473e-01	   5.0088624840371943e-01	   5.5077953311765993e-01	   5.8912962029608840e-01	   5.8143490790554997e-01	   2.9189322253895988e-01	   4.5515302312556971e-01	   7.1555065646615901e-01	   7.5426043535972576e-01	   6.6563179776878978e-01	   6.7232638134977718e-01	   6.4495846427852821e-01	   6.1287341970911380e-01	   6.0378289439533606e-01	   5.5480842007124487e-01	   3.6451716781847376e-01	   1.7908798044631397e-01	   6.0191535025740073e-01	   5.4668014936748777e-01	  -1.1995321995809277e-02	   3.3253259840583593e-01	   7.2848799607774439e-01	   6.2342751776017624e-01	   6.4102379835052536e-01	   4.9634078097152712e-01	   4.0279942336792823e-01	   1.7896121234081719e-01	
   8.1195386684316917e-01	   6.2833392959177992e-01	   5.9759758308307620e-01	   5.1755672351493121e-01	   5.1775855755472622e-01	   5.3368264592612125e-01	   7.1963703092450548e-01	   7.0726061774692828e-01	   5.1236894441842906e-01	   4.6740455613079290e-01	   0.0000000000000000e+00	   8.1389676754910512e-01	   9.0457049666770950e-01	   8.4115251773267685e-01	   8.6674115061855717e-01	   5.9772173767483261e-01	   7.1980320128786091e-01	   6.1937164349044493e-01	   6.0638845026236643e-01	   4.9403177552690797e-01	   5.4319290874787085e-01	   5.6769286633448601e-01	   5.8958599727193683e-01	   5.2112285149391846e-01	   4.7739206178693427e-01	   5.1145494698048855e-01	   5.8449388227166565e-01	   5.8782622516263117e-01	   7.4406802820849638e-01	   6.5948802007963792e-01	   5.3867801348504141e-01	   5.1950686638184307e-01	   5.6375585898387937e-01	   5.9793653623806275e-01	   4.5426258352499205e-01	   4.1053546573350569e-01	   6.0090346772402214e-01	   4.5449652247213740e-01	   5.4247575567274553e-01	   5.1584176541062943e-01	   3.7588983913127760e-01	   6.4233244984248916e-01	   2.0084478430762792e-01	   2.6269123292934032e-01	  -8.2357480058906779e-03	  -3.2256545828395010e-02	   2.8745965225386771e-01	   2.7759633416547241e-01	   1.5058066863172614e-01	   4.8527791962066441e-02	   4.9868304077910725e-01	   2.8874903282951825e-01	   4.4537405538851155e-01	   4.7423900080280579e-01	   5.9712877706366652e-01	   5.3681755857323965e-01	   7.1346468944023211e-01	   6.8784893735704444e-01	   6.9921932939673137e-01	   5.2822267025063929e-01	   8.6728665668273597e-01	   6.3208977109632147e-01	   8.2651594295364572e-01	   7.0209147949210648e-01	   5.7970645270627963e-01	   6.3986993445186702e-01	   5.6236345052070091e-01	   4.6515416890322309e-01	   5.7008718586461982e-01	   4.9583456477281063e-01	   6.4566518587765087e-01	   6.0242621486373071e-01	   6.4027193334748911e-01	   6.0700033652179508e-01	   6.6434496857984482e-01	   6.1228379414605283e-01	   6.3841591595396330e-01	   6.3436893846756659e-01	   6.4832980737655199e-01	   6.7830020770677002e-01	   6.9411031284668701e-01	   7.8795307948324678e-01	   6.3289187934399227e-01	   6.0037194419258044e-01	   7.7956559832530647e-01	   7.4023876450667636e-01	   7.1155029651126434e-01	   5.0173165325293012e-01	   7.1852258979764450e-01	   6.4796471508123876e-01	   1.8595511095352429e-01	   3.4028775985774862e-01	   2.2927760699019040e-01	   3.7076889102618127e-01	  -2.1255191124781359e-01	   1.2882689374985248e-01	   2.6479102146675837e-01	   4.8146168251654864e-01	   3.7564962304109634e-01	   5.0200925671263708e-01	   3.4131535319244016e-01	   5.1981605725644198e-01	   2.8560219011189159e-01	   4.6207419476066425e-01	  -6.9517584131674581e-02	  -2.0809782930621870e-01	   2.6805757931926633e-01	   3.5951506614445305e-01	  -2.1364170553831141e-01	   9.4411665117313859e-02	   3.7429185133051590e-01	   2.7851141174027438e-01	   3.1345420402134749e-01	   1.2289179062525893e-01	   1.0871301452665452e-01	   3.2089060803210730e-02	
   7.8081365178789119e-01	   6.8252520271750372e-01	   3.5345528893594175e-01	   5.2685201437221318e-01	   3.9821948750959357e-01	   5.8533073293108495e-01	   5.7853226943395475e-01	   8.3734404524537787e-01	   3.8061404334540416e-01	   4.9105906187615644e-01	   8.1389676754910512e-01	   0.0000000000000000e+00	   6.7130607838951939e-01	   7.7173960902645533e-01	   6.6945120120066248e-01	   4.5911220902139988e-01	   7.7196554218732083e-01	   7.2389751925930390e-01	   6.0546673091503034e-01	   6.6256575736187340e-01	   4.6262344238680542e-01	   5.5576773324846052e-01	   3.7332859145342934e-01	   3.5576133042008762e-01	   3.2836312372252274e-01	   4.3262212875499695e-01	   3.6332204211212449e-01	   4.3966468383940571e-01	   7.2064225176728314e-01	   7.0919272213875251e-01	   4.1576304363826089e-01	   4.0365236088820833e-01	   6.0650482887834289e-01	   6.8223780574867010e-01	   3.7946491439485919e-01	   4.1762620823167057e-01	   5.2585538234950657e-01	   5.1023177217734017e-01	   5.2832861474349657e-01	   6.0700751037581435e-01	   4.5042502233176873e-01	   7.4267499194001296e-01	   1.3973069446397690e-01	   2.4274269638368628e-01	   2.0970403443003022e-02	   4.3137911839073305e-02	   2.7698679672535159e-01	   3.3662547077699373e-01	   8.3767079863177635e-02	   1.2022632520838211e-01	   4.8262072878205875e-01	   2.7416504414847453e-01	   5.3157569318294262e-01	   4.8513061456077677e-01	   6.1084635771124041e-01	   6.3161526126410994e-01	   7.3056969317561449e-01	   7.9627385329262257e-01	   6.7932069336093959e-01	   7.2508614408608452e-01	   8.1442371829709814e-01	   8.5537809090769912e-01	   8.3363516754073874e-01	   8.7678363256632252e-01	   3.8186236593756129e-01	   6.3532019046076638e-01	   5.5205912066885976e-01	   5.3418955092636855e-01	   6.2503054387102064e-01	   6.1388537402887067e-01	   5.4015908760121778e-01	   5.9399617456890752e-01	   6.6704084191122437e-01	   6.8686706826878097e-01	   6.5565250682846110e-01	   6.9148493576352288e-01	   6.3067933700017276e-01	   6.5975920620686201e-01	   6.7364943214699824e-01	   6.5680295092864271e-01	   8.0627721660622353e-01	   8.0599531755237352e-01	   5.0925291442529286e-01	   5.1236270967068143e-01	   6.2953092612325279e-01	   6.4814084993686272e-01	   5.7921127911148540e-01	   3.7258437265367811e-01	   6.7850268283240533e-01	   6.4488618335693282e-01	   3.6979586918955909e-01	   3.7523037778387169e-01	   3.4050937458000574e-01	   3.3058407966345232e-01	  -1.4230351103456010e-01	   3.1703185961729441e-01	   2.7659992540132061e-01	   4.8442826374507686e-01	   4.9344733812672631e-01	   5.2889291672598604e-01	   4.8653563796426136e-01	   4.9115144202700078e-01	   4.6794133859333331e-01	   5.1240651640688950e-01	   1.3992557122929583e-01	  -1.5264436484776758e-01	   4.6001791834913153e-01	   3.8751271614043314e-01	  -1.1245906806737710e-01	   1.3089517785427301e-01	   4.1250099056473993e-01	   3.7898501416085939e-01	   3.9259072897848640e-01	   2.2160806293098079e-01	   1.7386440864363994e-01	   6.8690602147579924e-02	
   6.9383415088525124e-01	   5.3111257329540518e-01	   6.5261938024910682e-01	   5.5554656928847079e-01	   6.5618496071336052e-01	   5.4387999341820847e-01	   7.0556017490395440e-01	   6.9683409501156568e-01	   7.2410863692370153e-01	   5.1299276226637858e-01	   9.0457049666770950e-01	   6.7130607838951939e-01	   0.0000000000000000e+00	   8.3350074464532287e-01	   9.0776319302385033e-01	   6.4937078440659024e-01	   4.8980303382396229e-01	   3.8657859576825437e-01	   5.0496776498094653e-01	   3.7037794828761694e-01	   5.1085307852598394e-01	   5.3016857805004658e-01	   6.7663089997062920e-01	   6.0854197268700350e-01	   5.3005889483131996e-01	   5.9978074354798017e-01	   5.7359044704307949e-01	   5.6655312257554069e-01	   6.0051915300603320e-01	   5.1490049176745056e-01	   5.4111076826510418e-01	   5.6354327547375549e-01	   5.0497698210279329e-01	   5.2856141412005009e-01	   5.2300770478019920e-01	   4.2220048337020977e-01	   6.1900329503080564e-01	   4.4539910716517772e-01	   5.1916085996307382e-01	   4.6047048334903617e-01	   3.6354888142326247e-01	   4.9570547770836715e-01	   1.9280586236914660e-01	   2.2918188428004552e-01	  -3.6724480955726516e-02	  -2.9097855540631067e-02	   2.7390551840579713e-01	   2.3691644895008684e-01	   2.4202070328025985e-01	   1.5075481327709414e-01	   4.9853791672952791e-01	   3.8279330018143704e-01	   3.9688642314813449e-01	   4.5920295982557008e-01	   5.6783878578051838e-01	   5.0032140021891247e-01	   5.7651009337772263e-01	   5.2815695061584633e-01	   6.2258638689658152e-01	   4.4541900085252423e-01	   7.6651954099914987e-01	   5.8432440442289613e-01	   6.2818950741323487e-01	   5.2667592392332230e-01	   6.5321469893548256e-01	   6.7714925937512715e-01	   4.8451204137040382e-01	   3.6267537680707385e-01	   4.7244014376590360e-01	   4.0021957566905608e-01	   6.2915686116433722e-01	   6.0200165634236658e-01	   5.4990769156374286e-01	   5.0038885251473908e-01	   5.8962203489398823e-01	   5.5490959430832965e-01	   5.7971027929480534e-01	   5.7573443847531158e-01	   5.0868026261687393e-01	   5.1299880449215340e-01	   4.6678293564606732e-01	   5.9593529030732373e-01	   6.2233578268316225e-01	   5.0894341528196307e-01	   7.3220781257761591e-01	   7.0331568294345725e-01	   7.0932396322675273e-01	   5.2524907907222418e-01	   6.9692925223616542e-01	   5.8795054404791691e-01	   6.2825618583293635e-02	   2.3589850138592144e-01	   1.3546868415168478e-01	   3.7057251789557288e-01	  -8.5868673731840608e-02	   1.7291593522191229e-01	   3.0198890043202076e-01	   5.4602165032155214e-01	   2.7055982458674899e-01	   3.9116968881507574e-01	   2.5621776339136149e-01	   4.3995616095549017e-01	   2.0536882682865504e-01	   3.2764309591655816e-01	  -9.9381956383646247e-02	  -2.1324335602476219e-01	   2.1570662170109983e-01	   2.8287997358778344e-01	  -1.3691597853492471e-01	   2.6167619198512138e-01	   3.3949554474915511e-01	   1.5430471378048913e-01	   2.3379772735740409e-01	   1.5792554126445249e-01	   2.3851903636559607e-01	   1.9377808271384678e-01	
