   0.0000000000000000e+00	   6.1240638592714669e-01	   6.2445752852934955e-01	   6.1589630393992578e-01	   4.9673387397269664e-01	   4.5553307848192937e-01	   6.7086074084679326e-01	   6.3417915356436705e-01	   4.7517583142831621e-01	   5.4366742033003579e-01	   7.3128923745110508e-01	   6.5688106155935411e-01	   6.2819558253360830e-01	   6.4690842559647266e-01	   4.4716911447629482e-01	   5.9736357740359103e-01	   3.3743425518994619e-01	   3.1105744390805723e-01	   7.9173050603738204e-01	   7.0376708636246044e-01	  -1.8992080479271656e-01	  -1.2041542058371991e-01	   6.0018762255443248e-01	   5.4557067248701585e-01	   4.9871474454534603e-01	   4.4060066658204977e-01	   4.2887029828143747e-01	   4.6596386641965526e-01	   2.1105438931806447e-01	   3.2795344789528402e-01	   2.9021046072286760e-01	   4.0532341980623587e-01	   4.8073308359347589e-01	   4.4982278454907576e-01	   3.2099341273145010e-01	   4.0284958150305245e-01	   9.8066995277180255e-02	   3.5363356651186056e-01	  -3.8166834595626253e-02	   1.4428469128121851e-01	   4.7099968489140318e-02	   2.6902890257934475e-01	   4.4732045676034943e-01	   3.9625056854301899e-01	   3.7032192284505228e-01	   3.9628180991960432e-01	   4.7661127438650036e-01	   4.5641374796647616e-01	   3.4830099657770924e-01	   3.5844041195776999e-01	   3.1149314598056654e-01	   3.3662156582831687e-01	   3.9816061001499015e-01	   4.9973483455007617e-01	   3.0182207697346747e-01	   4.4626180519267478e-01	   6.7477248280055002e-01	   4.9405233477005994e-01	   3.8210302289187392e-01	   5.1005143123878727e-01	   4.0408671752817327e-01	   4.5780867444905743e-01	   5.9100314194958670e-01	   4.5720824435253138e-01	   3.5647465988167848e-01	   2.9520801838483268e-01	   4.1232048343701233e-01	   4.1379356127941996e-01	   6.0106074727410819e-01	   5.1691200341929555e-01	   3.1709270264825490e-01	   3.8568516518351231e-01	   1.2865911675337913e-01	   3.3905773891082025e-01	   2.0782332612856452e-01	   3.2430405927944889e-01	   2.4221266791735063e-01	   1.4957915503889568e-01	   3.2127590147077112e-01	   4.4257114256153474e-01	   4.5200978917646339e-01	   4.2319907342658758e-01	   2.5103940327218593e-01	   4.0212881968220421e-01	   2.5957013818062780e-01	   4.0558805490048894e-01	   4.9522504504800550e-02	   1.1988420546892950e-01	   2.6202647976110571e-01	   6.1673806139203657e-01	   4.8517971976327756e-01	   6.6721739682575443e-01	   3.6462530376667607e-01	   5.1045187897671729e-01	   1.6161268901723891e-01	   5.3765452122511909e-02	   3.1452519026322745e-01	   3.0722019282755236e-01	   4.5797958061454197e-01	   5.6119931263368805e-01	   3.2655949989234478e-01	   4.4605726375047539e-01	   5.4210517649120660e-01	   6.2824832559290611e-01	   2.8280230523399508e-01	   4.5440223760766008e-01	   3.2507719213417369e-01	   2.0938750103001702e-01	   1.0365741641604642e-01	   3.7727242662082550e-01	   4.3122423359866963e-01	   5.1218274014808707e-01	   5.4861478149414944e-01	   5.7440185300153290e-01	   5.4944276971599881e-01	   1.0058775281251554e-01	
   6.1240638592714669e-01	   0.0000000000000000e+00	   4.0912812754365102e-01	   5.3073850884929996e-01	   2.6927707034107545e-01	   5.1841415661594537e-01	   5.4847025995478882e-01	   5.6777543370274619e-01	   3.1634211183842686e-01	   5.8512339630146559e-01	   4.7667755524145161e-01	   5.3698823978618926e-01	   4.5256818618438138e-01	   4.3255375154158843e-01	   2.9445167874464379e-01	   5.0754933783644329e-01	   1.1955054137120999e-01	   4.5521403421547757e-01	   7.1354769638822280e-01	   7.1614162436263840e-01	  -3.6437984479893837e-01	  -2.6172940005970002e-01	   4.4195734438040857e-01	   4.4143453569820845e-01	   2.9465171508733840e-01	   3.3464558297325231e-01	   1.9795111455724862e-01	   3.0010403699684152e-01	   1.5002393691778473e-01	   2.9826552425024450e-01	   1.7842944151948831e-01	   3.3664234514693486e-01	   6.2231670416530238e-01	   6.2084520404512433e-01	   4.0115095441147663e-01	   4.5794881453120134e-01	  -5.4604101873765361e-02	   1.0455386850501455e-01	  -1.8157171405324352e-01	  -3.1664946757098938e-02	  -1.4223367162371454e-02	   1.2678767288634174e-01	   4.6646417189394940e-01	   3.2534324566829675e-01	   4.2021853236063778e-01	   3.3683121110284875e-01	   4.6710678394890170e-01	   3.9562047857452820e-01	   3.5788569502321599e-01	   3.3212464379563211e-01	   3.9515379461903055e-01	   3.2457181830540838e-01	   3.9486129305551154e-01	   4.6750557316410585e-01	   1.4718046131248036e-01	   2.4263683537064068e-01	   5.0872550901158864e-01	   7.5910288081161981e-01	   5.3219146064764233e-01	   5.2440182869384777e-01	   4.4138819439676313e-01	   6.1529347131581846e-01	   5.4525712751992583e-01	   6.4364993233994361e-01	   1.6128708516753107e-01	   2.5740044819445912e-01	   4.5640428134843197e-01	   4.1696396222243542e-01	   4.6636874334310452e-01	   3.2286337863759890e-01	   3.1240388070888464e-01	   4.8184942537648046e-01	   1.6875247691464446e-01	   3.5620406449525821e-01	   1.8822074506507991e-01	   3.4270139026347995e-01	   3.0747079924554088e-01	   3.3311207478870763e-01	   9.5964132190332424e-02	   6.3423741594560779e-01	   3.6654809673027478e-01	   4.7154298659991589e-01	   1.8074580338771640e-01	   3.2963124202737248e-01	   1.7053915655559226e-01	   3.0392324071853977e-01	  -4.0599072503985048e-02	  -2.3560391203340456e-02	   1.6543370273211355e-01	   4.3789328209880451e-01	   6.3076904277789536e-01	   5.9348968888315101e-01	   4.4287966980099147e-01	   4.6566094657980256e-01	   6.2431924247850420e-02	  -9.4461819495606891e-02	   4.0527801904181160e-01	   8.1303463245447211e-02	   6.1531150918833466e-01	   4.7907964955693583e-01	   3.6871924808029294e-01	   3.7899255780649832e-01	   5.6205235803707243e-01	   3.8580280265932576e-01	   3.6553263037704425e-02	   1.1379074824053925e-01	   3.1237320761943926e-01	   2.8784774068593832e-01	   4.2230305261030311e-02	   2.3352521772911894e-01	   3.8587179487713041e-01	   4.4595193094522168e-01	   3.9579333600332850e-01	   3.0838135641182152e-01	   2.0265941120973496e-01	  -6.8988655202634558e-02	
   6.2445752852934955e-01	   4.0912812754365102e-01	   0.0000000000000000e+00	   6.5947529706206098e-01	   6.3612486700808024e-01	   5.4236176737830410e-01	   8.6437187214402877e-01	   6.4605785225712598e-01	   6.7502968776430050e-01	   5.2844897087828868e-01	   4.1845445455419328e-01	   5.0762284720024864e-01	   6.5406715399886850e-01	   6.1609010194630454e-01	   4.7952194903756962e-01	   4.4463938731494207e-01	   4.3592703362228202e-02	   3.0038748015731146e-02	   5.3620187941351272e-01	   6.1812498799184368e-01	  -2.3060701814016671e-01	  -2.9065215001006878e-01	   8.0195619333617463e-01	   6.8119312490928263e-01	   7.3041318900813013e-01	   4.9725006183595905e-01	   4.6868430150753165e-01	   4.3487758601587112e-01	  -1.8015834231163341e-01	   5.0202172754883763e-02	   3.6451205626812994e-01	   2.9699149378505829e-01	   4.9212838202372450e-01	   4.3882686376315644e-01	   5.4436707371562087e-01	   5.0291137706735156e-01	  -6.8893412729028491e-02	   8.1390055845733972e-02	  -1.1184712531373509e-01	  -3.7590930318135395e-02	  -1.8313330353738855e-01	   6.1583982341980911e-02	   4.8161386765768716e-01	   3.6656588088445696e-01	   4.7247229260434287e-01	   4.9765669346933639e-01	   3.2490682835495732e-01	   2.8828362405598656e-01	   4.6034454732608998e-01	   4.5867501350525353e-01	   4.0984234659185093e-01	   5.0320605019776665e-01	   2.5593795919481144e-01	   3.5266065977570277e-01	   1.0891734500057443e-01	   2.4738007656052957e-01	   4.5019092444921838e-01	   3.7555448185277573e-01	   2.9153340569743097e-01	   2.8260605153025664e-01	   3.7820372274528852e-01	   4.0895807716613253e-01	   3.3268720688400655e-01	   3.6109817063201755e-01	   3.7485445299474229e-01	   4.5350186142992954e-01	   6.6545019142513129e-01	   5.0271403689639116e-01	   4.6998436247360975e-01	   5.6317098921323616e-01	   2.8190904757187429e-01	   2.5467750073934953e-01	  -3.5364664877921059e-02	   1.3350362054592238e-01	  -3.3693155367177032e-03	   1.1186528720071287e-01	  -6.9753304774292145e-04	  -4.0735290384942092e-02	  -6.7609973854649313e-02	   1.3029922989905424e-01	   1.3707235386908273e-01	   2.0527537091675108e-01	   4.6814698284154715e-02	   1.1604903220798286e-01	   1.5260920428733230e-01	   3.3721742399664639e-01	  -7.9815917964714392e-02	  -7.0005164310681961e-02	   1.9888001806699920e-01	   5.9994187649306974e-01	   4.4328028520036944e-01	   6.1901791817752416e-01	   4.4387848658946799e-01	   6.3450943431170947e-01	   3.9800405510373345e-02	   1.4167577364518658e-01	   1.5616623393920273e-01	   1.0746352371524931e-01	   3.3405348781393418e-01	   3.7781048408835965e-01	   2.9534193968603228e-01	   4.4995778830971045e-01	   4.0233993964348347e-01	   4.2192070405041959e-01	   6.0075601226639843e-03	   3.2583451223797549e-01	   3.5621054975054578e-01	   2.8295790498490925e-01	  -7.7103549070453997e-02	   4.1849576786932075e-02	   3.0029116220951968e-01	   4.0873487347778359e-01	   2.1093669343992694e-01	   2.7343977030428118e-01	   1.9398257439054536e-01	   1.0826997388983742e-02	
   6.1589630393992578e-01	   5.3073850884929996e-01	   6.5947529706206098e-01	   0.0000000000000000e+00	   6.3356263925334289e-01	   7.9084687985428959e-01	   7.1260961026707892e-01	   8.8986085093556433e-01	   6.1241839701794398e-01	   7.3130660285717763e-01	   4.7535667481287880e-01	   6.8905424327653031e-01	   5.1306802638574234e-01	   5.8079727527696068e-01	   6.2974696054762663e-02	   3.4822289428807046e-01	   2.3639781589595685e-01	   9.5139916937618502e-02	   4.7538634889197173e-01	   6.3941858831792275e-01	  -2.9435379740673540e-01	  -2.8910839555100570e-01	   5.5292480024431823e-01	   8.1006175969054350e-01	   5.4830427892374600e-01	   6.6543743548856771e-01	   5.4764867202727507e-01	   7.0949874298497417e-01	  -2.2939584297664006e-01	  -1.7647946872571332e-02	   1.7710129194768676e-01	   3.9898297339654765e-01	   4.2067442761710139e-01	   5.5326969388078617e-01	   4.2114914085305399e-01	   6.0943592514590628e-01	  -1.8358123203952284e-01	   4.1881737015422124e-02	  -1.7254881853590417e-01	  -5.1270575082820027e-02	  -2.3313085010327134e-01	  -1.0443203321079175e-01	   5.2671985953134270e-01	   4.0481988694888971e-01	   5.0818823381528189e-01	   4.6496449936862727e-01	   5.0305522197007879e-01	   4.2107458949783311e-01	   5.1747980955399209e-01	   4.0869650214712883e-01	   4.4625046368746196e-01	   5.3516671829620699e-01	   5.5340448329537772e-01	   4.4292351319819812e-01	   2.1536827115531887e-01	   2.4519328244060759e-01	   3.4087212299581959e-01	   4.1646148615278072e-01	   5.3440285230055840e-01	   5.7890215752053187e-01	   4.2490087763843509e-01	   6.7521189175084417e-01	   2.7573674022919092e-01	   5.1871421705509291e-01	   1.7749892402561290e-01	   5.8771837158282914e-01	   5.8776643370272474e-01	   6.7231304440194517e-01	   3.6837567474270944e-01	   4.4216942193049263e-01	   1.4983373968502678e-01	   3.4815806531890159e-01	  -8.1808889485938466e-02	   5.2393529925325581e-02	   4.1599128932714655e-02	   4.7183326952620001e-02	   3.2475790851226913e-02	   1.1923367832599154e-01	   9.3057255749922407e-02	   3.5718239330536128e-01	   2.7986301914344403e-01	   1.9075786648265175e-01	  -1.9763539606037794e-01	   5.0220532452655016e-02	   5.7161147319065533e-02	   2.6057749880590153e-01	  -2.7509238004631242e-01	  -1.8370463603944942e-01	   1.0610814582238121e-01	   6.8398515804201088e-01	   6.6087785914466779e-01	   5.5179346441578137e-01	   5.8154278894630973e-01	   4.1255361724233242e-01	   5.9208961102850732e-02	   7.0267921934921970e-02	   2.3324267661914300e-01	   1.3461542736524812e-01	   4.6258812054883547e-01	   2.9546558950420293e-01	   4.4585521138777101e-01	   3.3704231663532946e-01	   4.4337500978641348e-01	   3.6615300591524425e-01	   1.1413262419594643e-01	   2.1330185941611871e-01	   4.8119141166565627e-01	   2.7577459620775246e-01	  -1.9488371897044404e-01	   1.6148029733744179e-01	   4.2289851072076140e-01	   4.1608338076802542e-01	   2.8784017338852658e-01	   3.4066901036070057e-01	   2.1905944301090324e-01	  -6.3189917471245166e-02	
   4.9673387397269664e-01	   2.6927707034107545e-01	   6.3612486700808024e-01	   6.3356263925334289e-01	   0.0000000000000000e+00	   6.8078824186931552e-01	   7.3072187082665097e-01	   6.5184110916543503e-01	   7.3275917564858328e-01	   4.0249950619294972e-01	   4.2602285107557492e-01	   4.1957263232161368e-01	   5.8155170862775396e-01	   4.7984891274975294e-01	   3.6881434907444763e-02	   2.2146543903820576e-01	   1.1030222725465992e-01	  -9.0738903120122401e-03	   2.8995552799308344e-01	   3.9383049650974666e-01	  -2.1182672878382663e-01	  -2.2487106897067174e-01	   4.7157694889544011e-01	   5.1055790881350571e-01	   6.2626131348306713e-01	   6.1230192000459316e-01	   6.6512434770292583e-01	   8.0127522362230119e-01	  -2.9578132745310493e-01	   4.3766698369821777e-02	   2.9965449479679329e-01	   2.8477304641521778e-01	   1.8524317355790038e-01	   2.7915069515434121e-01	   1.6967869908800054e-01	   3.2838539912227660e-01	  -1.5749968632505126e-01	  -2.9059338811064990e-02	  -2.0836747435357533e-01	  -1.5672895923479740e-01	  -4.1159723574513307e-01	  -1.2992614797431848e-01	   3.1147614465189866e-01	   2.3561300887053110e-01	   2.7776719606611705e-01	   3.0676647130531309e-01	   2.2126296102593501e-01	   1.7851014291984815e-01	   2.9784540071670984e-01	   2.3841000063286144e-01	   2.4800887550970832e-01	   2.7038416651975600e-01	   2.6937114851533051e-01	   2.7291365184347482e-01	   8.6181231379080271e-03	   1.4046614790121844e-02	   1.4151513096604065e-01	   5.3647719697143034e-02	   3.6713681843258678e-01	   3.2232629957557701e-01	   5.5011926251491605e-01	   5.0414379852184177e-01	   2.0719933259424789e-01	   3.1237409187665188e-01	   4.1207097154586569e-01	   2.5820847706447780e-01	   2.9375910902823288e-01	   2.9359724322263320e-01	   1.6067436461971069e-01	   1.9396751039055735e-01	   7.5620696019374975e-02	   1.5838564003667324e-01	  -1.7517655932146800e-01	  -7.1523222795961419e-02	  -1.5290985400911986e-01	  -1.0648154104967672e-01	  -1.1818608222262053e-01	  -1.8848958816818473e-01	   7.9279885336553127e-02	   1.8926270811589413e-01	  -4.6516199813952497e-02	  -6.6082084325947463e-02	  -3.2042959730318671e-01	  -1.8802290379771835e-01	  -2.6450315317563956e-02	   6.6607110711324718e-02	  -3.1505761419592060e-01	  -2.7833934243590830e-01	  -2.7330042519894515e-02	   4.5310890913648516e-01	   2.1557516734703169e-01	   3.1798612901392903e-01	   5.7245256986265769e-01	   4.1575378393712037e-01	   1.5839330311675359e-01	   2.2065038206025792e-01	  -3.1310425010775661e-02	   5.3482275420503211e-02	   9.4995041073296649e-02	   9.9807326998043067e-02	   4.8525818499984613e-01	   4.9090135336734464e-01	   3.7961622923701926e-01	   5.6857787576357777e-01	   7.5579985123987239e-03	   3.0371300291589781e-01	   3.4991319404120536e-01	   2.7779247327818440e-01	   1.2847016852919582e-01	   1.2845816120983328e-01	   1.5237582997153742e-01	   1.7393116065375880e-01	   2.2994706664698955e-01	   3.4838892865449156e-01	   2.9795255821291811e-01	   8.3095311090619212e-02	
   4.5553307848192937e-01	   5.1841415661594537e-01	   5.4236176737830410e-01	   7.9084687985428959e-01	   6.8078824186931552e-01	   0.0000000000000000e+00	   7.2695950953731958e-01	   8.6505122150319802e-01	   7.0263484251189823e-01	   8.1090438544975796e-01	   4.3640418136966275e-01	   5.6118567533187924e-01	   6.0638105811960397e-01	   5.5451771294394292e-01	  -4.5348307064541432e-02	   2.8322343850409337e-01	   3.1509532101806452e-02	  -5.2102538913651991e-02	   3.6380082693502497e-01	   5.2503379560509811e-01	  -4.2231296978721561e-01	  -3.8233786181736729e-01	   4.1449248805541561e-01	   5.9766542106280451e-01	   4.0349102493135386e-01	   6.1406130192160058e-01	   3.6227149193161001e-01	   6.7405915259748350e-01	  -2.3166512931219002e-01	   1.7591260476758580e-03	   1.9990869158582431e-01	   3.5470333675507537e-01	   4.0466734031193252e-01	   5.5075081496909395e-01	   3.1195407652072238e-01	   5.6912757275994197e-01	  -1.6569181133883645e-01	  -1.2373192236526911e-02	  -1.8774572939448575e-01	  -8.3232747793903855e-02	  -3.1273403538782657e-01	  -2.3267367965228467e-01	   4.7902505669539025e-01	   3.2105516552562963e-01	   4.5924439267414030e-01	   4.2543625522045747e-01	   4.2821456817979897e-01	   3.2301667834464409e-01	   3.9501795650530880e-01	   3.5306721275343217e-01	   2.9085447998160857e-01	   3.4891590052983806e-01	   4.2065982727012474e-01	   3.2485820434625934e-01	   5.8426218369236171e-02	   7.5177461645012628e-02	   1.7703984289793634e-01	   2.7700412737841079e-01	   4.5137002255921976e-01	   4.4659001622007066e-01	   6.2136748041956025e-01	   7.2630456851073089e-01	   2.4160678269661010e-01	   5.3980097113158865e-01	   1.5332914104707437e-01	   3.8099185166652705e-01	   3.7939069255853464e-01	   4.7623597485388097e-01	   1.2425956619259844e-01	   1.8912379519745498e-01	   1.3231339894496974e-01	   3.5430106207245399e-01	  -9.0537292040630130e-02	   5.4538192665568488e-02	  -3.8865622736881178e-03	   1.1008644002367801e-01	   4.8870080460717349e-02	   1.2867689604031335e-01	   1.7255659654418835e-02	   2.6227126157573649e-01	   5.6343356181115897e-02	   9.6208138499355889e-02	  -3.3881827145205512e-01	  -7.4780644842582886e-02	  -6.4171260129614771e-02	   9.5863302207881598e-02	  -3.6669465560819481e-01	  -2.8080548547364548e-01	   7.3723921658585267e-02	   5.0030298082153268e-01	   5.2384502428035840e-01	   4.3543910867132640e-01	   5.2337689067603266e-01	   3.2266600319059535e-01	  -1.8269881826776233e-02	   9.1162692902269735e-02	   1.3938728148618176e-01	   4.3315823488449035e-02	   3.8212002238039028e-01	   1.7183043201400372e-01	   4.6883475824668586e-01	   3.6997667316353461e-01	   4.4971963886543809e-01	   4.4965008537824436e-01	  -1.0036268428733186e-01	   9.3352879114477982e-02	   4.4692236468908919e-01	   2.9808347238188648e-01	  -2.1289145749027411e-01	   6.0178519231070253e-02	   2.6033681011380122e-01	   2.7911454056485202e-01	   1.6927809647760605e-01	   2.3093697909980582e-01	   1.4469203566894973e-01	   1.3451999852861883e-02	
   6.7086074084679326e-01	   5.4847025995478882e-01	   8.6437187214402877e-01	   7.1260961026707892e-01	   7.3072187082665097e-01	   7.2695950953731958e-01	   0.0000000000000000e+00	   7.6441291855008586e-01	   7.6689597821218891e-01	   6.2428193452951941e-01	   5.1250275106992715e-01	   5.2218533866248951e-01	   7.3616528910593426e-01	   6.0091305602227807e-01	   2.9097530869316618e-01	   3.6605432275416977e-01	   3.3879136141045825e-02	   5.5582637917377067e-02	   6.2309705907868473e-01	   7.3553117525052303e-01	  -4.0851185623393560e-01	  -4.3106152786632179e-01	   6.7760069736074391e-01	   5.8639425654737987e-01	   5.5400255361784978e-01	   4.7083446979347410e-01	   3.6920519066213126e-01	   4.9615369927476816e-01	  -1.7459329991400330e-01	   6.3645181475328022e-02	   2.8506851131318972e-01	   2.7659284310152327e-01	   4.6034601291031646e-01	   4.9025740299310894e-01	   3.7067990307047227e-01	   4.6385419856704413e-01	  -1.7408937544363245e-01	  -9.7440337132964159e-03	  -2.6762356234443407e-01	  -1.4096262177587635e-01	  -3.1896242285636078e-01	  -8.4341587839537185e-02	   4.5950859217989387e-01	   3.1926674783603071e-01	   4.0328338419161103e-01	   3.9724542061593560e-01	   3.3716551318368249e-01	   2.7811824385253137e-01	   3.8622644792745403e-01	   3.8162832900643795e-01	   3.2508009957265505e-01	   4.1342001408210749e-01	   3.2794422493367903e-01	   3.9650630513338098e-01	   1.1508482443184833e-03	   1.3985927956604560e-01	   4.0129750884680404e-01	   4.1434192982733997e-01	   3.6526864777320256e-01	   3.9167227223630197e-01	   5.8930235179272006e-01	   5.9096709201490838e-01	   4.2604395542073414e-01	   4.9416483022288166e-01	   3.5840699379626967e-01	   3.5333548659273961e-01	   5.5438605629625159e-01	   4.3465190583707297e-01	   4.0440772368892308e-01	   4.5772175459605602e-01	   2.2313593030717033e-01	   2.7909275563945946e-01	  -5.5996853580216166e-02	   9.0737728305129245e-02	  -4.9109878039466828e-02	   1.3123445387830421e-01	   2.7946666505451984e-02	  -1.5940884985646109e-02	  -1.5536119468502229e-02	   2.0973598010983183e-01	   4.2468720013363506e-02	   1.3761980313759459e-01	  -1.1077975129628209e-01	   3.3078226690569132e-02	  -6.9675095724246548e-03	   1.8828260208805397e-01	  -2.0405663507849259e-01	  -1.6176424580141924e-01	   1.0520989738366335e-01	   5.5126434577498795e-01	   5.4592138612133689e-01	   7.0804773780067132e-01	   6.0470158603027391e-01	   6.4903233284921735e-01	   6.5474336438162056e-02	   9.7191498166233653e-02	   9.7566541623779285e-02	   6.2421889269380249e-02	   3.6413109019797868e-01	   3.5843647686845537e-01	   4.9904241268743543e-01	   5.9752588119092609e-01	   5.1435144833691671e-01	   5.3742607874014880e-01	   5.2840964736598536e-02	   3.4885208977054172e-01	   3.0090392329522314e-01	   3.3612027848424519e-01	  -4.7242123721098796e-02	   8.0132724455993704e-02	   2.3356722913427636e-01	   3.8324105665177904e-01	   2.7030642477887401e-01	   3.1014373779261539e-01	   1.9762262404942305e-01	   3.3697545437708275e-02	
   6.3417915356436705e-01	   5.6777543370274619e-01	   6.4605785225712598e-01	   8.8986085093556433e-01	   6.5184110916543503e-01	   8.6505122150319802e-01	   7.6441291855008586e-01	   0.0000000000000000e+00	   6.8478454841597358e-01	   7.4976270579090132e-01	   5.9677009107857570e-01	   7.7631946162054433e-01	   6.1135941762448809e-01	   6.9945042937664859e-01	   9.8402433013254936e-02	   4.1197894733582063e-01	   1.4738124353165832e-01	   5.7418849497120228e-02	   5.5390149166527625e-01	   7.1343409346088882e-01	  -3.2649609546178482e-01	  -3.0321141827658127e-01	   5.7364315364037677e-01	   7.1477838368947344e-01	   4.9710270201594647e-01	   6.0568166699840698e-01	   4.3122985225759641e-01	   6.5016240373765277e-01	  -1.0639773897853733e-01	   1.1986096413484468e-01	   2.4143164748727469e-01	   4.4534373076358785e-01	   4.8637701284128543e-01	   6.2932611632887392e-01	   4.0008646520108215e-01	   6.5856320810409685e-01	  -1.0130574253840217e-01	   9.6146117719646110e-02	  -1.5297991092023563e-01	   1.1989130022152312e-02	  -1.9315858665461005e-01	  -4.8978644548497943e-02	   5.0814041086274586e-01	   4.0110482678500736e-01	   4.8554567925534459e-01	   4.9502332947509092e-01	   5.0080785080309598e-01	   4.4022679662415604e-01	   5.1129065874276480e-01	   4.6524144597780354e-01	   4.7725437479637667e-01	   5.4175025621808048e-01	   6.1209195502717229e-01	   5.4596018039708805e-01	   2.5686994570458521e-01	   3.2947656875947007e-01	   3.1980495482140259e-01	   3.3031735098427906e-01	   4.5318355306198810e-01	   5.5176739309019307e-01	   5.4385635101085983e-01	   7.5571133426751946e-01	   3.5375509958925405e-01	   6.5733476989942985e-01	   2.5828943511927238e-01	   5.2048178738121598e-01	   5.0246501259833654e-01	   6.4466198242140682e-01	   3.5015096039225568e-01	   3.7420372937446733e-01	   2.4583212430576906e-01	   4.6144439540036686e-01	   7.0780262145935274e-02	   2.4114880850403847e-01	   1.6432773435577863e-01	   2.6480469953224250e-01	   1.5487938579880423e-01	   2.5915338067708960e-01	   1.0442603447878260e-01	   2.5896019455712316e-01	   2.6016532102426609e-01	   2.4184444838588443e-01	  -1.6027487370321294e-01	   1.4441985195479090e-01	   1.4543433382407592e-01	   3.1068055868214317e-01	  -1.9732755071768118e-01	  -9.0049094667343593e-02	   2.0150525343266240e-01	   7.1578394731173522e-01	   6.5500291169785907e-01	   5.8698818990828250e-01	   5.6156367310397437e-01	   4.6446173548288061e-01	   1.0745269115751166e-01	   7.0714763784660767e-02	   2.2742477299435437e-01	   2.0550676503273096e-01	   4.6824468762078630e-01	   3.4337210268538615e-01	   4.6633527181031820e-01	   3.6263892021269600e-01	   4.7804508280977431e-01	   4.5411978935502861e-01	  -3.1944581700470036e-02	   1.5411998001737906e-01	   4.7018824661287906e-01	   2.1954448666269238e-01	  -1.1362702694205551e-01	   2.1724757735249672e-01	   4.0227599089272126e-01	   4.2043804275040375e-01	   2.8358542106343526e-01	   3.8873209192690644e-01	   2.7018740311181827e-01	  -9.7080947547871430e-03	
   4.7517583142831621e-01	   3.1634211183842686e-01	   6.7502968776430050e-01	   6.1241839701794398e-01	   7.3275917564858328e-01	   7.0263484251189823e-01	   7.6689597821218891e-01	   6.8478454841597358e-01	   0.0000000000000000e+00	   5.5011385364638266e-01	   5.1287028157173276e-01	   5.5596162241640856e-01	   7.9356424658439573e-01	   6.6404968878232207e-01	   2.8147700004889453e-01	   2.8790386214590491e-01	  -9.7507470352220099e-02	  -3.5097642867782351e-02	   3.2555550391955557e-01	   4.7708271873003183e-01	  -3.1724726893736377e-01	  -2.3588492788611376e-01	   4.8722910827718346e-01	   4.5438062751444341e-01	   4.9342288757197461e-01	   4.2386379802821650e-01	   2.2096079928633805e-01	   4.2482309139887409e-01	  -1.6012006223333161e-01	   1.3012968069068581e-01	   3.4332813176432109e-01	   2.8204293863436886e-01	   2.9482679046012122e-01	   4.2391660340750692e-01	   2.1015947748039773e-01	   3.6337582106212313e-01	  -1.2530363186415161e-01	   1.1882478889662158e-02	  -1.1945123367530058e-01	  -1.6493333416923224e-02	  -2.4752500472718314e-01	  -5.0975524247089433e-02	   2.3110904416214434e-01	   1.7383314794996324e-01	   2.3051413960658668e-01	   2.5184545989951679e-01	   1.6232375380622405e-01	   1.3105214733629136e-01	   2.0280011710142684e-01	   1.7492963525998176e-01	   1.5112540589698154e-01	   2.4903176341887112e-01	   2.6344036653139813e-01	   2.6806820010136179e-01	  -1.9434039577986874e-02	   7.5911914343483794e-02	   2.2435182121176006e-01	   1.3737016432422461e-01	   2.7365779992047429e-01	   2.3297705340205138e-01	   5.8868700036339860e-01	   5.1716789631886217e-01	   2.9575859861060450e-01	   4.9408199980454887e-01	   3.9702951707420342e-01	   2.5265650468318651e-01	   2.8581646879988681e-01	   3.0822275070566790e-01	   1.1661573148764583e-01	   2.3717913229117665e-01	   1.0357154592642978e-01	   2.9909758061000435e-01	   2.5841137671703769e-02	   1.7746882853680185e-01	   2.7489174455278743e-02	   1.9088300079142662e-01	   5.7069524960216611e-02	   6.5179698050361723e-02	   4.0930491949595143e-03	   1.1322184561446366e-01	  -4.3050113447991367e-02	   1.1355780013720460e-01	  -1.4998734761728386e-01	  -3.2697599603153694e-04	   5.9954648509401187e-02	   1.9010199638994413e-01	  -7.1420786175893342e-02	  -6.5383058969437455e-02	   1.9856198609522127e-01	   4.9068507450384091e-01	   2.7363451783092929e-01	   4.3863636677604323e-01	   3.9233387234968597e-01	   5.0999004795683700e-01	   9.1546165283029623e-04	   1.6257330233565437e-01	  -4.1817663529443938e-02	   1.2165162066539631e-01	   1.0128604193907455e-01	   1.3529154860771966e-01	   2.6816044605737432e-01	   4.6651567593671861e-01	   1.9641468339283805e-01	   4.2727827140641805e-01	  -1.5440270336236256e-01	   1.7582050501317076e-01	   3.2054724397323120e-01	   1.5117731721394362e-01	  -5.9186729331252835e-03	   5.7643614941225926e-02	   1.7642434332630832e-01	   1.7907262460270953e-01	   2.5900331585711261e-01	   3.0516437492695436e-01	   1.5218708757378088e-01	   7.4465396051113944e-04	
   5.4366742033003579e-01	   5.8512339630146559e-01	   5.2844897087828868e-01	   7.3130660285717763e-01	   4.0249950619294972e-01	   8.1090438544975796e-01	   6.2428193452951941e-01	   7.4976270579090132e-01	   5.5011385364638266e-01	   0.0000000000000000e+00	   3.7618512699397633e-01	   5.4012227799880064e-01	   5.0492151594770807e-01	   5.4521582210619313e-01	   1.4106547766481373e-01	   4.2133252733623350e-01	  -1.3686057009233843e-01	  -2.2108493127790955e-02	   4.8064500188156789e-01	   5.3706722233662929e-01	  -3.9065196114887463e-01	  -3.5176688329873124e-01	   4.2986317964379717e-01	   5.8791893629649228e-01	   3.6531981151192244e-01	   4.0491520630180389e-01	   2.7492131829086652e-01	   4.7681335925990764e-01	  -1.9660811088270630e-01	  -1.6888485407820737e-02	   7.6541152271339674e-02	   2.3959509854495958e-01	   3.7262095936024076e-01	   4.4860439103912564e-01	   2.6748397031224574e-01	   4.4201465447830668e-01	  -8.8958068621815614e-02	   6.1227617626844449e-02	  -1.0743985572433928e-01	  -4.8970701578652060e-03	  -2.2832031952995835e-01	  -1.0735649101000896e-01	   4.5124346209986455e-01	   3.0622071319078115e-01	   3.8328225935643373e-01	   3.5163587182498457e-01	   4.8444639632066921e-01	   3.4613969332811234e-01	   3.3505715581445472e-01	   3.7465694033301178e-01	   2.2955055145110448e-01	   3.8611402861351962e-01	   4.1624327958993707e-01	   3.6659651796677406e-01	   1.2354363654301070e-01	   1.6849289317257457e-01	   3.4674410593502658e-01	   4.2369055274379924e-01	   4.2071703144437700e-01	   5.5378154421128178e-01	   4.5002105571969547e-01	   5.9160668053539556e-01	   1.8849450427910991e-01	   4.7385809295661041e-01	   8.5736026140612515e-02	   4.4755459273126419e-01	   3.0692751506848481e-01	   3.7892080224494301e-01	   2.3732409144327443e-01	   2.5438740667062171e-01	   1.4821136434768037e-01	   4.0348320086020090e-01	  -6.2759757618818857e-02	   1.0074254039512696e-01	   2.5755017310327609e-02	   1.6463038182501505e-01	   6.6820961278101998e-02	   1.7999015370598839e-01	  -1.1253959450792136e-01	   3.0076900575165283e-01	   1.0533498717020813e-01	   2.4512431948570390e-01	  -1.2046866197436927e-01	   1.0848951921291256e-01	   9.8836105279756521e-03	   1.8063397595853342e-01	  -1.4012755601958682e-01	  -6.7923163494654659e-02	   2.4209342031349729e-01	   5.4512177230139680e-01	   6.4167298186565069e-01	   5.7135498804073204e-01	   4.3148111465289168e-01	   3.7181023454628992e-01	  -2.5538199008567943e-02	  -1.5318205544110845e-02	   2.1259942025623682e-01	   7.9864766834089572e-03	   4.4986627487922171e-01	   2.7978460550541062e-01	   3.4672493299640095e-01	   2.7452365733191803e-01	   3.6556885978376202e-01	   3.1601570903393350e-01	  -1.9921500804434122e-02	   8.2652414586695908e-02	   4.1912430815532864e-01	   2.9635788767142035e-01	  -2.0550356499762251e-01	   4.0844823310513867e-02	   2.5423573392884347e-01	   3.4292201408834672e-01	   2.5409978856856508e-01	   2.4098220461599668e-01	   1.3926679841757025e-01	   5.3534932233349104e-03	
   7.3128923745110508e-01	   4.7667755524145161e-01	   4.1845445455419328e-01	   4.7535667481287880e-01	   4.2602285107557492e-01	   4.3640418136966275e-01	   5.1250275106992715e-01	   5.9677009107857570e-01	   5.1287028157173276e-01	   3.7618512699397633e-01	   0.0000000000000000e+00	   6.4672212281726149e-01	   7.8566965933437571e-01	   6.7017693448567428e-01	   4.2163759834866693e-01	   6.0227210758832939e-01	   3.3176061703512849e-01	   3.3152698493314531e-01	   5.9586642771983844e-01	   5.5448819339405808e-01	  -1.1076337695926268e-01	   1.1729357126392864e-02	   4.8558537068687568e-01	   4.4644739818363527e-01	   3.5559701001099953e-01	   3.8711963273713845e-01	   2.6696304464740361e-01	   3.3886253342694239e-01	   3.5749954943762480e-01	   4.2169386951136317e-01	   3.5139675079031318e-01	   4.5825932727512964e-01	   4.2161065734828940e-01	   4.3998290932069828e-01	   2.4644528436565238e-01	   4.0311356305764823e-01	   8.5686680160107762e-02	   3.7238524853926275e-01	  -3.1376780900872654e-03	   2.4645237050885438e-01	   1.0235158656731841e-01	   2.3070640659867497e-01	   2.9969543649296410e-01	   2.5702623410821679e-01	   2.3804387103788879e-01	   2.5907124736255061e-01	   3.4792892330477299e-01	   3.8025509769809102e-01	   2.3170187161817327e-01	   2.4094790017365597e-01	   2.5400359478116680e-01	   2.4439308810801363e-01	   3.4671393751813101e-01	   4.5799037602746112e-01	   2.9548749321045042e-01	   4.1740325260509914e-01	   4.0811194383263538e-01	   2.8645259341906204e-01	   2.6721714496221816e-01	   3.6154679288526353e-01	   4.7357528682265815e-01	   4.4330465205739233e-01	   5.6186262631471440e-01	   4.5765795465057235e-01	   2.9025608627646127e-01	   2.1012840348608916e-01	   2.4236213978214519e-01	   3.5445217856970479e-01	   3.7920739297017869e-01	   3.2822368509905153e-01	   2.7650923793978244e-01	   3.1582545737608564e-01	   2.0496775112316554e-01	   3.7007963725704096e-01	   2.9976104734786041e-01	   4.1008425579126839e-01	   2.2940716444823173e-01	   1.7774629141276008e-01	   2.9727203576535993e-01	   2.8333390465618430e-01	   4.6923648070606411e-01	   3.6654781682487136e-01	   2.7518079000669449e-01	   3.8488650600624480e-01	   3.7617615064504661e-01	   4.4163006622154954e-01	   9.7081045204527025e-02	   1.0997329822460730e-01	   3.0827814954959482e-01	   6.0221111814288941e-01	   3.2733302155312188e-01	   4.8554271153684042e-01	   2.0653880241604200e-01	   3.7684913118572488e-01	   7.2038124038838219e-02	   2.9330410104647348e-02	   2.4003309194623057e-01	   3.1374582024178022e-01	   3.0891281659298969e-01	   3.6976898367962274e-01	   1.3166442607877926e-01	   3.8210125032174647e-01	   2.2435821867370553e-01	   5.1867323102066198e-01	   4.8162213646710209e-02	   2.8485660348151381e-01	   1.3872533377376606e-01	   1.6367140643751787e-02	   1.0306646444799372e-01	   4.1523519848427837e-01	   4.4166559399911920e-01	   3.5722959932538112e-01	   4.8518763037974033e-01	   5.0070302871551120e-01	   4.4960416746935356e-01	   4.9358622325509360e-02	
   6.5688106155935411e-01	   5.3698823978618926e-01	   5.0762284720024864e-01	   6.8905424327653031e-01	   4.1957263232161368e-01	   5.6118567533187924e-01	   5.2218533866248951e-01	   7.7631946162054433e-01	   5.5596162241640856e-01	   5.4012227799880064e-01	   6.4672212281726149e-01	   0.0000000000000000e+00	   5.5506108531213694e-01	   8.3714438965793736e-01	   2.3727582246319404e-01	   6.1530569785603229e-01	   1.4147582002980960e-01	   2.8121053483590541e-01	   5.5413281148888782e-01	   6.6348278158988738e-01	  -2.9381973495274338e-01	  -1.2450439622824763e-01	   5.1992027981176103e-01	   6.3177270132167318e-01	   3.8673173915448944e-01	   4.6727536817002058e-01	   2.7669774886818843e-01	   4.1393849283035972e-01	   9.0921149364619119e-02	   3.4416425910850434e-01	   2.6511475548018282e-01	   4.8983231407003919e-01	   3.9318903744664219e-01	   5.0964660285320029e-01	   3.5227443454111435e-01	   5.2414734333211455e-01	  -7.6317497546208674e-02	   1.6076557939004185e-01	  -1.4380014406360514e-01	   4.3667362689062642e-02	  -4.7132250111348098e-02	   1.4967270807316832e-01	   4.3302207639826129e-01	   3.4561967008500694e-01	   4.3140407877368969e-01	   4.4398277877870757e-01	   4.4006910978334124e-01	   3.8777857387657511e-01	   5.0999532378343804e-01	   4.6132145558709259e-01	   5.5248618599520782e-01	   5.1141545959369838e-01	   5.9776454714601890e-01	   5.7585427777606657e-01	   2.9369368055919887e-01	   3.4698532372010671e-01	   3.0785900576956171e-01	   3.5187550313501409e-01	   3.5329086266399112e-01	   4.8874381037125447e-01	   3.3904737213727787e-01	   6.0532161860268996e-01	   3.9600171433659692e-01	   6.5316445950952540e-01	   3.2285074867176478e-01	   4.2546546810560670e-01	   3.7953759081409655e-01	   5.5600530134408110e-01	   4.1102803153003559e-01	   4.0834201271499326e-01	   2.0976331579055346e-01	   5.0397188868629827e-01	   1.4314423265404430e-01	   4.1253633556410951e-01	   2.4301356970868265e-01	   3.7028374197468511e-01	   1.7886484642266934e-01	   2.3769099798403728e-01	   1.6674601277266113e-01	   2.4398057037042162e-01	   3.7233066761324463e-01	   3.1777741427916739e-01	   7.3324480641133061e-02	   3.1720085686381116e-01	   3.2248076677343473e-01	   3.6397684231049193e-01	  -1.0197416423827432e-02	  -1.4061320602539267e-02	   2.2589539915643081e-01	   6.5514009442652443e-01	   5.0251974586990922e-01	   4.1464175076609716e-01	   3.3967532512533383e-01	   3.2012999826166666e-01	   5.1642173418313529e-02	   3.8784961579007751e-02	   1.5804220318549511e-01	   1.7622551603522643e-01	   4.0351264475518106e-01	   2.4106262948927265e-01	   1.9442314030593344e-01	   1.9681572157245131e-01	   2.8949912452223958e-01	   2.9718940166392671e-01	  -1.1262006772054511e-01	   1.4152197760697460e-02	   3.5080272632173076e-01	   9.2549276857085597e-02	  -9.1975489171647093e-02	   2.8201671026621244e-01	   3.3842018867430174e-01	   2.8892303341822123e-01	   2.6443044441119279e-01	   3.0547060716666724e-01	   3.2117767018441107e-01	   8.7593259292846823e-03	
   6.2819558253360830e-01	   4.5256818618438138e-01	   6.5406715399886850e-01	   5.1306802638574234e-01	   5.8155170862775396e-01	   6.0638105811960397e-01	   7.3616528910593426e-01	   6.1135941762448809e-01	   7.9356424658439573e-01	   5.0492151594770807e-01	   7.8566965933437571e-01	   5.5506108531213694e-01	   0.0000000000000000e+00	   7.2844580989272201e-01	   4.6061223934824824e-01	   5.3598330480199330e-01	   5.6694208456869150e-02	   1.6969841498646948e-01	   5.2253314586869415e-01	   5.4613798012841586e-01	  -1.9165464756851908e-01	  -5.7507196418631806e-02	   5.3367323417693380e-01	   4.5173200717439765e-01	   4.6672203016501779e-01	   4.4259621717815245e-01	   1.5451552226352488e-01	   3.3118921526707989e-01	   1.7160105011422372e-01	   3.5188816674397144e-01	   4.4184352630805640e-01	   4.1466577468996124e-01	   4.7262965365335674e-01	   4.7427880631687991e-01	   2.4933047641227368e-01	   3.9934669331218131e-01	   1.8038369642257027e-02	   1.9901066175300117e-01	  -4.4698518093634870e-02	   1.3608391972411998e-01	  -1.1690486212537409e-02	   1.0659262277445891e-01	   2.8344961449291212e-01	   1.7633762084452356e-01	   2.4097691152809214e-01	   2.0949876043419249e-01	   2.3096891824342514e-01	   2.2976859731355812e-01	   2.0957218519541876e-01	   1.9205020479855667e-01	   1.5173488750725825e-01	   1.9886515846637531e-01	   2.1550743915505749e-01	   3.4636955043989093e-01	   1.3813422732618863e-01	   2.5339188311322258e-01	   3.4820895502710447e-01	   2.1428228749673950e-01	   2.8920977732795650e-01	   1.5176934705797726e-01	   6.1455798467328993e-01	   4.2336875628080012e-01	   5.4116018150194278e-01	   4.4839015176898023e-01	   2.9124520025767670e-01	   1.5916178582595272e-01	   2.8440482276235018e-01	   2.7241541206383690e-01	   2.6289851147039545e-01	   3.1667831695539705e-01	   2.7069552068935204e-01	   3.1837810263029637e-01	   1.3293788442445678e-01	   3.0151024546792471e-01	   1.6768550123771400e-01	   3.2714121945752250e-01	   1.6614624658036886e-01	   1.0066723716709328e-01	   3.9271491873807338e-02	   1.8771138004538054e-01	   1.3518034454120553e-01	   2.8049345510904317e-01	   8.9901731486826647e-02	   2.1283088086396484e-01	   1.7237166959237737e-01	   3.6969318717426874e-01	   2.7639464875291724e-02	   1.0297421862798037e-02	   2.9975289735378308e-01	   5.1243918667297239e-01	   3.4849646388991695e-01	   5.3377141578810372e-01	   3.1226948149778661e-01	   4.9031179425121929e-01	  -4.0384786227903674e-02	   1.1091518776947649e-01	   5.4940006558894097e-02	   1.5142623118216819e-01	   2.5186748320332447e-01	   3.0682525964782170e-01	   1.8854205907398419e-01	   5.3359738979194371e-01	   2.7046962986698264e-01	   5.6769442615457699e-01	  -4.2633874538430316e-02	   2.7337242128788708e-01	   1.7046775499512604e-01	   5.9031198990981137e-02	  -6.8617577693858428e-02	   1.1440601036172399e-01	   2.3809099212249671e-01	   3.1134795665555987e-01	   3.4032694056746510e-01	   3.5961607206351781e-01	   2.7953771470321614e-01	   9.3684603448804665e-02	
