   0.0000000000000000e+00	   8.2884589742979708e-01	   4.9316439803653789e-01	   7.1596226107326078e-01	   6.0011346323262138e-01	   6.9883395948572602e-01	   6.8511843323938493e-01	   6.6996081455082312e-01	   6.8537028453290227e-01	   5.4660739892979648e-01	   5.8359925368601184e-01	   6.9890308792693223e-01	   7.4153695002617726e-01	   6.2279627182272590e-01	   5.0099127940258348e-01	   4.2584024244857327e-01	   5.9625514073908714e-01	   5.3770263686131869e-01	   8.8214708887987414e-01	   6.9611994256038146e-01	   3.5615753249294135e-01	   3.8881521475835196e-01	   2.5638060114466266e-01	   3.2720925702355685e-01	   1.9186220915088803e-01	   2.8659241088986931e-01	   2.0041656068033348e-01	   3.0905497598472698e-01	   5.5862765550912619e-01	   4.0796073205830574e-01	   3.5471425639654930e-01	   3.4129239935369343e-01	   6.0795839090860126e-01	   6.0162339578391655e-01	   8.5247712333647627e-02	   2.0139388859913429e-01	   3.0689248163482868e-01	   4.2594102227363395e-01	   3.0394805195516189e-01	   3.1927503511271021e-01	   2.4417156960753722e-01	   4.7641143432613342e-01	   4.7326059227569783e-01	   4.0986924112852485e-01	   2.2931444276771756e-01	   2.5420625639145211e-01	   5.1351454165753241e-01	   4.6740812437134072e-01	   3.0664997023216967e-01	   2.8814089421213546e-01	   3.9490881978572545e-01	   3.0378395394373559e-01	   3.7835574841007047e-01	   3.7621119035958916e-01	   5.0534584864505616e-01	   4.4588197766586968e-01	   7.5868465664062534e-01	   7.1661759873734598e-01	   5.0625532375826277e-01	   4.3576427926049871e-01	   7.1319082463566219e-01	   5.6175357754371347e-01	   6.4537458439192519e-01	   7.0026153889682341e-01	   2.5823959773488137e-01	   3.7393191402343917e-01	   4.7984984166207617e-01	   3.9144172246710940e-01	   4.7614666930272309e-01	   4.8467091325878764e-01	   4.7385064007433597e-01	   4.4628229876128256e-01	   5.5276137855452179e-01	   5.0616641297992493e-01	   5.3990036890978210e-01	   5.7112805046996229e-01	   5.5037182319169953e-01	   4.7813360425610307e-01	   4.3734164560548744e-01	   4.8311642828572054e-01	   6.1194356259482818e-01	   5.8275059921860339e-01	   5.3533617907076958e-01	   1.3495639001407847e-01	   5.7600965357525880e-01	   4.8047124505231997e-01	   2.0120698930232675e-01	   2.4980923028899704e-01	   6.3525455124578722e-01	   7.3996615183471237e-01	   4.2726399299575435e-01	   1.9313275873236946e-01	   4.1333842601373039e-01	   2.2466097808386676e-01	   2.1846693963796021e-01	   8.3914884908368514e-02	   2.9776530217493102e-01	   2.6756038279314831e-01	   5.6551660321806541e-01	   4.5283585950132832e-01	   4.9489459008970088e-01	   4.3579400894823139e-01	   4.5154399322605571e-01	   5.4446669123307134e-01	   1.0273066672962121e-01	   4.0430650438220767e-01	  -9.2489328590722564e-02	  -5.7381421851867266e-02	   1.3658737123485265e-01	   4.2526599116352487e-01	   2.4284348243723028e-01	   4.9830574413660877e-01	   3.5632609293184947e-01	   3.5997379329746410e-01	   4.5913444338463749e-01	   1.8695396907396405e-01	
   8.2884589742979708e-01	   0.0000000000000000e+00	   4.9030829656173780e-01	   7.2379971039281954e-01	   5.0179575304745194e-01	   5.9672945420363099e-01	   5.2750901489812196e-01	   6.3579242139103220e-01	   5.8037014882231286e-01	   4.9485925887960536e-01	   3.4516426249354215e-01	   6.0173955574364757e-01	   5.1842505234822311e-01	   5.6356557499642845e-01	   4.8224239575919342e-01	   3.9503491985662609e-01	   4.3544019606016970e-01	   5.0613464456091617e-01	   8.1025915614211308e-01	   7.9114446028165697e-01	   3.5734646188360458e-01	   4.4629591472843433e-01	   2.4983811188951591e-01	   3.2807386043358322e-01	   2.5528996395376669e-01	   2.1907348076566671e-01	   2.1077762418551815e-01	   2.8474605560247512e-01	   4.3448503252014570e-01	   3.1430843402955860e-01	   3.1490312491008132e-01	   2.5626236185061269e-01	   4.9079124575259125e-01	   4.8638429854590787e-01	   3.5468508566094258e-02	   1.3554687299063439e-01	   2.8217745606793371e-01	   4.2845520179785557e-01	   3.0586970908634975e-01	   2.7940151438195920e-01	   2.5827212387722737e-01	   4.6038885321226020e-01	   4.7520661198221936e-01	   4.3683996013253046e-01	   1.3283175669376490e-01	   2.1562743566999759e-01	   4.7667669470478113e-01	   5.3618314087080776e-01	   3.7252514218927019e-01	   4.1760344928822868e-01	   5.5998629514210863e-01	   4.3288978379619308e-01	   5.3340801852393671e-01	   6.0050461069085559e-01	   5.7201775932132737e-01	   5.2854001326969335e-01	   7.7639490982418013e-01	   8.2868792045955186e-01	   5.4899667861563906e-01	   5.9677726508505424e-01	   5.0433688628411177e-01	   4.2736732405552152e-01	   4.8664316768805438e-01	   5.9424402634114826e-01	   1.2330627398039748e-01	   3.6528979496408431e-01	   4.7718448466020547e-01	   4.1490772480786542e-01	   5.8555422294093928e-01	   6.2652711939675609e-01	   4.0260331585109982e-01	   4.1709121604851029e-01	   4.5322883513202983e-01	   4.9974143790945103e-01	   4.6386842312566046e-01	   5.6234173090884476e-01	   4.1155577706166885e-01	   3.4771161958884350e-01	   3.9792071469763629e-01	   4.3759159876743459e-01	   5.7328444210024343e-01	   5.5310911419665709e-01	   5.6575442026970957e-01	   1.3851676338406080e-01	   4.8600899925279961e-01	   4.8946816947725713e-01	   2.1219339487948141e-01	   2.7566285044794619e-01	   6.7000411838684681e-01	   7.5478066677689704e-01	   6.1237860653975140e-01	   2.8467535872228106e-01	   5.2077173840423141e-01	   3.5508591032280196e-01	   3.4634303444543113e-01	   1.3094851384713785e-01	   3.6821995566630245e-01	   3.2709786891134396e-01	   6.7135482415969827e-01	   6.2581435687469988e-01	   5.6771923615686293e-01	   4.7494833361005517e-01	   4.9579701797430242e-01	   5.6463901586898468e-01	   2.5734534914354296e-01	   5.8231671847577227e-01	  -1.0736604472882580e-01	   5.9727102775755395e-02	   1.7763085524955835e-01	   3.7209236862664968e-01	   2.7504207686392323e-01	   5.6926458598760321e-01	   5.2162908287332022e-01	   3.1589992117268362e-01	   4.2053254883022889e-01	   1.9217282107421685e-01	
   4.9316439803653789e-01	   4.9030829656173780e-01	   0.0000000000000000e+00	   5.0318984118554588e-01	   7.0330969910444163e-01	   2.6179254875093733e-01	   7.8407439238063648e-01	   2.3301457286002761e-01	   5.1934164912022673e-01	   1.9151547054474322e-01	   7.2816015765709785e-01	   2.2149489249558330e-01	   4.6977171756644931e-01	   2.5219913104315866e-01	   7.1560145335992442e-01	   5.5728347451402960e-01	   3.5665967759234507e-01	   2.3112294969492730e-01	   6.3441871177597142e-01	   3.1754618221453035e-01	   6.4533440538977116e-01	   6.2067064670611516e-01	   8.5957151470699222e-01	   6.6487383956837887e-01	   7.3937652613356097e-01	   5.9548600798713869e-01	   4.7497126521845501e-01	   2.4896883982406479e-01	   4.1666850806876277e-01	   2.5467441321576612e-01	   8.0973986147718036e-01	   6.7017328485449479e-01	   3.5379199245076753e-01	   3.1763276182934663e-01	   5.4326058514189024e-01	   4.2657991017009472e-01	   4.3216844372534430e-01	   5.0175063750377991e-01	   4.0296730258345942e-01	   3.2228019282576514e-01	   3.6025965176308911e-01	   3.8558013271799818e-01	   3.3268194322711053e-01	   3.5003574215254796e-01	  -8.5548591357196641e-02	  -1.0292129339869975e-01	   4.3497720948256768e-01	   4.1710933992412702e-01	   1.8770475086281255e-01	   2.1316982201597379e-01	   6.1778528155062307e-01	   2.6157857797958262e-01	   5.7332707257015036e-01	   3.9566712985526387e-01	   4.7582336428510219e-01	   4.3949275013395317e-01	   4.1767087402464337e-01	   5.5711084075313866e-01	   5.5778566267985075e-01	   2.3483254885434851e-01	   5.5471497389620994e-01	   1.6168587942821611e-01	   2.2106434829352262e-01	   1.5807376664667050e-01	   6.2705494095246905e-01	   3.8876467590406671e-01	   5.0786278671182694e-01	   1.6508642156451908e-01	   3.5719912125894177e-01	   3.6799506627097944e-01	   6.9625296361076117e-01	   5.5541516693151338e-01	   5.7509201600122994e-01	   5.0061913203286612e-01	   5.0776473086504637e-01	   3.9789128361900494e-01	   5.4389099621139747e-01	   5.6088940124806796e-01	   3.4280589201312350e-01	   3.9279372290501396e-01	   4.4204237911129374e-01	   6.1459219995713699e-01	   5.5444348270480592e-01	   2.2848293724842469e-01	   7.5608463953551586e-01	   7.4158143631341567e-01	   3.6554445001849178e-01	   2.6758400338708682e-01	   6.8250938867184885e-01	   5.0122920273320648e-01	   3.6938547346597433e-01	   2.5494767445093469e-01	   1.2651978481820883e-01	   3.8297858294290810e-01	   3.0936488694123598e-01	   3.0695206792258106e-01	   4.2289519527858921e-01	   3.2719946730866323e-01	   3.4920496967553832e-01	   4.4478487735243277e-01	   1.4299790883543584e-01	   5.3057078490804654e-01	   2.3194738788502053e-01	   3.8860118856814790e-01	   3.8088097168744117e-01	   6.3527768859464906e-01	  -1.5953343658153346e-01	  -1.1515921293409012e-01	   1.7553384748399398e-01	   5.8605725683484600e-01	   5.0803940214333487e-01	   3.3261898350359675e-01	   3.0542654326272300e-01	   2.7554716095340814e-01	   3.9186302394509837e-01	   2.0890339608464106e-01	
   7.1596226107326078e-01	   7.2379971039281954e-01	   5.0318984118554588e-01	   0.0000000000000000e+00	   5.1557611496009903e-01	   7.8996764875253844e-01	   6.8019589500598854e-01	   8.8058595523822192e-01	   6.6959326292054433e-01	   7.6487026233752642e-01	   5.2701287236030581e-01	   7.4896095037756638e-01	   6.1095907945168570e-01	   7.0461098395529453e-01	   5.2259487025968676e-01	   5.7133481634502059e-01	   4.8995714128006151e-01	   3.6487773604104962e-01	   6.7857226010781924e-01	   6.4221754422531663e-01	   4.4364737072553651e-01	   5.2005584641149372e-01	   3.2793939263663219e-01	   5.5941971988546069e-01	   3.3128367846919360e-01	   4.7982324947664545e-01	   1.4887335196389667e-01	   2.6625783364324013e-01	   4.7931917627312565e-01	   3.6535999742624004e-01	   4.5834374328527983e-01	   5.4090844517045733e-01	   6.6177890939598882e-01	   7.1951269805459150e-01	   2.6801148196748964e-01	   4.4709651422460750e-01	   3.4942636817069711e-01	   4.7760006953285150e-01	   3.4469537001504119e-01	   4.3114159841752314e-01	   2.2904164986284248e-01	   5.2109451929881434e-01	   5.4152605454699287e-01	   5.6637245207504128e-01	   3.4165866354757823e-01	   4.0260621557863113e-01	   6.3203101152837160e-01	   6.1501984204678117e-01	   4.8694448672431911e-01	   4.9695459264105701e-01	   6.2611703804411878e-01	   5.8983521745563450e-01	   5.7404185780020278e-01	   4.7729394229505784e-01	   6.7588844676971771e-01	   5.8155038461968611e-01	   5.3682973832107139e-01	   5.9413349179415365e-01	   5.1192415572113514e-01	   5.8862662919136977e-01	   6.8232782407778503e-01	   6.9341668684747448e-01	   5.7320687985980123e-01	   5.5332070899444985e-01	   4.0848045773466635e-01	   6.9398536144379397e-01	   6.3594622422552605e-01	   6.9211862696899329e-01	   5.2362213204773833e-01	   6.5308164289301518e-01	   4.9355987487413638e-01	   4.7239136872298793e-01	   5.1597130962467319e-01	   5.8057705058137188e-01	   5.0127653393854910e-01	   5.8333481899497519e-01	   4.6737702278385479e-01	   4.4835707333149960e-01	   3.3613382144127246e-01	   4.2714153816073819e-01	   5.9548644716698473e-01	   5.2296221745090277e-01	   5.6474765474283761e-01	   1.5791771680206035e-01	   5.9125112974932825e-01	   5.7724563734438150e-01	   2.6127189221832575e-01	   2.9097223622696633e-01	   5.6544102641620719e-01	   7.5834824776813481e-01	   5.5138920714193906e-01	   2.3612102347431344e-01	   5.2238363184182068e-01	   2.1693406609572358e-01	   3.2067435729413563e-01	   3.2034415677212580e-01	   4.2525699450413440e-01	   4.7590930560503159e-01	   6.6149616684832835e-01	   5.5286906258813129e-01	   6.4980246863694557e-01	   3.3581220558858360e-01	   5.0341546741244059e-01	   4.7020994868372368e-01	   2.5811099610235849e-01	   4.3638880935574914e-01	  -5.8361086146300936e-02	   2.0200599921341419e-01	   2.6604003539250792e-01	   5.0763807700472774e-01	   3.2980063802049336e-01	   4.9037072825843664e-01	   4.9916321612663661e-01	   4.1928871613445978e-01	   5.4769071459904772e-01	   2.5254014463069485e-01	
   6.0011346323262138e-01	   5.0179575304745194e-01	   7.0330969910444163e-01	   5.1557611496009903e-01	   0.0000000000000000e+00	   5.5114811137894737e-01	   6.0979002503641000e-01	   3.5665342486014762e-01	   6.5604127610167495e-01	   3.3162775672966099e-01	   6.8247984547127682e-01	   3.7280976080491107e-01	   5.0099599916867421e-01	   3.4219165469366908e-01	   6.3788426400034648e-01	   5.4663489050797909e-01	   4.6257463229033258e-01	   3.5470073661561519e-01	   6.7727745936059369e-01	   5.0956715888329851e-01	   6.8022580822167655e-01	   5.7199446263017495e-01	   5.8814806010208043e-01	   5.7612600840985539e-01	   6.9071524777859894e-01	   7.5931207108397214e-01	   6.3901691734786048e-01	   5.8268821179074159e-01	   4.4938482892985765e-01	   3.5171888070634844e-01	   6.0876893390597586e-01	   5.6864971369369721e-01	   4.7965045783908217e-01	   4.3552864636778710e-01	   4.8775961021720193e-01	   4.8350455852789465e-01	   5.3418637600569885e-01	   5.3993877164942827e-01	   4.9064357206228881e-01	   3.8800787789380031e-01	   4.5686670216828706e-01	   4.7968231593365218e-01	   3.0924699921163357e-01	   2.9211614076358816e-01	  -4.2811427695138328e-02	  -3.8620945869768719e-02	   3.7664166632377577e-01	   3.8139029931204915e-01	   6.0350292205106647e-02	   4.4558274896453851e-02	   4.1595423947580135e-01	   1.3694562522152914e-01	   4.1066263724093555e-01	   3.0376676249039336e-01	   4.0293447356670409e-01	   3.1808001166832278e-01	   4.8423669596107932e-01	   5.2494783934185996e-01	   4.2566942760822196e-01	   1.5417098354586936e-01	   5.8001505280705357e-01	   2.5090625203872097e-01	   3.7266450641445015e-01	   2.4586560132778806e-01	   5.2089141736477318e-01	   4.6334145975434082e-01	   5.2607069156276531e-01	   2.8876029675408432e-01	   5.4309871579251356e-01	   5.1490029720944674e-01	   6.1681153226964036e-01	   6.0176838705358682e-01	   4.4909782872084780e-01	   4.0279700920749101e-01	   4.2166600845676827e-01	   3.7038753014913012e-01	   5.2646255360532213e-01	   5.6271898553461352e-01	   3.6308079461434373e-01	   3.9454687135676769e-01	   5.3785426701318451e-01	   5.7887949284935536e-01	   6.0502593345856126e-01	   3.7270363300705733e-01	   6.6461631491095141e-01	   6.0674392743829264e-01	   4.1214611112282878e-01	   4.2760318609122955e-01	   6.3969025565212700e-01	   5.0048137769735157e-01	   5.1672591462725059e-01	   3.8527155966497395e-01	   3.6459750605769248e-01	   4.7637975919350806e-01	   3.5235167878509965e-01	   2.9339662689305901e-01	   4.0026048058768426e-01	   3.3624531836533866e-01	   4.1391473926594458e-01	   4.0492006439771838e-01	   2.5028527204612461e-01	   4.7105170393804680e-01	   2.8405749708006195e-01	   2.8889090884539370e-01	   3.6378796338038771e-01	   4.3107783433894514e-01	  -5.6200663847728212e-02	  -1.2901250009990184e-01	   3.0505322041072197e-01	   6.1918418105147199e-01	   5.1388037038543843e-01	   5.3694302656875892e-01	   3.4489562918991851e-01	   3.4358691028114263e-01	   5.1355721011765265e-01	   1.5530230673368653e-01	
   6.9883395948572602e-01	   5.9672945420363099e-01	   2.6179254875093733e-01	   7.8996764875253844e-01	   5.5114811137894737e-01	   0.0000000000000000e+00	   4.9055591476318849e-01	   7.9084439889163716e-01	   6.9000052571552017e-01	   8.3209647999577574e-01	   3.9187314604559581e-01	   7.4853387522959247e-01	   6.4766693545216958e-01	   6.8267181816281619e-01	   3.4616813129054513e-01	   4.3273305512646837e-01	   5.6733087534424764e-01	   5.0744270420504145e-01	   5.7780918662490155e-01	   6.3575905422450574e-01	   3.3031322360077331e-01	   4.0847892680161768e-01	   5.8734852196003162e-02	   3.2165700141884668e-01	   1.7573591585088164e-01	   5.2934404166406523e-01	   2.5087626067189384e-01	   5.8690048625966229e-01	   4.7207955734176865e-01	   4.7290684477628042e-01	   2.6645210283366821e-01	   3.5707554538759373e-01	   5.8925423988114212e-01	   6.6881844169338145e-01	   8.5226550815271668e-02	   2.8910592204978425e-01	   2.5805487180762765e-01	   3.8044091623215770e-01	   2.7605032501165944e-01	   3.5272806796333644e-01	   2.3934566646709909e-01	   4.0495058283093655e-01	   3.8980645018940285e-01	   4.0087858551403494e-01	   2.7158270835412945e-01	   3.4894221680308746e-01	   4.5557042699175943e-01	   4.2943472244322867e-01	   2.5765055000722747e-01	   2.3165895026414679e-01	   2.6774887628022409e-01	   3.3339096189673739e-01	   2.8586090167529421e-01	   2.5722865178038423e-01	   4.3466047680656561e-01	   3.6663032714203014e-01	   4.3026294842926571e-01	   4.3965319758006755e-01	   2.4644785010720216e-01	   3.7101650491711036e-01	   5.5076604773154558e-01	   5.8981279389983499e-01	   5.8264982697591294e-01	   5.6975446023125764e-01	   1.9691285822173110e-01	   4.9727121000891050e-01	   4.7178480582215798e-01	   5.6815503275640311e-01	   4.9606403559304407e-01	   6.0756515813062140e-01	   3.3152344870890815e-01	   4.0758615897358286e-01	   2.6807415969065079e-01	   3.5330269395466896e-01	   2.4639477377832966e-01	   3.9268189563020711e-01	   2.7473465400163677e-01	   3.0178653014361623e-01	   3.8685995310145915e-01	   4.8451988868557233e-01	   5.8268219747729921e-01	   4.5387427037229328e-01	   3.9164151426866817e-01	   2.3327977030029082e-01	   4.0733569204320963e-01	   3.2366947008976044e-01	   1.3148829328427863e-01	   3.0789367377454691e-01	   4.5072609440917877e-01	   6.5928235159161086e-01	   5.2787518865084748e-01	   2.8697440769357752e-01	   6.6618755377785621e-01	   3.2032933317603862e-01	   2.7991189959386431e-01	   2.3277878934740714e-01	   3.4779216683655512e-01	   3.5556337019560857e-01	   4.8923620756956365e-01	   3.4033362704878750e-01	   6.7003698548466273e-01	   4.5828526683441501e-01	   5.5307057761603207e-01	   4.9140008189832973e-01	   2.3136411372982668e-01	   3.1112351245226971e-01	   5.2578653863526476e-02	   1.1324884217764034e-01	   2.5161200017821472e-01	   4.5462504884312160e-01	   2.5326383988397305e-01	   4.9114969947368803e-01	   4.4097258002027584e-01	   4.0869445644679603e-01	   5.0603392468864461e-01	   2.7597367803172512e-01	
   6.8511843323938493e-01	   5.2750901489812196e-01	   7.8407439238063648e-01	   6.8019589500598854e-01	   6.0979002503641000e-01	   4.9055591476318849e-01	   0.0000000000000000e+00	   6.0488866890088944e-01	   5.5317510786795587e-01	   5.0606594168199615e-01	   7.2718712627290816e-01	   5.0097448753287011e-01	   6.2419162519721516e-01	   4.6359944876695119e-01	   5.0726835622125666e-01	   5.0501245942654438e-01	   5.2490769008264970e-01	   3.3253609876173817e-01	   7.4162900039955815e-01	   4.6042225391346209e-01	   3.6419185720632258e-01	   4.0114492648834843e-01	   5.9895905935841043e-01	   6.1344795582607436e-01	   3.5000409250146475e-01	   4.1907806602736192e-01	   1.0115835095195161e-01	   8.3880841909552209e-02	   5.2172612634898319e-01	   3.4813827812192644e-01	   6.6193202959690678e-01	   6.4044782957524160e-01	   6.2811659791601260e-01	   6.5751163051980777e-01	   4.1935995315240399e-01	   4.3549805357101662e-01	   1.9475737001169641e-01	   3.2675469026054416e-01	   1.8736081995300491e-01	   2.6530913294756187e-01	   1.4703027941075425e-01	   4.4734109241561903e-01	   4.9630227433638585e-01	   4.6743185286281230e-01	   2.8813177036130055e-01	   2.3811282742006751e-01	   4.8390416581217488e-01	   4.5148037497785420e-01	   2.7012449069125755e-01	   2.6946314236176488e-01	   4.9306510876431503e-01	   3.4034592963090182e-01	   4.4905917828465325e-01	   2.9177067013361829e-01	   4.3468247650662628e-01	   4.3623841822160980e-01	   5.4345356132597522e-01	   5.4094794910780897e-01	   4.3494771985997549e-01	   2.4648851934316959e-01	   7.3570332780162095e-01	   5.0718032777454891e-01	   5.0551682617435068e-01	   4.7289732456673550e-01	   6.6873192452309960e-01	   5.2153243353444223e-01	   5.2104986051863422e-01	   3.9179693573189467e-01	   2.6631668719543428e-01	   3.0844727943949551e-01	   6.1435400035175691e-01	   4.2725920067127865e-01	   6.1615277376814848e-01	   5.5115757910619012e-01	   5.4826827075742002e-01	   5.5600890188742258e-01	   5.4587624576722416e-01	   4.9573612545122503e-01	   3.8595852415429993e-01	   4.4881053070705290e-01	   4.9101446919073549e-01	   5.7167601280582192e-01	   5.1581575714099537e-01	   4.6124057934657049e-02	   6.9596053071461372e-01	   6.2604771998157305e-01	   2.3133395097691017e-01	   1.9308310428934727e-01	   4.9574433809343055e-01	   5.3158441415368585e-01	   2.8900181153531929e-01	   1.4331245718326466e-01	   2.0293500872660158e-01	   1.8136342736333588e-01	   1.3083229432689980e-01	   1.7415304155894529e-01	   2.3540214638884452e-01	   2.1708791049432713e-01	   4.4788020602537992e-01	   4.0532012902911874e-01	   3.4668502213465441e-01	   4.1792144368448414e-01	   3.7069572697475373e-01	   4.9348394873448365e-01	   1.6500470561366365e-01	   4.4664980728294867e-01	  -1.5104653272095417e-01	  -1.1187731347678248e-01	   1.0072801780703626e-01	   4.6814407374794392e-01	   3.0120404174624571e-01	   3.5262012365798368e-01	   3.2388759006583362e-01	   3.7800796507930534e-01	   4.6868057911508493e-01	   2.8933012309672229e-01	
   6.6996081455082312e-01	   6.3579242139103220e-01	   2.3301457286002761e-01	   8.8058595523822192e-01	   3.5665342486014762e-01	   7.9084439889163716e-01	   6.0488866890088944e-01	   0.0000000000000000e+00	   5.5560727024030943e-01	   8.3496909953172604e-01	   3.9362885845064965e-01	   7.6846106011980930e-01	   6.2854214435934308e-01	   7.0883615239187758e-01	   2.6099036461286490e-01	   3.4808779862285116e-01	   5.1124077506003096e-01	   4.4805190957880914e-01	   6.0042287690463969e-01	   6.3874369745900239e-01	   1.1437216069923764e-01	   2.3436401704260912e-01	   2.2107605744755964e-02	   2.9855106711468493e-01	  -9.8858381607088500e-03	   2.5556281214900306e-01	  -1.4541512956555816e-01	   1.1473341264613271e-01	   4.7755429709167396e-01	   3.9896263730452491e-01	   2.3242335828264205e-01	   3.5923467766427986e-01	   7.1805749377954986e-01	   8.1214654418424936e-01	   1.6173138088586189e-01	   3.7168845602481021e-01	   1.0036469648985727e-01	   2.3160979077866845e-01	   1.2413585488596415e-01	   3.0879662096490046e-01	   5.8544384716207265e-02	   4.4931091002058582e-01	   4.9791153267208305e-01	   4.7315791707821209e-01	   4.9081743917577836e-01	   5.1511295462878615e-01	   4.7090067206651703e-01	   4.5623986426825131e-01	   3.6964774229352959e-01	   3.8105062943945728e-01	   3.6713412440185789e-01	   4.7249088278018170e-01	   3.4528521366625353e-01	   2.9391760619757246e-01	   4.3773688626602514e-01	   3.8086269240324666e-01	   5.8918451949916606e-01	   5.2657570119736552e-01	   2.7620756791693413e-01	   4.6254293900381638e-01	   6.4806250969023182e-01	   8.0177475702805112e-01	   6.7458080919242636e-01	   6.9937806334044028e-01	   2.7675870015404680e-01	   6.6946085950754020e-01	   4.7977835567163940e-01	   6.8375224240905363e-01	   3.8907747881775789e-01	   4.6984554145936441e-01	   3.2972923703823220e-01	   2.8248388067691355e-01	   3.9434302338125049e-01	   4.8079942494895844e-01	   3.8973943374180120e-01	   5.7615859831194882e-01	   3.3121684455822792e-01	   2.6714933050772982e-01	   2.9904731839455223e-01	   3.9315417198747094e-01	   5.2164834177929331e-01	   3.8739212259958361e-01	   4.2600310446060374e-01	   3.2144082711986009e-02	   3.7905203283955724e-01	   3.0533554440139393e-01	   6.9792886660876477e-02	   1.4910217966155420e-01	   3.3678151175031967e-01	   5.7565310581362272e-01	   3.7078669750257298e-01	   8.6875378750185472e-02	   5.5398076101871307e-01	   4.1940182090170378e-02	   1.5355528350064929e-01	   1.7938088562933430e-01	   1.9404625321189525e-01	   3.1498314006089151e-01	   5.4238704818152794e-01	   3.7126665661005637e-01	   6.4638070045902962e-01	   1.8500141844433321e-01	   5.2798674644113319e-01	   4.2921075161880412e-01	   9.4055940712621022e-02	   2.6934466598602330e-01	  -2.0167839234920298e-02	   1.7867507656653417e-01	   1.6853167228771443e-01	   3.5749396062927907e-01	   1.2934466980236448e-01	   4.2260997047621929e-01	   4.4868718147009612e-01	   3.8905772812565798e-01	   4.6053686618096168e-01	   2.8800809796946408e-01	
   6.8537028453290227e-01	   5.8037014882231286e-01	   5.1934164912022673e-01	   6.6959326292054433e-01	   6.5604127610167495e-01	   6.9000052571552017e-01	   5.5317510786795587e-01	   5.5560727024030943e-01	   0.0000000000000000e+00	   6.2182717303046087e-01	   5.4444335283563405e-01	   5.5021458621724850e-01	   7.0129880390522192e-01	   5.0628058658744579e-01	   6.6765593052612904e-01	   5.9144082819344235e-01	   5.6609847233047206e-01	   4.9298559605744763e-01	   6.6176618555424915e-01	   6.3345223579302312e-01	   4.4093150059389086e-01	   4.3256021233122627e-01	   3.2329763077080281e-01	   4.4565905354342022e-01	   3.8436226724156353e-01	   4.6413464164303264e-01	   3.6234491232028598e-01	   4.7330090886714238e-01	   5.3607772366460260e-01	   4.4235974918667054e-01	   3.9673953242798138e-01	   3.9847781816333205e-01	   4.8928713306367405e-01	   4.4203877129340785e-01	   1.0618141903014086e-01	   2.8767872930279520e-01	   3.8758281390684562e-01	   5.1002989348405015e-01	   4.1866898690086929e-01	   4.8107216725655266e-01	   3.6742666488040587e-01	   3.7235359714434080e-01	   3.0514511022664942e-01	   3.3680774928403523e-01	   3.9391816650863894e-02	   1.0844770685883787e-01	   4.6087628477731246e-01	   5.1926426511332313e-01	   2.3004912661889715e-01	   2.5418636014613860e-01	   3.9451200528114255e-01	   2.3115855971137617e-01	   4.7889229323511295e-01	   4.8768032483769347e-01	   5.4196668189047836e-01	   4.6723602026555161e-01	   4.2892412068664704e-01	   5.1436632611300148e-01	   4.2013825370418684e-01	   2.9475657184552490e-01	   5.2686669692333310e-01	   4.3240562125835508e-01	   3.5774211770380554e-01	   4.0575970788278370e-01	   2.9195192368831041e-01	   3.6405578768059860e-01	   3.7704176154346741e-01	   3.1017181550249195e-01	   5.7451093668193631e-01	   6.2954077840000333e-01	   4.6601282777598962e-01	   5.4422697928324348e-01	   3.8752056381498445e-01	   3.9204319932850240e-01	   3.2964237592158807e-01	   3.6276728909518541e-01	   4.6609843356979741e-01	   4.7824772087769041e-01	   3.8471333712088063e-01	   4.5665712205582826e-01	   5.7968020014293020e-01	   5.3270006945590509e-01	   5.2957639830450542e-01	   4.1103482312956602e-01	   4.2157700005883858e-01	   3.8667209350947279e-01	   1.6762284080279638e-01	   2.5626062443959380e-01	   6.3233787391410778e-01	   6.2848354705449005e-01	   6.6710275745236869e-01	   5.0163277006739360e-01	   6.3996577285211831e-01	   5.5990860227620676e-01	   3.2588918198076705e-01	   3.1933279131030562e-01	   4.5684831502975876e-01	   4.2982970627951866e-01	   5.1465429043135291e-01	   5.1888452700622578e-01	   4.7004444297204229e-01	   5.0519088784995037e-01	   3.5062209928036642e-01	   3.8806822169111066e-01	   3.3315142674502085e-01	   3.8485757870337495e-01	   1.1991867628646059e-02	   9.0633746960422559e-03	   2.2695203636422051e-01	   5.5947817723897264e-01	   4.5621397162894106e-01	   5.7255888261955179e-01	   3.6017502868435092e-01	   3.2028091935070635e-01	   3.6310288413570557e-01	   1.5270333416283557e-01	
   5.4660739892979648e-01	   4.9485925887960536e-01	   1.9151547054474322e-01	   7.6487026233752642e-01	   3.3162775672966099e-01	   8.3209647999577574e-01	   5.0606594168199615e-01	   8.3496909953172604e-01	   6.2182717303046087e-01	   0.0000000000000000e+00	   2.8134024210951758e-01	   7.2627552406667162e-01	   6.4042890611513026e-01	   6.7990980638816212e-01	   3.3303027865132961e-01	   4.9152206264688347e-01	   6.2870328363406025e-01	   5.6721413201897253e-01	   4.8422710416368947e-01	   6.1200622135817828e-01	   1.7801617687597485e-01	   3.3752255691317995e-01	  -2.9702587547441206e-02	   2.4225269895853277e-01	  -1.1726507347920828e-02	   3.0074935477122700e-01	  -8.9625164931742385e-02	   2.3355218499029662e-01	   5.8674148213616462e-01	   5.9927826054634892e-01	   2.5894772988175169e-01	   4.0381184129420933e-01	   6.9334556019268567e-01	   7.5687351835055172e-01	   3.5671801369244860e-02	   3.2614031347189476e-01	   2.1875666641526653e-01	   3.6997965785068548e-01	   2.3553181760296768e-01	   4.4569834565587085e-01	   2.3820616172652392e-01	   5.0217838058592679e-01	   4.1018873326319816e-01	   4.7110779375440681e-01	   3.7197531362776243e-01	   4.5720831447714078e-01	   4.9711213819458511e-01	   5.2464092272733431e-01	   3.0567750167873631e-01	   2.8939062176140812e-01	   2.6947781345116295e-01	   3.6336399065690589e-01	   3.6009672613619742e-01	   3.0644432733727844e-01	   4.9006188767845693e-01	   4.8036066352273421e-01	   4.1594502008748435e-01	   3.9216723699757300e-01	   1.5856624201128533e-01	   2.6341423451116608e-01	   4.8880712082823380e-01	   5.9284834476071790e-01	   5.4657947303412557e-01	   5.7246852098236967e-01	   1.3019561739822794e-01	   4.4904711648206524e-01	   3.8463695702864092e-01	   5.9107787007935519e-01	   4.7283139804128083e-01	   5.8121693135562746e-01	   3.0517460657140461e-01	   3.1430436683875329e-01	   3.7149187461060895e-01	   4.6618408421570467e-01	   3.0204799728413018e-01	   4.5630166877790379e-01	   3.0376494335384679e-01	   2.9431351414799956e-01	   4.2243823404886088e-01	   5.1845788002509208e-01	   6.3443587674781621e-01	   4.7369047651597340e-01	   4.4167972670966077e-01	   3.0203577623621974e-01	   3.3538137059183915e-01	   2.0684455668646795e-01	   1.0795497998254664e-02	   1.4954043864161123e-01	   3.6644954564249149e-01	   5.7624711007314167e-01	   4.9532430614456402e-01	   2.9787127608967462e-01	   6.7484811883466489e-01	   2.5652399865020059e-01	   2.4424166662562075e-01	   3.5156105996302367e-01	   3.6051361646518759e-01	   4.7349451291008071e-01	   5.5094217986059335e-01	   4.4909828766744830e-01	   6.2661467299793161e-01	   3.4382812822334918e-01	   4.8467512316781514e-01	   5.0621959183576037e-01	   1.6291733996157132e-01	   1.8496253360135198e-01	  -3.5604185156726600e-02	   6.8837528560158762e-02	   1.9912098548316398e-01	   4.3293472309536019e-01	   2.7901908990172131e-01	   5.5376424340681096e-01	   5.0424772659099681e-01	   4.2365866581495426e-01	   4.0606359330884945e-01	   2.2555409002934157e-01	
   5.8359925368601184e-01	   3.4516426249354215e-01	   7.2816015765709785e-01	   5.2701287236030581e-01	   6.8247984547127682e-01	   3.9187314604559581e-01	   7.2718712627290816e-01	   3.9362885845064965e-01	   5.4444335283563405e-01	   2.8134024210951758e-01	   0.0000000000000000e+00	   4.3389289553690913e-01	   6.6843024542638729e-01	   4.1201742530497110e-01	   6.4995548927990066e-01	   5.2003233450253039e-01	   5.1919504712139564e-01	   2.5176744781800842e-01	   6.1889298774104196e-01	   2.2411480067031309e-01	   5.3647857408404209e-01	   4.8509583484325097e-01	   7.0244768169670380e-01	   5.8359590428381580e-01	   5.4281296355580722e-01	   5.6288860632685589e-01	   3.4194414814769170e-01	   2.0592017818347544e-01	   4.4929977729402892e-01	   2.9577797000583750e-01	   6.4237925716261091e-01	   6.3320184026316961e-01	   4.8487087174321575e-01	   4.8396092467511265e-01	   5.8969959387152937e-01	   5.2984649886662094e-01	   3.9628555502837892e-01	   4.3707245743383305e-01	   3.2134988399754860e-01	   2.7267985530544642e-01	   2.8582948640385275e-01	   3.8872589679737179e-01	   2.8106664117496560e-01	   2.8143232428107756e-01	   3.8720791901078438e-02	  -2.5574455835313162e-02	   3.8237849498681720e-01	   2.6906642141900355e-01	   8.3985822027674448e-02	   7.0677076733828628e-02	   3.8116051692920472e-01	   1.0140516704256439e-01	   3.9158022556962740e-01	   1.1226467218397762e-01	   3.1642480456360927e-01	   2.1669305574891778e-01	   3.5045606939575807e-01	   3.9727012808266493e-01	   4.4330385439703474e-01	   1.0989788966010178e-01	   6.9657605539491740e-01	   4.5925940626329126e-01	   4.0936530383405106e-01	   2.8523966574214854e-01	   7.0156002196797118e-01	   5.5757496058156986e-01	   4.0002650933514250e-01	   1.6313987303729063e-01	   3.6123747962331687e-01	   2.1340668427743273e-01	   7.7186151036368422e-01	   6.0431894981904533e-01	   6.6164971111107707e-01	   5.8400296378000349e-01	   6.5490896553633671e-01	   5.2349720443718939e-01	   6.4496006460492727e-01	   6.0784584182195334e-01	   3.1745494794944773e-01	   3.7688342798858743e-01	   4.5332367878234991e-01	   5.6653480239530352e-01	   5.4108574038646950e-01	   1.8294796500519936e-01	   7.9214192672025718e-01	   7.0953740201839055e-01	   3.7593573058357010e-01	   3.0933281885515918e-01	   5.0245398299427946e-01	   4.0877240047358215e-01	   1.4655871547634358e-01	  -1.1050223583783747e-02	   1.3849803907456595e-01	   1.0302155228359303e-01	   1.5689202319989959e-01	   2.1261877766381404e-01	   2.6784588696218831e-01	   2.8532648599913291e-01	   2.5510033901249762e-01	   2.1209562676505583e-01	   1.9840460882418415e-01	   2.9275808161245559e-01	   2.7717949550033905e-01	   2.7898431434620669e-01	   2.1902130400661285e-01	   4.2347925257708341e-01	  -1.5609164617733282e-01	  -8.7419969738910558e-02	   2.1185617707172277e-01	   6.3889281000841902e-01	   4.4433231199909345e-01	   2.9541053621522001e-01	   2.3528551708689519e-01	   4.7030763029700495e-01	   4.7761333100084186e-01	   2.5355096741183769e-01	
   6.9890308792693223e-01	   6.0173955574364757e-01	   2.2149489249558330e-01	   7.4896095037756638e-01	   3.7280976080491107e-01	   7.4853387522959247e-01	   5.0097448753287011e-01	   7.6846106011980930e-01	   5.5021458621724850e-01	   7.2627552406667162e-01	   4.3389289553690913e-01	   0.0000000000000000e+00	   6.9815348364815255e-01	   9.0745393587611578e-01	   3.4397566595439455e-01	   5.6901954423435075e-01	   6.2302899402878298e-01	   5.9476018430045219e-01	   5.7947398164597064e-01	   5.5573044810711614e-01	   2.1725210108197829e-01	   4.0073048365356434e-01	   6.0490975793375229e-02	   3.0514546252681851e-01	   3.0604980924413883e-02	   2.4822188187139854e-01	   3.9041896510772639e-02	   2.4737249751761092e-01	   5.4199277008280877e-01	   5.5001674058469707e-01	   2.9886127942662477e-01	   3.9334351980443732e-01	   6.4016364124846015e-01	   6.5981567236401106e-01	   8.1357037081451582e-03	   2.3015661295655812e-01	   2.8430186497812543e-01	   3.2598620302277437e-01	   1.6731093190358701e-01	   2.8623286754710875e-01	   2.4649191302677487e-01	   4.2931617478666728e-01	   4.2990643139089812e-01	   4.8104968568758655e-01	   3.0510058191755218e-01	   3.7569493254108960e-01	   5.3020244891194113e-01	   4.7421035353389390e-01	   3.8376670132486035e-01	   3.7561327776532305e-01	   3.4734621908785596e-01	   4.5925049085153563e-01	   4.2439830124074029e-01	   2.8545759051053249e-01	   5.5490210952871610e-01	   4.5597913518966537e-01	   4.0942814715042003e-01	   4.1653481451982577e-01	   3.1450392406245220e-01	   4.0483410269535891e-01	   6.1552509769245600e-01	   6.1186338698737108e-01	   6.3063194022691671e-01	   6.8666934502815202e-01	   9.7803267657837409e-02	   4.1967796173353472e-01	   4.4178846006954064e-01	   5.0894004424550288e-01	   4.8488798874666617e-01	   4.8166242687498506e-01	   3.8851578755394267e-01	   3.4093093868971647e-01	   4.9632782406361486e-01	   5.5147901848769243e-01	   4.8100505235943358e-01	   4.9347319555010560e-01	   4.2740501623428351e-01	   3.9372009413999504e-01	   5.1543097054686149e-01	   5.7322795741065291e-01	   6.5957212458731440e-01	   5.6745325725509421e-01	   4.3067612712142278e-01	   2.2408904767871224e-01	   4.5843203223644668e-01	   4.3450100624836874e-01	   7.1815367088717844e-02	   2.9460938675753101e-01	   4.0620477583950415e-01	   7.0040918678506914e-01	   3.6675380931440160e-01	   9.1993044136064656e-02	   4.4309631326544918e-01	   7.3127058654261612e-02	   9.4886469754473374e-02	   1.0190267556143391e-01	   3.4175382876324967e-01	   3.7552771755576519e-01	   5.2243407346832704e-01	   4.0142951574591013e-01	   5.9859239622525995e-01	   2.3103191980510490e-01	   4.6036474417160811e-01	   5.4312042559622065e-01	   7.8382493792312963e-02	   3.0230392074249851e-01	  -1.0404893704886393e-01	   3.0194165847773007e-02	   1.6929862954738359e-01	   4.4692128470111148e-01	   2.8945604918580936e-01	   4.9838136809089889e-01	   4.1826576806943522e-01	   3.9551429637563307e-01	   4.6805749558129400e-01	   1.8234851022241752e-01	
   7.4153695002617726e-01	   5.1842505234822311e-01	   4.6977171756644931e-01	   6.1095907945168570e-01	   5.0099599916867421e-01	   6.4766693545216958e-01	   6.2419162519721516e-01	   6.2854214435934308e-01	   7.0129880390522192e-01	   6.4042890611513026e-01	   6.6843024542638729e-01	   6.9815348364815255e-01	   0.0000000000000000e+00	   6.9042457903254140e-01	   5.5969744600593740e-01	   4.9185117270548323e-01	   7.7954803033899123e-01	   7.2896118030612633e-01	   6.6101067462903229e-01	   5.0543333518203581e-01	   2.8639583113761757e-01	   4.0159991920521176e-01	   2.4602321540772754e-01	   2.1153625093598200e-01	   1.6498398672778264e-01	   3.1898362420441123e-01	   1.1838538252431416e-01	   2.4289156395742800e-01	   7.4808398435568857e-01	   6.6017905938152088e-01	   4.5614876852638225e-01	   4.4683164445934614e-01	   6.4304808675699099e-01	   6.5029970206485377e-01	   1.5907570930323062e-01	   2.0441014510346828e-01	   2.9687072087189459e-01	   3.6817543491353166e-01	   2.8557679282322668e-01	   3.5460651531136955e-01	   2.9337939847018757e-01	   4.4809132086622228e-01	   3.2737440074218682e-01	   3.2088452141859936e-01	   1.0124690464932734e-01	   1.0785432681133690e-01	   4.3749059661314649e-01	   3.4525007482494863e-01	   6.9318789164989902e-02	   5.2569940484931771e-02	   1.9458369116870833e-01	   1.0220811776907440e-01	   2.5840111203033855e-01	   1.1163895941956686e-01	   3.5511970822286959e-01	   3.3999934870221893e-01	   5.6877652649747246e-01	   5.5941983405685447e-01	   2.4025164322626008e-01	   1.0369606065442291e-01	   6.9104574571204069e-01	   5.7148729825242151e-01	   6.7374600506440652e-01	   7.0926086705205860e-01	   2.3482375993186314e-01	   3.0943199184405390e-01	   3.5287682731287057e-01	   2.3675122874585436e-01	   4.7430204259522490e-01	   3.6511808271594615e-01	   5.8579468713200356e-01	   4.5329205932481959e-01	   6.0964867372147624e-01	   6.0801708610976724e-01	   5.4500899258555680e-01	   5.4267477257314367e-01	   5.4749654365630585e-01	   4.5097223973940087e-01	   6.4195271609127946e-01	   7.1109847246786639e-01	   7.5370229694578317e-01	   7.3262186437137333e-01	   5.2068345602416533e-01	   2.5459221275710692e-01	   5.9840135219883150e-01	   4.1800296449639168e-01	   8.5940647749856880e-02	   1.7369194430964044e-01	   5.2908617604985730e-01	   5.7538013675503163e-01	   2.3248091965869780e-01	   8.7519522569036307e-02	   4.0835255179588986e-01	   1.4669934349901981e-01	   1.6134402731646985e-01	   1.8430090279972372e-01	   3.2589324691747168e-01	   3.6434981312890669e-01	   3.6554471902393715e-01	   2.8836798179515999e-01	   4.2462372005641746e-01	   3.7030475284262898e-01	   4.3799200491958801e-01	   5.2500749955166071e-01	   8.1754682981429266e-02	   3.5896272314514571e-01	  -8.3312649090596047e-02	  -1.0338216783790878e-01	   9.8375761324023286e-02	   5.9816742341794382e-01	   3.6873990165398973e-01	   4.7693274647963180e-01	   2.8991709509838537e-01	   3.9091990745320726e-01	   4.2346253628148167e-01	   3.0525218885762367e-01	
