   0.0000000000000000e+00	   4.2402193466595794e-01	   2.9408940774206610e-01	   3.6234788049094224e-01	   2.1051408981185216e-01	   3.5465011861772838e-01	   5.9983822112038410e-01	   3.9224618164112746e-01	   3.0029933881187298e-01	   3.4291678126743119e-01	   4.4642402500425293e-01	   3.6402909836897440e-01	   5.3051344015321666e-01	   5.2650669250783855e-01	   4.3913499886991370e-01	   4.7456352358455522e-01	   3.2172369810056489e-01	  -3.3659093257227004e-03	   6.5750566023555246e-01	   4.8664600969734439e-01	   2.1700953966402467e-01	   2.7332842121413436e-01	   2.2405286921587969e-02	   1.6872348526691500e-01	   6.9572756889718382e-02	   1.2711998539477842e-01	   1.8928574959272526e-01	   3.5050728165478540e-01	   1.3378104552631254e-01	  -1.6195977372611869e-01	  -9.5895899461281436e-02	  -2.2138727037009781e-01	   4.6835960826285389e-01	   3.6505750221655547e-01	   3.9700262856005486e-01	   4.3367980222108499e-01	   4.4909277282420268e-01	   2.9876097319576750e-01	   3.2220197727504918e-01	   2.4708731447741009e-01	   4.9570771826222260e-01	   3.3285138422568838e-01	   6.0601268101962380e-01	   6.4073917066073505e-01	   5.2379000438907564e-01	   5.9276041421599990e-01	   6.3407008550027000e-01	   6.0486523726257202e-01	   6.4574996239145199e-01	   5.6689634898088670e-01	   6.2428366089145826e-01	   5.2215982530519034e-01	   5.9710497924327166e-01	   5.8213097186512763e-01	   6.9181814967194188e-01	   6.0942329721094401e-01	   4.9226626877918767e-01	   3.9709434445595027e-01	   6.7458209394554924e-01	   6.1178244501433943e-01	   5.8081423724206349e-01	   4.0189322897276147e-01	   3.8997174648044025e-01	   2.1523054539701114e-01	   3.3113355371153635e-01	   3.9596081362413660e-01	   5.7505559402308903e-01	   5.8637902953476206e-01	   4.3372529501962132e-01	   4.9586451306736512e-01	   3.0031328687044750e-02	  -5.8510091414288812e-02	   3.2316524697803939e-01	   3.1774804114893168e-01	   3.4627462527961861e-01	   3.3082572059264159e-01	   3.0592799215641919e-01	   1.7494592741215814e-01	   8.5075560641877032e-02	  -7.8353401886437204e-02	   2.7566305886933795e-01	   1.4081981156800857e-01	   3.3824131031077764e-01	   1.9615822518136189e-01	   4.4236486814365872e-01	   4.5198198114671828e-01	   3.5068927833965524e-01	   2.9625143150512395e-01	   6.1818819577500816e-01	   7.4917736121791900e-01	   4.9908499349280699e-01	   3.8958895155862883e-01	   3.2565724463163914e-01	   3.8183363674560911e-01	  -1.1596726928418918e-01	  -1.5734157587421405e-01	   4.1776736123647534e-01	   2.3535101482716275e-01	   5.8074857085861042e-01	   6.9988164085490656e-01	   3.1082201164529938e-01	   3.0854450444958775e-01	   4.9290085150630492e-01	   4.5574093901890084e-01	   3.4641895805371237e-01	   4.3670654237291107e-01	   2.6515362246739077e-01	   5.0644713051478774e-01	   1.4414099655084753e-01	   2.3375608730404951e-01	   3.8550235139238476e-01	   6.3770303780630633e-01	   6.6171173309875586e-01	   4.3084175895133991e-01	   3.6560099894700232e-01	   8.6960408698807824e-03	
   4.2402193466595794e-01	   0.0000000000000000e+00	   5.3764249146392953e-02	   3.9940928675769360e-01	   8.7947619457253434e-02	   3.4707754957347833e-02	   7.2690701239620499e-04	   2.6242119491237548e-01	   5.5256590348353729e-02	   2.7346607607070847e-02	   1.3644140314861369e-01	   3.6592413855537048e-01	   3.7827590046026580e-02	   3.5665183015888835e-01	   9.4237091300712728e-02	   3.3139683023921501e-01	   5.3158820259503825e-01	   4.2791558188141182e-01	   3.3838166229104683e-01	   3.2251579265597319e-01	  -1.1089578731323555e-02	   1.2011329616537915e-01	   1.8719174047849102e-01	   3.0120493793569170e-01	   1.6496457273192222e-01	   2.0813986157297670e-01	  -3.0611290372953529e-02	   8.3675889523739555e-02	   3.7807844135135549e-01	   4.3317482315011646e-01	   1.8505550506327456e-01	   2.6945013509778837e-01	   3.7005488245785600e-01	   4.2559852618666399e-01	   1.8566261302900086e-01	   1.8264353245671783e-01	   3.5698211016616016e-01	   3.8825005637591936e-01	   3.2886681841253440e-01	   3.1270773896084969e-01	   2.7570856601318067e-01	   4.1407063672172245e-01	   3.5042298623259183e-01	   4.2016444562410321e-01	   3.2814980506928504e-01	   3.8979655593879003e-01	   3.2830535985737458e-01	   3.0401371367923491e-01	   2.4455542402645755e-01	   3.0931808113617287e-01	   2.1960069820378936e-01	   1.9902581144132403e-01	   3.1738615356977445e-01	   2.1819981604061653e-01	   3.9511458723426129e-01	   3.0840070451819462e-01	   6.8531363325637362e-01	   8.1393142158797471e-01	   1.2115041689365431e-01	   1.4455641377581332e-01	   8.2503644071452498e-02	   2.0285109072947621e-01	   5.6131582172673944e-02	   1.6890234876795213e-01	   2.2743790941140329e-01	   4.0498614788994503e-01	   1.0000088953256864e-01	   1.6959907074497244e-01	   4.5365140607717472e-02	   1.0670250828511921e-02	   5.7100781047454710e-02	   4.3714413242704843e-02	   3.5012040436855230e-01	   4.6173971283077586e-01	   3.4525481780990147e-01	   4.0137862988260498e-01	   4.1992155492696442e-01	   2.9546706084087260e-01	   4.9376594008986457e-01	   4.8601067552558530e-01	   5.3040060489831564e-01	   4.8265218416564293e-01	   3.9262138345723918e-01	   1.6817930960701832e-01	   4.6550279582510506e-01	   3.3180226596540147e-01	   2.0875532092374699e-01	   3.5122331434089210e-01	   2.7134697319708900e-01	   2.6550634358455105e-01	   1.0192730382778473e-01	  -7.1485439323571695e-02	   1.0988221460021362e-01	  -5.9698462248861772e-02	  -1.2546444629371595e-01	   2.4561829368244949e-02	   4.1468739616967126e-01	   2.6612105874305636e-01	   4.8309499102421816e-01	   3.1184167377585403e-01	   1.3781414073282316e-01	  -1.1597299004431393e-01	   1.7033900459861023e-01	   2.9172133456532065e-02	   2.2603663428470516e-01	   1.6651037882191028e-01	   1.9819884059619183e-01	   9.8650841440053066e-02	  -1.6610355080350386e-02	   1.4933443076319336e-01	   3.1215255756924837e-01	   3.4902125773989534e-01	   3.1662626359971302e-01	   3.2033709213219447e-01	   1.7157440952479128e-01	  -8.1409102342922784e-02	
   2.9408940774206610e-01	   5.3764249146392953e-02	   0.0000000000000000e+00	   3.9740860573574721e-01	   6.2926146210257405e-01	   4.1418296808952770e-01	   7.3742846446084798e-01	   1.5502071984559995e-01	   4.9049614296341160e-01	   2.8827008017596423e-01	   1.4468110544236060e-01	  -1.7564749486157996e-01	   4.0096519950667309e-01	   7.1436365398276858e-02	   5.2672365198086124e-01	   1.9328351497121030e-01	  -1.8858922634298353e-01	   5.4327708850858511e-02	   2.1981400083157740e-01	  -1.3743351234114456e-01	   5.8962364914183807e-01	   4.7467952535796670e-01	   6.5801762941012976e-01	   3.6235587759423599e-01	   7.2566887065812891e-01	   6.1206570789852210e-01	   2.9004666777382210e-01	   9.9644394911775694e-02	   5.1161967055673850e-02	  -1.9295166208627493e-01	   5.1899457347849132e-01	   2.6643538478617568e-01	   4.1206830443054365e-01	   1.8368946863266983e-02	   7.7359261021040282e-01	   5.6863142881282602e-01	   5.2124385026064357e-01	   3.0728369343105227e-01	   4.1995924027007231e-01	   4.3647776646225828e-01	   4.8954300105051374e-01	   9.7090332350595013e-02	   5.2153508053976760e-01	   3.7588852851208243e-01	   5.4290606886360404e-01	   3.9744950963633890e-01	   5.3674430353150604e-01	   4.4684149765164183e-01	   4.5050727084830172e-01	   3.9072318126003591e-01	   5.1297471050008392e-01	   4.4071390093560076e-01	   4.8298193568645043e-01	   4.8338927241711116e-01	   5.6303426254263578e-01	   5.4642788045548762e-01	  -1.3537748759383200e-01	   4.4321435349707380e-02	   4.6155628325443215e-01	   7.4137237073869280e-02	   3.5589965358776920e-01	   6.8400105313518478e-02	  -1.7013981149814761e-01	  -3.6798594178398258e-01	   7.2638791591205554e-01	   4.7563159139195937e-01	   5.1900413446225291e-01	   2.6852737767738821e-01	   3.4626089436493701e-02	   2.7340493631668733e-01	   4.5391478232404670e-01	   1.8622135966201914e-01	   3.5575640833226302e-01	   1.6808524392456739e-01	   3.8449417597590574e-01	   2.3716693085592749e-01	   2.8584842149871775e-01	   8.4383499477920620e-02	   1.2647415060840150e-01	   4.2804865216502640e-02	  -1.1929006938470829e-01	   8.0366844383639252e-02	   2.8993850873097998e-01	   1.5428781902820533e-02	   5.0255778905388970e-01	   2.0059717925124551e-01	   2.5437711782014832e-01	   8.0997795574652254e-02	   4.5166501090811972e-01	   4.0417249269209143e-01	   3.1727917936635386e-01	   5.4887788585804975e-01	   3.8505957812855834e-01	   5.6029943201042154e-01	   1.2933004224435055e-01	  -1.6592473966697480e-01	   3.7371029985233428e-01	   2.1196292764989683e-01	   3.2066814701944468e-01	   4.2565064505149280e-01	   1.3675473055670664e-01	   4.3484330707622781e-01	   1.1619854676118718e-01	   1.3327349075457376e-01	   2.8403672540856295e-01	   4.2178885044160302e-01	   1.2108163479731160e-01	   3.1150109205039357e-03	  -1.4795340727804931e-01	   2.4756339668028660e-01	   2.7024291156342301e-01	   3.5477280955883095e-01	   2.7910910122897753e-01	   1.4133522535726450e-01	   4.4348916605614036e-01	   4.7574986489730658e-02	
   3.6234788049094224e-01	   3.9940928675769360e-01	   3.9740860573574721e-01	   0.0000000000000000e+00	   5.2631835482056788e-01	   4.3445295695230385e-01	   2.4349332554187664e-01	   6.9419698382634210e-01	   3.2991307791189212e-01	   3.1788228012720898e-01	   1.5682989328516755e-01	   3.7438913906503590e-01	   1.6511255051057944e-01	   4.7553772606205968e-01	   1.1637302933072680e-01	   4.2354066421596703e-01	   1.9493468574175277e-01	   3.3008970591196318e-01	   2.6387210139601319e-01	   3.9000031050060224e-01	  -5.2599648249049613e-02	   1.6029453077408445e-01	   3.4634863507989638e-01	   6.3394902495480643e-01	   4.7188720453103850e-01	   5.9350987435062352e-01	   2.8795099438589022e-01	   3.7887308533305281e-01	   1.5503939276512226e-02	   1.9799865922564050e-01	   3.4046884977301607e-02	   3.2790532722371568e-01	   2.7584281388131515e-01	   5.1834809010489624e-01	   4.6538155259672032e-01	   5.3539636082161968e-01	   3.7458570279820169e-01	   4.1428653259408510e-01	   4.2387049967573659e-01	   5.1769944702059489e-01	   1.6886808818749507e-01	   4.0790671634897169e-01	   3.2136615005742358e-01	   3.7717753273568344e-01	   2.3638105841032467e-01	   3.7145077317517117e-01	   3.1330311736384592e-01	   3.4808229669241075e-01	   2.5412930257499583e-01	   4.0839689119902645e-01	   3.8305394335887888e-01	   3.7666809583844196e-01	   3.0573009563257342e-01	   4.7122854695677363e-01	   6.3235737379399171e-01	   5.3162430281284301e-01	   2.8088585959160906e-01	   4.6469755655591127e-01	   3.8624638026860192e-01	   4.5940543660149180e-01	   1.3201332059835946e-01	   3.0470739739648067e-01	   3.8978924510044421e-02	   1.8721566788920418e-01	   3.5788264153338689e-01	   6.0554509573269333e-01	   4.2476498722255990e-01	   5.3837761835079445e-01	   3.3956300505842640e-01	   3.8630143699820108e-01	   1.1817954970440442e-01	   3.0531851238129087e-01	   3.5360520859151379e-01	   5.2344418940503057e-01	   4.8441695299855847e-01	   5.1752334305840164e-01	   4.1226488730017946e-01	   5.0934081913698070e-01	   2.0655122335578208e-01	   1.3584839911199970e-01	   1.8420948182984365e-01	   2.5527640531864448e-01	   4.4543588049062643e-01	   1.6856866628033529e-01	   4.4330348851411844e-01	   5.8914205775100825e-01	   4.1367570209136684e-01	   5.6279777287586896e-01	   5.5478728876589978e-01	   4.8431982025845011e-01	   3.0177624635496381e-01	   1.9710502792181911e-01	   5.5599002353686333e-01	   2.5936648272748858e-01	  -1.1957872053819965e-01	   7.1553193788854667e-03	   4.7692490395604559e-01	   4.1674041732658551e-01	   3.6825942715319071e-01	   3.4714304513681682e-01	   4.2749577570349251e-01	   2.7430149111305102e-01	   4.1133664055613794e-01	   3.9701668034884452e-01	   4.3538652098079639e-01	   2.9831020170368044e-01	   3.2941313091146496e-01	  -2.7102125397055636e-02	   5.6751277666336739e-02	   3.5378012833838868e-01	   3.8201982404468432e-01	   3.3382036661902664e-01	   5.2319291052895711e-01	   4.9135293273618025e-01	   3.6163301297260925e-01	  -8.5335839175138400e-02	
   2.1051408981185216e-01	   8.7947619457253434e-02	   6.2926146210257405e-01	   5.2631835482056788e-01	   0.0000000000000000e+00	   4.4157279254536674e-01	   4.8401136972754139e-01	   3.3692557929412981e-01	   7.8394208685463374e-01	   3.0429212610113709e-01	   1.6414918665613742e-01	   8.9493322626788996e-02	   3.1223077716588876e-01	   2.5546070384507807e-01	   2.7050328551456282e-01	   1.6396529415635530e-01	  -2.0823970469094372e-02	   2.2166860502999441e-01	   3.6263388818341102e-01	   1.9243969754531745e-01	   3.6071520276925012e-01	   2.9223244264491244e-01	   5.0943377568289638e-01	   5.6396583118589438e-01	   6.4121326649615851e-01	   5.4692769419593057e-01	   6.6361039808931210e-01	   5.4751376071683933e-01	  -6.0787069309033534e-02	  -6.6669939340534723e-02	   1.6104575470881680e-01	   1.9977113672440899e-01	   1.1287869916988533e-01	   4.8438349438894426e-02	   6.3314822655486613e-01	   5.7727608350492776e-01	   4.1031999536406677e-01	   3.6152033518148352e-01	   3.0318122487853566e-01	   3.2368841998258080e-01	   2.8228377370486357e-01	   1.4836360244409580e-01	   4.5439115150777953e-01	   4.1364809302594530e-01	   4.3418449483341948e-01	   3.9597488428596750e-01	   5.2306293103763579e-01	   5.4137013584328963e-01	   4.2265364637417274e-01	   4.3188812262622123e-01	   4.4746294806237208e-01	   4.5183970398365791e-01	   4.3240852640736166e-01	   5.9393332873697258e-01	   5.2837019551998221e-01	   6.0637344310081165e-01	  -1.0002748218704872e-02	   1.6008515433911397e-01	   3.8990048190918747e-01	   1.8534107171059422e-01	   2.9530860524498381e-01	   2.4076796784650412e-01	  -1.2093419937113228e-01	  -1.5057334691350438e-01	   5.6186127337415059e-01	   4.5843192968464264e-01	   3.8124095271019137e-01	   3.2472975715588898e-01	   3.1819889118807815e-01	   4.1740248520882717e-01	   3.7754248228769849e-01	   3.3282790239897614e-01	   3.0032808427475294e-01	   2.2224196600405904e-01	   3.8271334590169637e-01	   2.4624072433140637e-01	   3.6626704703407964e-01	   3.0730981512955008e-01	   1.9353581494666358e-01	   1.0681968732540167e-01	   1.3203360265708227e-02	   1.7646834404666428e-01	   9.7468569555017009e-02	  -2.9865748868680264e-02	   5.0243190965647877e-01	   4.5118811358697453e-01	   3.5119631172659144e-01	   2.2293237571375579e-01	   3.7984331864931103e-01	   5.2125558068740352e-01	   3.8297766733817806e-01	   4.4617353038669094e-01	   4.6876077386659404e-01	   3.9353558758448415e-01	   2.0113542227529144e-01	  -1.2125769162170366e-01	   3.5386364665884806e-01	   2.5052301803944499e-01	   4.4135551068155382e-01	   5.0158985878115359e-01	   1.7242539869626058e-01	   4.2190049628497006e-01	   1.7124120093544715e-01	   3.2218022746940311e-01	   3.0296251301575061e-01	   2.6637839225320692e-01	   1.9563104476561560e-01	  -4.1812947408252643e-02	   2.0753817819463150e-01	   3.0832205412022440e-01	   2.9691135699196436e-01	   3.9818404167295629e-01	   2.9944672975807551e-01	   2.9169881702231348e-01	   4.4991230069497690e-01	   1.7450110634084345e-02	
   3.5465011861772838e-01	   3.4707754957347833e-02	   4.1418296808952770e-01	   4.3445295695230385e-01	   4.4157279254536674e-01	   0.0000000000000000e+00	   4.5412022461017332e-01	   5.8978828846151987e-01	   4.1400940366397809e-01	   8.3238972414172951e-01	   9.5193933232252392e-02	   1.4830941689787697e-01	   2.1906853285372774e-01	   2.8481493952657311e-01	   3.2501518235818400e-01	   4.7816766434605273e-01	   2.3685811128066531e-02	   3.8266254192551009e-02	   2.8464648271699766e-01	   2.8222096919729112e-01	   2.7785702428511044e-01	   4.0123815281518699e-01	   9.5362740020625419e-02	   1.4962667869896065e-01	   2.5676268780949818e-01	   6.7516705751837924e-01	   2.2921899068570895e-01	   3.7053387136475574e-01	  -6.8781308586689585e-02	  -1.6423402733845960e-01	   2.2957814763307247e-01	   2.4227304167974925e-01	   2.9149166510084001e-01	   3.4683169660629282e-01	   6.1859094029922668e-01	   6.7790762753077305e-01	   4.1502845378177222e-01	   3.7104983926982765e-01	   4.6620543305231832e-01	   4.2213296229948594e-01	   4.7168410569173314e-01	   2.6444657619557405e-01	   5.0674379564651029e-01	   3.8944475453037691e-01	   5.6816724118583628e-01	   5.1206060130961872e-01	   4.2307781313712833e-01	   4.7950595975185761e-01	   5.0845010605928431e-01	   4.5234100480506761e-01	   3.3041624323562757e-01	   3.2456145342632781e-01	   2.2223843026841672e-01	   5.6219362936360751e-01	   3.7153175022934110e-01	   3.8547841526186044e-01	   1.6863069005299627e-02	   7.2573013726196456e-02	   4.9927841408923995e-01	   4.0566328536087670e-01	   2.6749502794501812e-01	   5.3730292050029194e-01	  -1.1884617979926446e-01	  -2.4420780284952454e-01	   2.3665593169517629e-01	   5.2328990493945382e-01	   4.8916332119533978e-01	   4.9360277843653355e-01	   2.6959827738222514e-01	   5.4208687160365465e-01	   2.5303113762159257e-01	   3.2518414933680018e-01	   2.0425959390764831e-01	   1.6218017755736952e-01	   2.9832076400044033e-01	   3.3457125904856611e-01	   2.1624190160268766e-01	   2.4626994354871662e-01	   3.3688387129143078e-02	  -1.2883430105244604e-02	   1.0921740042050543e-01	   2.1845289592673574e-02	   2.7886143621034432e-01	  -1.0194279723812738e-01	   2.7998716820832981e-01	   2.9533848474503571e-01	   2.3000189510296443e-01	   2.2705897020915566e-01	   4.9725300355235574e-01	   4.6067687982443056e-01	   5.7304789465419048e-01	   4.7667360928222102e-01	   6.1473946318166972e-01	   3.6705678854712320e-01	   7.6854940283876877e-02	   1.1771773896684487e-01	   3.0553688510202864e-01	   2.7338150130879568e-01	   4.3890914706034106e-01	   5.1782270820997933e-01	   4.7268472675111717e-01	   3.1914677809797293e-01	   5.3217283628394618e-01	   3.3985554700648885e-01	   3.6074312795703678e-01	   1.6425977801630998e-01	   4.3011452403743039e-01	   1.8078908378826963e-01	   3.2812197680458166e-01	   1.9532800714448453e-01	   2.5782039998972361e-01	   4.5719054911993451e-01	   4.0635831576029557e-01	   3.3313936970998403e-01	   2.4285149770163056e-01	  -1.4804487912439204e-01	
   5.9983822112038410e-01	   7.2690701239620499e-04	   7.3742846446084798e-01	   2.4349332554187664e-01	   4.8401136972754139e-01	   4.5412022461017332e-01	   0.0000000000000000e+00	   3.4530944765141847e-01	   5.8753255087063272e-01	   4.0225223830078488e-01	   4.6691184516196510e-01	   2.5383577906152251e-02	   7.2098946633516281e-01	   3.3349951301560476e-01	   7.0119310870560569e-01	   3.1872215379858115e-01	  -6.2521785402386634e-03	  -2.3772982279169200e-02	   4.8827080267604150e-01	   6.1683778775848006e-02	   5.3693465549810104e-01	   3.9002971993546243e-01	   3.3035883956427126e-01	   9.6590647716348330e-02	   2.8552899400915477e-01	   2.9004859118160631e-01	   1.8320652716129876e-01	   1.2998808453001579e-01	   1.5463885544789421e-01	  -3.9856087553319802e-01	   2.4874745404270962e-01	  -6.3942712342480293e-02	   5.5231358077895754e-01	   1.6001406391379303e-01	   6.8901842390086809e-01	   5.6215961412410276e-01	   4.3805994962555211e-01	   1.1540664908858017e-01	   3.2574533039660236e-01	   2.9737870780494019e-01	   5.3721125982468476e-01	   6.7187134438033702e-02	   5.7619584068207241e-01	   5.0554582643607038e-01	   5.7737441377634990e-01	   5.1788805888560629e-01	   6.6273534063690975e-01	   5.8441962174289008e-01	   6.1798969075590660e-01	   5.8552230881786127e-01	   6.3404608738375956e-01	   6.1837955716098092e-01	   5.8998041382292588e-01	   5.7239219100055816e-01	   5.5786828813941725e-01	   5.9756487569194228e-01	  -3.5755571117551788e-02	  -1.1409726026632562e-03	   6.5082956132822800e-01	   3.7430372923802013e-01	   7.1176261855026923e-01	   3.7273196090687277e-01	   8.5365689717700075e-02	  -1.2151538491588501e-01	   6.0535731963591788e-01	   4.9486254453720846e-01	   6.3427314092232401e-01	   4.4850997604477627e-01	   2.0094316661602010e-01	   3.6718614202829358e-01	   4.6770108629430884e-01	   1.9939202507018322e-01	   4.6483398412527260e-01	   1.8703178522321340e-01	   4.3991653238608663e-01	   2.8786198182626954e-01	   3.3279106708848794e-01	   1.0714638180589917e-01	   3.1148388575135508e-02	  -9.2640788540217442e-02	  -4.1870009245374311e-02	  -2.3456016900891281e-02	   1.8960856372258095e-01	   3.0533520017535062e-02	   4.1064644695946134e-01	   1.6751996726781709e-01	   1.1968113754326033e-01	   4.8114801097625989e-02	   5.2042365157436044e-01	   5.6936395041928600e-01	   3.8327864429505459e-01	   6.2209941926607604e-01	   3.0106261101745346e-01	   6.6875939615648350e-01	  -5.0233105257732863e-02	  -3.2024644765075100e-01	   3.2328125782051831e-01	   5.9622157700746886e-02	   3.9184184321740062e-01	   6.0106884635806224e-01	   2.1655166772851453e-01	   5.9047955216872183e-01	   2.7505332906362756e-01	   3.3182819208740788e-01	   1.5207547196789345e-01	   3.4998604373734110e-01	   1.2402822772456004e-01	   2.3734966365885735e-01	  -4.8999047345954130e-02	   1.0624204893565672e-01	   1.6109800474364411e-01	   4.3326849308083876e-01	   4.0891568939965994e-01	   1.9275181011275730e-01	   2.9504530789804040e-01	  -1.0734148289725261e-01	
   3.9224618164112746e-01	   2.6242119491237548e-01	   1.5502071984559995e-01	   6.9419698382634210e-01	   3.3692557929412981e-01	   5.8978828846151987e-01	   3.4530944765141847e-01	   0.0000000000000000e+00	   4.4665300655685058e-01	   5.7723146866777419e-01	   2.7057922592580597e-01	   5.3757731344120485e-01	   2.2929857205220860e-01	   4.9272751762473843e-01	   2.1814368922616223e-01	   4.8691909465261740e-01	   3.1480672410968957e-01	   2.8694454498550093e-01	   3.6382980118509989e-01	   4.5455217952560800e-01	  -1.2031706244758864e-01	   5.2937980739243599e-02	   5.8119508474137827e-02	   2.5616281655758988e-01	  -4.5293168724650935e-03	   3.4189667377097682e-01	  -1.5097744234787686e-02	   2.2233970642091350e-01	   1.8968654291422954e-01	   1.2006598611053038e-01	   5.3360789288253968e-02	   3.1557353244896941e-01	   3.3382480020292538e-01	   6.4859264414862694e-01	   3.3648120547069571e-01	   4.5918555368205172e-01	   2.2138923222383497e-01	   2.4039675556929554e-01	   3.1133057680308507e-01	   4.4571358590725468e-01	   2.8612962229618444e-01	   3.8266389719615773e-01	   3.2879344002816713e-01	   3.5366367988326652e-01	   2.8069241138120060e-01	   3.9441271690298069e-01	   3.5168442781249554e-01	   3.5784721193465308e-01	   2.8306135303600599e-01	   4.4951240405032378e-01	   2.9408072883823089e-01	   3.5100987752103957e-01	   2.1987181383875018e-01	   4.5546013811184638e-01	   4.2934473907599080e-01	   4.2098353483584355e-01	   2.6666048142536769e-01	   2.9053368892015541e-01	   3.9081642065455457e-01	   5.4269405668233328e-01	   2.7751336427823786e-01	   6.2676633649336877e-01	   1.7681226267046013e-01	   2.8234646256173312e-01	   1.1370824612552632e-01	   5.3619526811625917e-01	   3.8574424127607354e-01	   5.2013433361650496e-01	   3.0890910184663339e-01	   3.3652134384168680e-01	   1.8125361153547068e-01	   3.9539917168356686e-01	   4.4653581578823787e-01	   4.7929973421942429e-01	   5.5908880368825542e-01	   5.9967514159996904e-01	   4.0151160252221879e-01	   5.2790395123358280e-01	   2.1116020993108428e-01	   1.3422919987358023e-01	   3.6783797759985482e-01	   2.0559940804575505e-01	   3.4248045165428320e-01	   6.5203586393158541e-02	   2.2804558278744447e-01	   4.0621624341070584e-01	   1.8444572339336535e-01	   3.8675946520633342e-01	   4.8376009385218044e-01	   4.3492130248420008e-01	   3.0746848442715802e-01	   1.7912513436517194e-01	   4.4513145393214620e-01	   1.9288982782691697e-01	  -2.7444426959485413e-01	  -7.1468820379772674e-02	   2.9780259708002449e-01	   1.4321641969187324e-01	   3.8673391513980815e-01	   4.0596877757581790e-01	   4.6473388945663785e-01	   3.1346478770783043e-01	   4.9008102192337410e-01	   3.8391286416419090e-01	   2.0342088400477445e-01	   3.2597929675469262e-02	   3.3336369487452722e-01	   6.1505897324159384e-02	   1.1966854134063348e-01	   1.4453965447661349e-01	   1.8606553645470897e-01	   3.1807560992199907e-01	   4.9764653986044388e-01	   3.6084402665111182e-01	   9.5628258226653114e-03	  -2.8810661628466105e-01	
   3.0029933881187298e-01	   5.5256590348353729e-02	   4.9049614296341160e-01	   3.2991307791189212e-01	   7.8394208685463374e-01	   4.1400940366397809e-01	   5.8753255087063272e-01	   4.4665300655685058e-01	   0.0000000000000000e+00	   4.4765945955081143e-01	   3.3646891660160677e-01	   2.4099465567300549e-01	   5.3558703989735235e-01	   3.6821243287709682e-01	   4.4223318616558910e-01	   2.5901358395403606e-01	   1.2658023615453533e-02	   1.1928414976073480e-01	   3.6581960271862662e-01	   1.0649933805330594e-01	   3.3703513955924741e-01	   2.0353433787961106e-01	   3.2297730594191415e-01	   2.7439272411035148e-01	   2.9659880057858057e-01	   3.1429964625290835e-01	   3.3220150644326152e-01	   3.2173437643981873e-01	   9.5578918092242809e-02	  -1.8326341996320608e-01	   1.0351259888308859e-01	   4.6649268815482189e-02	   2.4311421730506114e-01	   1.1493183501747134e-01	   5.2667406838964115e-01	   4.6098186458516438e-01	   3.4313654181063996e-01	   2.4437832726115402e-01	   2.3846893762370180e-01	   2.5421966457360134e-01	   2.9925294100417205e-01	   7.9549964185983812e-02	   3.9055005193186809e-01	   3.6906892385023149e-01	   3.8612186654065045e-01	   4.2730463659378642e-01	   5.9005470006211846e-01	   5.8851405242903598e-01	   5.2206693235207380e-01	   6.0907687278721323e-01	   4.5430546187705956e-01	   5.8329440453829517e-01	   5.2217503490814343e-01	   5.8647643668927085e-01	   4.7002115986511828e-01	   6.1591397448858531e-01	  -6.8624347948845268e-02	   7.5531514154178581e-02	   4.5053050060829458e-01	   3.4299298311240689e-01	   4.2838535550646811e-01	   5.0584345274335241e-01	  -1.0722414470647415e-01	  -9.7841697496752839e-02	   3.9921523677214554e-01	   4.8810339138078934e-01	   2.7121644896973102e-01	   2.1877796148803674e-01	   2.5683982519498527e-01	   3.2466031416454028e-01	   3.0508312477441157e-01	   2.7448766828033977e-01	   3.3609951761966961e-01	   1.5557028320971777e-01	   3.6351963788605723e-01	   2.4934885271451945e-01	   3.7237675322670016e-01	   2.6326398062608153e-01	   1.6814363320027459e-01	   8.3873667629668441e-02	  -3.9945410815416995e-05	   1.1106949654380413e-01	   4.8455931799810878e-02	  -1.3002322502586655e-01	   3.7692432326783160e-01	   3.0168610266217422e-01	   1.3831888033216996e-01	   7.8942186339371723e-02	   3.4316122036339269e-01	   5.1784996793741556e-01	   1.9551938837502275e-01	   3.6303694346587156e-01	   2.1716405346406564e-01	   3.6472491612093993e-01	   5.7033548338703347e-02	  -2.4551899912227432e-01	   2.4715232037278323e-01	   1.1943827023920725e-01	   3.2971410684004476e-01	   4.8047181603821543e-01	   4.0603899006250652e-02	   4.4504644305413960e-01	   1.5932102380112809e-01	   2.5649500721427726e-01	   1.2392582107771513e-01	   1.4463479275410909e-01	   2.4500050229789480e-01	   9.6245421005875686e-02	   1.9608439813446188e-01	   2.7266206651945746e-01	   2.0473008970115425e-01	   2.8250781931342123e-01	   2.4749340088896238e-01	   2.4366587196333875e-01	   2.7610338836978121e-01	  -1.2180027788111653e-01	
   3.4291678126743119e-01	   2.7346607607070847e-02	   2.8827008017596423e-01	   3.1788228012720898e-01	   3.0429212610113709e-01	   8.3238972414172951e-01	   4.0225223830078488e-01	   5.7723146866777419e-01	   4.4765945955081143e-01	   0.0000000000000000e+00	   1.6707993752225811e-01	   2.6054162054709651e-01	   3.0446209294093191e-01	   2.5752696704364170e-01	   5.0494448006907811e-01	   6.1162273516285337e-01	   1.4883468511903214e-01	   1.7708476854633609e-01	   3.3331359268256938e-01	   2.7219285202431182e-01	   2.3729879875057433e-01	   2.6611489338315258e-01	   2.2174022870382731e-01	   2.1380563576754991e-01	   1.1521747192463952e-01	   4.6379758157310114e-01	   1.4851394084163716e-01	   2.6623099950074380e-01	   1.2602964687638191e-01	  -9.6960540204354337e-02	   1.9528518119140928e-01	   2.6249116307392983e-01	   3.0102663948258379e-01	   3.8542510145560638e-01	   5.5849834487509309e-01	   5.6251393103135294e-01	   4.0421779119036944e-01	   3.3105585155809142e-01	   3.8696357354591149e-01	   2.6028578045371065e-01	   4.6732174955037242e-01	   2.6508076126198665e-01	   4.7592221710549881e-01	   3.5823386658542045e-01	   5.1600060865286768e-01	   4.5889789551741500e-01	   4.6601310201036839e-01	   5.0472312401379216e-01	   3.8589686059120226e-01	   4.0471458992575060e-01	   2.5592579664857890e-01	   2.5687169022219070e-01	   2.7435170641027479e-01	   6.4214483175827164e-01	   3.3222671272556087e-01	   3.8981253312502884e-01	   7.6508140075486647e-02	   1.4857853664524828e-01	   3.5682604996426009e-01	   3.2581396294945103e-01	   2.9603313258014330e-01	   6.4938544434813539e-01	   3.3588360260423826e-02	  -7.7591731441917125e-02	   2.6718160774199712e-01	   5.6888396223875759e-01	   2.8544096551190723e-01	   3.0174797719468310e-01	   2.4146696099141535e-01	   4.6408376019782532e-01	   2.6403564877540814e-01	   2.8361402280756121e-01	   2.3832063456683761e-01	   1.6509610955185264e-01	   3.9160598725946644e-01	   3.4583259465329308e-01	   2.7014674450459913e-01	   3.1595221829494657e-01	   1.8199312582734875e-01	   1.3823115291054217e-01	   2.9969523491592703e-01	   1.3384188008877013e-01	   3.2648545720852806e-01	  -1.0590318041244015e-01	   3.6787364559598018e-01	   3.2367737638345029e-01	   2.6378679198895411e-01	   2.0384296936062882e-01	   5.0404546359739411e-01	   4.9337226359049591e-01	   5.1927772711072140e-01	   4.9180201245949529e-01	   5.6894693001858465e-01	   3.5093112562662920e-01	   1.6887320366889759e-02	   1.6330851707529453e-01	   2.6875599463894551e-01	   1.8923285488133607e-01	   4.5517734318370223e-01	   5.2981851922825141e-01	   3.4896709313503871e-01	   2.4499844759284028e-01	   4.4015184209232239e-01	   2.1476643799839679e-01	   2.6054748551021034e-01	   1.9099674484968385e-02	   3.7470091001486738e-01	   1.3586297111093310e-01	   3.7744814669700083e-01	   3.4880857854285030e-01	   2.7439736917810342e-01	   4.2248281972874469e-01	   5.1576078018321181e-01	   4.2800065900077289e-01	   3.0199809628389584e-01	  -7.1199178705894595e-02	
   4.4642402500425293e-01	   1.3644140314861369e-01	   1.4468110544236060e-01	   1.5682989328516755e-01	   1.6414918665613742e-01	   9.5193933232252392e-02	   4.6691184516196510e-01	   2.7057922592580597e-01	   3.3646891660160677e-01	   1.6707993752225811e-01	   0.0000000000000000e+00	   5.6363137995502011e-01	   8.3383834109118860e-01	   6.4579331308786214e-01	   5.5604574951746977e-01	   3.5175900700028867e-01	   2.5748188197490152e-01	   2.0962246016758571e-02	   2.6226670058592993e-01	   1.2470282175376043e-01	   2.1845196187512911e-01	   2.3457724417203121e-01	   1.1057195134691339e-01	   1.0395393246907789e-01	   2.2365103595303887e-02	  -6.8260766664022685e-02	   2.4819327311210965e-01	   2.8841641419597824e-01	   2.6189030347324466e-01	  -7.6846828306314285e-02	  -6.5096520429221386e-02	  -1.4314286440011956e-01	   3.1783183320540886e-01	   1.6702329091425214e-01	   1.8797583826344866e-01	   1.6601705903056507e-01	   3.9327255542120332e-01	   1.3685899696531018e-01	   2.4774314235047240e-01	   1.6337829146591121e-01	   2.8068337164681623e-01	   1.9404877744381210e-01	   1.4155350017546145e-01	   2.2188547294472136e-01	   2.3517394496873917e-01	   2.9332702167062019e-01	   3.6986488345415724e-01	   3.2461455427836378e-01	   4.2340098908050600e-01	   4.2929417857991881e-01	   5.4957429309591954e-01	   4.9572692986241573e-01	   5.7430940310123302e-01	   3.7770820301514735e-01	   4.8491599681237563e-01	   5.0823116859588713e-01	  -1.8966994763165407e-02	   1.5939582791477536e-01	   4.7106004882302671e-01	   4.1002628111941791e-01	   6.2931126400595294e-01	   3.7212613438493913e-01	   3.7149586205261670e-01	   4.2287008207392018e-01	   2.3942337898491275e-01	   2.0243198099058041e-01	   2.8960257952203722e-01	   2.2245668328639751e-01	   2.1477630919288498e-01	   2.2806636583439097e-01	   1.6997728496083309e-01	   1.0281949545155086e-01	   4.0232812779224686e-01	   3.7283626971392653e-01	   4.3238194492665460e-01	   3.4653293810924551e-01	   2.7856733081971363e-01	   9.5213974376614982e-02	  -2.8665354674706267e-02	   1.4380856727185474e-02	   5.3693514757304509e-02	   1.1115995482955837e-01	   2.1535729415823190e-01	   1.2779827470508262e-01	   3.5160130670202649e-01	   3.0875447022946773e-01	  -2.5496037937229179e-02	   1.5858032691187940e-01	   4.6665433615402963e-01	   4.5758530891095239e-01	   9.0291612675833140e-04	   1.4689086001955015e-01	   2.6199156304327582e-02	   3.3524942383184020e-01	  -1.9562402101817342e-01	  -3.5933438787737793e-01	   2.7320457074661170e-01	  -1.7117163308131705e-02	   1.6197285861565405e-01	   3.0223278367071377e-01	   1.9577814594319171e-01	   2.4104485521174357e-01	   1.8497624658425263e-01	   1.7241043560007741e-01	   1.5338319548771367e-01	   1.3641948109825514e-01	   1.9527893942169350e-01	   2.8693482844413212e-02	  -1.5709972773650289e-02	   1.4115508458687917e-01	  -5.8634144845283453e-02	   1.1740199738365162e-01	   3.3647399758237440e-01	   2.7068491038254910e-01	   1.7221532478327373e-01	  -1.6819233597647415e-01	
   3.6402909836897440e-01	   3.6592413855537048e-01	  -1.7564749486157996e-01	   3.7438913906503590e-01	   8.9493322626788996e-02	   1.4830941689787697e-01	   2.5383577906152251e-02	   5.3757731344120485e-01	   2.4099465567300549e-01	   2.6054162054709651e-01	   5.6363137995502011e-01	   0.0000000000000000e+00	   3.5004407274089111e-01	   7.0801304435421553e-01	   1.1889692948922445e-01	   4.6502793876653647e-01	   4.4886422804425530e-01	   4.1649746072696470e-01	   3.7529312792310587e-01	   5.7845758515168000e-01	  -2.7637840032923094e-01	  -1.6409170569770454e-01	  -9.9594561197866235e-02	   2.7542740525796228e-01	  -2.4855533914115713e-02	   9.2528232846416838e-03	   1.4411952222198920e-01	   2.6723965775285247e-01	   9.3306604652318256e-02	   1.7930971104147347e-01	  -2.8903441593987822e-01	   2.3646390314624567e-03	   9.1315502841669879e-02	   4.3277356720019644e-01	   7.3536006090131639e-02	   2.2907243104710401e-01	   2.6123900093518893e-01	   2.4271251523469028e-01	   2.1128154064428897e-01	   2.0493708224588697e-01	   1.6974137908823700e-01	   4.8804470941018296e-01	   6.3188699696305178e-03	   8.1103159299226527e-02	  -2.6658844031481256e-02	   1.2906560024979724e-01	   1.2347050403705262e-01	   1.2195254456533888e-01	   2.4116130298489830e-02	   2.3431963936208730e-01	   1.0969942027476556e-01	   1.7662605270879572e-01	   3.2926290254231322e-01	   4.1466498967746729e-01	   3.6860104137423499e-01	   3.9892599275038976e-01	   2.7989735136255789e-01	   4.7878787137135020e-01	   1.6923839359404361e-01	   4.3114711535344663e-01	   2.1573455726114291e-01	   5.4842034352618008e-01	   3.8079471987586178e-01	   6.8245715733572321e-01	  -1.1998083012353804e-01	   2.5718727528824159e-01	  -3.7658302798831970e-02	   1.5266904406892257e-01	   4.3053527621063337e-01	   3.5885362093781870e-01	  -1.3551684167113257e-01	   1.3180220705836720e-01	   3.2265698237436213e-01	   5.1051263360581878e-01	   4.5873201894437698e-01	   5.6389339725080989e-01	   2.6684490533406252e-01	   4.4647892319388371e-01	   1.4998861645557182e-01	   2.1028605121505056e-01	   3.6447618793515019e-01	   3.7817496719194216e-01	   3.5700282819693485e-01	   1.9290177321608259e-01	   2.4248737001052562e-01	   6.0871465664244062e-01	   2.3534044145989569e-01	   4.8632090482688578e-01	   3.6788147094278112e-01	   4.8974450492872279e-01	   1.6675396680915722e-01	  -1.1704386622429151e-02	   2.5961394335993127e-01	  -7.9039184567703449e-03	  -3.8892029445818399e-01	  -2.2300183606954099e-01	   1.3137146924902371e-01	  -5.3803699825048595e-02	   2.8958338645373555e-01	   2.6870008072062745e-01	   2.9846193320498238e-01	  -1.0943074477335859e-02	   3.1105902292643250e-01	   2.0078064592846068e-01	   1.5509575141721274e-01	  -9.0061655635423538e-02	   2.8017311961367081e-01	   9.3343966251893777e-03	   9.5987923028080666e-02	   1.6852623171373093e-01	   3.5794913146506638e-02	   1.4785321916953931e-01	   4.1267740513010998e-01	   4.4979318064531931e-01	   9.5135775061816266e-02	  -2.6019011458391328e-01	
   5.3051344015321666e-01	   3.7827590046026580e-02	   4.0096519950667309e-01	   1.6511255051057944e-01	   3.1223077716588876e-01	   2.1906853285372774e-01	   7.2098946633516281e-01	   2.2929857205220860e-01	   5.3558703989735235e-01	   3.0446209294093191e-01	   8.3383834109118860e-01	   3.5004407274089111e-01	   0.0000000000000000e+00	   6.4316108877961553e-01	   7.3763885821579778e-01	   4.0409913153180566e-01	   7.4513134566772027e-02	  -2.6473429649621089e-02	   3.1422370286868950e-01	   3.2814701128600521e-02	   3.6802085963106262e-01	   2.5421700099788436e-01	   2.2468005765653820e-01	   1.0772855581891157e-01	   1.2135134811933104e-01	   3.0282811265070351e-02	   2.7540374192977890e-01	   2.0719713477654539e-01	   1.3931307652352573e-01	  -3.3017997390060072e-01	  -5.0639994784918166e-02	  -2.7048952955221550e-01	   3.8082454627508328e-01	   1.1811556476099253e-01	   4.3253575742479378e-01	   3.4889763954195957e-01	   4.2719209255400370e-01	   9.6729952591374790e-02	   2.5282915196626998e-01	   9.3966733878657643e-02	   3.7530799331735448e-01	   6.8904551189883645e-02	   3.1487194019248621e-01	   3.0925321292092234e-01	   3.8278744246509583e-01	   3.9989055462128148e-01	   5.1752103249102832e-01	   4.3945913782764090e-01	   5.9481969925472489e-01	   5.5353134021312766e-01	   6.1783098278712056e-01	   5.8094545745334270e-01	   6.3565956337712615e-01	   4.8824691517073415e-01	   5.2199939385379879e-01	   5.6503949700913469e-01	  -1.4002594855409145e-01	   3.6446545095535229e-02	   5.8622429894863004e-01	   4.4993124084968877e-01	   6.5866553689075080e-01	   4.2124911792864217e-01	   1.2606090495735195e-01	   1.5034137649000234e-01	   3.7301509040978265e-01	   3.5880624808297357e-01	   3.6259616398905503e-01	   2.5257527934280882e-01	   2.0146625491304943e-01	   2.8539934539738943e-01	   2.5258767870123394e-01	   8.8700353461380721e-02	   3.7290264136283829e-01	   2.2110080613583913e-01	   4.2911283251182053e-01	   2.7846679014181386e-01	   2.3092911406399524e-01	   4.5333528427927136e-02	  -7.2912093503959913e-02	  -4.3476730445912964e-02	  -8.8886969173715941e-02	   2.8349007310316567e-02	   1.7924326871758370e-01	  -1.1938836649995573e-02	   4.0202037689061765e-01	   2.6237192450117153e-01	   4.6753764572841770e-02	   5.9271227167293154e-02	   4.9645078541538157e-01	   5.9785673506851955e-01	   1.2148141097938787e-01	   3.3480323830483910e-01	   8.6371616618578215e-02	   5.2917964284459451e-01	  -2.4246753085337958e-01	  -4.4466291818797271e-01	   1.9675928851848296e-01	  -3.1110441892785525e-02	   1.7377132966038766e-01	   3.8313663268336751e-01	   1.1891482252754954e-01	   3.4035238580295829e-01	   1.9466862913357746e-01	   1.6411805694672277e-01	   5.3881825650968336e-02	   1.8414246464568146e-01	   1.4940737130190168e-01	   1.8261458641047304e-01	  -5.6451041142204381e-02	   1.0052733184339940e-01	  -3.9541983724086877e-02	   1.6260551236175427e-01	   3.5232654305665828e-01	   2.2638037847597769e-01	   2.7071543000597659e-01	  -2.2651524342990803e-01	
