   0.0000000000000000e+00	   6.1934837198959625e-01	   4.0678429914631636e-01	   2.8780855274828632e-01	   3.6339318336446136e-01	   4.7950284902701229e-01	   3.6738615123973589e-01	   4.2227761668457475e-01	   4.2862599969587356e-01	   4.5435325195199228e-01	   7.8184590465076353e-01	   6.4993989921177708e-01	   6.8594552448296209e-01	   7.1676269319886798e-01	   6.9044234807468285e-01	   6.9066888701444373e-01	   5.0962134922785640e-01	   4.6934028826486329e-01	   6.8131608084138251e-01	   6.9268929522192146e-01	   4.5205153469543380e-01	   4.1766949976514461e-01	   5.5605186692798181e-01	   5.5152191172089637e-01	   2.3372020929398071e-01	   1.7527404136344882e-01	   2.5773993118908933e-01	   4.7961120514232780e-01	   4.6498542576303237e-01	   4.7259568547659081e-01	   2.1565700615759764e-01	   3.3616864929363199e-01	   4.5964932639780437e-01	   4.1135257395184943e-01	   1.4771646275353589e-01	   2.0469482643807868e-01	   3.9392445878309229e-01	   3.9105477696528335e-01	   5.0806130467103794e-01	   3.7651883607517073e-01	   5.6153737840566453e-01	   6.1373933318276708e-01	   5.1764549859327746e-01	   5.4967472046156862e-01	   2.2065711476676722e-01	   2.3004483013543528e-01	   4.6750541469571760e-01	   4.4350104686386566e-01	   5.0215962681006454e-01	   5.2677618803033754e-01	   6.8339309509583690e-01	   5.4988635193453117e-01	   6.6156613102301032e-01	   3.6059795692720398e-01	   5.2822979186410113e-01	   4.4892305006029254e-01	   8.2708518652462393e-01	   7.5587402835148820e-01	   6.9638105088125823e-01	   6.9129739454094430e-01	   7.6975419216513929e-01	   5.9910410713940820e-01	   6.2252079894403678e-01	   4.4922190542517021e-01	   3.3284608965195800e-01	   3.3662836385350153e-01	   1.4751625334844867e-01	   2.7871775696101680e-01	   4.9436525906297613e-01	   4.2491722495242512e-01	   4.0679999006790379e-01	   4.3095939925380233e-01	   5.0850215758582085e-01	   4.6205663314935908e-01	   5.5521628619066354e-01	   5.0198699675944891e-01	   6.1096670697802491e-01	   5.3890713011593605e-01	   5.1964961974564239e-01	   3.4882270594589387e-01	   4.6551452331691445e-01	   5.0074324490790123e-01	   6.2776091844532300e-01	   4.2949297309117856e-01	   5.9770066061763338e-01	   4.4985020149144211e-01	   5.5537281348708345e-01	   5.6286036367706804e-01	   7.6696115665738840e-01	   6.6978856040006229e-01	   4.3229392859997673e-01	   2.8810937461302344e-01	   2.5230510378578486e-01	   9.8646084683871510e-02	   2.3324805692405570e-01	   1.2936444145709156e-01	   4.1204393754924606e-01	   3.1458103269565418e-01	   4.9304452143580563e-01	   4.0478706047406654e-01	  -3.2678257128367486e-02	   1.0538948189426420e-01	   6.5994541144625399e-02	   1.4396667575285596e-01	   2.3191391265190003e-01	   2.6925505239993153e-01	   2.6367285554274755e-01	   2.3686160796131100e-01	   1.0715558447290982e-02	   1.1705800793299617e-01	   3.3810395500993307e-01	   3.4804018794868791e-01	   2.5604678008455667e-01	   2.3022931859046347e-01	   2.1061823222793352e-01	   1.0013757017664142e-01	
   6.1934837198959625e-01	   0.0000000000000000e+00	   5.0015630943120093e-01	   4.4766875880858870e-01	   3.9501312028907687e-01	   2.9755824622127391e-01	   2.8953549559802827e-01	   3.3221770974920040e-01	   3.4259929562379504e-01	   4.1515833853622419e-01	   5.0467533436657197e-01	   7.3894636970556105e-01	   3.6405346815174833e-01	   5.4640031207453998e-01	   4.1414395160663786e-01	   6.8238441788442250e-01	   5.5806270262612334e-01	   5.8213131566238085e-01	   4.4678906202427215e-01	   6.2193820820272805e-01	   5.0623396474914562e-01	   5.8175209770590319e-01	   6.6406688205321740e-01	   6.3216294725213118e-01	   4.0582694211741493e-01	   1.9059200942302224e-01	   4.1563626009423865e-01	   4.8455308045426992e-01	   4.3594323862134599e-01	   5.3733892428673480e-01	   3.5723445705185797e-01	   4.1561093947752614e-01	   5.1999290121783681e-01	   5.1425379827232875e-01	   2.3723834486259410e-01	   2.6945562135238765e-01	   5.2913105258195470e-01	   6.9788479017360860e-01	   6.7766765694360498e-01	   6.0407335619522973e-01	   5.8743233362239089e-01	   6.7998587930093268e-01	   5.2189537954376641e-01	   5.7195537203999947e-01	   2.7837106274423318e-01	   3.1659804970854660e-01	   5.9960829224145495e-01	   6.1446982224821212e-01	   4.6978939522432317e-01	   6.3955229869202390e-01	   6.1466996155157450e-01	   5.8501950344784914e-01	   6.3427295773113890e-01	   5.1543048079323139e-01	   6.5895929137275433e-01	   5.8687457923183328e-01	   6.8159636899670295e-01	   7.4557960350839636e-01	   3.2657030991089353e-01	   5.2028297771923715e-01	   4.9697227103826008e-01	   4.8709310130627165e-01	   5.2129554555354107e-01	   5.0845716576032784e-01	   5.0232572090994132e-01	   5.2474238447940591e-01	   1.7350566368121456e-01	   2.9301734008620406e-01	   4.2817524699438636e-01	   3.5423578407665068e-01	   4.9655439612315572e-01	   5.5892018107632668e-01	   6.2137611587856068e-01	   6.1664581276512331e-01	   6.0916571114398255e-01	   6.2491405758004537e-01	   6.4597317531627074e-01	   6.6350231986188402e-01	   6.0000661090879981e-01	   5.1640926766034378e-01	   5.3272830312460573e-01	   7.0173174041368125e-01	   4.0660878736723893e-01	   4.0784556798118665e-01	   7.3616571533584474e-01	   6.5965952669308447e-01	   5.4953268219826013e-01	   6.8933774819606519e-01	   6.4105589420447395e-01	   7.1554503206422859e-01	   3.6272590039702457e-01	   1.0230162583085940e-01	   2.6497645040648965e-01	   1.3991241870269189e-01	   4.1643203575217125e-01	   1.8584012577490794e-01	   5.4727042304366635e-01	   3.5732445014423114e-01	   5.4617886200400068e-01	   3.8063445892222492e-01	   1.1387477640576091e-01	   1.4829797629383543e-01	   1.8416129702049686e-01	   2.2320086006806500e-01	   4.8500765133947765e-01	   4.5329465401677349e-01	   3.8241922327501743e-01	   3.0660267109478345e-01	  -1.0667281977716561e-02	   3.1979205349092782e-01	   3.9303920774731260e-01	   5.0494318232984925e-01	   2.7477900481898343e-01	   2.5302639443289443e-01	   3.0597789053465607e-01	   4.0719215837421335e-01	
   4.0678429914631636e-01	   5.0015630943120093e-01	   0.0000000000000000e+00	   5.3645425395007540e-01	   5.7416868263384291e-01	   3.3526719543674099e-01	   5.7260272205000806e-01	   4.0432279974192809e-01	   4.4466913671974262e-01	   3.1437058059808864e-01	   2.7751378800968030e-01	   3.0713571422039332e-01	   2.1753535537791016e-01	   2.8484191366128991e-01	   3.3520608489133830e-01	   4.2981644845875394e-01	   2.8459100259819969e-01	   3.1429106492867082e-01	   4.0768140410874543e-01	   4.0654858908677260e-01	   4.1137554895031303e-01	   3.4263653106039016e-01	   5.7039009968241583e-01	   4.3158894646584023e-01	   6.5248684127954093e-01	   3.7429184863031872e-01	   4.5289980398732649e-01	   3.3154685183948857e-01	   2.5433521766694378e-01	   3.4762090248755945e-01	   4.9189545955215808e-01	   4.1145180359775735e-01	   5.3988811779276524e-01	   4.7209257549654815e-01	   4.0211539110968736e-01	   3.0065220328990921e-01	   3.4075529335345539e-01	   3.9183209399878005e-01	   5.2418674369862051e-01	   4.4930786111126092e-01	   2.9195557097401209e-01	   4.4296436844286136e-01	   4.8535689456960696e-01	   4.2398223167663318e-01	   2.9974042366010523e-01	   2.6069011954222049e-01	   4.3216708868800741e-01	   4.6423695818321625e-01	   2.4528410890002061e-01	   3.0759391759006161e-01	   4.8365778240792223e-01	   4.2647818026954082e-01	   3.2001041720381462e-01	   3.9730888889227595e-01	   4.6167011986818651e-01	   5.0309121149477476e-01	   4.5823343209645367e-01	   4.6207482620052431e-01	   3.5419987500795219e-01	   3.6158141657948822e-01	   2.9221288650414590e-01	   2.0232477290548279e-01	   1.8435761304837964e-01	   2.0297062088843335e-01	   4.8924574080134425e-01	   3.7330150371986481e-01	   5.4655911644304889e-01	   4.7950746484457002e-01	   2.8435227073523495e-01	   3.2198305519518933e-01	   3.4570953474604632e-01	   4.4058404373229287e-01	   3.8555659095803829e-01	   3.0036597509543261e-01	   3.4500697448213330e-01	   2.9545366379286719e-01	   3.1354882065406064e-01	   2.7490932420086700e-01	   3.6068633550815565e-01	   4.6936257448407082e-01	   4.0625112817723208e-01	   4.1016394329293088e-01	   1.9154791270273619e-01	   2.1990617831255888e-01	   3.7558704532640952e-01	   3.1909512630243164e-01	   2.7518795787101685e-01	   3.1999701462082986e-01	   4.9726475725832886e-01	   5.2821785374150387e-01	   4.6328410087102367e-01	   5.3109175095735983e-01	   3.5582095012426723e-01	   4.0436896857578369e-01	   5.0622572825950363e-01	   2.8070284893373854e-01	   5.2532854104981508e-01	   3.8128873688048154e-01	   4.8578471280880586e-01	   5.4556599444650133e-01	   2.1148022846961367e-01	   3.5348584807780137e-01	   2.1664897729216015e-01	   4.0677016137915195e-01	   5.0561606961865413e-01	   5.6425451460991649e-01	   1.9616003061013526e-01	   5.4401005492794519e-01	   1.0089514178820200e-01	   3.1039437751853488e-01	   3.9460150280679768e-01	   4.6310756076041648e-01	   4.0497395192313318e-01	   3.0729172360597912e-01	   3.4414074134376427e-01	   3.9582742209985627e-01	
   2.8780855274828632e-01	   4.4766875880858870e-01	   5.3645425395007540e-01	   0.0000000000000000e+00	   1.4407823718255902e-01	  -1.1549047093097172e-02	   7.5950256851333706e-02	   2.7167103910579199e-01	   8.1655347739399545e-02	   2.4372922643314415e-01	   1.6635660854051931e-01	   5.3539777236023500e-01	  -6.0433998407790103e-02	   1.8436639306019337e-01	   3.2409895400238287e-03	   5.4633885231992263e-01	   1.6729606154028159e-01	   2.3257162076706211e-01	   9.9246279598641268e-02	   2.5303276956117593e-01	   4.2478018190323402e-01	   4.8059976330819409e-01	   5.9292030950280283e-01	   7.8063335385290711e-01	   6.5784272993696524e-01	   4.5108669509795324e-01	   6.7741571218703445e-01	   5.5142397725033443e-01	  -6.9420878586563511e-02	   1.4003211966742743e-01	   1.2907722412322076e-01	   2.2917550388439994e-01	   2.0728126669122207e-01	   2.8876062462928853e-01	   3.8197811205944737e-01	   4.7621629126881715e-01	   2.7000471682974397e-01	   4.7350396077310558e-01	   4.2268772761142137e-01	   4.4648664045345227e-01	   3.4741543844247869e-01	   3.4743309852339810e-01	   3.0805869903940525e-01	   3.2286515747696459e-01	   1.0291894135866128e-01	   2.0388681255468910e-01	   3.0694317511282010e-01	   4.8065776985075570e-01	   2.3057769847019091e-01	   4.4466812156683022e-01	   5.3867931485266518e-01	   5.8399712384587432e-01	   4.3515955528720540e-01	   4.4411915203430197e-01	   5.5627992884280208e-01	   6.1847361035241111e-01	   3.2677331551754052e-01	   2.6390284499033234e-01	   2.3439727611176475e-01	   4.4084812630394588e-01	   4.9386025644127203e-02	   1.3188036209893853e-01	   1.0373039527177950e-01	   1.9290973195892319e-01	   5.1675390766683615e-01	   6.6481877972210301e-01	   4.4685407799940485e-01	   5.8620235145603572e-01	   1.0343490405816252e-01	   1.2340288025709623e-01	   1.6300332461945471e-01	   3.5977458769990878e-01	   1.8728581030552813e-01	   3.0701459021599975e-01	   2.3021353008512035e-01	   3.1884193146651202e-01	   2.6952636658374507e-01	   2.9668510102862616e-01	   1.9465502463326934e-01	   1.4314921955742305e-01	   2.1279124639922875e-01	   2.7568048971994819e-01	   5.3391577153830444e-02	   1.4282755204543984e-01	   6.1530002258516647e-01	   6.5316857754254809e-01	   5.8486161380130863e-01	   5.3296216800871588e-01	   5.0730859197376388e-01	   5.9857781876198324e-01	   4.3173714589200907e-01	   3.0389887926894221e-01	   4.1872324653856402e-01	   3.1042478588989375e-01	   3.8684044160086023e-01	   2.1443681566233641e-01	   3.4631070354818322e-01	   3.3287440700444437e-01	   4.2199687141573305e-01	   3.7541625623002639e-01	   2.9231123978961526e-01	   2.1052298327177768e-01	   3.5246193476974086e-01	   2.9324378168747328e-01	   4.1467085378458896e-01	   2.6647791666009779e-01	   2.3824252131034457e-01	   2.9956034153852351e-01	   2.0490576114379641e-01	   8.1779913351929093e-02	   2.8653402797335703e-01	   3.1125837857854283e-01	   1.2533074934619931e-01	   2.0962764138430789e-01	   3.0282979631016793e-01	   2.0733102165363732e-01	
   3.6339318336446136e-01	   3.9501312028907687e-01	   5.7416868263384291e-01	   1.4407823718255902e-01	   0.0000000000000000e+00	   7.5936099664958612e-01	   6.8650209493429681e-01	   6.3019212864384078e-01	   7.2910310846626958e-01	   6.1201277401418797e-01	   3.2202389263844433e-01	   1.6785787690724471e-01	   4.0855110980389786e-01	   3.6979892700648742e-01	   3.4956809721003995e-01	   1.0498895753511250e-01	   2.7055077861649734e-01	   2.7555314258568492e-01	   4.1934812336397481e-01	   3.7914909512350631e-01	   1.4227214100087196e-01	   1.1459763321595240e-01	   3.7970059482218754e-01	   1.7010568039617294e-01	   5.0286824734436686e-01	   4.4529488709478504e-01	   1.4975180849997249e-01	   1.9406073701471152e-01	   3.2918253644451789e-01	   2.6631675132264382e-01	   6.6170642829962856e-01	   5.8335738822005423e-01	   4.9382884045682629e-01	   4.9267422805314409e-01	   3.4865601138001712e-01	   1.9936716736544055e-01	   5.9815512344558022e-02	   2.3448808357419892e-01	   3.6687822056761843e-01	   1.8904317143625254e-01	   6.2849333966683782e-03	   2.6976499196888659e-01	   5.4836684048923245e-01	   4.6773043352843152e-01	   5.5478594175427176e-01	   5.0939853689134540e-01	   5.0143314025666730e-01	   4.6904901879671101e-01	   4.6128868111512944e-01	   4.8164883956565674e-01	   4.6638325910970685e-01	   3.3173078616519935e-01	   3.2550264893599035e-01	   4.1298975206773036e-01	   3.2747409717102882e-01	   3.2499123991255729e-01	   3.8407829732490145e-01	   3.5960716866513182e-01	   2.1862993549703807e-01	   2.2229416896584447e-01	   5.0598338705430990e-01	   5.0283775824651900e-01	   3.5853166969709283e-01	   3.2256939405752638e-01	   2.8422944724749433e-01	   3.1801383518786425e-01	   4.8167462178237480e-01	   3.3391541625973076e-01	   2.4830015274571626e-01	   2.7687292619272924e-01	   3.8838055663804388e-01	   4.7619989123558393e-01	   3.6858814516024596e-01	   2.5494423823768297e-01	   2.9324227154733246e-01	   3.1697073690223437e-01	   3.3557754973567389e-01	   3.6890658272263538e-01	   3.0576747586343977e-01	   3.4401675108781149e-01	   3.3252366644453946e-01	   3.9031189797935084e-01	   7.4228550241598731e-02	   9.5736251713675266e-02	   1.7293050402131710e-01	   8.6212209973566933e-02	   9.9431938576833635e-04	   1.2097252319587427e-01	   2.5671195935880298e-01	   3.3174810512310837e-01	   4.0393812043389399e-01	   3.2834940497190757e-01	   3.0895401781716514e-01	   3.9999570968690601e-01	   4.2613044326981919e-01	   6.2393840755646239e-02	   5.0357539446392008e-01	   3.1001939010450463e-01	   4.4521123421318476e-01	   4.7637370942221791e-01	   3.4860644496277687e-01	   4.4804837753809529e-01	   3.6791759818656278e-01	   3.6460164119682564e-01	   4.5075864281066491e-01	   5.6647113309160479e-01	   2.6206690913109176e-01	   2.7160277901929863e-01	   1.3646434032067720e-01	   3.7988236208886039e-01	   4.7951822330635308e-01	   4.0386987624377296e-01	   5.0795385914713842e-01	   3.3919082050229871e-01	   4.2079621152824515e-01	   5.2193245873250793e-01	
   4.7950284902701229e-01	   2.9755824622127391e-01	   3.3526719543674099e-01	  -1.1549047093097172e-02	   7.5936099664958612e-01	   0.0000000000000000e+00	   6.5879454622122491e-01	   7.6309458678350861e-01	   6.1576918286962989e-01	   7.0402958723614284e-01	   4.7090604221603899e-01	   2.1044684955846882e-01	   6.2361998778414529e-01	   6.1616139494118272e-01	   4.5057987993378557e-01	   1.4053602467581341e-01	   3.2052293163000600e-01	   3.2063238543415939e-01	   3.6976952831085297e-01	   3.3181035185412494e-01	   7.5650222691987623e-02	   2.1446193598453003e-01	   2.2472651056561266e-01	   1.0635551281275499e-01	   2.8835778059032702e-01	   4.5191549098873640e-01	  -1.0916028656186713e-01	   1.4410861985237605e-01	   4.8628185107871946e-01	   3.9424382948874298e-01	   6.5267512407253547e-01	   6.7188562239083549e-01	   4.7416328361057769e-01	   5.2657685134197285e-01	   1.7840714682756606e-01	   4.6786144142088017e-02	   6.7795583993746994e-02	   1.7833876068432628e-01	   3.1239408509714600e-01	   1.3445105791572692e-01	   5.9326701851989259e-02	   2.5768815348281904e-01	   5.2908661036917426e-01	   5.0276226895588905e-01	   5.5803845959807652e-01	   5.6550344389424301e-01	   4.8925587483291577e-01	   3.9337224272153759e-01	   5.1239488821949764e-01	   5.2518122156207503e-01	   5.1442213570646078e-01	   4.2630711098497820e-01	   4.0553291382513845e-01	   3.4851611680596983e-01	   2.6414168554931683e-01	   2.8903228508146250e-01	   4.2369894535982178e-01	   4.5238554919609830e-01	   2.0813880260457410e-01	   2.8578764801342948e-01	   6.2685623854817496e-01	   7.5816329135166749e-01	   4.3753275470230896e-01	   4.1400402887354132e-01	   1.1813801772209571e-01	   2.5442518333810299e-01	   2.6862560852750317e-01	   2.2463587965287249e-01	   2.0420147856258838e-01	   1.6955149978157172e-01	   5.0303727634362350e-01	   4.9780136331752828e-01	   4.6622883233175638e-01	   3.4596036287848231e-01	   4.2955312199406520e-01	   4.2110198894831885e-01	   4.9046351598420268e-01	   5.2509280353254129e-01	   3.9771171712284970e-01	   3.5872546555672302e-01	   4.0609816263786958e-01	   3.4480968619264402e-01	   1.1733422537966780e-01	  -1.1062768302336969e-02	   1.2789654160844385e-01	  -4.5317161862924921e-02	  -2.2303110706827042e-02	  -1.5477092577415676e-03	   2.6084088084774049e-01	   3.4219239977484600e-01	   2.5925366251846949e-01	   2.2780984095595241e-01	   1.5637896249174302e-01	   2.2557678106831172e-01	   3.3329671539322125e-01	  -4.7801975918355104e-02	   4.8367306101283997e-01	   2.3509569793322421e-01	   2.9300477469247971e-01	   3.8300674038196014e-01	   1.7054428701322863e-01	   3.2948286479891398e-01	   2.6193998467712215e-01	   2.2629869892403306e-01	   2.9117302859606353e-01	   3.5722014053753104e-01	   3.2285644318219142e-01	   8.6146341372618979e-02	   1.1254005184219562e-01	   2.9534585546831654e-01	   4.9233892641894750e-01	   2.7586106710704994e-01	   3.1892883353690665e-01	   2.0053358228373175e-01	   2.3013402382091391e-01	   2.0738505979833158e-01	
   3.6738615123973589e-01	   2.8953549559802827e-01	   5.7260272205000806e-01	   7.5950256851333706e-02	   6.8650209493429681e-01	   6.5879454622122491e-01	   0.0000000000000000e+00	   8.0005043613149596e-01	   6.6373843748973638e-01	   6.6336933235093154e-01	   4.8753940094339698e-01	   1.5982615067253489e-01	   6.2301984409775590e-01	   4.1715357432592093e-01	   4.6963887902157370e-01	   2.4023840473873415e-01	   3.7191418173143570e-01	   3.6899520637543470e-01	   3.8503584014211145e-01	   3.2789394825109075e-01	   1.1362319152971576e-01	   1.2483815849379598e-01	   3.1872803463072885e-01	   1.3754000272282729e-01	   2.2685867161173603e-01	   2.6011254123443545e-01	  -2.0760197403889469e-01	  -1.4540819953764370e-01	   6.2193461494974001e-01	   5.0892114449109971e-01	   6.1715481521127891e-01	   6.1165367288970862e-01	   5.9691430836168169e-01	   5.6858708222575838e-01	  -6.1704777675814504e-02	  -1.5949835959801462e-01	   1.4354879771802281e-01	   1.4044622757338079e-01	   1.7901258525824446e-01	   5.9517052845071208e-02	   2.4727776450900362e-02	   3.3796590293379436e-01	   4.5464049810438206e-01	   4.0748844898082870e-01	   4.6461388205527565e-01	   4.0853136789294897e-01	   4.3942801592676306e-01	   3.2921881827844129e-01	   4.2722454028874368e-01	   2.8897960749948826e-01	   3.7011364422543885e-01	   1.7045589635891822e-01	   1.7545169526480303e-01	   1.0599649629915682e-01	   9.0606941369298089e-02	   1.7270038291066339e-01	   3.2953229016101193e-01	   3.9426575688471971e-01	   2.9410265857653056e-01	   1.8105967540051757e-01	   6.4551642723843738e-01	   5.8186646174321810e-01	   5.2677700112489367e-01	   5.1765925937884749e-01	   2.4974148369601179e-01	   1.7354063738013120e-01	   4.3137593044543437e-01	   2.8476596456374503e-01	   1.7549666737375588e-01	   1.9908129665417040e-01	   4.3374596187047054e-01	   4.3669253817115250e-01	   4.8729957723164130e-01	   3.6590551556094447e-01	   3.5314573189444665e-01	   3.9827501379525587e-01	   4.1927072526345022e-01	   4.5117182167959480e-01	   4.4018230605893993e-01	   4.3901187304483091e-01	   5.2728344035726626e-01	   4.6011730539519885e-01	   2.7226852130192802e-01	   1.5316544914185107e-01	   1.7427736604366978e-01	   9.1798662203677800e-02	  -1.1405511026013153e-01	  -3.3597446723574398e-02	   2.0683979939000768e-01	   1.4557496037816539e-01	   1.5262603319757578e-01	   2.5753877389814700e-01	   1.3974169260008792e-02	   2.0469349815893451e-01	   2.3400220285686940e-01	   2.3686595664114372e-02	   3.5124355146659869e-01	   1.8125825415129138e-01	   3.3811149413552261e-01	   3.8376495822747170e-01	   3.2334297206988660e-02	   3.3370791405437294e-01	   9.6199754282543834e-02	   1.7170950669580282e-01	   2.6737552733012426e-01	   3.9308771263736980e-01	   2.1926308355743279e-01	   3.0262970014938229e-01	  -2.8393544124539555e-02	   3.5789326839684338e-01	   3.1299631971529002e-01	   2.9779990988366334e-01	   3.2544297900265406e-01	   1.7092400558393001e-01	   1.7621180250663904e-01	   3.3567499063147810e-01	
   4.2227761668457475e-01	   3.3221770974920040e-01	   4.0432279974192809e-01	   2.7167103910579199e-01	   6.3019212864384078e-01	   7.6309458678350861e-01	   8.0005043613149596e-01	   0.0000000000000000e+00	   5.8071007097684990e-01	   8.6537742164469944e-01	   4.8957540618961815e-01	   3.4454479586873832e-01	   6.0688158791459790e-01	   5.9389238202744499e-01	   3.4494385881724465e-01	   2.9715051955337024e-01	   4.3067585850850015e-01	   4.7334538069216248e-01	   3.4119632090970831e-01	   3.8384698236373305e-01	   2.4189814906009346e-03	   2.3208626955337847e-01	   3.2384448894933604e-01	   3.1355634813989230e-01	   3.0425576280379563e-01	   3.8633651165945038e-01	  -1.2057200557205051e-01	  -6.0950037914259583e-02	   5.6992661873826478e-01	   5.4081887341123080e-01	   6.0557882495696280e-01	   6.9193144877829793e-01	   5.3463756296097276e-01	   6.2663741006287021e-01	   7.0925798768716630e-02	   4.7249392304701432e-02	   1.7991017354198410e-01	   2.6079697671479396e-01	   2.3228707212228350e-01	   1.4453850622149306e-01	   1.5196717579061395e-01	   3.5304807343744932e-01	   5.4587662662877512e-01	   5.1393008426035991e-01	   5.5406355229628734e-01	   5.6317015532538650e-01	   5.0764424777220984e-01	   4.7284022005633625e-01	   5.6438257478580589e-01	   5.1573683420115413e-01	   5.6576896492592654e-01	   4.3144625697206040e-01	   3.6607920481818801e-01	   2.2159518078962467e-01	   2.1182983670580269e-01	   3.5318499878837500e-01	   4.1618677551403455e-01	   4.5515287195099263e-01	   2.2615558389508761e-01	   2.7331347353442165e-01	   6.5729586636012538e-01	   7.9570433576802979e-01	   5.8980547390595006e-01	   6.5683492319206171e-01	   2.8062236334127943e-01	   4.3217076333771587e-01	   4.3264030282244847e-01	   3.9259599418314484e-01	   1.5592429151567297e-01	   1.3453282067614888e-01	   4.4208357767313122e-01	   5.1359673949582130e-01	   5.3510586297086549e-01	   5.0127536044850407e-01	   4.5839509680555129e-01	   5.5725910819562607e-01	   5.5202154446081608e-01	   6.3889422795866690e-01	   4.8670291973480395e-01	   3.6791413430986797e-01	   5.5241491283839406e-01	   4.6918538103973351e-01	   1.5274414800511760e-01	   1.4682266558691315e-01	   3.1530280611994449e-01	   1.8441655342018537e-01	   3.8022644245347709e-02	   8.1177922996684207e-02	   2.9516771919098772e-01	   3.1618193590588639e-01	   2.4534873446914407e-01	   2.1703619806588045e-01	   1.4528848960929611e-01	   2.2582695444763490e-01	   3.0016004441050492e-01	   3.2124598456708536e-02	   4.0625170488582030e-01	   2.0098517069083360e-01	   4.3172236979834866e-01	   4.5323461789447073e-01	   1.2691953043488149e-01	   3.3937342617478938e-01	   2.2926112130931600e-01	   1.7511698100509859e-01	   2.7428088430157715e-01	   2.9864004797372440e-01	   4.1622381039976691e-01	   2.0942601803287952e-01	   1.5103570825341378e-01	   2.4156573157390307e-01	   3.9741977243618432e-01	   3.7462992405810203e-01	   2.6629860191247157e-01	   1.4983833600932689e-01	   1.5485048596010781e-01	   2.7991968651615051e-01	
   4.2862599969587356e-01	   3.4259929562379504e-01	   4.4466913671974262e-01	   8.1655347739399545e-02	   7.2910310846626958e-01	   6.1576918286962989e-01	   6.6373843748973638e-01	   5.8071007097684990e-01	   0.0000000000000000e+00	   6.2575591459875279e-01	   4.5794539842728471e-01	   2.0302215555172187e-01	   5.0914027020050345e-01	   3.6338910762389098e-01	   5.4251675461298654e-01	   2.2866565801442218e-01	   3.0322311271752822e-01	   2.6361721111656233e-01	   4.8003172195707761e-01	   3.6960881189049399e-01	   1.0799739834903682e-01	   6.3736400823392755e-02	   4.8441625301905367e-01	   2.0407846854705414e-01	   2.0187945756990019e-01	   2.0196758560116895e-01	   1.1648314699785486e-01	   1.6461369391592395e-01	   3.5316096892105064e-01	   2.4131109480143464e-01	   3.4050896039298512e-01	   2.7437367884986230e-01	   3.7196329748265944e-01	   3.3291768379152342e-01	   9.5554626527049311e-02	   6.5442480035264358e-02	   9.3251386072265657e-02	   8.3318510159890363e-02	   2.0096508065578628e-01	   5.2508811871104094e-02	   5.6595527645610419e-02	   2.5348873386438758e-01	   2.9685254002600875e-01	   2.8642688551701084e-01	   2.2833616446159760e-01	   1.8599318290132300e-01	   3.0974333284031996e-01	   2.6910479775663776e-01	   3.0165340422088588e-01	   3.4865589005084519e-01	   3.2291081183711262e-01	   2.5528189771885557e-01	   2.9399675873843079e-01	   4.0834672518874660e-01	   1.2179595789882391e-01	   1.7122451850524859e-01	   4.3435245710550296e-01	   3.8038970986370135e-01	   2.4400943738443381e-01	   1.7428271308571824e-01	   5.9890983360483352e-01	   5.0552459421110574e-01	   3.6674971366313713e-01	   2.9738002921824269e-01	   3.5498069897477180e-01	   2.7006659296530766e-01	   2.0650483354373811e-01	   8.4382779629855020e-02	   3.0039370043416097e-01	   1.9136681187466081e-01	   3.1375643153009358e-01	   2.8219124310494392e-01	   3.2040507484113084e-01	   2.1036532226564847e-01	   3.4473448177717531e-01	   2.5882598513526989e-01	   2.8544439652384995e-01	   3.5855733696929937e-01	   2.8246918059830584e-01	   2.4754267979311345e-01	   2.7014188655760341e-01	   2.1930325103302886e-01	   1.7632907672161879e-01	   1.6403380354629871e-01	   1.8129579277134256e-01	   6.9608913258424068e-02	   1.1605040509041949e-01	   1.7091436961180678e-01	   3.6043792002994401e-01	   3.1510895716914172e-01	   2.7983938589908786e-01	   2.6023804181068055e-01	   2.0156863487988763e-01	   3.1098851501479841e-01	   3.5350157213662931e-01	   3.0884953673701654e-01	   3.2158074665895253e-01	   2.5254027648305050e-01	   2.9610611906727341e-01	   3.8070354101559345e-01	   1.0210454666285385e-01	   3.6674781966855469e-01	   1.0247635627988703e-01	   2.3205435528355245e-01	   3.1862541202518169e-01	   4.0866949750965520e-01	   2.3149068366355530e-01	   2.4064600759878430e-01	   1.6101932167115168e-01	   2.1061303754834187e-01	   3.3275978273893592e-01	   3.1641245414159769e-01	   3.2067758855343265e-01	   2.9896463603679158e-01	   3.9005826859460380e-01	   4.4960265836563318e-01	
   4.5435325195199228e-01	   4.1515833853622419e-01	   3.1437058059808864e-01	   2.4372922643314415e-01	   6.1201277401418797e-01	   7.0402958723614284e-01	   6.6336933235093154e-01	   8.6537742164469944e-01	   6.2575591459875279e-01	   0.0000000000000000e+00	   4.9227690515562400e-01	   3.9743911497511974e-01	   5.8210302131953728e-01	   5.8974524757209279e-01	   4.5858969971606661e-01	   4.0748224356866580e-01	   4.8178294981306274e-01	   5.2745938296893935e-01	   3.6934649081217519e-01	   3.9885672270538042e-01	   1.0599063380162572e-01	   2.6189481994180835e-01	   4.2487047111534926e-01	   3.6793712175574717e-01	   2.8866297939208041e-01	   4.2335727218704622e-01	   5.2264710382270022e-03	   9.8014740886237989e-02	   5.7769143398444500e-01	   5.2258547595610172e-01	   5.4217055616176735e-01	   6.1122567590387478e-01	   4.4628252665907986e-01	   5.1445841157910532e-01	   1.4839683310986267e-02	  -1.4485105444515995e-02	   2.3823049494095810e-01	   3.2240108976454596e-01	   2.8465654045766015e-01	   1.5722271078189454e-01	   1.1894618297771239e-01	   2.8823319232742672e-01	   4.3122539082804756e-01	   5.0074884139875897e-01	   4.0038310464327848e-01	   4.5693440227064747e-01	   4.6838541276439755e-01	   4.4367673670129393e-01	   4.1571335309593477e-01	   4.9073396856000390e-01	   4.6931792306502035e-01	   3.1039807501560512e-01	   4.0179758052300307e-01	   3.4782647115607163e-01	   2.1438658105306474e-01	   3.1484333776149487e-01	   4.9144650086446251e-01	   4.9225805560993757e-01	   1.1847754786596272e-01	   2.0698794763382322e-01	   6.5758190194266997e-01	   7.9025758638807853e-01	   6.2148121172591697e-01	   6.6337585251943465e-01	   3.8778591385257383e-01	   5.0230272903203099e-01	   2.3175707302747098e-01	   1.5401655458651956e-01	   2.6898873288440822e-01	   1.0328939151348637e-01	   5.0865208986632604e-01	   5.4268926936731365e-01	   5.5102041428019954e-01	   5.1445750102609233e-01	   5.0294400669384554e-01	   5.7180126748783699e-01	   5.7224090591315713e-01	   6.5153417276874315e-01	   5.1940154693986329e-01	   4.2118662716449506e-01	   5.0903128342189541e-01	   4.4996920246425753e-01	   2.0021418062211987e-01	   1.3471480142457962e-01	   3.9087346365732867e-01	   1.9095154219169844e-01	   1.2743069362893986e-01	   1.8266431089725838e-01	   3.4095231011232296e-01	   3.8091896226294886e-01	   1.6921629464324228e-01	   1.0527680322055552e-01	   1.3213833527771671e-01	   2.2985904733718288e-01	   2.8571313517331537e-01	  -5.9716558708231213e-03	   3.7589032488354268e-01	   1.8646698707496168e-01	   3.3248865129006588e-01	   3.2116373288459010e-01	   1.1144618884398783e-01	   3.5414473457305451e-01	   2.1381008448836433e-01	   1.2661134503134530e-01	   2.7374048512750759e-01	   2.6570401563475526e-01	   2.6943032969385700e-01	   1.0631270962266556e-01	   8.4767859909519294e-02	   2.7869224682239807e-01	   3.8043682843458193e-01	   3.1994554853916463e-01	   2.2367300996462675e-01	   8.9007218627781201e-02	   1.6035471665547513e-01	   3.3404227936711345e-01	
   7.8184590465076353e-01	   5.0467533436657197e-01	   2.7751378800968030e-01	   1.6635660854051931e-01	   3.2202389263844433e-01	   4.7090604221603899e-01	   4.8753940094339698e-01	   4.8957540618961815e-01	   4.5794539842728471e-01	   4.9227690515562400e-01	   0.0000000000000000e+00	   6.1452480221909322e-01	   8.7606689101547441e-01	   7.6895222221756354e-01	   8.1616038578453431e-01	   6.5554169757624092e-01	   4.3124172202615096e-01	   3.9420087438937440e-01	   4.2378604566037692e-01	   4.4383435278720296e-01	   3.3480376673013945e-01	   2.9660339284216680e-01	   4.4838200118062993e-01	   3.7878643333864664e-01	   8.5581328721528238e-02	   1.3599554320866489e-01	   1.1247296699807853e-01	   2.0871981149351265e-01	   5.4803192123404232e-01	   4.1300084659199365e-01	   1.4389980365138280e-01	   2.7998743483525934e-01	   3.7218386894948541e-01	   3.8521207251943379e-01	  -3.0477668788129630e-02	  -2.2266493656093705e-02	   2.8217186538888406e-01	   2.8544153179514742e-01	   3.1110665800900900e-01	   1.7946809176886996e-01	   3.7699798164234410e-01	   5.3563221157955843e-01	   2.5754326368236979e-01	   3.5003119955652306e-01	   6.6487225784069820e-02	   1.3332700331707500e-01	   2.8389691665740902e-01	   2.2921134521765776e-01	   3.3260383877887034e-01	   4.3485251964266852e-01	   5.1178044096962028e-01	   4.2275066876344880e-01	   4.7081475967765729e-01	   1.9571455806686788e-01	   2.3293248701750247e-01	   2.1197744496571119e-01	   5.4600700206628139e-01	   5.6609478734285690e-01	   5.0736539564072758e-01	   4.8146760435275820e-01	   8.0604259486913987e-01	   6.4718277796646562e-01	   6.2149211488624945e-01	   3.9853145965293213e-01	   3.8681269233118887e-01	   2.9571686466736302e-01	  -1.1662904701323650e-02	   1.0016441114144221e-01	   2.5678772105418302e-01	   1.8210746329012986e-01	   5.6886402689033078e-01	   4.1036768941987406e-01	   5.0954427628929688e-01	   4.5642001345233196e-01	   5.3420048040638601e-01	   5.3651844127797699e-01	   5.0795060265799996e-01	   5.5055763432865334e-01	   4.1338485392326074e-01	   2.2303500395341716e-01	   4.1723259314440042e-01	   3.9858310870560176e-01	   5.4566350740892422e-01	   2.4741567845827045e-01	   5.1300606799215320e-01	   3.1954620171593567e-01	   3.2188788069830743e-01	   2.8617554007841906e-01	   6.3112043589603251e-01	   5.1249934639915762e-01	   2.6747898524561609e-02	  -1.7231807915362642e-02	  -1.0189992769996832e-01	  -9.6868725444616971e-02	   1.0586329667497088e-01	  -4.3514288792382907e-02	   2.1572314670543097e-01	   8.3144675485913741e-02	   1.6986349346213681e-01	   9.8009671950115632e-02	  -2.7432252699060267e-01	  -8.2876444152567091e-02	  -1.4432845293272600e-01	  -8.4404148586262467e-02	   1.0612905141626913e-01	   1.3200880550979463e-01	   1.9190711771333974e-01	   8.2611168207502958e-02	  -5.9100658051750951e-02	   7.7800784450859931e-02	   1.4465212516701803e-01	   1.3106502138589879e-01	  -5.4453090869239079e-02	  -1.5075647047418147e-02	   6.4246698931746560e-02	   7.1170849588920060e-02	
   6.4993989921177708e-01	   7.3894636970556105e-01	   3.0713571422039332e-01	   5.3539777236023500e-01	   1.6785787690724471e-01	   2.1044684955846882e-01	   1.5982615067253489e-01	   3.4454479586873832e-01	   2.0302215555172187e-01	   3.9743911497511974e-01	   6.1452480221909322e-01	   0.0000000000000000e+00	   4.2935837367315000e-01	   7.6432565793752016e-01	   4.1286245836115548e-01	   8.3792124956113323e-01	   4.3320680773175163e-01	   4.9420546813961991e-01	   3.3534868202114237e-01	   5.4682135929010323e-01	   4.2325714746249654e-01	   4.7888735105472802e-01	   5.6135515235458522e-01	   7.4698609055615606e-01	   2.9179288620247823e-01	   1.5207948875897415e-01	   3.9347877340568371e-01	   4.5049550951595774e-01	   3.4157730913445894e-01	   4.5062086557462838e-01	   1.3099669355896496e-01	   3.1400691143551029e-01	   2.7580257601304486e-01	   3.2913774082491448e-01	   5.4577109669208979e-02	   1.6526628384267048e-01	   3.4401800729851151e-01	   4.7864596235357509e-01	   4.3698984977443728e-01	   4.2992517930527335e-01	   4.8520538105159727e-01	   5.9612855885670124e-01	   2.8840456276938897e-01	   3.8000351328027748e-01	   8.0347448634906005e-02	   1.8933113709477922e-01	   3.3310936209165909e-01	   3.8191367787318120e-01	   3.6336669465347571e-01	   6.3358966045322518e-01	   5.4202568909109605e-01	   5.5228139136939514e-01	   5.6999354360875887e-01	   2.8859330772491126e-01	   5.0101247098119173e-01	   4.3155230669302425e-01	   5.6645773348928130e-01	   5.9631108703542413e-01	   4.1203626805849392e-01	   6.2527039692081232e-01	   4.4861826601824600e-01	   4.9412084585753457e-01	   4.6833962797927731e-01	   4.3827701094007848e-01	   3.5156743767603743e-01	   4.7354139655455918e-01	  -1.3010386164598443e-02	   2.0173676921057951e-01	   2.4704097374516856e-01	   1.9525945180923332e-01	   4.0543461858029461e-01	   4.3620905018890621e-01	   4.0160637740221716e-01	   5.3101603116693441e-01	   4.4653975544834668e-01	   5.2589781071859343e-01	   5.1553532870482988e-01	   5.6081760276498227e-01	   4.3221768807531102e-01	   2.5413329241460264e-01	   4.1226692188394659e-01	   5.5172293092169888e-01	   4.1376430049913532e-01	   3.4765046152199686e-01	   7.3979822551272512e-01	   6.9719437155823238e-01	   5.5187388572935503e-01	   6.1093826125789885e-01	   6.6716920953171077e-01	   6.7784999450315464e-01	   1.8620213818774917e-01	   3.5703052611627692e-02	   2.0494116370568899e-01	   3.6748581069862736e-02	   2.2910407990965520e-01	   1.5124130566005334e-01	   3.3364920922300351e-01	   2.2948405855744217e-01	   3.7300497995191406e-01	   1.9972638085401917e-01	  -5.9696015151257498e-02	  -1.2447629024980374e-02	   3.4779730248555733e-02	   1.9415357453353203e-02	   3.1196229011604598e-01	   1.8424978854273125e-01	   2.6326844004682987e-01	   1.2227757210439390e-01	   2.1114449954269164e-02	   2.3407240653151862e-02	   1.7839491366070170e-01	   2.2236909644671557e-01	   1.1806318595831939e-02	   1.4479073071046042e-01	   2.8420715811923480e-01	   1.5410950968765902e-01	
   6.8594552448296209e-01	   3.6405346815174833e-01	   2.1753535537791016e-01	  -6.0433998407790103e-02	   4.0855110980389786e-01	   6.2361998778414529e-01	   6.2301984409775590e-01	   6.0688158791459790e-01	   5.0914027020050345e-01	   5.8210302131953728e-01	   8.7606689101547441e-01	   4.2935837367315000e-01	   0.0000000000000000e+00	   7.6425227963593334e-01	   7.5258128694523641e-01	   4.3790553968409240e-01	   3.7017581401266164e-01	   3.5772630830865448e-01	   3.9941593149033766e-01	   3.6695849513836942e-01	   1.7395176267110662e-01	   1.3269649661250360e-01	   2.3600004409095457e-01	   1.3301266585172861e-01	  -8.5494899795991092e-02	   7.4862863307567001e-02	  -1.4997960059779653e-01	   6.6365335440700488e-02	   5.6631741397571422e-01	   4.2033327463214709e-01	   2.2956028890642569e-01	   3.3027280896515876e-01	   3.5230199860262285e-01	   3.8518119106027227e-01	  -6.8500038638546284e-02	  -1.2659205917208757e-01	   1.7735870458344660e-01	   1.5756233573951273e-01	   2.2051346634009028e-01	   6.9052262904507999e-02	   2.1128709391693060e-01	   4.3065651579836428e-01	   3.0510340454560148e-01	   3.4000354461144489e-01	   2.2062945382074617e-01	   2.4358247279288853e-01	   3.1364274625165001e-01	   2.0104148109222630e-01	   3.7022285477102840e-01	   3.2825574959812120e-01	   4.3279582265113109e-01	   3.2042577022050639e-01	   3.5434046391942370e-01	   8.3682871646781495e-02	   1.2871701084266390e-01	   1.1564314717096762e-01	   4.7991958771925625e-01	   5.1639172859013693e-01	   4.6439125571121509e-01	   3.4879220758891916e-01	   8.5420737072717567e-01	   7.2634424427006872e-01	   6.2531383795803031e-01	   4.1106058621730712e-01	   2.4853104380433239e-01	   1.3349378206907064e-01	   9.9622361913858527e-03	   3.7772063071819482e-02	   2.3862193461649811e-01	   1.6117286045692672e-01	   5.5156057307077377e-01	   3.5199400780031670e-01	   4.6749229721142205e-01	   3.7289391002730521e-01	   4.3876878814072262e-01	   4.7141021160441005e-01	   4.7556773344269881e-01	   5.7366172529733328e-01	   4.0200378244440316e-01	   2.7497710680672727e-01	   4.0074028496272374e-01	   3.5212063284778983e-01	   4.6958598091898951e-01	   1.1569801680495712e-01	   2.8989944178801774e-01	   1.0116049975523037e-01	   1.5234981696659242e-01	   1.0475792717176863e-01	   4.7302656378366786e-01	   3.6649085184428337e-01	  -3.9428860964485571e-02	   8.7920029616940475e-03	  -1.8179656816407896e-01	  -7.8280394059521557e-02	   4.3430521676781665e-02	  -1.6745662897483854e-01	   2.2581573961732010e-01	   4.5978471227747016e-02	   1.5872012293915208e-01	   1.4285123963668162e-01	  -2.7516151618270135e-01	   2.5654141778237223e-02	  -1.3678439440403234e-01	  -9.1420716801455942e-03	   1.2091704506959380e-01	   1.9218423605868298e-01	   1.5938394348146775e-01	   3.2289475425390228e-02	  -1.5275811960357291e-01	   1.2630842994103139e-01	   1.7986700319561513e-01	   1.4346655030779792e-01	   4.3694548829205940e-02	   6.3830516343624660e-02	   9.4667309576965786e-02	   1.4330514017089138e-01	
