   0.0000000000000000e+00	   9.0764844997574157e-01	   7.7672374436319092e-01	   7.4365911217837932e-01	   6.3514382074140086e-01	   6.0200186594863125e-01	   7.9266703428064367e-01	   7.6175387278811568e-01	   6.4965227133072956e-01	   6.0070605647056596e-01	   8.4936412997457489e-01	   7.9487278029844677e-01	   8.0560037991325006e-01	   7.8527883510565388e-01	   7.3820103344359977e-01	   7.4443749812809956e-01	   8.4564246247807939e-01	   7.8358889967978851e-01	   8.5451990015190826e-01	   7.8240239866717909e-01	   6.6856282783093635e-01	   7.4264356618907368e-01	   6.5366118361009329e-01	   5.1540438008280631e-01	   6.4726320218116928e-01	   6.1105481679802109e-01	   6.4289796696011103e-01	   6.4787445265793409e-01	   7.5250501326621666e-01	   7.2243220546235087e-01	   7.0299852124931483e-01	   7.4699817031305393e-01	   9.0125375522382767e-01	   9.0367411003183418e-01	   5.9035433224881595e-01	   5.5492093708386858e-01	   6.9196389802005909e-01	   6.0277116181614609e-01	   6.3790184216915002e-01	   6.2727436777141288e-01	   7.5593965649247774e-01	   8.3307792493100297e-01	   8.8665860927071960e-01	   8.5694807567716857e-01	   7.4580202748030677e-01	   7.1403813849367181e-01	   9.0193219411824899e-01	   8.9836959328898791e-01	   8.4982178891943727e-01	   7.5180205289072932e-01	   8.6643936077735306e-01	   7.3584721458301339e-01	   9.1670775763697177e-01	   8.4853725705783978e-01	   8.6478203908320039e-01	   8.4602163769180427e-01	   8.2920021192772442e-01	   8.0489657960834415e-01	   8.1423926527160373e-01	   7.4104608874442424e-01	   8.2909235171624329e-01	   6.7917055159153739e-01	   7.3030858891461126e-01	   7.4695294607663421e-01	   4.1525534522155960e-01	   3.7295217571065431e-01	   7.3020985019617735e-01	   7.4447453936741470e-01	   7.5143435858442931e-01	   7.7737118095444191e-01	   7.1142960784990228e-01	   6.9653675019946615e-01	   9.0175342822747040e-01	   8.6503536291344041e-01	   7.8817377597250349e-01	   7.7403519085833805e-01	   7.9543844028567445e-01	   8.3096442793132552e-01	   8.4561980820349281e-01	   7.7151148488304888e-01	   9.0952493766220877e-01	   8.1044013900414624e-01	   6.9028299886265132e-01	   6.3502676377866063e-01	   7.2976704957276928e-01	   6.6506320155436327e-01	   5.9282423212659729e-01	   4.3881226997385236e-01	   8.1416910428358291e-01	   8.6251128159546431e-01	   6.2201740930135152e-01	   6.0204885565598643e-01	   4.9493131236774029e-01	   5.8966330464460259e-01	   5.4618495894903840e-01	   4.5915068525148928e-01	   8.5346733829611432e-01	   7.1016831394159785e-01	   8.0443609505269853e-01	   7.9159717599429857e-01	   4.9496315200394136e-01	   5.9585791930404519e-01	   6.0964482562798139e-01	   7.4608970587671097e-01	   5.6377724105711646e-01	   5.0035558905801436e-01	   4.0892273586257333e-01	   4.6005880744115524e-01	   5.7433211757872771e-01	   7.0517376045813029e-01	   7.8263266304864243e-01	   8.2913086999715846e-01	   7.3924869470059806e-01	   6.9688479520153324e-01	   4.7054680101819113e-01	   4.9152126751250552e-03	
   9.0764844997574157e-01	   0.0000000000000000e+00	   7.1896341243581741e-01	   7.5184920138214939e-01	   5.8988251359898891e-01	   5.4403593988950605e-01	   7.3326239908071511e-01	   7.1578277333139373e-01	   5.6515995322764989e-01	   5.2655146461925872e-01	   7.7495407422320606e-01	   7.3236438884752397e-01	   7.1783511435491931e-01	   7.2320894283499593e-01	   6.9357718520724576e-01	   6.8869867630947601e-01	   7.6881428863988233e-01	   7.6446148426881533e-01	   8.4232501577022723e-01	   8.0710598360375585e-01	   6.5216483896736388e-01	   6.9182073220061047e-01	   6.6605640529101884e-01	   5.3271273395918517e-01	   5.9639332075284135e-01	   5.4314165094097588e-01	   6.8702656206031987e-01	   6.4661479012998335e-01	   6.5165009331932744e-01	   6.6783785033429477e-01	   6.5798297080941148e-01	   6.7497282692950977e-01	   8.9183492861058344e-01	   9.1290879622429522e-01	   5.9853415936740684e-01	   5.5021756344909634e-01	   7.0521787986051554e-01	   5.8307178612131660e-01	   6.0968228855666751e-01	   6.0381795204731203e-01	   7.3432918531492131e-01	   8.3590585537264517e-01	   8.2770569826700480e-01	   8.0689996869140979e-01	   7.2788113215445971e-01	   6.8836404666821782e-01	   8.2636026997125112e-01	   8.2411016916138524e-01	   8.1154851837721509e-01	   7.8686824882845796e-01	   8.6644604472982545e-01	   7.7032606527418035e-01	   8.7413725855342306e-01	   8.1417868052621722e-01	   8.3331695431692521e-01	   8.2358401959385419e-01	   7.9650982169712736e-01	   8.6504427549724028e-01	   8.2590906503999040e-01	   7.5655351125587622e-01	   8.1035380021204961e-01	   6.4713193219173126e-01	   7.2130618499703858e-01	   7.2745444322186537e-01	   4.4743062401747680e-01	   3.5362000825776563e-01	   7.1194489926208060e-01	   7.3050522787459349e-01	   7.6785925124987009e-01	   7.9446251828878889e-01	   6.2558711931112820e-01	   6.4958521642468259e-01	   8.3520098663353537e-01	   8.5350214346484843e-01	   7.2169274867722133e-01	   7.3308221602834400e-01	   7.3800948765395369e-01	   7.8633945176842213e-01	   7.4456615564164974e-01	   7.4571446010861253e-01	   8.3477571474571388e-01	   7.8322858386511618e-01	   6.9742421512165964e-01	   6.2707936685002164e-01	   7.6770129700896939e-01	   6.7293745355519785e-01	   6.3070484463231902e-01	   5.1709548985952614e-01	   8.0919771080182623e-01	   8.2871132276724646e-01	   5.9414208204604524e-01	   5.7700139983604359e-01	   4.9160974074965103e-01	   5.3660090294360241e-01	   4.7038547672684883e-01	   4.0472423909556476e-01	   8.2632883596524498e-01	   6.3398440858514982e-01	   7.6327521203574211e-01	   7.3944661313216042e-01	   5.0819432865216385e-01	   5.1563934218093688e-01	   6.0526858137006245e-01	   7.4136210934817748e-01	   5.7219993812214676e-01	   5.3344007495120449e-01	   4.3743552850583128e-01	   4.2796978143962361e-01	   4.9931038225653657e-01	   6.4780890451924344e-01	   6.8380470158357509e-01	   7.4587353080649876e-01	   6.5430184965780880e-01	   6.5244083903165495e-01	   4.2632401163493749e-01	  -6.9878688084245522e-02	
   7.7672374436319092e-01	   7.1896341243581741e-01	   0.0000000000000000e+00	   7.5845975020774947e-01	   8.3737945154758076e-01	   7.1015159621155133e-01	   9.4578734302348066e-01	   7.4197610960416027e-01	   8.4228076764840698e-01	   7.7332401757874836e-01	   7.2155603640113375e-01	   5.4812664125223398e-01	   7.8135501849247690e-01	   6.1644170720859304e-01	   7.4548333348101015e-01	   7.0291839210933638e-01	   4.8814597042825247e-01	   4.4138857561448441e-01	   7.8957408682163055e-01	   6.7470913469743776e-01	   7.0653673076807899e-01	   7.8927946346031974e-01	   8.8125076143990044e-01	   7.5686104303779389e-01	   7.7688341686833695e-01	   8.0251181903873492e-01	   6.5929210728386833e-01	   7.6680708208825099e-01	   5.5906471221363963e-01	   4.5455677178497511e-01	   8.7544885862538968e-01	   8.7740507773344112e-01	   8.6282067883927804e-01	   8.0747989937576803e-01	   6.5018380677058274e-01	   6.6466146220719913e-01	   5.6780402092362858e-01	   4.6604849084066380e-01	   4.5731355115216782e-01	   4.7664494114141420e-01	   5.1227441557820186e-01	   7.1212608689424983e-01	   7.6484923262770976e-01	   7.0803027017891085e-01	   7.5983651693382259e-01	   7.3450751969670514e-01	   7.6803917761080531e-01	   7.8784267272520891e-01	   7.6035344992197029e-01	   6.8137551957476106e-01	   7.7952170040131863e-01	   7.1397561699777534e-01	   7.4267520516996921e-01	   7.9251687332981002e-01	   6.9815165574314864e-01	   6.3298611507780556e-01	   5.7433240586064871e-01	   6.2650266298064650e-01	   7.9108602391290517e-01	   5.0734338139456581e-01	   7.8970474232970278e-01	   4.9997908718047807e-01	   6.5708798056437301e-01	   5.3499175563194523e-01	   6.2387256647503564e-01	   5.3690477409407178e-01	   8.3729455818369247e-01	   7.8388836907690651e-01	   6.7869729577803550e-01	   7.2796964770239692e-01	   8.2130244011681108e-01	   7.4364292802329013e-01	   6.4145080748886663e-01	   5.5760922419734538e-01	   5.4437779308368961e-01	   5.3508147532188333e-01	   7.0899929765968206e-01	   6.7464365837491269e-01	   5.6214625201833623e-01	   5.8420827621262261e-01	   6.4819672923299021e-01	   6.4449695694384879e-01	   6.3946244574649458e-01	   4.0697202855669495e-01	   7.2907506638600250e-01	   6.3733651432289518e-01	   5.1687726396689349e-01	   4.0123350089835680e-01	   7.5793363472987862e-01	   8.7990409128844438e-01	   6.1190619559662185e-01	   7.6389604547360779e-01	   4.9972458073535109e-01	   7.6168814176641131e-01	   4.3501070311818013e-01	   4.3555432769135383e-01	   7.2751046704682687e-01	   6.4828125381454327e-01	   6.6900991126554077e-01	   7.3066965863513900e-01	   3.6358816544919476e-01	   6.5124703735893685e-01	   5.0164594058081413e-01	   7.3257689398213299e-01	   6.3550953925462683e-01	   6.3160539904356761e-01	   4.1969371454682769e-01	   5.3833279888519237e-01	   4.7637451654021312e-01	   5.5287426051112509e-01	   7.0962936658420150e-01	   7.8135484943105471e-01	   6.4387038388957940e-01	   6.2717779751318248e-01	   3.8906427276416650e-01	   3.1829396395831613e-02	
   7.4365911217837932e-01	   7.5184920138214939e-01	   7.5845975020774947e-01	   0.0000000000000000e+00	   5.8558317900655799e-01	   7.7744019088041083e-01	   8.2454433595501109e-01	   9.4361414561164292e-01	   6.5184820018825018e-01	   7.5960402873941912e-01	   7.6094052020199332e-01	   7.6455254758485436e-01	   7.6353332174150723e-01	   8.0349479956107839e-01	   7.0168529758969111e-01	   7.7255885155249437e-01	   5.1630224729706908e-01	   4.8144656153757237e-01	   8.0008659930027459e-01	   8.5273213745193543e-01	   5.1684191880958497e-01	   5.7677772877333522e-01	   8.0322165417204872e-01	   8.0541547294414073e-01	   4.8321630254831960e-01	   5.1686534053621891e-01	   5.3693633227202753e-01	   6.0507653230103464e-01	   4.9550815967628375e-01	   5.5370007868658555e-01	   6.0127680116607718e-01	   7.1013149629098471e-01	   7.9242574668389953e-01	   8.4227137691934584e-01	   6.4477960077911933e-01	   5.9245452564004730e-01	   5.4207330207227478e-01	   5.8211911107542114e-01	   4.2151981072753475e-01	   5.4574878497787915e-01	   5.7992368343089251e-01	   8.0962651779472061e-01	   7.2092992634603248e-01	   6.4209343740233482e-01	   5.8886972301498952e-01	   6.6220091885801113e-01	   7.2971926253085395e-01	   7.6927324700597555e-01	   7.1816050809819609e-01	   6.6955181639069661e-01	   7.7788915912940060e-01	   7.4875609191386072e-01	   8.0456226406163356e-01	   7.7272262920779844e-01	   7.4498099699285680e-01	   7.0717926394375263e-01	   5.2476196419302612e-01	   5.4757705792190370e-01	   7.7533566158422462e-01	   6.7502247728200282e-01	   7.5894507472809580e-01	   7.2684394441614841e-01	   6.8577260963880371e-01	   7.6655497357944324e-01	   4.5429237791844573e-01	   5.3644518017053944e-01	   7.6340505642838197e-01	   8.4398847903430729e-01	   6.9139994588100206e-01	   7.9276198653357111e-01	   5.4596282212223812e-01	   6.4852847042766548e-01	   6.5278345376847435e-01	   6.3161562666103710e-01	   6.1221633277664123e-01	   6.6225145808824060e-01	   6.1460415288555048e-01	   7.0844786124416204e-01	   4.0172587485697514e-01	   3.8831104386042137e-01	   5.8040167022725764e-01	   7.1230025361310068e-01	   5.7563764908396031e-01	   6.1982172834063598e-01	   7.1761164690194590e-01	   8.0993798678767459e-01	   4.8138510910638366e-01	   5.1981958646389514e-01	   7.6559644071545996e-01	   8.5944966207066942e-01	   8.1062657742299704e-01	   7.7150857651061300e-01	   7.4553898866927404e-01	   7.6061301329951214e-01	   4.5886016154622333e-01	   4.8330980802548545e-01	   7.0017181645477833e-01	   6.0807561576275082e-01	   7.6430698132754782e-01	   7.2003798625605631e-01	   6.5577094884939702e-01	   7.3868903077453618e-01	   6.9331779029171059e-01	   7.8344919477138730e-01	   7.0314583854627921e-01	   6.4478194713221826e-01	   5.2970021848294002e-01	   4.4754596645397077e-01	   2.6268113698081275e-01	   3.6302545339078268e-01	   6.0084794504582462e-01	   7.5037694918381082e-01	   6.5699428196072662e-01	   6.6142669277602806e-01	   4.2767105073298134e-01	  -5.2237653278421392e-02	
   6.3514382074140086e-01	   5.8988251359898891e-01	   8.3737945154758076e-01	   5.8558317900655799e-01	   0.0000000000000000e+00	   5.8836015970235833e-01	   8.2152227069240347e-01	   6.3225615726713924e-01	   9.1120846519480470e-01	   6.6094380616675885e-01	   5.6034024243643032e-01	   4.5413469385307081e-01	   6.8398929626537808e-01	   5.2418470166554121e-01	   6.5126715651100531e-01	   5.4366049152221108e-01	   3.7545611769511200e-01	   3.3521416817216743e-01	   6.3837114257657201e-01	   5.2622720828916258e-01	   6.9868727194144897e-01	   8.2349872918125278e-01	   6.4275284340012839e-01	   5.5633162078854359e-01	   7.0922897848692901e-01	   7.8015572935612565e-01	   6.9671362324585295e-01	   7.9796481790022389e-01	   3.8728623659599382e-01	   2.9934089318044937e-01	   6.6866225369163756e-01	   7.1866708077949593e-01	   7.0455750112500626e-01	   6.7753804406699658e-01	   5.9656237179749794e-01	   6.6240578446124210e-01	   4.9152712383864261e-01	   4.9771429045230942e-01	   4.0926546818001908e-01	   4.9881773647089606e-01	   3.6100638443199029e-01	   5.9642183770227641e-01	   7.0510028046398787e-01	   6.3856031951547843e-01	   7.4999823411623479e-01	   7.1652993106888241e-01	   7.0361231653907252e-01	   7.0024931015783620e-01	   6.2389272433941834e-01	   5.7852500382777738e-01	   6.8575351210854307e-01	   6.3556220004863073e-01	   6.0173843805405247e-01	   6.7064989298375899e-01	   6.3710045251088010e-01	   5.8432963305457841e-01	   4.8406234183349894e-01	   4.8576892291861273e-01	   7.5161967398481977e-01	   4.5461064360253345e-01	   7.0806483116625285e-01	   4.6293864402332030e-01	   4.7870043647321325e-01	   3.8750914123874741e-01	   4.9869631369995354e-01	   5.6306606207085230e-01	   7.9492442565585530e-01	   7.4621674668986282e-01	   5.4316321882474872e-01	   5.9976295076786745e-01	   7.0865051882933605e-01	   6.7482083460982123e-01	   4.8595984323418517e-01	   4.5698580368534431e-01	   3.4512804339133663e-01	   3.7719368951132698e-01	   7.1235119638808087e-01	   6.4444218773715767e-01	   4.7765776347886280e-01	   4.7703450689727367e-01	   5.2971936431944411e-01	   5.0236649979548442e-01	   4.4867410686908638e-01	   2.4456269566456471e-01	   5.7269296288067995e-01	   4.9879011097460013e-01	   4.0027640801900666e-01	   2.5162833442546961e-01	   6.4141876119539443e-01	   7.0383280539797310e-01	   5.0185252917884760e-01	   6.4225934793160588e-01	   4.1510005432080860e-01	   6.4005830317300272e-01	   4.4926437515192824e-01	   4.6523555385861359e-01	   7.2314147706581311e-01	   7.0042758879361178e-01	   5.9373434049025386e-01	   7.0120350439579138e-01	   3.0109859265325112e-01	   6.2959737782834124e-01	   4.3857235232546071e-01	   6.8046265086322077e-01	   6.3658931823474929e-01	   6.1810957804757927e-01	   4.8170032287185899e-01	   6.2768551535826689e-01	   4.9545179482662316e-01	   5.7162993632113346e-01	   6.7496955484294552e-01	   7.0761029695464328e-01	   5.9006104266520021e-01	   6.2264810690788408e-01	   4.4435944107167613e-01	   1.8421820536840791e-01	
   6.0200186594863125e-01	   5.4403593988950605e-01	   7.1015159621155133e-01	   7.7744019088041083e-01	   5.8836015970235833e-01	   0.0000000000000000e+00	   7.3570110882631867e-01	   8.2260694575388782e-01	   7.1276370027873215e-01	   9.1170840028626010e-01	   6.6414429616401172e-01	   6.9247148668951630e-01	   7.2263697789896408e-01	   7.0036324655514726e-01	   6.2786201098065042e-01	   7.4484171856529424e-01	   3.8653373095271903e-01	   2.9482989542212529e-01	   7.1464381464074067e-01	   7.0503332515235018e-01	   5.0695271368515837e-01	   6.4120709468275761e-01	   6.5376048428483635e-01	   6.4872742077485512e-01	   4.0968710139423792e-01	   4.8760695489170675e-01	   3.9276755020850579e-01	   6.2566568836419212e-01	   4.8886396083759959e-01	   4.7069863482089314e-01	   5.5614965852442344e-01	   7.2049335485128063e-01	   6.2037495607390625e-01	   6.6243654955023512e-01	   3.6810341546754072e-01	   3.6952381766547598e-01	   4.0381605390782982e-01	   4.3572951916697339e-01	   2.8944740873594815e-01	   3.7599219765235314e-01	   4.2433406879448532e-01	   6.2154978887701307e-01	   6.2410522077943609e-01	   5.3264589641166582e-01	   5.0459058606431606e-01	   5.3252856579282892e-01	   6.5815035066956529e-01	   6.9400294097485404e-01	   5.8071378808930840e-01	   5.6256860140664244e-01	   5.6387890209371427e-01	   5.6146800184972501e-01	   6.1103041971855809e-01	   6.6168635573651169e-01	   5.6189876996542498e-01	   5.0580048645542597e-01	   3.6185330785338460e-01	   4.6368944345941548e-01	   6.2809919072246756e-01	   5.7182274096697716e-01	   6.2005288760913269e-01	   7.1274381569228862e-01	   5.0964534589841648e-01	   6.5285204002002151e-01	   1.8350275389496074e-01	   3.6077293494077989e-01	   5.9819551133713833e-01	   6.7223699446952501e-01	   6.5518205861483891e-01	   7.3315369045417089e-01	   5.6741268413311619e-01	   6.1952366766785560e-01	   4.2888526602888610e-01	   3.9115054954262418e-01	   3.5762335947112822e-01	   3.5226116012429476e-01	   5.2823454904522338e-01	   6.3644199042394234e-01	   3.5858852961195892e-01	   2.9642218369020656e-01	   5.5538595067163721e-01	   5.2362546057485493e-01	   5.1614934079426045e-01	   4.1304211177078676e-01	   4.8647602734853312e-01	   4.7997019455632572e-01	   4.1046332070053582e-01	   1.5965629632011005e-01	   5.8432250973215694e-01	   7.0455014239188918e-01	   7.3669761029217740e-01	   8.4265013931919142e-01	   7.3488819069965705e-01	   8.4317600065923370e-01	   4.0633887590425499e-01	   4.9829596846358859e-01	   5.6475019446755437e-01	   5.9741485144685935e-01	   6.3948849473999902e-01	   7.0945690150856400e-01	   6.0113170195683607e-01	   7.4736651453061920e-01	   6.1390971078242262e-01	   7.6352110723775835e-01	   6.5357498149765669e-01	   5.7551085445626682e-01	   4.1814476404725687e-01	   5.1564922411134084e-01	   2.7599747741906228e-01	   3.0644979668757377e-01	   5.6624727081198434e-01	   7.1990417496898351e-01	   6.3917583383341370e-01	   6.2428367203126101e-01	   3.8572486747716117e-01	   3.0912354080769287e-02	
   7.9266703428064367e-01	   7.3326239908071511e-01	   9.4578734302348066e-01	   8.2454433595501109e-01	   8.2152227069240347e-01	   7.3570110882631867e-01	   0.0000000000000000e+00	   8.2842708406294985e-01	   8.5657165797546508e-01	   7.6295158488439641e-01	   8.0198052594940550e-01	   6.6114664225628594e-01	   8.5938994289841164e-01	   7.0787274644496001e-01	   8.2533451086631082e-01	   7.8091501155607079e-01	   5.2106103858338582e-01	   5.0153954524919075e-01	   8.3385891970305814e-01	   7.6039623850509197e-01	   6.7673245521819814e-01	   7.7036518203232218e-01	   8.3516840237536238e-01	   7.1638625966664427e-01	   6.4840209499132162e-01	   7.0286505499256235e-01	   6.5103859647181661e-01	   7.5830845946328274e-01	   6.0630493331170554e-01	   5.6303676569115579e-01	   8.0678844954141482e-01	   8.5678970740712423e-01	   8.7821976531359436e-01	   8.5108031754186730e-01	   6.2364807486109652e-01	   6.0610549184263407e-01	   4.9535181762279501e-01	   4.5135833166365702e-01	   4.1540987360530501e-01	   4.7398653103201993e-01	   4.9439084895091451e-01	   7.3720307013626685e-01	   7.3254114287787608e-01	   6.5916839528013105e-01	   6.7839481978034399e-01	   6.7838181505183148e-01	   7.4700854999259170e-01	   7.6176901699369792e-01	   7.4420077569982568e-01	   6.5146075217749599e-01	   7.7441995684670917e-01	   7.1402505990684162e-01	   7.4963514838377032e-01	   7.5865056216290649e-01	   7.0895476583637740e-01	   6.3964874466193211e-01	   5.9042533001085262e-01	   6.2164127695167259e-01	   7.9139261323781107e-01	   5.5640996822835698e-01	   8.2634209299790673e-01	   6.0627723576314618e-01	   7.0746294299901347e-01	   6.4159390231192237e-01	   5.5913750600531509e-01	   5.1665635896359097e-01	   8.0845568297349257e-01	   7.9903951052600664e-01	   7.2046799651052251e-01	   7.7143753498717138e-01	   7.2705133259537624e-01	   7.1951974706976007e-01	   6.7092561256411953e-01	   6.3718874045283591e-01	   5.7498467253925523e-01	   6.1277498475201397e-01	   6.7370538120055867e-01	   6.8139250182979461e-01	   5.2478383097753811e-01	   5.5327006501492759e-01	   6.4210865379150706e-01	   6.6854472952939525e-01	   6.3936498633450722e-01	   5.3210557695265026e-01	   7.1533766045510527e-01	   6.7825256919747945e-01	   5.1336049475193568e-01	   4.1747124085390375e-01	   7.4177707407829618e-01	   8.7034780291721114e-01	   6.3052757955005390e-01	   7.4614604171780941e-01	   5.2165777369182331e-01	   7.3955542713490119e-01	   4.7223796121130945e-01	   4.0405282621930139e-01	   7.1538241289485138e-01	   6.4596102033113789e-01	   6.7714659181256454e-01	   7.1642943714195684e-01	   4.1604372368110687e-01	   6.9278779528480205e-01	   5.3556805064054580e-01	   7.5661340357017359e-01	   6.6871493919205982e-01	   6.0380384954586197e-01	   3.9543455624151141e-01	   5.4149507402691310e-01	   4.4529732916582598e-01	   5.4690147537863809e-01	   6.8028627363925065e-01	   7.5313607239054070e-01	   6.5025306992884258e-01	   6.3255714389521822e-01	   4.0772560898569132e-01	   5.9014883847257386e-02	
   7.6175387278811568e-01	   7.1578277333139373e-01	   7.4197610960416027e-01	   9.4361414561164292e-01	   6.3225615726713924e-01	   8.2260694575388782e-01	   8.2842708406294985e-01	   0.0000000000000000e+00	   6.9959212910454027e-01	   8.3777142941813154e-01	   7.7723936393264981e-01	   8.2875680577194921e-01	   8.0230330968398378e-01	   8.4173689770723870e-01	   7.0984541032123627e-01	   8.0678527843874881e-01	   5.6837866322486408e-01	   5.2084407364201912e-01	   7.8749387693317840e-01	   8.2464409883197265e-01	   5.1733656568306652e-01	   6.1310324651783354e-01	   6.9416655874932087e-01	   6.9127316771558056e-01	   4.5423862577493090e-01	   5.1875842062839161e-01	   5.1765021007154355e-01	   6.0902624748769496e-01	   5.2411458381584319e-01	   5.7309030919137305e-01	   5.3242757454580381e-01	   7.1628202386208140e-01	   7.5110706302338071e-01	   8.2310098589559910e-01	   5.6023019064947266e-01	   5.3715203110517096e-01	   4.8975780409271363e-01	   5.5790380259319794e-01	   3.8435231881915832e-01	   5.1989621845749645e-01	   5.3933215309909066e-01	   7.6462707590781764e-01	   7.2297818813134718e-01	   6.0938375610129969e-01	   5.8771512450754571e-01	   6.2233925365950282e-01	   7.5498921206283609e-01	   7.7414325916135984e-01	   6.9645767764935340e-01	   6.1321095450102159e-01	   7.7207332119089478e-01	   7.1418085620530869e-01	   7.9491365670096170e-01	   7.5708104679809618e-01	   7.1437295250222643e-01	   6.7602578322691631e-01	   5.3255027990504222e-01	   5.0702204252984373e-01	   7.4992095678914494e-01	   6.5614830263353130e-01	   7.7293443974891562e-01	   7.9253621832015186e-01	   6.4198313659512263e-01	   7.5881013708855860e-01	   3.7856163840060153e-01	   5.5625949970805966e-01	   7.1829006745033253e-01	   8.0364577664177417e-01	   6.6130253722123467e-01	   7.6606484067486258e-01	   5.4365665655691719e-01	   6.5340865912338464e-01	   6.4812495039309082e-01	   6.3172181645666459e-01	   6.1165678747919938e-01	   6.3785489527367056e-01	   6.0869906329025647e-01	   7.1188751898485803e-01	   4.6947292626180870e-01	   4.0937163435259100e-01	   6.3065329682831583e-01	   6.7992894057549513e-01	   5.1095750660839956e-01	   5.7100264554433156e-01	   6.2054313875928280e-01	   7.0897207391735051e-01	   4.0335956722672472e-01	   3.3248181077949357e-01	   6.9646694083887284e-01	   8.0206447286485527e-01	   7.9687076277419866e-01	   7.4992491633443714e-01	   7.3099219688534045e-01	   7.5304830716776416e-01	   4.6378428114020376e-01	   4.6482936881167325e-01	   6.8990245633781111e-01	   6.1587129655223505e-01	   7.5885169085850479e-01	   7.4050175512143557e-01	   6.6679808242274219e-01	   7.5018898324222438e-01	   7.0829140021945769e-01	   8.1565865058729503e-01	   6.9013491381672076e-01	   6.0212709345643611e-01	   4.7830425180848252e-01	   4.7396239230126735e-01	   2.5297740009316172e-01	   3.7023670109974627e-01	   6.2386656993637879e-01	   7.7018349311245271e-01	   6.7327927633857998e-01	   6.6947670942121185e-01	   4.6633749206299441e-01	   1.5440371727568947e-02	
   6.4965227133072956e-01	   5.6515995322764989e-01	   8.4228076764840698e-01	   6.5184820018825018e-01	   9.1120846519480470e-01	   7.1276370027873215e-01	   8.5657165797546508e-01	   6.9959212910454027e-01	   0.0000000000000000e+00	   7.2597454660438310e-01	   6.2811132194848196e-01	   5.4350939266705645e-01	   7.7088363469297350e-01	   6.1050647639491640e-01	   7.6836395096125376e-01	   6.3106734647511553e-01	   3.8367542670618399e-01	   3.6220190099283928e-01	   6.9424900194394490e-01	   6.0323440227814407e-01	   6.6274354740868135e-01	   7.5800926245414846e-01	   6.7517880064978775e-01	   6.1419601026824866e-01	   5.7898998774927501e-01	   6.7409686000941438e-01	   5.3569116774952175e-01	   7.1613729788384339e-01	   5.2405350356267566e-01	   4.2401953284505634e-01	   7.0033847564551155e-01	   7.8130167404318784e-01	   6.9044589991724237e-01	   6.8333344476527569e-01	   4.7278826966010845e-01	   5.1946025198324497e-01	   3.9456560490551801e-01	   3.9895086648565342e-01	   2.8969037543204645e-01	   3.9397796522049489e-01	   3.4708469928866148e-01	   5.9655957101725765e-01	   6.7042987659070352e-01	   5.9875807973417217e-01	   6.4430233243381596e-01	   6.3283251916310623e-01	   6.8088059411203461e-01	   6.9835874446963897e-01	   5.7698847007173037e-01	   5.3734010205589189e-01	   6.1133877838364437e-01	   5.7118597382533887e-01	   5.9865061297142619e-01	   6.7247684359799043e-01	   5.8044044951191032e-01	   5.1316194914472901e-01	   4.7549769207893228e-01	   4.7957667831566231e-01	   7.2675361369846669e-01	   4.6068080962164687e-01	   6.9198429436078135e-01	   5.0527957589260597e-01	   5.1676382854282787e-01	   4.9990068653546199e-01	   3.4059872038612515e-01	   4.1434924708774923e-01	   7.1406469803026029e-01	   6.9007337918789524e-01	   5.7299875433847558e-01	   6.3164867253541845e-01	   6.8471411892730494e-01	   6.4787572329989385e-01	   4.7983445224690668e-01	   4.5354521297138267e-01	   3.0581213878216379e-01	   3.7418088951198236e-01	   6.3463937176516172e-01	   6.3334416049759001e-01	   4.8361151055741070e-01	   4.9896885185403078e-01	   5.8073699321375227e-01	   5.6264933195001510e-01	   4.9755575253225892e-01	   3.3477606522642672e-01	   5.2349561145245316e-01	   4.7906535249669563e-01	   3.4658212594091797e-01	   1.3256758940844787e-01	   5.8291546122366944e-01	   7.4262425772708029e-01	   5.4883920677405584e-01	   6.8767560702419017e-01	   4.3986350478785929e-01	   7.0572557062002783e-01	   4.2464569615783587e-01	   4.3001592835299529e-01	   6.4857905571962693e-01	   6.3327229899319049e-01	   5.8405836646320886e-01	   6.6079212185154379e-01	   3.0243525367198076e-01	   6.7771983505437539e-01	   4.2989078481337489e-01	   6.9488457623272515e-01	   6.1521244948526765e-01	   5.8616930742846696e-01	   4.2245670367920418e-01	   6.2208654717853085e-01	   3.9255634352026697e-01	   4.8966456846930451e-01	   6.1572960810174415e-01	   7.0622021570056304e-01	   5.8847923320297801e-01	   5.7431668420899817e-01	   3.9962857708740684e-01	   1.3418236023711172e-01	
   6.0070605647056596e-01	   5.2655146461925872e-01	   7.7332401757874836e-01	   7.5960402873941912e-01	   6.6094380616675885e-01	   9.1170840028626010e-01	   7.6295158488439641e-01	   8.3777142941813154e-01	   7.2597454660438310e-01	   0.0000000000000000e+00	   6.2332891885902564e-01	   6.2594430773646503e-01	   6.8049261586190457e-01	   6.6547116149656382e-01	   5.7471625107898894e-01	   7.0191632652170255e-01	   3.4004209781608385e-01	   2.4509832054885788e-01	   6.4800200154197607e-01	   6.2170733222155616e-01	   4.7480529810838590e-01	   6.3887411215978096e-01	   6.8844636841153517e-01	   6.5656633021038124e-01	   5.4121535263711817e-01	   6.3218924343484106e-01	   4.3749064849305197e-01	   6.3298588573074466e-01	   3.6551357365601694e-01	   3.3123692632177115e-01	   5.5485890480614974e-01	   7.0680593331960462e-01	   5.9739130350774328e-01	   6.3388277022649275e-01	   4.7299148516618650e-01	   5.0158848034904924e-01	   4.1983169680775739e-01	   4.3513689326719135e-01	   2.5526598945402029e-01	   3.7179770953663227e-01	   3.8966698041224079e-01	   5.9271454693556203e-01	   6.5227633494559123e-01	   5.4056492991893390e-01	   6.2279880360641759e-01	   6.1459141610625412e-01	   6.7600458006101005e-01	   6.9938756333567897e-01	   6.2365863590086335e-01	   5.5982532887940417e-01	   6.2070112564258251e-01	   6.3509209841284586e-01	   6.3607164346711265e-01	   6.7680904537809261e-01	   5.5706207266477814e-01	   5.2029387839410246e-01	   3.4871786263929594e-01	   4.0870619203617153e-01	   6.5787090965793327e-01	   4.9720475607963910e-01	   6.3369467822787484e-01	   6.6076521625190465e-01	   4.4790909674271479e-01	   5.2713811341597272e-01	   3.5898118818435554e-01	   5.4812560723016091e-01	   6.7358119243198400e-01	   7.0749293193587315e-01	   5.2847709424414024e-01	   6.4704533221930438e-01	   6.2091934112846703e-01	   6.6118485256309256e-01	   4.3603762670658319e-01	   3.3949971605224155e-01	   3.9748622769466824e-01	   3.3488351181218468e-01	   5.5039572643723933e-01	   6.0048781234334925e-01	   3.7201694291323206e-01	   3.0429764315556773e-01	   4.9921718184903829e-01	   4.6432566416762899e-01	   4.3733671163044485e-01	   2.7733224870288881e-01	   5.1173181618711272e-01	   4.9131764230781871e-01	   3.4927337658191060e-01	   1.6251979278878709e-01	   5.9109498503954727e-01	   7.0694626597552568e-01	   7.3616250001824390e-01	   8.3010824377656689e-01	   6.8341507701797410e-01	   8.3517075161806331e-01	   3.7448786275561929e-01	   5.0409603449065177e-01	   5.6120011291744798e-01	   5.7549286335308836e-01	   6.5352001829997808e-01	   7.1297291748934444e-01	   5.2715127420697083e-01	   7.4835244557773928e-01	   6.0500310531068657e-01	   7.6616950393531980e-01	   6.3062821031534855e-01	   5.6992176324733124e-01	   4.7129358301996382e-01	   4.6484333391132415e-01	   2.3104286562135151e-01	   2.9819364388875369e-01	   5.4242768303987410e-01	   7.3659892053789766e-01	   6.2053914312031089e-01	   5.9745481342858786e-01	   4.1014762347957412e-01	  -4.1375643228736018e-03	
   8.4936412997457489e-01	   7.7495407422320606e-01	   7.2155603640113375e-01	   7.6094052020199332e-01	   5.6034024243643032e-01	   6.6414429616401172e-01	   8.0198052594940550e-01	   7.7723936393264981e-01	   6.2811132194848196e-01	   6.2332891885902564e-01	   0.0000000000000000e+00	   8.5601106161316687e-01	   9.2963964024350276e-01	   8.5998361407960455e-01	   8.8752423287576043e-01	   8.9248024302534568e-01	   7.5933362000396354e-01	   7.0657424414568859e-01	   7.9685300534974690e-01	   7.7234048351962614e-01	   6.1381035363094971e-01	   6.6276617193956533e-01	   7.1346935260358801e-01	   5.7631919036694201e-01	   4.9445525908604493e-01	   4.7897792702002373e-01	   5.4849252404618642e-01	   5.7237084024857487e-01	   8.2113659800015926e-01	   8.1084355530138330e-01	   7.1020919967266583e-01	   7.9037556175722545e-01	   8.4979804252879321e-01	   8.8400478217610856e-01	   5.5456301707404254e-01	   4.5238805429025730e-01	   5.8147015300363325e-01	   5.3674968552385871e-01	   5.3919297595523097e-01	   5.1581728062335253e-01	   7.3687128055816220e-01	   7.7446390488491701e-01	   7.5533116156693936e-01	   7.1722935002616106e-01	   6.0493862103922535e-01	   6.3183078961437711e-01	   7.3292459211317273e-01	   7.7847385908062694e-01	   7.4926021238408569e-01	   6.8880728114416800e-01	   7.5720126357518702e-01	   6.5943163319604770e-01	   8.1480801227845201e-01	   7.6251548146884973e-01	   7.9492332907566232e-01	   7.2630807983976686e-01	   6.0433587863415017e-01	   6.4921729575920173e-01	   7.3702060090718313e-01	   6.7087715754213728e-01	   8.9530485614517208e-01	   7.3351571680402472e-01	   8.7122581659706577e-01	   8.5609526017464410e-01	   4.3996049598611259e-01	   3.8356386753789518e-01	   6.3747543927499761e-01	   6.7035437293288058e-01	   7.0886794294315136e-01	   7.5583868508622787e-01	   6.1218833657394467e-01	   5.5584197021037030e-01	   8.1403302836576241e-01	   7.9372607845780485e-01	   7.3085823842872211e-01	   7.1838231384905982e-01	   7.0016153069621601e-01	   7.3352160110915843e-01	   6.6232502996167542e-01	   6.6244352653333793e-01	   7.8451059798836664e-01	   8.0789659013487647e-01	   7.9913560404008566e-01	   7.4504652530606474e-01	   7.5891219400195309e-01	   7.0996616567424553e-01	   6.8776544668166861e-01	   5.0049177720284987e-01	   7.9207419314476046e-01	   8.4854666233632470e-01	   6.3304145826525737e-01	   6.1249510859868472e-01	   5.6184760457873995e-01	   6.4129536757882466e-01	   5.0201529920463617e-01	   4.3183364742240438e-01	   7.0218445276994990e-01	   6.5609805804293286e-01	   6.8680863106192791e-01	   6.6291073303535641e-01	   4.9290519884231876e-01	   6.4276197758667475e-01	   5.7682696493267493e-01	   6.7946807001970644e-01	   5.8207009588183700e-01	   5.0212628890670430e-01	   3.2253208301105385e-01	   4.2291080855656510e-01	   4.2445781897939888e-01	   6.4949762208658202e-01	   6.8475126197813430e-01	   7.4282946410026995e-01	   7.6630290581421656e-01	   6.6900491120889805e-01	   4.8351840231856585e-01	   8.9657150273941083e-02	
   7.9487278029844677e-01	   7.3236438884752397e-01	   5.4812664125223398e-01	   7.6455254758485436e-01	   4.5413469385307081e-01	   6.9247148668951630e-01	   6.6114664225628594e-01	   8.2875680577194921e-01	   5.4350939266705645e-01	   6.2594430773646503e-01	   8.5601106161316687e-01	   0.0000000000000000e+00	   8.4782964302062991e-01	   9.3255913399939805e-01	   7.3050116486204208e-01	   8.8994427939354592e-01	   7.4223535465762680e-01	   7.0921302618858117e-01	   7.3064353844287588e-01	   7.5537933563575810e-01	   4.6510166901125893e-01	   5.6791869385944560e-01	   5.1654780146030044e-01	   4.6561742212675483e-01	   3.1075422173472733e-01	   3.3609440318177131e-01	   4.2728819404225427e-01	   4.4364254680773574e-01	   7.2567051687654527e-01	   7.7267162908390774e-01	   4.6588434319955363e-01	   6.5120359881482814e-01	   7.0472486374771104e-01	   8.1449276003370352e-01	   3.8625904209216944e-01	   3.4756713637712450e-01	   5.8353947141072182e-01	   5.7206295259873718e-01	   4.8287706591550145e-01	   6.0150480790566452e-01	   6.9685089052031446e-01	   7.6324290914557236e-01	   7.2605183418888242e-01	   6.5336663227270286e-01	   5.1469364163913744e-01	   5.1117105323956968e-01	   7.1819197902517073e-01	   7.4771303908291775e-01	   6.7906535110110333e-01	   5.9253372354900902e-01	   7.0472482492337840e-01	   5.8961417141021144e-01	   7.9124721936845011e-01	   6.9012475612306090e-01	   7.2836846147300516e-01	   7.2783347437093093e-01	   5.9711423503768490e-01	   5.8208810239346365e-01	   6.7342892290230250e-01	   7.0585922819277491e-01	   7.7881740898318719e-01	   8.8149021882169276e-01	   7.1894731131689094e-01	   8.8287345536676409e-01	   1.8050361565414696e-01	   3.3428579105207629e-01	   5.2299262839172411e-01	   6.2857658315841780e-01	   6.0796478311466462e-01	   6.6871573849307253e-01	   4.5931021223429958e-01	   5.1352312404699951e-01	   7.4293946118818288e-01	   7.5632830052051148e-01	   6.9235826776451215e-01	   6.9197705587078240e-01	   6.3005017289093257e-01	   7.5188646462666964e-01	   5.9793430959468130e-01	   5.5040662610067914e-01	   7.8676037891303330e-01	   7.6055952061755838e-01	   6.2624154567143031e-01	   6.9417824437115105e-01	   5.8265388690485231e-01	   6.1919791434554572e-01	   4.8683918604039689e-01	   3.0165984265661178e-01	   6.7375926882588433e-01	   7.2516217732543653e-01	   6.4240596076715750e-01	   5.6195276711641040e-01	   5.7637865514211062e-01	   5.7249079779809020e-01	   4.6786074929783961e-01	   4.2887599756748440e-01	   6.7424785942041021e-01	   6.2583341531941261e-01	   6.8198744443547543e-01	   6.5812545760048935e-01	   5.5961488700710771e-01	   6.1956334501679811e-01	   6.1073696097293828e-01	   6.8141745728032344e-01	   4.9726330525593082e-01	   4.1723945500850046e-01	   3.3693258918138280e-01	   4.4656476847719040e-01	   2.4354858472307017e-01	   4.4602589697266359e-01	   5.9694228902105562e-01	   7.2006311213908869e-01	   6.8956439863962837e-01	   6.1138569851141189e-01	   3.9584936385675012e-01	  -1.3366170568372884e-02	
   8.0560037991325006e-01	   7.1783511435491931e-01	   7.8135501849247690e-01	   7.6353332174150723e-01	   6.8398929626537808e-01	   7.2263697789896408e-01	   8.5938994289841164e-01	   8.0230330968398378e-01	   7.7088363469297350e-01	   6.8049261586190457e-01	   9.2963964024350276e-01	   8.4782964302062991e-01	   0.0000000000000000e+00	   8.6988978032150333e-01	   9.0331337581060511e-01	   8.8940155962198064e-01	   6.4771495075107954e-01	   6.0215689102474323e-01	   7.6126793134210358e-01	   7.2564342739479870e-01	   6.2923441505599198e-01	   7.1243641828245785e-01	   7.0145910705565573e-01	   6.0335310222720295e-01	   4.8840915335700114e-01	   5.3741339026614077e-01	   5.3868934718080075e-01	   6.0592512473314764e-01	   7.7021871788132779e-01	   7.2820401731091455e-01	   7.2420159056969557e-01	   8.4654427780139374e-01	   8.1449696440188346e-01	   8.4762573418483012e-01	   4.9095830337744606e-01	   4.3792961442907097e-01	   5.5211302201780388e-01	   5.2860801550095293e-01	   4.9945075031109604e-01	   5.6639354473955827e-01	   6.2969827162356828e-01	   7.2210402443370247e-01	   7.6804466482525902e-01	   7.2099008859868996e-01	   6.2709603960309379e-01	   6.4224485871715875e-01	   7.4425080230400664e-01	   7.8484262102236224e-01	   7.2918413320782227e-01	   6.4099370264930688e-01	   7.4918558813975444e-01	   6.2210315696586471e-01	   7.5424092505599327e-01	   7.2438572714768257e-01	   7.7142547915413562e-01	   7.2604478774608461e-01	   5.6862365393610703e-01	   5.9826538131693208e-01	   7.4670799735240490e-01	   5.8749857993561971e-01	   9.0121639957702171e-01	   7.2220114780811551e-01	   7.9700756087888114e-01	   7.9261815821250958e-01	   3.8001325447753509e-01	   3.9011892938285442e-01	   6.6178864966371553e-01	   6.8931365642790998e-01	   6.5882880435113667e-01	   6.9631410867480859e-01	   6.3187626465280933e-01	   5.8572900296551700e-01	   7.0475254876499682e-01	   6.8901586445037377e-01	   6.1105621256216391e-01	   6.2025025130994249e-01	   7.1062880192369693e-01	   7.3252856288052925e-01	   5.9839290501911357e-01	   6.1456530699144640e-01	   7.5347815218342862e-01	   7.8869398098363708e-01	   7.0523884527451597e-01	   6.4837829386829748e-01	   6.9003399886821826e-01	   6.6965338293382637e-01	   5.6930640709185443e-01	   3.8083166937223123e-01	   7.4546543992997771e-01	   8.2605840818715026e-01	   5.8588429386914487e-01	   6.1241396341557774e-01	   5.0472767508811911e-01	   6.5623440815998468e-01	   4.5669748317588910e-01	   4.4090369403750407e-01	   7.1000985859765486e-01	   6.8788153685405840e-01	   6.4003668241705736e-01	   6.6751685245273951e-01	   4.2649648100137472e-01	   6.5405893670095638e-01	   4.9480047443830483e-01	   6.6953302766814926e-01	   5.6619486865632518e-01	   5.1811471569826573e-01	   3.3384261792310749e-01	   5.1024469388740679e-01	   3.7300270451299339e-01	   5.6351346318916273e-01	   6.7138186604792360e-01	   7.5187435829791860e-01	   7.4143633213122617e-01	   6.1547917998024637e-01	   4.1135252115155851e-01	   1.0106880596787460e-01	
