   0.0000000000000000e+00	   7.6548268458772273e-01	   3.1893402061550258e-01	   2.6718279591445404e-01	   2.9097792230741887e-01	   9.4688794693078518e-02	   2.4732748043542535e-01	   2.4867987672484093e-01	   2.1185602683397503e-01	   6.9781382289125948e-02	   3.9590255275418429e-01	   4.2850199937205702e-01	   3.3592329544631599e-01	   3.0517021143440004e-01	   3.6092311183502090e-01	   1.9693977089564585e-01	   4.0405414834541453e-01	   3.5225460724300123e-01	   4.0425515673389267e-01	   4.7263159761998041e-01	   1.9273744971294177e-01	   1.6702278180304828e-01	   1.2139678188005260e-01	   1.7911262532440841e-01	   2.6087133744093527e-01	   2.0734800259630837e-01	   2.3134392083052299e-01	   6.3240209158397384e-02	   1.7467868189627542e-01	   1.8380361308804222e-01	  -4.1915363166566244e-02	  -9.6374873598780962e-03	   2.6076185098668136e-01	   2.3014654231505943e-01	   1.9741695772328588e-01	   2.2083243119057877e-01	   1.3825039320583871e-01	   2.6567676492667702e-01	   1.9827824572031771e-01	   2.1291716240098471e-01	   3.0101711825954164e-01	   4.0281331684049781e-01	   7.8415355361206626e-02	   8.7801683719439971e-02	   2.1067718376232042e-01	   2.2444278169683368e-01	   1.2418603529716868e-01	   3.1907876924371953e-01	   3.7533167848410112e-02	   1.6130867295825346e-01	   3.1821560628647227e-01	   4.1855738716058721e-01	   2.5756104468877994e-01	   3.3712742094944070e-01	   2.4695807887142202e-01	   3.4762826183162254e-01	   8.0264856687713504e-01	   6.0213495100910963e-01	   5.3928363084126063e-01	   4.0021446590348353e-01	   4.9482561169929873e-01	   3.7451538005780993e-01	   3.5271077674736062e-01	   3.1342161965377091e-01	   3.9926968645094701e-01	   3.4332677911879927e-01	   4.0883201835801442e-01	   3.5295958213293677e-01	   4.1381298810179834e-01	   3.2302996616378665e-01	   3.4084415113592331e-01	   1.4970149276829250e-01	   4.5858508668873521e-01	   2.9502335467378660e-01	   5.3525952411456090e-01	   1.6289158692014516e-01	   3.3890659981079674e-01	   3.7053299646087379e-01	   3.6488577415005574e-01	   3.4282276430359609e-01	   4.5426418779684763e-01	   5.0549933313330853e-01	   2.3688848350449432e-01	   1.4051900691356695e-01	   6.0688492586483145e-01	   4.6231326681899010e-01	   1.7102622896155650e-01	   4.3646635053288518e-01	   5.0773169347803981e-01	   4.6935403318222446e-01	   2.0635063381122781e-01	   3.0381779850383173e-01	   1.4006970382625458e-01	   2.6703961406980503e-01	   1.6820458953073159e-01	   2.3398358786511411e-01	   2.3053656140600237e-01	   4.0651781851619362e-01	   2.3583466739543338e-01	   3.8591832829968531e-01	   1.3079155443848534e-01	   2.0992971062897359e-01	   2.0312948961024879e-01	   2.7217041442783907e-01	  -3.7334703967426011e-02	   1.1273942913241994e-01	   2.4493851187648485e-01	   4.0715090939115534e-01	   7.8728726769424162e-02	   5.3138813243875399e-02	   3.4899305860494279e-01	   1.2183307617541606e-01	   3.7205712749794104e-02	   2.9012079110033573e-01	   1.5756122434431918e-01	   2.4340197347277496e-02	
   7.6548268458772273e-01	   0.0000000000000000e+00	   3.3981096358712104e-01	   2.1600145197535575e-01	   2.6483154833613087e-01	   5.3443283392580448e-02	   1.9891833058765715e-01	   2.0167997257336517e-01	   3.2697234054726149e-01	   1.0600556893102721e-01	   3.9889926752301974e-01	   4.8089837927326651e-01	   3.7563047079517287e-01	   3.9326397742195829e-01	   4.0532732091484747e-01	   3.7338110650897061e-01	   2.6174595726719996e-01	   4.5026174624138926e-01	   3.3802211043133878e-01	   4.9766127408631994e-01	   3.1277899836181855e-01	   2.3770631771466338e-01	   2.1868595029183147e-01	   2.0127840158116722e-01	   3.0666744625489439e-01	   1.8302780608358746e-01	   2.5968874764009420e-01	   4.2427422752219481e-02	   2.5156181842107400e-01	   3.1900904713405087e-01	  -1.2950531220571743e-02	   5.4548756267943904e-03	   1.9318164389215747e-01	   1.8768531839655811e-01	   5.3703490460588733e-02	   5.6403883965248447e-03	   2.7017652583499929e-01	   3.5080498761803136e-01	   2.6109234864390735e-01	   2.2648835630818231e-01	   3.9513259356074276e-01	   4.3901674132425311e-01	   1.3959450779751323e-01	   2.5908235476765168e-01	   1.6652928659332211e-01	   1.9591889428888365e-01	   1.7664542064106181e-01	   4.0828347643586099e-01	   1.8743677331383951e-01	   2.4235172144533593e-01	   4.1628268156677195e-01	   5.2585637187752243e-01	   4.1228360905308603e-01	   4.6968223743146709e-01	   4.7342710163622825e-01	   5.3543286466092199e-01	   6.9679124828755901e-01	   8.3822605800240291e-01	   4.9830443827453991e-01	   5.4107062125126060e-01	   4.4498538108930785e-01	   3.5046019489336305e-01	   3.1957475609079194e-01	   2.9665111061839666e-01	   3.1392271202263533e-01	   1.2975866806081882e-01	   2.6560863252223510e-01	   1.5892974559741385e-01	   3.9292969210955753e-01	   3.7643768757268520e-01	   4.0022941207951879e-01	   2.5427921214980331e-01	   4.3095314691185688e-01	   3.8958240244898046e-01	   4.1297151530301934e-01	   1.7405124951453177e-01	   2.1067975090006685e-01	   2.9046199982049115e-01	   2.9557964413674487e-01	   4.9903163172409837e-01	   3.8870210799476951e-01	   5.6783981651239690e-01	   4.3007676607478845e-01	   2.8425929981478482e-01	   5.5093406852207272e-01	   4.5570305442078973e-01	   3.1517876245805698e-01	   4.1952152299983669e-01	   5.8642022289096118e-01	   4.7187688641560077e-01	   1.2076630543270465e-01	   2.2596143299113713e-01	   4.1108425500764365e-02	   1.8119928345510836e-01	   1.8234059922976878e-01	   1.3956725208645684e-01	   3.2710703672982844e-01	   3.4161234897575860e-01	   3.4587189247809430e-01	   3.5902698714554404e-01	   1.3043548767618474e-01	   1.9818572583754107e-01	   2.3112671629610548e-01	   2.1781619110225409e-01	  -4.9654114034161714e-02	   7.5012284388840861e-02	   3.1414314124083076e-01	   3.3190902722635063e-01	   2.5496451451562027e-02	  -2.3432685729530396e-02	   3.7436395343425488e-01	   2.0129864596430175e-01	   2.5157105421235354e-01	   3.8185149032573279e-01	   1.2189999602969467e-01	   7.1374290824943884e-02	
   3.1893402061550258e-01	   3.3981096358712104e-01	   0.0000000000000000e+00	   6.0997256641935649e-01	   6.6607817852734419e-01	   3.5711068878411573e-01	   7.7036080257809869e-01	   4.4071331288380905e-01	   6.5596770706875995e-01	   1.6445365591164188e-01	   5.2094291222644562e-01	   1.5815702085964045e-01	   4.2110641992025394e-01	   2.6434897534649809e-01	   4.6668733878511615e-01	   3.6552401856214245e-01	   3.5176495938914421e-01	   1.5056084375564618e-01	   4.4420233149760763e-01	   3.2868196929867566e-01	   6.2972778237941607e-01	   3.9477577581907342e-01	   8.6647092107275137e-01	   6.9407543883317224e-01	   5.8795879921167549e-01	   5.6472983084752570e-01	   5.7737167648363685e-01	   3.7682761873639342e-01	   4.0113213102302869e-01	   2.8293035216421347e-01	   6.8748933888762465e-01	   6.4710495648201127e-01	   6.4123548294793320e-01	   5.1863493191378862e-01	   6.2885199975259143e-01	   4.1672507522612312e-01	   2.7319950469265081e-01	  -7.5503849439081316e-03	   4.1394699228368381e-01	   7.6772537911856314e-02	   1.4391342552053399e-01	   2.2532934218993803e-01	   5.0045173469574344e-01	   5.1206267433346864e-01	   5.0707480036307429e-01	   4.5208942391982482e-01	   4.8823232348614731e-01	   4.4739510589844111e-01	   4.6164403102880847e-01	   3.4497907421476914e-01	   5.8837421091504527e-01	   3.8018056927383692e-01	   1.8484913150168106e-01	  -2.5862613179858933e-02	   5.3498168694048187e-01	   3.0719682032256024e-01	   2.6366468105206647e-01	   3.2139427452134139e-01	   4.5249907488987451e-01	   2.5938778685186936e-01	   4.6570544327912239e-01	   2.4676659264084114e-01	   2.6944288472791689e-01	   1.5201117162374420e-01	   6.6847908581543813e-01	   2.7613491595038453e-01	   6.9255910375635965e-01	   5.3393107240481485e-01	   2.9359605101885122e-01	   1.7104207755643586e-01	   5.7706947130400854e-01	   5.2680429996277300e-01	   4.2229738085322810e-01	   3.0090321105422824e-01	   5.9152812384922382e-01	   1.2705640454898356e-01	   2.6555460238887052e-01	   2.1440067023426468e-01	   4.1074556602565437e-01	   3.6326474742387604e-01	   2.9733957720209270e-01	   3.7168634034886072e-01	   1.8578321567977318e-01	   3.0630093252372320e-01	   6.1053041451110801e-01	   4.3941185285382756e-01	   2.8723810932739896e-01	   5.0471099851185652e-01	   4.7524564639365907e-01	   3.1341322387589909e-01	   1.5709845355781396e-01	   1.9529834942129981e-01	   1.3719890391655737e-01	   5.6581449748244095e-01	   9.7542121241043056e-02	   1.1128463248857200e-01	   4.0479076769556677e-01	   2.7712705088958001e-01	   1.9236359967246658e-01	   1.9432602077505901e-01	  -9.6418132948983298e-02	   2.9480549279154961e-01	  -2.3422202872224598e-02	   3.0834761454163795e-01	   5.9486160172482275e-02	   3.2173078935320115e-01	   2.1431880197866243e-01	   3.1856661793737540e-01	   1.9140076068987394e-01	   1.2430742915225851e-01	   5.5947887153318532e-01	   6.0628559944385436e-02	  -1.7410285887290103e-01	   1.6641379753843755e-01	   2.7312443718754481e-01	   6.2758915640196061e-02	
   2.6718279591445404e-01	   2.1600145197535575e-01	   6.0997256641935649e-01	   0.0000000000000000e+00	   4.7734966938630802e-01	   6.8064028841935609e-01	   6.6810466615346886e-01	   8.4735272650692250e-01	   5.8703391923035131e-01	   6.2998414562577765e-01	   2.2691508727504875e-01	   3.1589662629919812e-01	   1.2054631431820576e-01	   4.9407223799542421e-01	   1.7691189999045331e-01	   4.3275588332758841e-01	   3.4570113018893600e-01	  -5.2136958158412131e-03	   5.1229629003054844e-01	   5.3143768004562708e-01	   6.1461842191813987e-01	   5.6774918786950423e-01	   6.1021355000331012e-01	   9.0320437864452541e-01	   3.8932692764019683e-01	   6.3972174877349897e-01	   5.8641181502652706e-01	   7.2893576822028550e-01	   1.5364379236832051e-01	   1.1168007407322053e-01	   5.2872388938419712e-01	   6.7229685630638403e-01	   6.2144454164835405e-01	   7.1915950148520469e-01	   6.0175034306555797e-01	   7.0373025765417418e-01	   2.8803312787938455e-02	   1.5569100598900446e-01	   2.2676572427871303e-01	   3.7843709889540533e-01	   1.5688588890863533e-01	   3.0043662656750186e-01	   2.5937681118299294e-01	   3.3314097600896092e-01	   3.8898873365065867e-01	   5.3400613847162104e-01	   3.8015390178218822e-01	   4.0120194331095610e-01	   2.7975742506348583e-01	   3.3357679368296578e-01	   5.2300999646730817e-01	   3.8681249767880382e-01	   1.7477175624760294e-01	  -1.9704283722143934e-01	   4.1812859138405434e-01	   2.7417929654843654e-01	   3.0084688847214963e-01	   3.0802676028434195e-01	   4.2304030371708123e-01	   3.5874145125692980e-01	   4.0077413669883372e-01	   5.9141161789995644e-01	   2.3788626257046336e-01	   4.0681294139671798e-01	   3.8207402674789076e-01	   7.1257042218148081e-01	   7.3257535695541098e-01	   8.2986322887768893e-01	   3.2094194737397697e-01	   3.1857696711050609e-01	   4.2794848765275306e-01	   3.6552007201870318e-01	   4.5463653983399249e-01	   4.6301476718163403e-01	   4.9145437368536615e-01	   1.9493967111402172e-01	   3.3634353033323394e-01	   4.4869306767380807e-01	   3.7761082123956324e-01	   7.5926468892885901e-02	   3.0492473851929069e-01	   3.4437816563037821e-01	  -3.0649784122028942e-02	   2.4723968024157297e-01	   4.3211392738399002e-01	   6.4110890114806263e-01	  -9.6944433851183148e-02	   4.9696117889349994e-01	   4.7883799186428666e-01	   6.0661249012825258e-01	   5.4722997209726554e-01	   2.9019754918527346e-01	   6.0574987766503630e-01	   4.4153219849810499e-01	   1.8033343827751405e-01	   3.0946910727865407e-01	   4.3124372185550175e-01	   5.3242216163990541e-01	   3.1560330246146229e-01	   3.6346448593634445e-01	   3.2545376644545349e-01	   5.6578150809844419e-01	   2.8028489797015049e-01	   6.1214546124604774e-01	   2.5498605515009726e-01	   4.3656151974545993e-01	   1.5080905240282133e-01	   4.5806529284179842e-01	   2.8905937486114430e-01	   2.7924965499118493e-01	   5.5406771088017215e-01	   4.4538916981519225e-02	  -2.1354302501452344e-01	   1.4302015641242943e-01	   2.5754003171885792e-01	  -2.6255530591565199e-02	
   2.9097792230741887e-01	   2.6483154833613087e-01	   6.6607817852734419e-01	   4.7734966938630802e-01	   0.0000000000000000e+00	   5.9864100620008309e-01	   7.0884302117116893e-01	   4.1896761405513983e-01	   8.1607625285811525e-01	   4.3963166764862982e-01	   3.2936592522003516e-01	   7.5203682561458415e-02	   3.6178085958204997e-01	   1.9309755557887048e-01	   4.5542299561731264e-01	   2.8296700736870667e-01	   2.8103681499813921e-01	   1.4859312397912361e-01	   4.5091528913465578e-01	   3.7254915076414075e-01	   4.1810406526963079e-01	   2.6244307929273208e-01	   6.0073221644834562e-01	   5.3965457508868908e-01	   5.4042701716148756e-01	   6.3401372053319549e-01	   4.2490232180739818e-01	   2.4004260447347447e-01	   2.5599861363166881e-01	   1.0228610865988969e-01	   5.0119014880256263e-01	   4.4011376492559823e-01	   6.2843626760657834e-01	   4.9542278307041177e-01	   5.0571277603792919e-01	   4.2715765928952193e-01	  -5.0045572553888848e-02	  -1.5866889299123449e-01	   1.0214384998970374e-01	  -1.5357869326488440e-02	  -2.5790416981289879e-02	   2.0539240014109378e-01	   4.1879807224568544e-01	   4.5031063407273919e-01	   5.6781065402678166e-01	   5.5399424031041189e-01	   4.9224405277095951e-01	   4.9946002705312265e-01	   5.2520571396044724e-01	   4.5304020696514341e-01	   5.8395979798584263e-01	   5.9252561415985716e-01	   2.6900626465070598e-01	   4.9904783554383686e-02	   3.9023935497948281e-01	   3.6275610805373265e-01	   1.2047161484238915e-01	   3.1489946301781635e-01	   4.5246892815432355e-01	   3.7427700511383244e-01	   4.7072845140607944e-01	   3.9926283988313976e-01	   3.0593444374386913e-01	   2.4299742547780406e-01	   5.1773149464314983e-01	   3.6258390262327123e-01	   6.8319860481448191e-01	   6.0655243001541237e-01	   4.1797157159128839e-01	   4.3227378907144348e-01	   3.6012465097498425e-01	   1.6386945611017861e-01	   3.3200304122650759e-01	   2.5066040456923122e-01	   3.8725898359787297e-01	   9.5577935040221468e-02	   2.8539924966663477e-01	   2.1124872944571618e-01	   3.7842936391561000e-01	   2.6723376510867597e-01	   3.0182212929007801e-01	   3.1178167153868930e-01	  -1.5342900501729220e-02	   1.7626344340252403e-01	   5.5975801125152713e-01	   4.4580531641153731e-01	   2.8112183703364005e-02	   3.9192156476845658e-01	   4.6265985489123962e-01	   4.6674601476516447e-01	   4.2087979060935532e-01	   3.9670308275028793e-01	   3.1407891807156263e-01	   5.0981831517977128e-01	   2.0528201473423682e-01	   6.9485060011970093e-02	   3.8826401346796557e-01	   2.4570002897758028e-01	   3.6379546660362461e-01	   4.4183697381949250e-01	   2.3802072028062018e-01	   5.7708814549625376e-01	   2.5001478032875180e-01	   5.1877339613719675e-01	   6.2639824449494022e-02	   3.4016309831994379e-01	   1.2721198830573630e-01	   5.5216485399391246e-01	   2.4499234585974314e-01	   2.6737863342236601e-01	   4.8770968398875775e-01	   1.4895282231410054e-01	  -5.2971601499119975e-02	   2.7806780544220022e-01	   2.6092489925842843e-01	   1.4743910647366232e-01	
   9.4688794693078518e-02	   5.3443283392580448e-02	   3.5711068878411573e-01	   6.8064028841935609e-01	   5.9864100620008309e-01	   0.0000000000000000e+00	   5.9998531622148366e-01	   8.2776349674125915e-01	   5.9912103762812396e-01	   8.3832739564884906e-01	   1.2741853802053868e-01	   2.4968246892105675e-01	   5.4752098099366098e-02	   4.0183188373286838e-01	   1.2356381047341944e-01	   3.7653224679449276e-01	   3.0004049425126150e-01	   1.4070162513171980e-01	   5.6364756226574364e-01	   4.9985018093540096e-01	   3.0494371036724138e-01	   3.4257263582182668e-01	   4.9465757200935201e-01	   6.3050401353385266e-01	   1.1821826577710923e-01	   4.9371225767617333e-01	   3.4168246396209101e-01	   5.5200891385893991e-01	   1.6040811804578481e-01	   2.1366081107985635e-01	   4.3862096343501256e-01	   4.7011086133029789e-01	   6.1476143604656885e-01	   6.6414206775882390e-01	   4.5398455955733108e-01	   6.1376100436539227e-01	  -2.3086848659387299e-01	  -7.8652219754740405e-02	   7.0754686655768062e-02	   8.1387944998985981e-02	   7.3719350649464360e-02	   2.5427000992186938e-01	   4.0133917026229227e-01	   4.5086457435051941e-01	   6.0125202060385474e-01	   6.9629607593121412e-01	   5.8960983830204494e-01	   4.9993435503595196e-01	   5.1462169492023935e-01	   5.7057647626439523e-01	   4.6279084467639109e-01	   4.7325892345160214e-01	   2.9222911176079408e-01	  -1.6844111515101828e-01	   3.4695377683597828e-01	   2.8209836365589458e-01	   1.0854485917666268e-01	   2.2723147501599320e-01	   2.6866377480001435e-01	   2.8059138124789196e-01	   3.9868299710615862e-01	   6.7103832269877395e-01	   3.0543455655346202e-01	   4.5712863975373086e-01	   2.7513192095413758e-01	   6.1318303280507247e-01	   5.5224982812841727e-01	   6.6099902053316084e-01	   3.2348986828011400e-01	   3.5785358439642562e-01	   1.4014136339688471e-01	   7.4902361171451770e-02	   2.7799750102814669e-01	   3.5773993980045443e-01	   3.0106262371628417e-01	   1.2697060822395312e-01	   2.0917736738934214e-01	   2.2790760080395034e-01	   2.9705969287140732e-01	   8.3572842750062853e-02	   2.7437667938593752e-01	   3.5730972409778150e-01	  -2.9933802610304594e-02	   3.2274064416055931e-01	   2.8682918951571396e-01	   4.0347978874982804e-01	  -1.1156905186322585e-01	   2.7231997861950952e-01	   3.9287049441153643e-01	   5.1942707478659966e-01	   7.5815965393681983e-01	   5.3246707196545873e-01	   7.3963866952675894e-01	   4.4108070704310237e-01	   1.2423619504642894e-01	   3.1269744683275469e-01	   3.7067653987393467e-01	   3.8532043928171456e-01	   5.5270166706529589e-01	   5.5245298647347352e-01	   5.8998579123619221e-01	   6.9192170537807296e-01	   4.6006713936446664e-01	   6.5418375844309973e-01	   3.5469342927611885e-01	   4.6237736214835057e-01	   2.7634788809728306e-01	   4.6896487583091306e-01	   2.7709233623235119e-01	   1.2798376269685593e-01	   4.4920455751070937e-01	   3.2459270295438714e-01	   1.0397195991101010e-01	   3.0345502126638174e-01	   4.1020148696591074e-01	   1.2239097510077675e-01	
   2.4732748043542535e-01	   1.9891833058765715e-01	   7.7036080257809869e-01	   6.6810466615346886e-01	   7.0884302117116893e-01	   5.9998531622148366e-01	   0.0000000000000000e+00	   6.6272286209568154e-01	   6.4917484155483751e-01	   4.1500944183113492e-01	   4.8045849137594931e-01	   2.2131886501433479e-01	   3.4052224136511439e-01	   2.8838877084577985e-01	   2.2498199288420725e-01	   2.2978574516748690e-01	   2.9048621422108584e-01	   8.2123775335420715e-02	   4.0288437488005430e-01	   3.3078680784211945e-01	   4.8283786542397772e-01	   3.0593515201175081e-01	   7.1421188397383473e-01	   6.1985832836864374e-01	   2.5362308617789459e-01	   4.4599744613959319e-01	   2.9941730526477384e-01	   3.3738234942223500e-01	   2.8494721563753650e-01	   2.7405618288158651e-01	   6.8719386875855948e-01	   6.3527778697440040e-01	   6.8877321083998000e-01	   6.2710289952631004e-01	   5.2403647080152382e-01	   4.7769610611477092e-01	  -5.2645329982938999e-02	  -1.4423186656275452e-01	   2.1076436449023223e-01	   4.1319571927611362e-02	   2.3854062518127474e-02	   1.8443093536102051e-01	   2.8802962084280215e-01	   3.2759172791776181e-01	   4.5218105913531292e-01	   5.2523152308832821e-01	   3.4915904840043666e-01	   3.1062787494074207e-01	   4.2916318115378982e-01	   4.0270694000677942e-01	   4.3943882060658068e-01	   3.6184953864561054e-01	   1.8545111040908578e-02	  -2.2258987139495318e-01	   3.1231822707056589e-01	   1.2119464008729738e-01	   2.3190142858652041e-01	   2.3467199129886598e-01	   5.0962676600520751e-01	   3.0311572555020522e-01	   6.1255981892420053e-01	   4.1560823532306163e-01	   4.0160495689390246e-01	   3.1548731126682750e-01	   5.0033032152805934e-01	   4.1891389206443774e-01	   7.5026392927500296e-01	   6.8519647477526724e-01	   1.6428770936216108e-01	   1.6613999122391371e-01	   4.5217157840566002e-01	   2.5478050987034784e-01	   2.9892647982371312e-01	   2.4015201082253462e-01	   5.0229178690184328e-01	   3.1513560229418917e-02	   3.3233589708514366e-01	   3.1893706901653002e-01	   3.3338464189896982e-01	   1.9700792572474091e-01	   2.7183218225648587e-01	   2.9188900103450660e-01	   6.2690028076862192e-02	   1.8313144857349334e-01	   4.5283472001674663e-01	   3.4691636257626213e-01	   1.8366107630013698e-01	   3.1335750523212436e-01	   3.8409656303001538e-01	   3.2910461903834909e-01	   2.8850529835132777e-01	   2.2316806438226580e-01	   2.6272220608872121e-01	   4.6827817283683260e-01	   9.2763335608967695e-03	   1.4940819726233996e-02	   1.7784588313396466e-01	   1.4333861503982959e-01	   1.3464029057448296e-01	   1.2434717828821051e-01	   6.9796538122690016e-02	   4.8747436339936839e-01	   5.9395237521776320e-02	   4.3663132689287160e-01	  -1.0744631176522003e-02	   2.6977546054965934e-01	   5.0403222515413015e-03	   4.0824819616130475e-01	   1.4297330554749091e-01	   1.2105550802622496e-01	   3.4170491197394293e-01	  -1.1149416489770636e-01	  -2.3704939363828431e-01	   6.8384386972101835e-02	   1.5507038499315567e-01	  -7.4035714413168446e-02	
   2.4867987672484093e-01	   2.0167997257336517e-01	   4.4071331288380905e-01	   8.4735272650692250e-01	   4.1896761405513983e-01	   8.2776349674125915e-01	   6.6272286209568154e-01	   0.0000000000000000e+00	   5.2659431207820528e-01	   7.9009324419111182e-01	   2.2747096663288002e-01	   4.8845147382958687e-01	   1.5867228371482767e-01	   5.9887923319580716e-01	   1.0202897010541556e-01	   4.7617209507806180e-01	   3.4270590244083954e-01	   1.5747384474481732e-01	   5.6362321794120440e-01	   6.0218147227250207e-01	   4.2177157349844818e-01	   4.5291212235482359e-01	   5.4108138222657454e-01	   7.2970003524904681e-01	   9.7430543695178645e-02	   4.5663569744091959e-01	   3.0440853068349061e-01	   5.9617440537665300e-01	   2.4553219544030075e-01	   3.7065662700133939e-01	   4.9573081773486438e-01	   5.9950338150257698e-01	   6.3359268573641869e-01	   7.6343067852939417e-01	   4.8729122457188212e-01	   6.3773503426077616e-01	  -1.9580787029867078e-01	   8.4542217716515558e-02	   1.3488499003741886e-01	   2.7698015029240863e-01	   1.5017469885996454e-01	   3.6614247778514841e-01	   2.5121778110197535e-01	   3.1480537893166344e-01	   4.5430457922210399e-01	   6.1520737199339925e-01	   4.3123239336005592e-01	   3.5329355719518746e-01	   3.7320950756374216e-01	   4.7979744153388915e-01	   4.0283606512663200e-01	   3.7965187950236295e-01	   2.6340629729025150e-01	  -2.0134054422201136e-01	   3.9309043787926101e-01	   2.6661882263750619e-01	   3.1312065822946106e-01	   3.1654782556403144e-01	   4.0243522553497368e-01	   3.1411521175605434e-01	   5.3155283815598298e-01	   7.2145532056916428e-01	   3.6585069028468509e-01	   5.5559825422981801e-01	   2.9665602934039470e-01	   6.7274339962340723e-01	   5.8862425416896003e-01	   7.0884786191751592e-01	   2.5704006134886870e-01	   2.7168239283142337e-01	   2.3190490345459469e-01	   2.4800157073671761e-01	   4.3829750761341069e-01	   5.2259763083391919e-01	   4.4028618507406997e-01	   2.2614338185105382e-01	   2.6389298786377863e-01	   4.0062457283306485e-01	   3.3313296646214546e-01	   7.0323774058352342e-02	   2.6062788059887715e-01	   4.0875381391088261e-01	   2.0295456198911148e-02	   3.4226836436621549e-01	   3.0712158805755352e-01	   5.1285103876920712e-01	  -3.3258283712491454e-02	   3.2749143763280031e-01	   4.7599295083093196e-01	   5.2231395487874166e-01	   6.3638124515974792e-01	   3.8892546286350704e-01	   6.6456636809422454e-01	   3.8518126409075309e-01	   1.1598062852164207e-01	   3.1610590119480692e-01	   3.2165726710204823e-01	   4.3791708316074196e-01	   4.4358597098691965e-01	   4.2301200756096524e-01	   5.0373049017475635e-01	   5.6123715837421750e-01	   4.1813570479482121e-01	   6.2769504354045180e-01	   2.6840009221129024e-01	   3.8835225015615421e-01	   1.8213797730706893e-01	   3.9261571622597002e-01	   3.0611356355247760e-01	   1.4621996770074325e-01	   4.4274999789111619e-01	   1.5244267360654190e-01	  -1.2872785729659070e-02	   2.2835773837603879e-01	   3.6406189175592191e-01	   7.2563602150026206e-04	
   2.1185602683397503e-01	   3.2697234054726149e-01	   6.5596770706875995e-01	   5.8703391923035131e-01	   8.1607625285811525e-01	   5.9912103762812396e-01	   6.4917484155483751e-01	   5.2659431207820528e-01	   0.0000000000000000e+00	   5.3598204396011162e-01	   2.2845958552976153e-01	   1.8219070354149822e-01	   4.1730591107213066e-01	   3.7979836142136347e-01	   4.8050266543526998e-01	   4.1845779523205068e-01	   2.1475946787870870e-01	   1.5442675551823037e-01	   5.7628632859013096e-01	   4.4934383113773257e-01	   4.7149726461155306e-01	   3.7767851498610189e-01	   6.3868122005159389e-01	   6.2658552652789568e-01	   4.8675978575183848e-01	   6.2021645799261793e-01	   4.2471685226693523e-01	   3.8790974166497605e-01	   1.9815029982213517e-01	   8.8439400755764230e-02	   4.5233362238371333e-01	   4.4710739869235316e-01	   5.7630961263730685e-01	   5.1502476217691096e-01	   5.8548607951310883e-01	   4.6216895594145252e-01	  -1.6934214014436544e-01	  -9.2089056337314540e-02	   1.8033234759629174e-02	   1.3953052922846054e-01	  -1.5846158797222340e-01	   2.8821555299086027e-01	   4.0403821234384107e-01	   4.7748414105276216e-01	   5.4189243055813563e-01	   5.7088510191250497e-01	   5.2863071724146315e-01	   5.6116403088561295e-01	   5.4927404486412024e-01	   4.7044511764363217e-01	   5.6936525897975443e-01	   5.7662976832308654e-01	   2.6544953470785382e-01	   5.4613633140140790e-03	   5.6139755838131133e-01	   5.0746791365561406e-01	   3.8585150164072275e-02	   4.0780896324622723e-01	   3.7180128728384165e-01	   3.6315869792498723e-01	   4.3306643989819898e-01	   4.0116730954328828e-01	   1.9073984455339338e-01	   2.6133801379165084e-01	   4.5484362484277507e-01	   4.0393592868720429e-01	   6.7990478103891649e-01	   6.3180175502503011e-01	   4.5822802022897646e-01	   4.7302018124750494e-01	   3.4292411922596910e-01	   2.0834403234967672e-01	   3.3754812582471599e-01	   3.5496244475951544e-01	   3.1003163520049659e-01	   1.8963812822861392e-01	   2.8482269894738887e-01	   2.2427277593298470e-01	   3.5982607131313249e-01	   2.5948257673754682e-01	   2.0882861582850015e-01	   3.7799130231385347e-01	  -1.2202922798721115e-01	   1.8558176172597313e-01	   4.8077682967060315e-01	   5.6490727429804100e-01	  -6.3191309950360944e-02	   4.2839485890674506e-01	   4.8582856043472766e-01	   5.1910519738399197e-01	   4.7488716298635947e-01	   4.3898011968547451e-01	   4.6533600267326336e-01	   5.5630555704480011e-01	   3.7424757547779841e-01	   2.3613792207340903e-01	   5.6814783074636155e-01	   4.1454796752254947e-01	   5.5286585615122397e-01	   5.4050670523801014e-01	   3.5411950193803499e-01	   6.5385672486080459e-01	   4.0782303473158532e-01	   5.9957289112566226e-01	   2.3757992093278518e-01	   5.1283257271973937e-01	   2.2139300344903970e-01	   5.2062636372945725e-01	   3.3588918576136556e-01	   3.6968958719125655e-01	   5.2438225185990628e-01	   2.9789088785610562e-01	   5.4233207920064558e-02	   3.5758395751020938e-01	   3.8628070474294185e-01	   2.6544433239917686e-01	
   6.9781382289125948e-02	   1.0600556893102721e-01	   1.6445365591164188e-01	   6.2998414562577765e-01	   4.3963166764862982e-01	   8.3832739564884906e-01	   4.1500944183113492e-01	   7.9009324419111182e-01	   5.3598204396011162e-01	   0.0000000000000000e+00	   4.0184181995263531e-02	   3.1835666517593264e-01	  -6.6118479180497181e-02	   4.2963120512014197e-01	   4.8726912081686585e-02	   4.4492349754941807e-01	   2.8366059645216513e-01	   2.4047145854985003e-01	   5.5758853744433867e-01	   5.6468446079104995e-01	   2.7068477419376652e-01	   3.4247065245297759e-01	   3.9292047525136098e-01	   5.8503394114721574e-01	   9.0973271816803536e-02	   4.9985516162488580e-01	   1.5436922859624763e-01	   4.2121766468858401e-01	   2.5094131941849562e-01	   3.0492460407450672e-01	   4.1856340602454556e-01	   4.9884638257173164e-01	   5.7518338825315207e-01	   6.8934629306699502e-01	   3.4414080511388884e-01	   5.6539431107842608e-01	  -2.2453851582550843e-01	   9.5926677017772313e-02	  -7.7082448978371382e-02	   2.5482059700746024e-01	   1.0592536221119195e-01	   3.0350262245559700e-01	   3.4898623651975369e-01	   4.3563659968683793e-01	   5.2520003317468233e-01	   6.9498758814736306e-01	   5.3114146874222601e-01	   4.9650202465823640e-01	   4.7992591294518427e-01	   5.5687227486485580e-01	   3.4461833445023837e-01	   3.4313080313325967e-01	   2.2193054773291546e-01	  -1.1185823542378384e-01	   2.5480708852499978e-01	   3.1667125087836667e-01	   1.0299241036599152e-01	   2.1555116542713471e-01	   9.7231062143145461e-02	   2.3692267623714042e-01	   2.2368266598154962e-01	   6.4937835418010792e-01	   2.4581326500365444e-01	   4.9944909616977928e-01	   1.1659828690217647e-01	   5.3363940211096605e-01	   4.1837557227858641e-01	   5.9380733045876322e-01	   3.0358956417457261e-01	   3.7817086872964262e-01	   1.1479930978934699e-01	   7.7070498621444897e-02	   3.6918445929983168e-01	   5.0988305239598231e-01	   2.2573131216308284e-01	   2.2264179874755641e-01	   3.3129790771498885e-01	   3.9559533808105840e-01	   3.1007650555822391e-01	   8.7667550440919575e-02	   3.0710382582268692e-01	   3.4904420396778690e-01	  -1.6772235896543253e-02	   2.4017456036857893e-01	   1.9527771224719120e-01	   3.7396134719597235e-01	  -1.9946762980695232e-01	   1.6996891071292311e-01	   2.7551382407559266e-01	   4.1834050711942772e-01	   6.8801902249283620e-01	   3.9575381702725415e-01	   6.9483615959195077e-01	   2.1000780002824551e-01	   1.8195434604934385e-01	   2.9461077430105337e-01	   3.5901787263046081e-01	   3.8143499686490628e-01	   5.9270840427461202e-01	   5.2188589720770406e-01	   6.0210889276533641e-01	   5.8709226916326385e-01	   5.4392286643798549e-01	   5.5601631478240221e-01	   2.4698726475951371e-01	   3.9204924181930029e-01	   1.2506440954552131e-01	   3.5982829777795711e-01	   3.6744878727989827e-01	   2.4442467350423092e-01	   4.2686481144664667e-01	   3.5015049046826774e-01	   2.2529676260502751e-01	   2.6789688684945706e-01	   2.6738984476704986e-01	   1.5948957908256036e-02	
   3.9590255275418429e-01	   3.9889926752301974e-01	   5.2094291222644562e-01	   2.2691508727504875e-01	   3.2936592522003516e-01	   1.2741853802053868e-01	   4.8045849137594931e-01	   2.2747096663288002e-01	   2.2845958552976153e-01	   4.0184181995263531e-02	   0.0000000000000000e+00	   5.0253435542209501e-01	   6.6979612633947805e-01	   4.9413674243009365e-01	   5.6901834659165718e-01	   4.5265772898179846e-01	   4.8052931233225926e-01	   3.2308939704240514e-01	   6.8859951674403980e-02	   1.0312717892050735e-01	   3.7975289326989126e-01	   3.0164365058060633e-01	   4.9830742126363148e-01	   3.1117682557975246e-01	   2.1013482458301891e-01	   2.5674228312112624e-01	   1.0818180704845655e-01	   1.2127281159930901e-03	   6.0882700276191959e-01	   5.7570491084823838e-01	   4.7823117319476199e-01	   4.0592467067116089e-01	   3.8522212716577647e-01	   2.7256240976903867e-01	   1.5243212726346111e-01	  -1.9001635132946237e-02	   3.5510584389718114e-01	   1.8273152249298827e-01	   3.9778210315747925e-01	  -6.4520990607926012e-03	   3.3279990701060641e-01	   2.8322223830482757e-01	   2.2720373448609171e-01	   1.9063318960184600e-01	   9.6255694927836005e-02	   6.4150022288981506e-02	   1.0494047728695938e-01	   3.8239971472250264e-02	   1.4014445221656496e-01	   7.2181095094571546e-02	   3.8845504119291629e-01	   1.5183081252976541e-01	   6.6925120446712311e-02	   8.2356352587204279e-02	   1.8237657322376785e-01	   1.0816435972085624e-01	   5.2086077324646962e-01	   3.8701625473528828e-01	   3.3430837816449821e-01	   1.0964130325194182e-01	   5.6146467276644141e-01	   1.3604417349953291e-01	   5.3469468340243265e-01	   2.7917006484956708e-01	   6.1469507661285028e-01	   8.0489259782399181e-02	   3.7329186707643502e-01	   1.7049482593015450e-01	  -2.6080482665279080e-02	   1.7471548832820649e-02	   5.3498331014562173e-01	   4.1162596649245831e-01	   5.0752698299667143e-01	   2.6290272569223938e-01	   5.6595221290634101e-01	   9.3380725069022008e-02	   3.6336795620973911e-01	   2.6945010948939552e-01	   3.7875300853893323e-01	   4.7028946528841731e-01	   5.1620269208408787e-01	   5.6285729592360734e-01	   2.9869229441283224e-01	   3.0188958754130496e-01	   6.5134733352220275e-01	   2.8614851612216130e-01	   4.4736142157333891e-01	   2.5440406011256922e-01	   4.0507793481509324e-01	   9.9486182067134568e-02	  -1.0707715427626044e-01	  -3.6823001332525758e-02	  -1.5015747869045620e-01	   2.1699425175080012e-01	  -1.0444249885076599e-01	  -2.2757246428457001e-02	   2.8572233094156310e-02	  -2.0469169836847781e-02	  -1.6489501061908540e-01	  -1.1657223685402213e-01	  -1.9916319021404344e-01	   9.7532314909507020e-02	  -2.2381772436344399e-01	  -1.6747072101788298e-02	  -1.9027005410501363e-01	  -1.1607473883040760e-02	   1.4343008489715472e-01	   1.1661798569244937e-01	   4.4948073503917323e-02	  -1.1437711106518421e-01	   2.9652282612952408e-01	  -1.4632492509901007e-01	  -2.5802922260082040e-01	  -8.9132490968234473e-02	   8.1755374056481853e-03	  -3.1971281920404895e-02	
   4.2850199937205702e-01	   4.8089837927326651e-01	   1.5815702085964045e-01	   3.1589662629919812e-01	   7.5203682561458415e-02	   2.4968246892105675e-01	   2.2131886501433479e-01	   4.8845147382958687e-01	   1.8219070354149822e-01	   3.1835666517593264e-01	   5.0253435542209501e-01	   0.0000000000000000e+00	   5.1174617988927551e-01	   7.9531872171553086e-01	   4.6468169430786965e-01	   6.0086155827961996e-01	   2.1172460948740079e-01	   3.0210218608598466e-01	   1.1431322219282365e-01	   3.8015077241753320e-01	   2.1444854712983238e-01	   3.2708472050781001e-01	   2.3743006025756005e-01	   3.0192486624159298e-01	  -4.3411700278203909e-02	   1.8461154625234585e-01	   8.2333561171914049e-03	   1.4926921060179746e-01	   3.5187048176837432e-01	   4.8410120262153900e-01	   1.6300779328883441e-01	   2.3317827040977118e-01	   1.3970731060463393e-01	   2.7481251733974654e-01	   6.7234243447883271e-02	   6.7741849874097523e-02	  -9.0963464313674816e-02	   1.1874035304266739e-01	   4.4449646828886594e-02	   1.1017829521680123e-01	   2.5710357046293913e-01	   3.9179682715170006e-01	  -1.1405855058278912e-02	   8.7628981896642394e-02	   9.6790178436386820e-02	   2.2631124530364277e-01	   8.8564691895976905e-02	   1.0236277190217782e-01	   1.6713757838075383e-01	   3.2495666489917285e-01	   3.3027257778000108e-01	   3.9222038516426799e-01	   3.4387309713851738e-01	   2.4985612138242097e-01	   2.2098442432912588e-01	   4.3652774196852995e-01	   5.3232862615776122e-01	   4.7600154876650835e-01	   3.0292164466347954e-01	   2.2400894385048778e-01	   5.6152437034165481e-01	   5.6179556481073767e-01	   4.6845313883887207e-01	   6.2684469974277901e-01	   3.2566136727967337e-01	   2.9854441533485554e-01	   1.4998500377933105e-01	   1.7578832080242809e-01	  -5.2867164791717408e-02	   8.6733480096421733e-02	   3.0602245306206699e-01	   1.6473693957993327e-01	   4.2338575908209675e-01	   3.4768757707095027e-01	   3.4020684771432141e-01	   1.6423606180294342e-01	   1.7940819776240738e-01	   2.5290129901134034e-01	   2.0879572643452618e-01	   1.2367941512197968e-01	   2.3945260250649347e-01	   4.9556054851400533e-01	   1.4215766094441395e-01	   3.1658780738743353e-01	   4.1289553320200573e-01	   5.0098426057054524e-01	   5.9775252492434268e-02	   2.1896512850443225e-01	   4.2753254865368084e-01	   4.4648724114290189e-01	   2.2452686422326845e-01	   1.6838699096930129e-01	   1.4767121472246669e-01	   9.6207706389645931e-02	  -1.1791069753329581e-01	   7.9367905808925623e-02	  -5.5047044913891958e-03	   9.5950273924595070e-02	   1.9527271196897927e-01	   2.3200221766559709e-01	   2.7371448734640780e-01	   2.0757050321661352e-01	   1.4343995147215277e-01	   1.8252172959083085e-01	  -1.2370379843004894e-01	  -6.2105438127882051e-02	   1.6373936867322919e-01	   1.6510300910532097e-01	   2.0397538091912704e-01	  -9.0661794177636396e-02	   1.3389214592667320e-01	   1.0366374862662690e-03	   8.6703969338259579e-02	   1.1075068050040668e-01	   2.3987122185372318e-02	  -3.9315271572520481e-02	
   3.3592329544631599e-01	   3.7563047079517287e-01	   4.2110641992025394e-01	   1.2054631431820576e-01	   3.6178085958204997e-01	   5.4752098099366098e-02	   3.4052224136511439e-01	   1.5867228371482767e-01	   4.1730591107213066e-01	  -6.6118479180497181e-02	   6.6979612633947805e-01	   5.1174617988927551e-01	   0.0000000000000000e+00	   6.1305239624256080e-01	   7.9187037317623465e-01	   5.4307008004254764e-01	   6.8944904758694844e-02	  -9.8309953192489627e-03	  -1.1058159816932488e-02	  -3.3876036388894137e-02	   3.4187448647633029e-01	   2.8664101077196125e-01	   3.9410896571645360e-01	   2.3485693373007568e-01	   2.3606878418733807e-01	   1.8136624421065634e-01	   1.8489780589305035e-01	   7.4268256390551887e-02	   3.0685637411852917e-01	   2.2884424305103127e-01	   2.1467249363902771e-01	   1.4031604227973285e-01	   9.3604102045655113e-02	   1.1228243110305857e-02	   1.5989267995592163e-01	  -1.3095235466935357e-01	   5.4718286072286584e-02	   8.0564843139640824e-02	   1.0667946515350935e-01	  -1.0368791931051242e-01	   1.1539190357833859e-01	   2.7879204558859866e-01	  -1.6851088038068913e-02	  -4.1174288804333929e-02	  -1.6119608670764288e-02	  -3.4812572802385096e-02	  -6.5705118569657772e-02	  -1.0853002494731262e-01	   1.0346848964148085e-01	   9.3762374186596192e-02	   3.7476998982696813e-01	   3.5806021835853064e-01	   1.5496331539738215e-01	   1.8959534210898990e-01	   3.4293489469821170e-01	   2.9768719543802658e-01	   3.1121636910786243e-01	   4.4090765884252225e-01	   3.8793784688723365e-01	   1.3220138745074783e-01	   6.2384639890430926e-01	   1.2419774484822620e-01	   3.1255868139308668e-01	   1.7768999570378619e-01	   5.4750825640921819e-01	   9.2714398426463174e-02	   2.4417903776543556e-01	   5.6663684333690283e-02	  -8.8389689249823516e-02	  -8.0706818719222959e-02	   4.1291998326317320e-01	   2.9700784642118472e-01	   3.5635656298273605e-01	   1.0646468722884378e-01	   2.7337941415208000e-01	   8.4076847321767262e-02	   1.0741437713973602e-02	  -5.3516139176179311e-02	   1.1571163058921191e-01	   1.9047514075849709e-01	   8.1409829733306932e-02	   3.4159805511131192e-01	   3.8879390183316882e-02	   6.7992367879753962e-02	   5.0549350649761404e-01	   4.3247083662595542e-01	   2.1556734668959263e-01	   2.1307566005313242e-01	   4.0740764250230133e-01	   2.7779486922727303e-01	  -8.0557480515140362e-02	   6.9544875697653150e-02	  -6.0234674415730202e-02	   2.5067588272750846e-01	  -8.8783502453242454e-03	  -1.6201830914720627e-01	   4.3580238578257796e-02	  -7.0047891187427824e-02	  -5.4391208507123256e-02	   9.7766226801860381e-03	  -3.4526056112912915e-02	   1.6392195103872759e-01	  -1.2171083641518250e-01	   7.3326126164630218e-02	  -6.1352852151472806e-02	   6.4776923119830174e-02	   2.5037560754926264e-01	   1.2029781338566881e-01	   1.0335859131077006e-01	   4.1803173684418320e-03	   1.6559546050286617e-01	  -8.2538394796215206e-02	  -1.9252294274052981e-01	  -6.9749660692899451e-02	   1.3990796078754281e-01	   1.7606964063967440e-01	
