   0.0000000000000000e+00	   6.7662138922314363e-01	   4.3434470733431102e-01	   2.1014801813507333e-01	   3.2498949496094109e-01	  -1.9057596873429278e-01	   3.9778353460239563e-01	   1.2079972574770234e-01	   2.8129028109598775e-01	  -1.2255771500779572e-01	   6.6576136263475982e-01	   4.6532103217328391e-01	   4.1170496715415544e-01	   2.2074155379127486e-01	   4.0575748172520509e-01	   2.7367689838153608e-01	   3.2591872918382714e-01	   3.8731133574369597e-01	   6.2468768282867271e-01	   3.2705789905025351e-01	   3.6220754481588602e-01	   2.4599526034110775e-01	   2.1989473849251837e-01	   4.1390930843580809e-02	   2.4098588934448933e-01	   9.2770986539955649e-02	   1.7219764909629776e-01	  -8.9166790334516605e-02	   4.8837935997887411e-01	   3.8581863228213625e-01	   1.0119825432531129e-01	   4.0434119159545381e-02	   2.6605761517305515e-01	   1.7523263574213485e-01	   5.5185416892805184e-01	   2.2598611990426071e-01	   5.9770628781075064e-01	   4.8913090841521273e-01	   5.2043977936077424e-01	   5.1600957855997887e-01	   5.8486433896789725e-01	   4.1019495453877919e-01	   3.7110697199089249e-01	   2.8223311819497571e-01	   2.2172307317343165e-01	   2.1045583971526272e-01	   3.3810661435343392e-01	   3.3457316478908866e-01	   2.1803698039944303e-01	   1.0560214686157399e-01	   3.1288731030321026e-01	   2.7495745076337091e-01	   4.3968135554014798e-01	   2.6148384045321232e-01	   5.5911508330117143e-01	   4.5698931769153345e-01	   5.3068806026281645e-01	   4.5454966698507082e-01	   4.1553754257091069e-01	   3.0244622222815626e-02	   4.7727435135106117e-01	   1.5886849319274460e-01	   4.0131907195886385e-01	   4.0518844919560604e-01	   4.2297102792075736e-01	   9.2845584242208526e-02	   5.1436593904239447e-01	   1.9608540266512375e-01	   3.1508200524970753e-01	   1.9434723188217720e-01	   4.2895214008757032e-01	   3.5490383441287898e-01	   5.4617022770200807e-01	   4.8095532615341585e-01	   5.6116948815317014e-01	   5.2227344680445720e-01	   5.4646681300945188e-01	   5.0361708828517304e-01	   2.5678125651627165e-01	   3.0135433615193247e-01	   2.7168704706212221e-01	   5.1655970384835403e-01	   6.8406019548135411e-01	   4.6090248877059048e-01	   4.9522657998767328e-01	   4.0504808423054639e-01	   5.7134376582171553e-01	   4.6462600990081582e-01	   5.9840009618177326e-01	   4.0503672206964941e-01	   2.5344858675963688e-01	   4.7232607479649541e-01	   1.2193999229616340e-01	   4.2925356469923343e-01	   3.2090465122260836e-01	   4.0946562194103442e-01	   6.1095162213662491e-01	   6.1248363831490837e-01	   5.3091811276978940e-01	   6.2638278198589692e-01	   4.0407705312083353e-01	   5.0582835658714298e-01	   2.9241212675048833e-01	   4.3323208831240800e-01	   1.3703715270069938e-01	   3.9309380124103693e-01	   1.8428126743429274e-01	   3.4577487423926045e-01	   1.7430683533506669e-01	   4.8998751154169862e-01	   6.2928562511440700e-01	   5.5792757103934232e-01	   4.4174757317579277e-01	   5.6297523631079760e-01	   2.4757428797470443e-01	  -2.0490500322817788e-02	
   6.7662138922314363e-01	   0.0000000000000000e+00	   2.0357254946843442e-01	   2.0814299075089651e-01	   1.9843439374031996e-01	   6.3114155029262181e-02	   1.4056555281407804e-01	   6.5090821307735247e-02	   1.6920266946547941e-01	   1.2585862276533066e-01	   4.1978104107287034e-01	   2.9674210582281396e-01	   2.7031837923706276e-01	   1.9521700500017219e-01	   3.3254298425587597e-01	   2.1009977090130272e-01	   3.9807228222375479e-01	   5.1719352724358914e-01	   5.3073666140485976e-01	   5.0961154707953049e-01	   3.0588779105755193e-01	   3.1877480627405974e-01	   2.1307914151045115e-01	   1.2864908201569394e-01	   1.4754997624574029e-01	   8.5768231707748027e-02	   1.6352724764665369e-01	  -4.7026565766752598e-02	   5.0947953369081922e-01	   4.8841354763739031e-01	   2.0460760728921135e-01	   1.2784098221362497e-01	   3.8805134921687778e-01	   3.0750783471497095e-01	   3.6228898218045419e-01	   1.4269370756781280e-01	   4.8762510506668499e-01	   5.0040041460577189e-01	   3.7206482688926629e-01	   3.5330233394734689e-01	   3.2765792297608565e-01	   3.9508558588723308e-01	   3.9266507621238311e-01	   3.1664299135968599e-01	   3.6777590469220228e-01	   3.1632258849183514e-01	   3.4632884057587177e-01	   3.3910396438033019e-01	   2.9705563075083508e-01	   2.1317486389769519e-01	   4.0633117404371444e-01	   2.9625577331552572e-01	   3.2095609901150068e-01	   2.0563984299950189e-01	   5.1512760418956061e-01	   3.6100629448728144e-01	   5.0161954155406341e-01	   5.2410576275448739e-01	   3.2413122327125388e-01	   3.9404244065620833e-02	   3.0734512260117014e-01	   1.4535177395914781e-01	   4.4241738561731775e-01	   3.6393899388204110e-01	   2.1812687076788159e-01	   2.6417689459905598e-03	   3.5653674461604179e-01	   1.3361260356316729e-01	   5.6456753823692596e-01	   4.4232063251533660e-01	   3.2630535193188842e-01	   4.3897427402507672e-01	   4.9102598364891353e-01	   6.3483855178553705e-01	   3.2848702027695054e-01	   5.3431798515786588e-01	   5.4848002933945861e-01	   5.9499945528220377e-01	   4.0822225514387778e-01	   4.0880059364099142e-01	   3.8142230068211880e-01	   5.2115207135775177e-01	   4.6745041970540246e-01	   4.7781672003033671e-01	   2.8165458998934867e-01	   1.8254537853416164e-01	   3.6805936614330348e-01	   2.6877947182103928e-01	   3.9129861085387163e-01	   2.0457644423636556e-01	   2.0597300635203641e-01	   1.6310785021679683e-01	   1.9094971415098860e-01	   1.7588087533665447e-01	   1.9976923533246005e-01	   3.0782182772833039e-01	   5.7843261741183649e-01	   5.3639403308909062e-01	   5.0763941166596938e-01	   4.3919799005343735e-01	   3.5383123259685584e-01	   3.3994596882509209e-01	   1.8052335821972892e-01	   4.2180777593989704e-01	   1.8699921901622607e-01	   2.2724037108666012e-01	  -2.3838642890017605e-02	   2.5760462380105703e-01	   8.1672896652264459e-02	   4.2460146906640917e-01	   6.6391591161044317e-01	   6.6345889937485503e-01	   4.5201054475095270e-01	   5.5248759419645010e-01	   2.2089578041459845e-01	   6.5568329589303476e-02	
   4.3434470733431102e-01	   2.0357254946843442e-01	   0.0000000000000000e+00	   4.2940971548510820e-01	   6.8211759930649074e-01	   4.7940538806421920e-02	   5.9178620933960480e-01	   2.4197665452755468e-01	   5.6185927692117144e-01	   6.5592580334792053e-02	   5.4441202796292398e-01	   3.5456044455479896e-01	   3.1962945680539295e-01	   1.3389430887824172e-01	   6.3236017484525209e-01	   4.7464330767191243e-01	  -2.3152681215746745e-01	  -8.3108520745197839e-02	   3.1351400687389214e-01	   6.9968915669581855e-02	   5.2767775442127829e-01	   3.1405685445031478e-01	   6.5264973140397264e-01	   2.4685666824763811e-01	   6.7993874304135771e-01	   3.1695345813032844e-01	   5.6846865707869820e-01	   1.8301775184005081e-01	   5.9388222817728098e-02	  -1.0535200910520615e-01	   8.0526151716035166e-02	   7.4444046838113134e-02	  -1.5011804690040001e-02	  -1.7401460047655110e-01	   4.5791910894917032e-01	  -1.1308966653304843e-02	   5.3602293935414314e-01	   3.1221366293415415e-01	   4.2199465248634033e-01	   3.0017456485635552e-01	   3.5953099958648227e-01	   1.8624717466540691e-01	   3.0941593425705122e-01	   2.7481868249714614e-01	   1.7789401652671205e-01	   1.1674138953161763e-01	   3.4415913445009549e-01	   2.6198686071937677e-01	   2.1006340388599357e-01	   1.3142418894119345e-01	   4.5004796644622891e-01	   4.3605701723288504e-01	   4.4186831332041138e-01	   4.7722907827602201e-01	   5.3913222832782770e-01	   5.1986132227481829e-01	  -1.7450388474985329e-01	  -2.4750438909690961e-01	   7.0951427851334598e-02	  -2.4105956190612948e-01	   3.9582601826478235e-02	  -1.8685821643377776e-01	  -1.7659458434783920e-01	  -2.1458342855306606e-01	   8.0510056997318236e-01	   3.3992478835326939e-01	   2.0520046964474808e-01	  -2.1658314876399527e-04	  -3.5658515084966758e-02	  -2.7254304800476931e-01	   4.3440383818710726e-01	   2.1485403589216731e-01	   2.5260075729891773e-01	   1.4559240104636587e-01	   4.5017660924241931e-01	   3.8452902550596546e-01	   4.3960966914569272e-01	   2.3819172115024179e-01	   1.0856627182270974e-01	   2.4295957830503201e-01	  -3.6240723738648381e-02	   3.5750294954897166e-01	   5.8108079630610820e-01	   2.3319436217780432e-01	   8.3400780262076202e-01	   7.2141204693625927e-01	   6.6012420654066273e-01	   5.8995081289214069e-01	   7.8422976011609802e-01	   6.2126833982224849e-01	   1.9954382002215937e-01	   7.5421423928581033e-01	   2.0916234459100122e-01	   7.1651038587341842e-01	   1.7569825386222435e-01	  -6.8214854751728171e-02	   3.8482439397959795e-01	   2.8846160105866370e-01	   2.6607800339328291e-01	   4.6860621501101662e-01	   8.1432433792429620e-02	   3.3582855051479599e-01	  -1.3708015757359532e-01	   1.3307669002015060e-01	  -3.1457453389157064e-01	   1.4628028769490092e-01	  -4.3198993888326513e-03	   1.9231307571085438e-01	  -6.9982158744199455e-02	   2.5389860175676882e-01	   2.9667406588982215e-01	   2.6404151713853374e-01	   5.1570200948845490e-01	   3.3874914428949110e-01	   2.4058536016153734e-01	  -3.5760974865314982e-01	
   2.1014801813507333e-01	   2.0814299075089651e-01	   4.2940971548510820e-01	   0.0000000000000000e+00	   3.4490900871265912e-01	   6.1472911348262549e-01	   5.0334215088201828e-01	   7.8614602696540969e-01	   4.0437022251519750e-01	   6.2619050784309271e-01	   1.7132463313360813e-01	   5.5551048328387709e-01	   1.0319944106911505e-01	   3.8766754142245990e-01	   2.6190723204238753e-01	   6.2791838304024139e-01	  -1.3392458540546447e-02	  -3.0356300955385867e-03	   2.3695696954756545e-01	   2.1766815833310743e-01	   4.3626748709731822e-01	   5.5943520449086881e-01	   8.1719317969924987e-01	   8.6717166985162031e-01	   4.6954489708730385e-01	   5.3953699695738255e-01	   3.4284196594656763e-01	   5.0991045541017721e-01	   1.8710814187565664e-01	   2.1525758967295533e-01	   6.6334106928630820e-01	   7.4664244128203361e-01	   4.2204418241373476e-01	   4.8689264671566129e-01	   1.6302634176152325e-01	   2.8257294081148054e-01	   2.4355501642527394e-01	   3.1741126751915494e-01	   2.4746914653474023e-01	   3.9953277946093851e-01	   2.2313038454987458e-01	   5.6061181814206981e-02	   5.2439632071068676e-01	   4.1045366867195415e-01	   3.8597006616252127e-01	   4.7495574397219981e-01	   5.0223706786331279e-01	   4.9351218892399717e-01	   4.0006704092429601e-01	   4.7720029606231074e-01	   5.4861798860471711e-01	   6.9826954422940912e-01	   5.6387465179692597e-01	   6.2867214879256361e-01	   5.6178396429362099e-01	   7.3008796579548785e-01	   1.2462287753801400e-01	   1.0243639144028172e-01	   2.7188296095493575e-01	   4.3169773635166475e-01	   2.0256237972312063e-01	   4.3356722381024265e-01	   1.2038057652909956e-01	   2.0508566667270137e-01	   3.1991601659568836e-01	   7.2074502898968817e-01	   4.7732408693674866e-01	   6.5358926381608162e-01	  -9.6292710356585612e-02	   2.4121953675446055e-02	   2.9777270276033163e-01	   3.9242103317624716e-01	   3.3564864450643328e-01	   2.5703275234240297e-01	   2.1697922928443250e-01	   2.4426094848646634e-01	   3.6022745853569993e-01	   4.5185631889890343e-01	   8.0902340545560447e-02	   3.4506688778676867e-02	   2.6748629660736423e-01	   3.2959279564530786e-01	   2.2279507024341982e-01	   3.7161970420755269e-01	   3.4373705537939325e-01	   6.8977637056018970e-01	   3.1499013812586452e-01	   3.4928022044360973e-01	   3.2539856732516503e-01	   5.6477502057584794e-01	   6.5189532349404133e-01	   4.1782986823768598e-01	   6.2445499768810853e-01	   2.9379008896213638e-01	   1.5358792401057131e-01	   3.9753357328471427e-02	   4.0466973753728497e-01	   5.3872271238682756e-01	   5.9265995967061014e-01	   5.5339728660946108e-01	   4.4426837374625316e-01	   3.5029290920314965e-01	   1.5116704675596951e-01	   4.3132130824465154e-01	   2.2589361881647696e-01	   2.4371387075539275e-01	   2.5932834525360893e-01	   3.9075086082881599e-01	   7.6624692370350522e-02	   3.0868680250596592e-01	   4.1874937095274389e-01	   4.2757046126646936e-01	   4.3339735890913256e-01	   2.4483059933970605e-01	   1.4463216997231332e-01	   1.1210793066561047e-03	
   3.2498949496094109e-01	   1.9843439374031996e-01	   6.8211759930649074e-01	   3.4490900871265912e-01	   0.0000000000000000e+00	   1.7298054368146620e-01	   5.5286629623712857e-01	   1.9482407234771004e-01	   7.0450908993004635e-01	   1.9611505586008404e-01	   5.5521442819590139e-01	   3.1145002933495258e-01	   4.4537948645625791e-01	   1.8336037842715033e-01	   6.4165644053844550e-01	   4.1629454472625027e-01	   4.6337679911595212e-03	   8.4092683837875243e-02	   4.3796767483659393e-01	   2.9503391961047198e-01	   3.9996327039460389e-01	   2.2864756882059381e-01	   5.4321190315690693e-01	   1.8900391997247257e-01	   5.1062188661339336e-01	   4.1036893827690102e-01	   5.7665488618732186e-01	   2.3428078879612940e-01	   3.3546101029155084e-01	   1.3128824400929603e-01	   1.8168722822609668e-01	   1.4863657778475581e-01	   1.6650879905551638e-01	   1.7827027339960361e-02	   3.5199049249904768e-01	   1.4627293145511358e-01	   4.9251815325327841e-01	   3.4049202701068160e-01	   5.0134210225645792e-01	   3.8429564968113894e-01	   3.3261156823439592e-01	   8.5561131839604815e-02	   2.8451791556003364e-01	   2.8558734774241029e-01	   3.1417444154666940e-01	   1.9349655904373342e-01	   2.8808737745812107e-01	   2.8070977017966214e-01	   2.5747808422488860e-01	   1.6916308567426303e-01	   3.7074716896093429e-01	   3.8133160322951787e-01	   2.1267017851687969e-01	   3.6637707932133079e-01	   4.0891736316251198e-01	   4.2032425691375919e-01	  -2.9162387364579900e-01	  -2.5234995775207447e-01	   1.0031359080876551e-01	  -1.3106346480379585e-01	   1.0398099008078630e-01	  -1.7554004157910885e-01	   2.1444578681935333e-02	  -2.3107943561897996e-02	   6.1924573837641139e-01	   2.3902424529659708e-01	   2.9281346146270321e-01	   1.2087613909992098e-01	   2.2023453892324144e-01	  -7.1551085448660498e-02	   3.4977805695545328e-01	   2.1569199733866962e-01	   3.9980807716391575e-01	   3.4790717009008620e-01	   3.7453707701319594e-01	   4.3514563846170623e-01	   5.4396495946471624e-01	   3.2356298960588803e-01	   1.7173466630504122e-01	   4.4438905360314679e-01	   1.4218718839259578e-01	   3.9888107603210554e-01	   5.7752995368110982e-01	   3.2679388737101822e-01	   6.2852193994692052e-01	   4.8925840271210286e-01	   5.2082830920443646e-01	   4.1789168390840492e-01	   5.1621018337375424e-01	   3.0991987369921492e-01	   7.8744065193345314e-02	   5.7087382616125204e-01	   9.0561066099683007e-02	   5.9761914415565620e-01	   1.9326264497996665e-01	   8.0973795645457966e-02	   4.7395093949440503e-01	   3.4928687954055299e-01	   2.8200342713326809e-01	   3.4780815839118151e-01	  -7.2865248744218097e-02	   2.2985353122079316e-01	  -3.8755188619280727e-02	   1.6545272232878028e-01	  -7.7826492795625132e-02	   3.5007636894408095e-01	   2.1053371122936489e-02	   1.7508603077175272e-01	  -9.5717121606336081e-02	   4.2672798882241436e-01	   5.0415961860602931e-01	   3.6329729283959789e-01	   5.0099446738501152e-01	   4.5393261623822723e-01	   4.0021893939655062e-01	  -2.4720397303998283e-02	
  -1.9057596873429278e-01	   6.3114155029262181e-02	   4.7940538806421920e-02	   6.1472911348262549e-01	   1.7298054368146620e-01	   0.0000000000000000e+00	   1.2722101979427600e-01	   5.9932490518896853e-01	   3.1526522934813811e-01	   8.3956332148829005e-01	  -1.7169383689548756e-01	   3.5883805973276406e-01	   8.6403070155559189e-02	   3.8310502620630271e-01	   1.7884735157345877e-01	   4.9911833046861021e-01	   1.3175344126044630e-01	   1.0923415728014230e-01	  -7.2290080498885037e-02	   1.8313086280306023e-01	   2.0076919438020577e-01	   3.1419938613744303e-01	   5.1904831470864388e-01	   7.3263671086396420e-01	   3.4953710054870635e-01	   6.0867635048909163e-01	   3.1202881930454635e-01	   6.6108622162147235e-01	   9.7267159934455658e-02	   2.4038959672756832e-01	   5.1676327220359508e-01	   6.0703853157934562e-01	   2.8792520789866066e-01	   3.9723107616530628e-01	  -8.7851696665504110e-03	   3.2449899571786772e-01	  -1.0778797316500591e-01	   2.4682883326128591e-01	   6.1856924814904157e-03	   1.7869081105253731e-01	  -2.7193125953737973e-02	   4.7237774057982337e-02	   2.2760553251123822e-01	   1.6856831630107488e-01	   2.9312811975862429e-01	   3.7020119389782669e-01	   2.3900214899279526e-01	   2.3256550478784663e-01	   3.5595054558342010e-01	   3.7141488670574024e-01	   3.4536519457057913e-01	   4.1659387203808462e-01	   2.6175088142387032e-01	   3.7580817978472114e-01	   2.9533226793733686e-01	   3.8389809658433460e-01	   1.5862768634028919e-02	   3.2766138399711764e-02	   1.7824535785330575e-01	   4.6498311163458927e-01	  -3.3285466415241313e-02	   3.4290962115291490e-01	   7.7159994503904622e-02	   1.9808792354256356e-02	  -7.8214516425257313e-02	   5.4807560395167321e-01	   2.4250499551628651e-01	   5.4193194382121690e-01	  -5.5217798925704970e-02	   1.1743791069115214e-01	  -5.3691727951384813e-02	   1.2402974196817423e-01	   1.1794769014624837e-01	   3.0430295974498450e-01	  -1.2383902148699784e-01	   1.1516075502865809e-01	   1.4987878640995192e-02	   1.8688442731260954e-01	   7.8756668269365532e-02	   6.4936027124093312e-02	   2.4549309797464575e-01	   1.7154145064722168e-01	  -6.1796686319332009e-02	   2.6506103522237018e-01	  -1.1950846045059981e-02	   3.1599850073260560e-01	  -1.9326980584142565e-02	   1.5162065024920407e-01	   3.4291878362384356e-02	   2.8068549754318650e-01	   4.1126255673953671e-01	   5.3340030128389102e-02	   5.7192146396678711e-01	  -2.3079775260517594e-02	   2.0150522481983005e-01	  -4.5035566699075921e-02	   1.8423650695392291e-01	   2.3090178911503420e-01	   2.7387273199534828e-01	   1.4617769841868711e-01	   1.8492857758842648e-01	   8.2252525741707452e-02	   1.1222920929433703e-02	   1.5728122846583445e-01	   1.6733900220235040e-01	   3.8216213692238502e-02	   4.5855613251469286e-02	   6.3073551601116690e-02	   2.6503615778082790e-02	   8.0083436173232062e-02	   1.1229017474296608e-01	   1.5357792098198031e-01	   1.6969068991681421e-01	  -5.1395088241055785e-02	   5.3926240081345223e-02	   8.5559490949434061e-02	
   3.9778353460239563e-01	   1.4056555281407804e-01	   5.9178620933960480e-01	   5.0334215088201828e-01	   5.5286629623712857e-01	   1.2722101979427600e-01	   0.0000000000000000e+00	   6.2494707341963041e-01	   7.6524431555035444e-01	   2.9487230162916689e-01	   5.4798081280669964e-01	   6.2936356032888430e-01	   5.8130051706411323e-01	   5.4982043080111587e-01	   5.3820687636949027e-01	   5.0818886464488300e-01	  -1.5709995784415071e-01	  -1.2468420917534587e-01	   4.9184723877453917e-01	   3.7676002410711024e-01	   3.5259376803541242e-01	   1.3644594527807144e-01	   5.5753531360212527e-01	   4.6116738666702362e-01	   1.6623645016304439e-01	   1.0288089713386864e-01	   1.5433774847186688e-01	   8.2468896492375571e-02	   2.5389336458057343e-01	   1.3763115409658674e-01	   3.9151026182592807e-01	   2.9671333700822761e-01	   4.2141776000273035e-01	   2.9239397856628457e-01	   1.2935535896725162e-01	   2.5327509910580717e-02	   2.2940275693997231e-01	   1.5430019890706478e-01	   2.8546262310116927e-01	   3.4366750862226325e-01	   1.6040271428484043e-01	  -3.0722987693737370e-02	   4.5101859054591736e-01	   3.6734482132925717e-01	   3.6467702648738254e-01	   3.4204954695804235e-01	   4.6216248662062570e-01	   4.6887250706314548e-01	   3.7541267675798939e-01	   3.2714240107948395e-01	   4.0789645376556866e-01	   4.0636675171719394e-01	   4.3678297409333455e-01	   5.0678188230712751e-01	   4.8881352229943675e-01	   6.0843400705616146e-01	  -1.5926194254909110e-01	  -9.8149403295895665e-02	   4.8010684515719310e-01	   2.9448333674072846e-01	   4.8559354860804121e-01	   3.2316264499287717e-01	   1.0683470752602529e-01	   1.8842252673727317e-01	   4.6233618745160554e-01	   3.3786979951355423e-01	   4.8276057576024567e-01	   3.8103782136987824e-01	   9.0186068045881335e-02	   8.0522402031902460e-02	   4.4474594670825768e-01	   3.4463248173018102e-01	   4.5177835336800665e-01	   3.0289036631099120e-01	   4.5235688202888780e-01	   4.2682874283150940e-01	   4.0180185338712415e-01	   4.9403107998923695e-01	  -4.5058899153859508e-02	   1.7940219336442237e-01	   5.0317691438033788e-02	   2.3412745186213058e-01	   5.0505924874092945e-01	   3.0675140293226166e-01	   4.5090133809220917e-01	   4.3858634475972536e-01	   4.4053827914895649e-01	   3.1301237278115107e-01	   5.9963303508154375e-01	   4.8037921279137352e-01	   5.4987624716721317e-01	   7.6481353734527269e-01	   4.2811579730093818e-01	   7.5750907507868503e-01	   2.2536624427969182e-01	  -2.6501171740325812e-02	   3.8550543266762916e-01	   4.3191826768151442e-01	   5.1773769928330604e-01	   6.7345596018186293e-01	   3.9905613923353650e-01	   5.8722942237087794e-01	   2.5885889926727290e-01	   5.3669637440554263e-01	   3.4781439791058404e-02	   2.8095594058196877e-01	   3.6283721796066543e-01	   5.0854732759097254e-01	  -2.8075123017929499e-02	   3.4714129242366148e-01	   3.4556897016139998e-01	   2.6738168851278082e-01	   5.3445572208304193e-01	   3.4891470245796918e-01	  -1.9985493586926934e-02	  -2.9496971690654750e-01	
   1.2079972574770234e-01	   6.5090821307735247e-02	   2.4197665452755468e-01	   7.8614602696540969e-01	   1.9482407234771004e-01	   5.9932490518896853e-01	   6.2494707341963041e-01	   0.0000000000000000e+00	   4.2217906688274709e-01	   7.0497845045804963e-01	   1.2049494729644743e-01	   7.6020419859498811e-01	   3.5850833404277604e-01	   7.4941571616659630e-01	   2.1519491376480693e-01	   5.8462248276215678e-01	  -9.7003821711131172e-02	  -2.0496831628190487e-01	   8.5978007886688940e-02	   1.6754971024151552e-01	   3.6149662251637543e-01	   2.7798581536432299e-01	   6.2332498761274069e-01	   8.2339785250615349e-01	   2.3173792566719881e-01	   3.5268812820447737e-01	   1.8360574391861137e-01	   4.6068934435249831e-01	   6.9586551376989658e-02	   1.4267196722219627e-01	   5.4324491760978477e-01	   5.9327280209412381e-01	   3.6866186348775903e-01	   4.5424905853948100e-01	  -3.0796428898942894e-03	   2.3324145018271408e-01	  -6.9960267721552250e-03	   1.6743979890756180e-01	   1.4682448886335289e-01	   2.7973822608762439e-01	   5.5769079907599571e-02	  -1.0751724496567713e-01	   3.1696617316575915e-01	   2.1862828775462545e-01	   2.4811465260523016e-01	   3.3922303244340629e-01	   3.9530860903494280e-01	   3.6454423107825840e-01	   3.4494235864587680e-01	   3.9973270937772265e-01	   4.1849235953612424e-01	   4.9155675738340254e-01	   4.8220328199378493e-01	   4.7799100225901858e-01	   4.6573567840549257e-01	   6.3800050726105850e-01	   8.0337404814148264e-02	   6.5124975656557921e-02	   4.6057988880275880e-01	   7.1043226197438958e-01	   3.9685180236952633e-01	   6.8158556157703332e-01	   1.0487260249172495e-01	   1.8154376583087584e-01	   1.5726457631280510e-01	   7.2817373446146783e-01	   5.2762765129447942e-01	   7.3696340330279064e-01	  -1.7353360245850274e-01	   3.5357063050500404e-02	   1.6117331789564307e-01	   3.3771486286650954e-01	   2.5456875470145823e-01	   2.1528660603282829e-01	   1.4025014646453085e-01	   2.1168431855795916e-01	   1.9491480728950783e-01	   4.3384835723245929e-01	  -1.6483966189669413e-01	  -5.9627934990300009e-02	   7.6817832971175837e-02	   6.6117576420262184e-02	   7.8502205370714812e-02	   1.2396005151316765e-01	   1.3845020083971787e-01	   4.8556650011150271e-01	   1.0301648191143614e-01	   1.0543878429915607e-01	   3.1954627618856413e-01	   6.0248797411852428e-01	   7.2122162440219872e-01	   3.4690424709654827e-01	   7.3606171759561079e-01	   2.6042239180282789e-01	   2.7686029175774718e-01	   4.8029768324582195e-02	   3.0197577027605149e-01	   4.8303152602297106e-01	   5.3777585528647009e-01	   5.2192738315081222e-01	   5.0522378606956042e-01	   4.2192293815448589e-01	   2.5302797985919628e-01	   4.9538539444066126e-01	   2.3733098100100850e-01	   1.5583655469040658e-01	   3.1615005247382705e-01	   4.5136797930761774e-01	   9.1827021073773565e-02	   2.8873555472726686e-01	   2.6397390115116659e-01	   2.1696046399712654e-01	   2.8698093326173141e-01	   1.3252206197634941e-01	  -1.0861239659042990e-01	  -1.1420239506742810e-01	
   2.8129028109598775e-01	   1.6920266946547941e-01	   5.6185927692117144e-01	   4.0437022251519750e-01	   7.0450908993004635e-01	   3.1526522934813811e-01	   7.6524431555035444e-01	   4.2217906688274709e-01	   0.0000000000000000e+00	   4.0966806624680296e-01	   5.6278989779379396e-01	   4.9523293028326237e-01	   5.8614600090360713e-01	   3.9206869987913084e-01	   6.6555221912247153e-01	   5.4424430430287596e-01	   8.1731137087904221e-02	   1.3061198899480397e-01	   4.7410786929671783e-01	   3.8410757613448343e-01	   2.7039994993166627e-01	   2.3621399126369038e-02	   5.8173494855060737e-01	   4.0331274805800893e-01	   2.4588491288250278e-01	   2.2960033333545035e-01	   2.8402559270949090e-01	   1.8723674230864146e-01	   4.2561662695736618e-01	   2.7610097795361654e-01	   3.8618758996373898e-01	   2.9646163127992425e-01	   2.9618906227828673e-01	   1.8344424699220258e-01	   1.2201430069979911e-01	   1.0337135932525293e-01	   2.7959246271622096e-01	   2.2556689551037240e-01	   2.5179176276606591e-01	   2.9790787193209839e-01	   1.8446060502149486e-01	   3.0899585509104759e-02	   4.3088116647125529e-01	   4.2111547439663594e-01	   4.4706586640735602e-01	   4.3078234932507681e-01	   5.0778289161668866e-01	   4.5990350384791367e-01	   5.0671304552399388e-01	   3.9461288320253979e-01	   4.7289882100117880e-01	   4.3643828345962737e-01	   3.9194518268854811e-01	   4.9985297252056871e-01	   3.8826892574031702e-01	   5.0234786871409332e-01	  -1.8543261356807542e-01	  -1.8064505137221659e-01	   3.8544539977996389e-01	   1.0012438498836942e-01	   3.1665712016639413e-01	   9.3895282657409485e-02	   8.6719603498149417e-02	   6.9099802651726799e-02	   4.2509245743427038e-01	   2.4046226429200443e-01	   3.4396156185877574e-01	   2.0844256018680779e-01	   2.3937825888860151e-01	   3.1124567972982846e-02	   2.5940645131970441e-01	   2.1170283370977799e-01	   4.3602290991387682e-01	   4.5092308296491423e-01	   3.6563180175840160e-01	   4.7035118606730658e-01	   3.4003714306680188e-01	   3.7327539252548891e-01	   1.7286470483919522e-01	   3.7416591110448805e-01	   2.2924477730480369e-01	   4.1136060277486453e-01	   5.4637394933036987e-01	   4.3852688439250520e-01	   4.2307433501309361e-01	   3.7956800812267633e-01	   4.5387874647743454e-01	   3.6964092194545017e-01	   5.0077007763787751e-01	   3.0266596265790979e-01	   3.0527932315021328e-01	   5.7230503392171816e-01	   2.4620065526164814e-01	   6.4295820597621645e-01	   3.0026580409644021e-01	  -5.0544456599373330e-02	   4.4871030922276822e-01	   3.4350241038488660e-01	   4.7598918168097093e-01	   5.0684837056331511e-01	   1.3031891952012037e-01	   4.0663304436683995e-01	   5.8767845931452373e-02	   3.0859943093441017e-01	  -6.5279994519810994e-02	   2.5634458207230260e-01	   2.7792224954600037e-01	   2.7202009784933601e-01	  -6.2368916177901010e-02	   4.1299797799625770e-01	   4.4241088978813931e-01	   4.0799373130946048e-01	   6.0197254751308071e-01	   3.8284778221871096e-01	   1.9698149353334554e-01	  -1.7415348081036039e-01	
  -1.2255771500779572e-01	   1.2585862276533066e-01	   6.5592580334792053e-02	   6.2619050784309271e-01	   1.9611505586008404e-01	   8.3956332148829005e-01	   2.9487230162916689e-01	   7.0497845045804963e-01	   4.0966806624680296e-01	   0.0000000000000000e+00	  -1.7986010389123546e-02	   5.4778331671551528e-01	   2.9718160401000426e-01	   6.0958916728182255e-01	   2.3683387507246234e-01	   5.5569989775774520e-01	  -6.7541519168510811e-03	  -2.2728299011024737e-02	  -5.4703265417152043e-02	   1.3716056759807621e-01	   1.7525001312111899e-01	   1.5385787471835904e-01	   5.2762004877795543e-01	   7.2933218246854037e-01	   2.3184069126260559e-01	   3.9024865388950097e-01	   2.0156846400999329e-01	   5.8043779038965437e-01	   9.3252631663476498e-02	   1.8272517818237621e-01	   4.4918253168757050e-01	   5.3219713284774339e-01	   2.7655928632662330e-01	   3.6789360717412173e-01	  -8.4003067387086044e-02	   2.0909971270643271e-01	  -6.7911806820257922e-02	   2.1457734335232037e-01	   4.7876814499385537e-02	   1.5035424347416559e-01	   4.1752865326726021e-02	  -5.3746846220432222e-02	   1.6454116567867888e-01	   1.5528812793597396e-01	   2.4208452441133277e-01	   3.4924079998222024e-01	   2.6933127222474745e-01	   2.0457558420696456e-01	   3.6096202180286174e-01	   4.1347198828144649e-01	   3.7876622658495873e-01	   4.3653564622541391e-01	   3.7268409893724441e-01	   3.4962016970122650e-01	   3.2426104749245199e-01	   3.8298207516562832e-01	   4.1661422681737864e-02	   6.3977485221656449e-03	   3.2694307709435955e-01	   5.6817363493460804e-01	   2.1286392215901473e-01	   5.6466255156291378e-01	   5.2757622400455145e-02	   6.4913377026358965e-02	  -3.8354847631862799e-03	   5.7994416403632443e-01	   2.7647030573894404e-01	   5.3637591111930849e-01	  -1.0259826029811049e-02	   1.0009318414341949e-01	  -1.2479996459446946e-01	   8.3222742534692168e-02	   6.8774396019428294e-02	   2.2262426022479626e-01	  -1.2330968478359990e-01	   1.1941828992037815e-01	   1.1240456147682094e-01	   2.4010029616949749e-01	   1.5695380765042292e-02	   7.1525915864099066e-02	   2.0867319350604896e-01	   1.3667865986826611e-01	  -1.2248662812291984e-02	   1.7260827650018826e-01	  -1.1445845368450166e-02	   3.2041803806580393e-01	   2.5660800950556596e-02	   5.6563084308362252e-02	   1.6479860112936950e-01	   4.4160958264910077e-01	   4.5645228475290978e-01	   9.1312548401477484e-02	   5.8278119646749837e-01	   3.9837118929290656e-02	   1.7444532863818440e-01	  -6.3245284744707350e-02	   2.3509433331039664e-01	   2.5902453658721059e-01	   3.3596364153648728e-01	   1.8767583164181012e-01	   1.9750080998416430e-01	   1.9390386901220258e-01	   5.8834283071256557e-02	   2.2209068682122443e-01	   9.9607525956095677e-02	   1.0655567225547936e-02	   7.7643440208477160e-02	   1.0909791035941427e-01	   4.6602860049454797e-02	   2.1482348135200136e-01	   2.1574554500894827e-01	   2.3244896625224759e-01	   2.7960916084596993e-01	   6.5976651652354973e-02	  -2.5298658387835064e-02	  -5.2177374950744496e-02	
   6.6576136263475982e-01	   4.1978104107287034e-01	   5.4441202796292398e-01	   1.7132463313360813e-01	   5.5521442819590139e-01	  -1.7169383689548756e-01	   5.4798081280669964e-01	   1.2049494729644743e-01	   5.6278989779379396e-01	  -1.7986010389123546e-02	   0.0000000000000000e+00	   5.0291325035150403e-01	   7.0568023746622743e-01	   2.9339790697034807e-01	   6.5214246720351399e-01	   4.2071517929915014e-01	   1.9615866761941111e-01	   2.8317886188212837e-01	   6.7635978862805402e-01	   3.5006984306634092e-01	   1.9422311050415356e-01	   8.0069704868664882e-02	   2.5795186378743112e-01	   3.4433689647437975e-02	   8.7544543147249354e-02	  -2.7899331861737549e-02	   1.7169495624876596e-01	  -1.4855778536938741e-01	   5.4428561223333261e-01	   3.2607335647994096e-01	  -6.9609684116048783e-03	  -2.4688915804833220e-02	   8.7159659457707622e-02	  -4.9781677926400932e-02	   2.4155066161777417e-01	  -9.3818477842495196e-02	   4.9698081925903553e-01	   3.0041914891256516e-01	   3.7432212584898933e-01	   3.8363129816494873e-01	   3.0339872984697991e-01	   1.9984734407766314e-01	   3.0144504204718020e-01	   2.8328801913516510e-01	   1.8521697245835728e-01	   1.7072279685135991e-01	   3.4661724879610667e-01	   2.8951689002950165e-01	   2.4008933963152743e-01	   1.3338205568336403e-01	   2.7846009960574758e-01	   2.3971306003771653e-01	   4.1598888597899514e-01	   2.8882393116899940e-01	   4.2997004589849758e-01	   3.9105397876023551e-01	  -3.6738077585506526e-02	  -8.3625780612782530e-02	   4.1510066092545550e-01	  -1.1635864393020065e-01	   2.9419842640206523e-01	  -4.4737742084820828e-02	   8.2991395080585034e-02	   1.3962520264060177e-01	   4.3739974827819206e-01	   9.5505451855987039e-04	   2.1341573023172283e-01	  -6.0232971140368213e-02	   1.8553900332283429e-01	  -5.5826050878837012e-03	   5.4261551386370077e-01	   4.5936901978742317e-01	   5.5195283726139777e-01	   4.7302686897180063e-01	   5.9946247437552902e-01	   5.2965584006932775e-01	   6.3398000833533086e-01	   4.5385578285040590e-01	   3.2827030964161141e-01	   5.8346349647739071e-01	   3.2001409820301313e-01	   5.4177259375764797e-01	   7.7605912844137181e-01	   4.8502121018893041e-01	   5.3293229182086777e-01	   3.3606741248986810e-01	   6.4979391882417703e-01	   5.6608152911418674e-01	   6.3738115813489471e-01	   2.8016370042599859e-01	   1.6830768151098580e-01	   5.5110525529254950e-01	   6.9660525924436889e-02	   5.4157450665350182e-01	   1.8629622099178628e-01	   7.2740809902165623e-02	   4.8933332373864979e-01	   3.2638185930968644e-01	   3.5950443629478662e-01	   4.9354451059916793e-01	   1.9050171592148157e-01	   3.2805867916113651e-01	   1.2995747040775402e-01	   2.6470368922347703e-01	  -1.1794514277860613e-01	   1.9430780451850488e-01	  -1.2669023464069677e-02	   2.0935322370824189e-01	   5.3220374792322098e-02	   4.8355817018945552e-01	   5.4670225526129634e-01	   4.5681736388000371e-01	   5.1765309093466172e-01	   4.7882567589421154e-01	   2.0945344353692452e-01	  -1.6443538608382868e-01	
   4.6532103217328391e-01	   2.9674210582281396e-01	   3.5456044455479896e-01	   5.5551048328387709e-01	   3.1145002933495258e-01	   3.5883805973276406e-01	   6.2936356032888430e-01	   7.6020419859498811e-01	   4.9523293028326237e-01	   5.4778331671551528e-01	   5.0291325035150403e-01	   0.0000000000000000e+00	   6.4203150402236564e-01	   8.4004337927456296e-01	   4.4570032706318219e-01	   6.9574638372420550e-01	   1.1798232857390384e-01	   8.0063614906224961e-02	   3.2481336741665878e-01	   2.8306273339553972e-01	   4.6752888501613238e-01	   2.6176726936624506e-01	   5.1555632762904735e-01	   5.3017495250336721e-01	   2.4824158474713082e-01	   2.5531838237236226e-01	   1.3745627247935102e-01	   2.2887920555232411e-01	   4.0904897171097426e-01	   3.4254218937305081e-01	   3.9114259643501370e-01	   4.1221322800410953e-01	   2.8451280023654713e-01	   3.1051006583463320e-01	   1.2707143636701318e-01	   1.7482495482075791e-01	   3.0867272274879043e-01	   3.3053712305631755e-01	   3.9681507825983486e-01	   4.5447016757071179e-01	   3.7877651048271377e-01	   7.9192890867141347e-02	   3.2996842075226840e-01	   2.7234771753937947e-01	   2.3855350821331975e-01	   3.0128697408197591e-01	   4.3501693413340914e-01	   4.0230047301042471e-01	   3.6379616014549920e-01	   3.1530614825514180e-01	   3.8195368463898105e-01	   3.9154165128648988e-01	   5.6653081406712902e-01	   3.7496741395810357e-01	   5.6115446912097877e-01	   6.3788822960318847e-01	   1.6557376902199011e-01	   1.6727196703428790e-01	   6.0265574323096538e-01	   5.4688380703717465e-01	   5.8450501131165034e-01	   6.2644873067514828e-01	   2.6359808672940321e-01	   3.3508354075138880e-01	   2.5829036808239536e-01	   5.0431212533281156e-01	   5.5967435193537574e-01	   5.3207069820736330e-01	   8.9601935847761272e-02	   1.2915765501534870e-01	   2.6022541664256377e-01	   3.4009576904094679e-01	   5.2866698104652521e-01	   4.3493328225503902e-01	   4.2947087939137191e-01	   3.9877307926639022e-01	   4.4207577807565801e-01	   4.8476337186701063e-01	   5.7509138305214855e-02	   2.2034673718836170e-01	   2.9707068630897737e-01	   2.8807695032134617e-01	   4.7384973548932890e-01	   2.7442547941735285e-01	   3.3122458240318442e-01	   4.9636626192531197e-01	   4.1492467167432445e-01	   3.3481160652579162e-01	   5.9055249096273044e-01	   6.3019809104817304e-01	   5.4398939783696532e-01	   4.1803144891724653e-01	   4.9593790789521297e-01	   3.7077091336594764e-01	   3.6634550813921746e-01	   1.8351296987230495e-01	   5.2098875293611691e-01	   5.7315506533137395e-01	   5.6294513899128473e-01	   5.8167751169913484e-01	   3.8976307747310157e-01	   5.5882673983698150e-01	   2.9937520158050446e-01	   4.7698567381054224e-01	   4.0203700706048118e-02	   1.2100121550288752e-01	   2.2532602752730832e-01	   3.3901355339835060e-01	   1.5494321487240081e-01	   4.5096290157956842e-01	   4.7061616310136967e-01	   3.2942903409443064e-01	   3.6529627439345441e-01	   3.8462562362215802e-01	   7.5836400251473876e-03	  -1.8166995093407085e-01	
   4.1170496715415544e-01	   2.7031837923706276e-01	   3.1962945680539295e-01	   1.0319944106911505e-01	   4.4537948645625791e-01	   8.6403070155559189e-02	   5.8130051706411323e-01	   3.5850833404277604e-01	   5.8614600090360713e-01	   2.9718160401000426e-01	   7.0568023746622743e-01	   6.4203150402236564e-01	   0.0000000000000000e+00	   6.9480588376536900e-01	   6.2112370152864904e-01	   5.1892372917063823e-01	   9.3747452075615703e-02	   1.0644987995557761e-01	   3.6269204707780567e-01	   2.6399608342113962e-01	   2.1870055018134429e-01	  -5.8340734723724086e-02	   1.6659788510788659e-01	   8.0617721834392989e-02	  -1.0953511703033212e-02	  -2.1173930115706077e-02	   8.5533306523905533e-02	  -2.3569138641868305e-02	   4.0950626353837727e-01	   2.1787346720858169e-01	   3.9590403692961653e-03	  -3.6665654664705075e-02	   7.3382203608212973e-02	  -4.6121055166194625e-03	   6.3861859018790115e-02	  -5.0873117023486597e-02	   1.8703200115437524e-01	   1.3285336588093816e-01	   3.3372485617102055e-01	   2.3330337018547517e-01	   1.4970341106144305e-01	  -3.1916184365065686e-02	   1.1722253635927728e-01	   1.5626872115029997e-01	   2.0230500014715824e-01	   1.4838129842185890e-01	   2.7922072359881911e-01	   2.0289317399570081e-01	   2.1387197297944713e-01	   7.5672058478765708e-02	   7.9942626572145389e-02	   2.5689792839326979e-02	   2.0973432143993329e-01	   5.4816435890822898e-02	   3.0150821488503421e-01	   2.5741923678617917e-01	  -3.2655133203709413e-02	  -6.3639074641125351e-02	   5.3146616125197355e-01	   1.9840571766345477e-01	   5.3764172666039667e-01	   3.3441872846628373e-01	   8.0179434190534249e-02	   1.2385981132622326e-01	   2.3722461508575871e-01	   1.6604931536793241e-01	   2.3885769667980003e-01	   7.4789305179295190e-02	   1.0200075643849431e-01	  -2.1125408843854075e-02	   2.9109091407526011e-01	   2.8611530771411103e-01	   3.8058394016276331e-01	   4.0344530838820525e-01	   3.6022091862943484e-01	   4.4833800691015668e-01	   3.4468599616963602e-01	   3.9253433662875947e-01	   1.4526486397509214e-01	   4.3539832694460334e-01	   1.4858375795264034e-01	   1.9417803423026753e-01	   5.0170447721601086e-01	   1.5319882122446732e-01	   2.0795776211726691e-01	   1.0816827614730842e-01	   3.1157513220400729e-01	   2.0894431162488900e-01	   5.6334215400208099e-01	   2.9412538430584340e-01	   1.3938523556275081e-01	   3.3389286681785407e-01	   1.4183101260620939e-01	   3.7566758775346742e-01	   2.4819660657386949e-01	   1.7226772614941735e-01	   3.6808038745814031e-01	   3.5980845628334979e-01	   2.9244438601982559e-01	   4.2482655781206752e-01	   1.6114190294608272e-01	   3.8161615542209043e-01	   1.2982818709539173e-01	   2.6171179104333658e-01	  -4.7140608801272313e-02	   1.6671878602600554e-01	   8.3309180226613308e-03	   2.3698766788442391e-01	  -1.3266858876388322e-02	   4.0858175092292759e-01	   4.1791586200288827e-01	   2.8093173318376230e-01	   3.7488182738256648e-01	   3.7046595085898160e-01	   3.1417237674244945e-02	  -1.4376459546639400e-01	
