   0.0000000000000000e+00	   7.2986702557181826e-01	   5.8868456019118953e-01	   1.5371401472125368e-01	   2.5127997068113112e-01	   1.6984713224373452e-01	   2.8603533295881511e-01	   5.5221635108006838e-02	   1.4989883467064896e-01	   1.9378494304155360e-02	   4.8307238417685372e-01	   2.7226425317491210e-01	   4.1252097560754603e-01	   1.5670388569719909e-01	   6.4972341433435410e-01	   4.4719326196511278e-01	   4.1534827624141407e-01	   4.7331324661947305e-01	   8.0392583457287259e-01	   7.1298446274293004e-01	   4.9771101367238402e-01	   5.4399325754709693e-01	   2.4912429729749042e-01	   1.5427143622856196e-01	   3.1310745510171023e-01	   2.5400918046659149e-01	   4.0089769908406941e-01	   4.0310527479068059e-01	   2.9501775786301376e-01	   2.1304109371957636e-01	   3.5502602799543603e-01	   2.5535713077727568e-01	   2.1287378256579098e-01	   2.9528303090798341e-01	   1.3149855705211161e-01	   1.3120738891674802e-01	   4.3930513847090236e-01	   5.8049739642343279e-01	   4.2945475074472772e-01	   5.2781162575385110e-01	   4.5518248554724899e-01	   7.3016043067036740e-01	   4.9502354777861945e-01	   5.6471735199477180e-01	   4.4328187747193992e-01	   5.9681735901404054e-01	   5.2183773040815806e-01	   7.0130729449671403e-01	   4.5066604271945732e-01	   4.4263173203653616e-01	   5.2695090676226064e-01	   4.1140435597465685e-01	   4.2876905047676173e-01	   4.3727683627509534e-01	   6.3692738153455053e-01	   6.1072240687655532e-01	   5.9834684400933824e-01	   2.6185607523129206e-01	   1.8247810368057416e-01	  -2.0208669361557868e-01	  -7.3379576870271539e-03	  -2.9936541585225440e-01	   8.1403273845192206e-02	  -1.4097569050362113e-01	   3.4240343739474495e-02	  -5.1617833249112503e-02	   3.7075388546317745e-01	   2.4476406140362084e-01	   4.6184797128455046e-01	   6.1662998688587178e-01	   5.5122722448694805e-01	   5.1558971724306579e-01	   6.0620934489809430e-01	   5.7438974578554702e-01	   5.7384514807814457e-01	   4.6801770811372911e-01	   6.2789403078595607e-01	   5.9841832321036492e-01	   2.7717990643434898e-01	   4.1796221851367338e-01	   4.5043598499384907e-01	   4.6868949475713928e-01	   7.3909210727360863e-01	   5.5537834062958125e-01	   5.2736041469974249e-01	   3.8822955754319188e-01	   5.7000457189109099e-01	   5.4448435300113407e-01	   5.6460856833295270e-01	   4.9720184843757548e-01	   4.7303185943649595e-01	   6.2104548906507684e-01	   2.5897435003451819e-01	   2.8164490134158676e-01	   3.4504253919338029e-01	   3.5302846844651981e-01	   4.7589687627377097e-01	   6.3784873242064755e-01	   7.0193915546851404e-01	   6.9879283466983644e-01	   1.8832819268797441e-01	   3.1940658837722974e-01	   3.5616263691358124e-01	   5.4222597494257974e-01	   2.2733574372450863e-01	   2.9909116186037499e-01	   2.6706324674577890e-02	  -8.2318702518323211e-02	   3.6313388532787198e-02	   1.9589148329724437e-01	   6.0065359294482168e-01	   4.7694453209513493e-01	   4.3698825081715509e-01	   5.6261417368339994e-01	   3.9519558338426675e-01	  -4.4497677836848287e-01	
   7.2986702557181826e-01	   0.0000000000000000e+00	   2.7137791563509062e-01	   8.8778890601850818e-02	  -9.9424602189065833e-02	   3.1671059640598805e-03	  -7.5612600029033548e-03	   9.7884122501154122e-02	  -4.1332733965936232e-03	  -9.6076684959973513e-02	   1.0053738514430366e-01	   2.1035783200280320e-01	   1.0245718323057294e-01	  -5.2283036143691064e-02	   3.5179905760325159e-01	   1.7612149141544806e-01	   4.0775970377996568e-01	   3.1338735718512190e-01	   6.2456336062230522e-01	   6.2056103633583448e-01	   3.0051604872469340e-01	   4.6203777592535933e-01	  -2.8111191900477922e-02	  -8.7012663667094717e-02	   5.4601695943637563e-02	  -8.9876900226022911e-03	   2.3771814217210860e-01	   1.2160307043076532e-01	   1.1639263392326218e-01	   3.2685379246592913e-02	   6.8731592450529552e-02	   6.6877293507998592e-02	  -1.2971003014801129e-02	   1.7279006617286752e-01	  -1.1667964539264868e-01	  -2.9399458685037832e-02	   3.2871842723817990e-01	   5.7418424423292180e-01	   1.1382782847830697e-01	   3.5859719671419199e-01	   3.0982081296763253e-01	   6.3865455230744650e-01	   1.8124432945739036e-01	   2.5441600796650005e-01	   1.1275680109534147e-01	   3.1992616288560966e-01	   3.0380181699849840e-01	   5.2275210447054632e-01	   2.0736320959806018e-01	   3.4088312842087376e-01	   2.5835190133261454e-01	   3.0754712093497838e-01	   3.6474320874522714e-01	   2.7745277890255571e-01	   3.9954212522141741e-01	   5.1440486033396304e-01	   6.3668464584522677e-01	   5.1460718416151774e-01	  -5.9580171021396157e-03	  -7.6290664105535269e-02	  -1.4201020108499079e-01	  -1.7608947202296593e-01	  -3.9936328213414661e-02	  -1.9597659825692609e-01	  -2.4768682527643496e-01	  -2.7886948302522918e-01	   1.7772394194454630e-02	  -3.6001212013553038e-02	   4.5189287894244790e-01	   4.3823568575117600e-01	   4.0097872205156665e-01	   4.2255119295440291e-01	   5.8955221569113536e-01	   6.5253534533617319e-01	   6.6360438432675473e-01	   5.2767554574082720e-01	   4.7718116323265247e-01	   4.6778266948145086e-01	   1.2039726909735715e-01	   2.5718252419582999e-01	   3.3844499097238129e-01	   2.4102336396726121e-01	   6.0124967836236709e-01	   4.0486751571727220e-01	   1.0955144853767505e-01	   9.2963098565116892e-02	   5.3315878554699470e-01	   4.5736768563730412e-01	   3.0733119303027057e-01	   3.1080841605223852e-01	   3.3488312760563033e-01	   4.2214231835536176e-01	   2.9491504459400897e-01	   7.2800872275324446e-02	   2.6820804719211400e-01	   4.4867315038072431e-01	   3.1523413144289980e-01	   5.3303471554758919e-01	   6.0842991995997064e-01	   5.0454334808669188e-01	   3.4279362544950753e-01	  -6.0343566121829707e-02	   6.1714757476633308e-01	   3.1697744093082575e-01	   4.1102632662596339e-01	   3.8918119891188879e-01	   1.7279134146977410e-01	  -1.1164367930755552e-02	   1.9010143421021003e-01	   4.1154112106777074e-01	   4.6762167049891756e-01	   5.4265931885693086e-01	   3.5064857936468519e-01	   6.4405533638548018e-01	   5.2291679150417214e-01	  -2.7755673712433299e-01	
   5.8868456019118953e-01	   2.7137791563509062e-01	   0.0000000000000000e+00	   5.5103096580470656e-01	   6.5329801452679559e-01	   2.3460264615703891e-01	   6.6736404341785516e-01	   2.5377692304232741e-01	   4.2757592745967482e-01	   2.7228776146595418e-01	   6.5256297070132807e-01	   3.5802147143818353e-01	   5.9045773349954167e-01	   4.5380392801108754e-01	   8.1577678070035842e-01	   5.9979533556159192e-01	   2.0576412482252265e-01	   2.8610527246558226e-01	   6.2087316795863168e-01	   5.4175543649739311e-01	   5.4467823730518439e-01	   3.9425718946670874e-01	   7.4390443517616323e-01	   6.4889966047995562e-01	   6.8328520652377744e-01	   6.4056330055406896e-01	   5.0427372034660412e-01	   5.3436477427013829e-01	   2.1908997738998870e-01	   1.3964563053430221e-01	   5.6316310192157926e-01	   4.9181048761757284e-01	   5.0925054551394822e-01	   4.5251263068294273e-01	   6.4931865832638835e-01	   5.0984559475499103e-01	   3.1374377580894952e-01	   2.8758078505974211e-01	   5.8189672325324526e-01	   3.5953078475532402e-01	   4.8716701473008511e-01	   4.9438455209855331e-01	   5.8517217411106670e-01	   6.2966986896280042e-01	   6.6687698364893577e-01	   5.1105696004370715e-01	   5.2168405186259104e-01	   6.4357500442481042e-01	   5.0880057528206302e-01	   3.3446516512844809e-01	   6.3433662648796507e-01	   5.2732325728238927e-01	   2.3624369548722823e-01	   5.0140634602093836e-01	   5.2945544098166775e-01	   3.2260574620532306e-01	   1.0723225420422877e-01	  -8.3191734418373811e-02	   3.1808715373825280e-01	  -1.6904526209219639e-01	   3.2240086999488726e-01	   2.3020596214641784e-02	   3.1140885432150145e-01	   1.4231843695757940e-01	   7.3224542846876461e-01	   6.2930593896152354e-01	   7.0501981869673136e-01	   6.1355494848949088e-01	   2.0775354437566085e-01	   5.3152550351447914e-01	   3.8160400574564102e-01	   3.3684470103256947e-01	   3.7249497121571556e-01	   1.9746577243298646e-01	   2.2309678169937852e-01	   3.0888021668936172e-01	   4.1641401350073759e-01	   2.9561787954933705e-01	   2.5081080031693459e-01	   1.9033058536173869e-01	   3.2098103275431411e-01	   3.3986207601206903e-01	   6.5305178818385701e-01	   5.1241610754735767e-01	   6.6748148029959564e-01	   5.5274560021002039e-01	   3.8178978806259434e-01	   3.3517574392547389e-01	   7.3144468950415287e-01	   6.8446871081737237e-01	   5.8331188975181969e-01	   6.1715420392012299e-01	   4.8230623390800259e-01	   6.0602247412148447e-01	   2.0770251577803690e-02	  -5.7564603714010301e-02	   4.0875908633559499e-01	   3.3247216570362093e-01	   4.9792847239367416e-01	   5.6004419574764575e-01	   3.4107998117445026e-01	   5.8136089848482408e-01	   1.6877163927554398e-01	   5.0504193049639290e-01	   2.3596435692317946e-01	   3.2727118424754342e-01	   1.3678463307265787e-01	   1.6549285462773952e-01	  -2.1375948346091667e-01	  -9.1999811095322369e-03	   5.2797490170483630e-01	   4.0155218723326747e-01	   2.9885683848931804e-01	   3.3785422996177139e-01	   1.4882970769947235e-01	  -2.9887839261170751e-01	
   1.5371401472125368e-01	   8.8778890601850818e-02	   5.5103096580470656e-01	   0.0000000000000000e+00	   2.7732153286530087e-01	   2.0114733452246858e-01	   3.6873675128951189e-01	   3.9162189609537790e-01	   2.2279965742455379e-01	   2.6412522923195442e-01	   2.6456334579124319e-01	   4.1965095237422961e-01	   1.4919452034503913e-01	   3.9111140074954115e-01	   4.8566116543629967e-01	   7.4753803290663834e-01	   2.7423025413933960e-02	   1.2361247884490420e-01	   3.5852633640851228e-01	   4.8448418928636888e-01	   3.9727255270224743e-01	   3.0079579897332098e-01	   7.1312820830131396e-01	   7.7410440509169287e-01	   5.7320804380429635e-01	   6.5067873074454619e-01	   4.6144361163845549e-01	   3.3718799069442118e-01	   1.3511500783517344e-01	   2.1061039122506919e-01	   4.8731299613547113e-01	   5.8352658688361103e-01	   4.1730749912974430e-01	   4.5199895658197520e-01	   5.0857209276043447e-01	   4.5393382712296620e-01	   2.1329303596547516e-01	   2.9211783710607347e-01	   3.7353742892527586e-01	   3.0582637983381494e-01	   3.8433146093613368e-01	   3.9277344658970070e-01	   3.1983941774802804e-01	   3.6549525889794388e-01	   2.9242915899113853e-01	   2.8805964808797402e-01	   3.3024200181918278e-01	   3.8047627083267288e-01	   7.7319400388334916e-02	   1.7156118347002508e-01	   3.3874970195082998e-01	   4.0660861505320511e-01	   6.5606011638211448e-02	   3.3410937166495458e-01	   2.1123298923415618e-01	   2.8616685979998768e-01	  -1.0672194119418155e-01	  -1.4261893665195446e-01	  -5.5907766509247309e-02	   5.5367846971245936e-02	   8.8754225923323590e-02	   2.3922588025419769e-01	   3.1996443955983611e-01	   2.7505297710963239e-01	   5.6766656805204618e-01	   6.4024418205257128e-01	   3.3747230283891405e-01	   5.6160740166896583e-01	  -6.1928760864415483e-02	   3.3994628189210541e-01	   2.3499086148582535e-01	   2.3411181832914418e-01	   1.8798169017212685e-01	   1.4663103947708750e-01	   1.6264677542212885e-01	   2.9335614873802196e-01	   1.8576011609686174e-01	   2.1580936083961907e-01	   1.0769131351142114e-01	   2.9329474221458422e-02	   2.3558139509973453e-01	   2.3692715105185500e-01	   4.1458884199263796e-01	   5.7193885636613429e-01	   4.3689885167183262e-01	   7.1337769382824123e-01	   2.5714888287742749e-01	   3.8334374397930177e-01	   4.1575694060478569e-01	   6.8936907105615719e-01	   5.3499773690435526e-01	   4.3282720075472059e-01	   5.4651541518941094e-01	   3.8954658752084803e-01	  -2.2991105220564287e-02	  -1.7169785578812433e-01	   2.0285265252184492e-01	   1.2473675991612995e-01	   3.3322655881991109e-01	   2.8517830472911765e-01	   5.6234662903904620e-01	   3.0762269604909287e-01	   2.9832040252801706e-01	   2.8850791895430339e-01	   1.7262610902405856e-01	   3.2612683358164651e-01	   1.2010215083107817e-01	   9.5781314964835496e-02	  -2.9704559087888249e-01	  -7.2545680610101596e-02	   2.8596903542585245e-01	   3.6443418503028663e-01	   1.9371834455882186e-01	   2.4693098287997112e-01	   1.2485852231866290e-01	  -2.4311093995642286e-01	
   2.5127997068113112e-01	  -9.9424602189065833e-02	   6.5329801452679559e-01	   2.7732153286530087e-01	   0.0000000000000000e+00	   5.3234875821627015e-01	   7.5977211347655582e-01	   3.7337679367031373e-01	   6.9418170476224050e-01	   4.9436462053793584e-01	   7.6493524678198976e-01	   4.7806671271478063e-01	   7.3641859284477273e-01	   6.6279716028948910e-01	   6.9764945090662922e-01	   4.7437620300084138e-01	   1.5442353743300924e-01	   3.6556755364064836e-01	   2.9537814949577829e-01	   2.7699166377701778e-01	   4.6549780841469224e-01	   3.5207262413833029e-01	   4.9409261260730047e-01	   4.3296636293695923e-01	   4.4868640469669252e-01	   4.2993326856379810e-01	   5.0852146523771669e-01	   7.1464472283844582e-01	   3.7659359268807713e-01	   3.6967968248062205e-01	   3.5677874237820340e-01	   1.9322557688680897e-01	   3.0944043118384035e-01	   3.0825631687485744e-01	   3.3946906767261620e-01	   2.4287926905555401e-01	   1.7847846747012924e-01	   1.3843845134666399e-01	   5.1206240471185338e-01	   2.9685652103553700e-01	   3.6575877741085727e-01	   1.7518285389452115e-01	   6.0069380581451270e-01	   5.0157890888372048e-01	   6.0907111751334764e-01	   4.4936901218121594e-01	   5.1472264267883761e-01	   4.0206303629781903e-01	   6.1976068820628183e-01	   2.7230366187157640e-01	   6.4457503169653796e-01	   3.6764557456061520e-01	   3.2192158802247245e-01	   4.6235262684872869e-01	   4.9897924906392133e-01	   1.9781968277129261e-01	  -9.3541429148075465e-04	  -7.8023655922547452e-02	   5.7264688860735891e-01	   6.7213392178497311e-02	   5.2620179048294247e-01	   1.6456662658402244e-01	   3.1708416257332622e-01	   3.1537126703868096e-01	   6.0114052682572117e-01	   4.6565873148049164e-01	   6.3925366943274109e-01	   5.0479447227458241e-01	   1.9250724365663002e-01	   4.9476497809229092e-01	   2.1886048189403418e-01	   1.7187624436025237e-01	   1.4136660947086377e-01	  -1.0587289645243660e-01	   3.0724584314219348e-02	  -5.4916797809046652e-02	   3.3793188535093749e-01	   2.2363008408797685e-01	   3.9235930993919377e-01	   2.0892318125614115e-01	   3.4191962271349552e-01	   3.5336972311485643e-01	   2.9079951695591927e-01	   4.7226096552283581e-01	   6.3051126182519934e-01	   3.6440013920872816e-01	   4.8369199869563978e-02	  -3.6554946086457096e-02	   6.5542176448592415e-01	   3.4179976461985434e-01	   5.9172689663308731e-01	   5.6783122556912380e-01	   3.9381312087448883e-01	   7.6718036062463668e-01	   1.8942070234000217e-02	  -1.3227804177110947e-01	   4.2420098488746766e-01	   2.3883730733356204e-01	   4.3546628328302595e-01	   4.5564254839465190e-01	   2.0156701329173388e-01	   7.0331750738270116e-01	   9.0170283421288272e-02	   5.4602539842875131e-01	   5.5617125541289648e-02	   1.9772365915047044e-01	   1.4007963530869988e-01	   3.0583296144118621e-01	  -2.8317030583202862e-01	  -1.0836501195643201e-01	   3.6249919139280434e-01	   2.2368865905533916e-01	   4.1466024053237072e-01	   9.3197124128850256e-02	  -5.0638201947079048e-02	  -7.9986711407606645e-02	
   1.6984713224373452e-01	   3.1671059640598805e-03	   2.3460264615703891e-01	   2.0114733452246858e-01	   5.3234875821627015e-01	   0.0000000000000000e+00	   7.2020695935978318e-01	   7.9054729648459399e-01	   8.4761612780195295e-01	   8.6301098176516378e-01	   6.0770452486116910e-01	   6.8380388679212767e-01	   6.3554884458435779e-01	   6.3262109528326282e-01	   4.7317352019388320e-01	   2.2121755747581451e-01	   1.1517990893644950e-01	   2.0324332041604221e-01	   1.4615829480322454e-01	   1.4227257510324884e-01	   2.8391397436922100e-01	   2.9857451552928838e-01	  -4.1555719619814441e-02	   4.5395812227658171e-02	  -2.2001276526000121e-01	   8.1097899783413890e-02	   1.3496383954098984e-01	   5.3385513295618603e-01	   2.9461172808452324e-01	   2.5534922409708249e-01	  -2.7715676016743407e-02	  -7.2509674152113776e-02	   9.2925546850602925e-04	   2.2463664873283057e-01	  -2.5256603455122006e-01	  -1.6144915330715542e-01	   1.1581139004957105e-02	   7.5872077277213415e-02	   1.8292187473261848e-01	   2.0451754653026291e-01	   2.4912060105000683e-01	   1.2884805589966739e-01	   1.9377014056383338e-01	   9.1310377136564785e-02	   2.8435048336466090e-01	   4.5825477406398041e-01	   2.5899281887461101e-01	   1.0191749424968102e-01	   5.0966790329884282e-01	   4.3069536733968250e-01	   5.2996375330166279e-01	   4.4462897287297076e-01	   5.8165686489281621e-01	   4.6844953850905796e-01	   3.6191637727310733e-01	   2.9889282555772545e-01	   1.9617869205760291e-01	   2.2108595034238476e-01	   6.2364088363866399e-01	   5.1672632065403079e-01	   7.1046322318730815e-01	   5.7468669122080351e-01	   4.9235649544510424e-01	   5.0493379151883933e-01	   2.2263034400964987e-01	   4.7028821012390767e-02	   1.2357746234189179e-01	   1.0098973605209786e-01	   1.0259070334148740e-01	   3.0134003794742392e-01	   1.3289230879244737e-01	   8.3592970594401489e-02	   2.4474768775115754e-01	   3.7126095913055740e-02	   1.7561858067541283e-01	  -1.8149529526547303e-02	   2.8765593279532586e-01	   2.4873215726287307e-01	   1.8268076778893244e-01	   1.6869483921960132e-01	   2.9198445446223709e-01	   2.6778237440424446e-01	   1.4532268983641011e-01	   2.8279198505658254e-01	   2.2242183483547334e-01	   1.7067674377837586e-02	  -1.6708006064803729e-01	  -1.9118510443535630e-01	   4.2664406290255169e-01	   3.3861451711025037e-01	   4.3349243811453420e-01	   3.7033227235992583e-01	   2.6151660887789663e-01	   3.7213344985211882e-01	  -4.9038458453082946e-02	  -1.3331179910421287e-01	   1.8317034984034153e-01	   1.2404106710116160e-01	   4.0594084881357667e-01	   3.8058389499661066e-01	   2.4383198941085329e-01	   4.9097818868857285e-01	   1.6440446316672316e-01	   3.8077695421592900e-01	  -1.9720899646256868e-01	  -9.4136853935738674e-02	   1.7203827975129382e-01	   2.1671524078322041e-01	  -9.4355560474088024e-02	  -1.0872117710500993e-01	   3.5349797308565259e-02	   1.5244559148476697e-01	   4.6142481087770759e-01	   1.3935014965504436e-01	   3.8224846468810088e-02	  -1.9327542337731612e-01	
   2.8603533295881511e-01	  -7.5612600029033548e-03	   6.6736404341785516e-01	   3.6873675128951189e-01	   7.5977211347655582e-01	   7.2020695935978318e-01	   0.0000000000000000e+00	   6.9504109189223051e-01	   8.8514952000278391e-01	   6.8341570021669384e-01	   7.7582240583288720e-01	   6.0352280820700366e-01	   7.6221591225096663e-01	   6.8242793044357108e-01	   7.0883864135725883e-01	   3.9701583018319986e-01	   2.1347897523590922e-01	   3.1287832324925158e-01	   3.7839805762548984e-01	   2.9921724057888593e-01	   4.6014269865468771e-01	   2.9767959299704461e-01	   3.3349432264825873e-01	   3.0163634757084212e-01	   2.2471564400665575e-01	   3.6869098034660819e-01	   2.0849181356885504e-01	   5.3576690890466250e-01	   4.3048537461782554e-01	   3.3880102830081793e-01	   2.9481256465455191e-01	   1.8263386796356934e-01	   3.3866590399618518e-01	   4.3739487431035567e-01	   1.9678329637543074e-01	   1.5030345742730886e-01	   2.2142490376396329e-01	   1.5238368155393067e-01	   5.0336701071756695e-01	   3.6008250163704092e-01	   4.0189753188677224e-01	   2.1414785411922449e-01	   5.1751382875399887e-01	   4.3566966141165026e-01	   5.3952352867884668e-01	   4.6693322294609885e-01	   4.9861750788053433e-01	   4.0129279584937166e-01	   5.6109677006605174e-01	   3.4203087404288102e-01	   6.3959468425175103e-01	   4.5429844834455246e-01	   4.8468934879101011e-01	   4.7327281338027988e-01	   4.9960374986857986e-01	   2.8999573675744106e-01	   1.1520327662141769e-01	   1.2523564278196248e-02	   6.1238661742357237e-01	   1.8977747818213264e-01	   7.4870184463660794e-01	   4.4002169423772480e-01	   5.2117164835132435e-01	   4.9073230844514604e-01	   5.6577184754363730e-01	   4.1705943587718119e-01	   5.7750085754636971e-01	   4.6649558303936778e-01	   1.9906188384586898e-01	   3.9331022562014895e-01	   2.6335675668089820e-01	   2.1636433107737346e-01	   3.3462747925435909e-01	   4.8898777575738059e-02	   2.1607775571515256e-01	   8.5464621375145350e-02	   4.3713065339815516e-01	   2.8211982639694200e-01	   3.6816992292373207e-01	   2.8073111449124316e-01	   3.8777664062353301e-01	   3.9648159102060088e-01	   3.4377707827110715e-01	   3.9819120301811323e-01	   4.6725920384183695e-01	   2.3154190370861449e-01	  -7.2071627301451710e-02	  -1.0219887279873321e-01	   6.7420345784832492e-01	   4.8122665731954584e-01	   5.4196049537090007e-01	   5.4003362832129054e-01	   3.8829650679712724e-01	   6.1461619042826943e-01	   3.6156547654832935e-02	  -6.1027133501175432e-02	   4.5855299173590591e-01	   2.4587253089885036e-01	   4.5466599949957082e-01	   4.8374958405459478e-01	   3.4382953665087590e-01	   6.9970902035521931e-01	   1.5370745689376158e-01	   5.3383420408235527e-01	  -6.5728035951779548e-02	   1.0087710208089665e-01	   9.8912618912954289e-02	   2.6458680718093858e-01	  -1.3383632943358492e-01	  -5.9811581346507693e-02	   3.0503647320174226e-01	   3.1223547449494155e-01	   4.5481528729243870e-01	   2.0279047039335507e-01	   5.7515282894616014e-02	  -2.7463046829596921e-01	
   5.5221635108006838e-02	   9.7884122501154122e-02	   2.5377692304232741e-01	   3.9162189609537790e-01	   3.7337679367031373e-01	   7.9054729648459399e-01	   6.9504109189223051e-01	   0.0000000000000000e+00	   8.0792348126173397e-01	   8.5570090689075007e-01	   4.7247419887492936e-01	   7.4789147233217301e-01	   5.0867265975645781e-01	   6.2677237111702933e-01	   3.9633644052973527e-01	   2.0214562167666628e-01	   5.2139015247784373e-02	   1.1206098121867283e-01	   1.1291547607525076e-01	   1.8699768933107264e-01	   2.1962987941486473e-01	   1.9738762896189493e-01	  -5.1856654551826073e-02	   6.1726633506259100e-02	  -2.0245490898491775e-01	   8.1445933537085236e-02	  -6.2127147406071392e-02	   2.3321119454501299e-01	   2.6153176722022320e-01	   1.9465055567061693e-01	  -1.0242731148335940e-01	  -4.7661819417416949e-02	  -3.8186893656636293e-02	   2.7864791872039557e-01	  -2.3211143811225060e-01	  -1.1986852305073131e-01	   1.2157530668479560e-02	   1.5102437288613008e-01	   1.2791435705703563e-01	   2.5810259869762375e-01	   1.9943673679597002e-01	   1.0058871222505930e-01	   1.6692242331405843e-01	   6.3647218383985113e-02	   1.2403726658432260e-01	   3.1708993626354609e-01	   2.4265899037419297e-01	   1.0664423493758721e-01	   2.8862357998048693e-01	   3.7959658929687373e-01	   3.8844248688011140e-01	   4.6785490043718125e-01	   4.9390255723022691e-01	   3.6267751423047156e-01	   2.4726844949336929e-01	   2.8322789538950188e-01	   2.4107379916442359e-01	   3.7610400304196573e-01	   5.0887038333706802e-01	   5.9142806377936430e-01	   7.1497184649067536e-01	   8.2581125117180276e-01	   4.8200501926309136e-01	   6.5807376965508857e-01	   2.0874656880564765e-01	   1.7079377585508865e-01	   6.0120070304135825e-02	   1.4140365289236484e-01	   9.2836708331293719e-02	   2.1045884269383586e-01	   1.3397003535267951e-01	   1.6416450811158526e-01	   2.2583882189746496e-01	   7.5631300515638794e-02	   2.6471862271915741e-01	   1.2696986014519673e-01	   3.2198123964883119e-01	   2.2818629694142295e-01	   1.0323423327881935e-01	   5.3987069493346890e-02	   2.5905430348994718e-01	   1.7334746028408060e-01	   1.1820188544238035e-01	   2.9282080057648285e-01	   7.0031560447878255e-02	   4.0478172634829121e-03	  -2.4257994081081319e-01	  -1.7365436316196151e-01	   4.2593832437804563e-01	   4.6022401936574286e-01	   4.2557884420165037e-01	   3.0754127089083255e-01	   4.3063255047027971e-01	   3.0101435110733032e-01	  -2.9288580051368297e-02	  -4.2894435001938017e-03	   2.5110794123633040e-01	   1.3213268880763523e-01	   3.7966037026821020e-01	   2.8986327108963761e-01	   5.0700394674718319e-01	   3.6549074283263222e-01	   3.5875188975268729e-01	   3.0779641512361827e-01	  -5.0084654134382265e-03	   5.0281238298528909e-02	   3.0852867183170452e-01	   2.7586193516850493e-01	   6.0452569801706111e-03	   8.6723961867821525e-02	   7.3139859285490522e-02	   3.2277499945477062e-01	   4.1187738475785640e-01	   2.3951300916781515e-01	   2.5643137190741100e-01	  -1.3016628041393660e-01	
   1.4989883467064896e-01	  -4.1332733965936232e-03	   4.2757592745967482e-01	   2.2279965742455379e-01	   6.9418170476224050e-01	   8.4761612780195295e-01	   8.8514952000278391e-01	   8.0792348126173397e-01	   0.0000000000000000e+00	   8.1392141583853017e-01	   6.8931845124867208e-01	   6.3919909417231235e-01	   7.3085849896318389e-01	   7.1129874800103987e-01	   5.8667634262542512e-01	   2.3036293526554327e-01	   1.4881794734235598e-01	   2.1366865670002760e-01	   2.1370187982037631e-01	   1.8678477830451545e-01	   3.3893270366020412e-01	   2.3283381033446915e-01	   7.5091540708198054e-02	   9.2760354295156153e-02	  -7.9403374128274709e-02	   1.6235100929127216e-01	   1.1950201631125698e-01	   5.1188440422989789e-01	   3.6991641316341062e-01	   2.6411744710938218e-01	   8.2302695852624660e-02	  -5.2725841246573741e-03	   1.0548776498370226e-01	   2.8606294880591498e-01	  -1.2031787400444345e-01	  -7.7375384897219915e-02	   4.7680326719918495e-02	   6.6839138547187427e-02	   2.7835095748119149e-01	   2.5606683500366750e-01	   2.4351205059606315e-01	   7.0042736909142977e-02	   3.3066756136026493e-01	   2.2188548653960849e-01	   3.3283701029087898e-01	   3.3424587446648929e-01	   3.2828554394112014e-01	   2.1796566178256632e-01	   5.1896798793867072e-01	   3.3550237464145904e-01	   5.6928906876358221e-01	   4.3010692216172181e-01	   5.3443717576832150e-01	   4.7204208042366858e-01	   3.9238578178206868e-01	   2.7289162943767664e-01	   1.6114217229482625e-01	   1.2380830232857393e-01	   6.9428322291564504e-01	   3.7798702695570413e-01	   8.0787874423377470e-01	   5.5442768441760493e-01	   5.1992335515475507e-01	   5.2028638258958715e-01	   3.6929994510812370e-01	   1.8366248615322922e-01	   2.9819161656699100e-01	   1.9991624785523213e-01	   1.6363360621398251e-01	   2.8834339554718563e-01	   1.0713528140408396e-01	   1.2468856871143810e-01	   2.2612451707715145e-01	  -5.6011715763077827e-02	   2.0801729495498844e-01	  -8.4451746565226998e-02	   3.0563987706706619e-01	   1.9877565190317376e-01	   2.7008924487901137e-01	   1.9375299422575015e-01	   3.0303377405912413e-01	   2.7696748883989664e-01	   1.8437684358028111e-01	   2.7540476579939588e-01	   2.8168794483308790e-01	   9.1945429648825003e-03	  -1.7542912057062388e-01	  -2.3374678361362280e-01	   5.3323572016171150e-01	   3.6785234579126541e-01	   4.6213318815923671e-01	   4.2373834965283141e-01	   3.0640342489284933e-01	   5.1889349142738606e-01	  -5.0996041875082138e-02	  -5.3425918585625606e-02	   3.0995846257428589e-01	   1.2603431044730068e-01	   3.9367144591741321e-01	   4.2172092359340607e-01	   3.2350863184850176e-01	   5.9003604424307932e-01	   2.0443006527090629e-01	   4.2738828511377541e-01	  -1.1416804908463955e-01	   1.9540295589092886e-03	   1.7516270682054996e-01	   3.1921364061790830e-01	  -8.1903391381215565e-02	  -6.8666369492623738e-02	   1.0275464016952637e-01	   2.0580662598906185e-01	   4.4276997150912045e-01	   1.6426835341148682e-01	   8.6587916088202627e-02	  -1.4422986818180389e-01	
   1.9378494304155360e-02	  -9.6076684959973513e-02	   2.7228776146595418e-01	   2.6412522923195442e-01	   4.9436462053793584e-01	   8.6301098176516378e-01	   6.8341570021669384e-01	   8.5570090689075007e-01	   8.1392141583853017e-01	   0.0000000000000000e+00	   5.4599458404782830e-01	   7.6363385272458295e-01	   5.6546843498376520e-01	   6.8819328655215828e-01	   3.7974361506112475e-01	   2.0231167444578746e-01	   4.5686874703413233e-02	   6.8634109047433195e-02	  -6.4749111863987375e-03	   4.7899395868377631e-02	   1.4777115384823419e-01	   1.9513588170466009e-01	  -3.7906004751387602e-03	   1.1562111903054192e-01	  -2.2022672946552441e-01	   9.2171545985068382e-02	  -4.4786191875784954e-02	   3.4499353810991085e-01	   1.9348445144060478e-01	   1.6374869144830825e-01	  -1.6906797270576635e-01	  -1.2532228975212562e-01	  -4.1029887593919449e-02	   1.9953449145528601e-01	  -1.8060303253072507e-01	  -1.2215935704365627e-01	  -7.7918149408905679e-02	  -7.3842273087584582e-03	   9.7306340598810881e-02	   1.0062546860979379e-01	   1.1611687514133942e-01	  -1.0736022303666550e-02	   9.7046836757532978e-02	  -9.0618218338971157e-03	   1.4356507889690906e-01	   3.4253210194285522e-01	   1.2277557161804237e-01	  -1.2088594672568738e-02	   4.0378213341085911e-01	   3.9040118485249314e-01	   4.5793340017434536e-01	   4.5461618376502211e-01	   4.3852238539826549e-01	   3.5266591579703066e-01	   2.1512142255765271e-01	   1.7101853827560273e-01	   2.1456575865281843e-01	   2.8115981802444268e-01	   6.2767142954175237e-01	   6.2147663624055449e-01	   7.4433167302962455e-01	   7.8637231713968536e-01	   5.8374322180780081e-01	   6.7724875075607605e-01	   3.3697870501884442e-01	   2.5161978155542059e-01	   3.8957717525383712e-02	   7.8643756262350220e-02	   1.4554486179845330e-02	   1.9578334763284355e-01	   1.8741255422250316e-02	   1.5394814310000643e-02	   9.7963151205551338e-02	  -6.7910114000372682e-02	   5.9371094420163320e-02	  -3.7461344075190185e-03	   1.6206855057018907e-01	   1.0292841132380903e-01	   9.7764035623443712e-02	   1.3741755445457497e-03	   1.9556460418748434e-01	   1.4231953620424512e-01	   4.3771923318315614e-02	   1.8862294192734586e-01	   1.5640992568698617e-01	   3.7739035922423086e-02	  -2.6766830535065023e-01	  -2.5628160252975379e-01	   3.9401472558238848e-01	   4.3422146539162843e-01	   3.6564709384426519e-01	   2.2816998686560730e-01	   2.8999436594417782e-01	   3.1246109500910846e-01	  -1.6019990703736509e-01	  -1.9628272940170316e-01	   8.2991103162017701e-02	  -1.6408898143597982e-02	   2.6887685616060747e-01	   2.2774907399942881e-01	   3.0678399879225726e-01	   4.1261397887333473e-01	   1.6343227312096956e-01	   2.5246405253433413e-01	  -9.4958825276194037e-02	  -6.2243937507382267e-02	   2.4762835428781302e-01	   2.4488249089333855e-01	  -3.6200213706872209e-02	  -4.5014832461667778e-02	  -1.5151493164898337e-02	   1.2376707495313925e-01	   2.7243883959504256e-01	   1.0566048418841251e-01	   1.0334786886395740e-01	  -8.8069079183243110e-02	
   4.8307238417685372e-01	   1.0053738514430366e-01	   6.5256297070132807e-01	   2.6456334579124319e-01	   7.6493524678198976e-01	   6.0770452486116910e-01	   7.7582240583288720e-01	   4.7247419887492936e-01	   6.8931845124867208e-01	   5.4599458404782830e-01	   0.0000000000000000e+00	   6.6644984709521449e-01	   8.6816172035546946e-01	   7.8772841195878229e-01	   7.5042080097357355e-01	   5.1469427591750716e-01	   4.3777901024940091e-01	   4.8006355141459850e-01	   4.5977165310474671e-01	   3.8042747458679471e-01	   4.9311661902474702e-01	   4.0374366374696119e-01	   4.1136157457278566e-01	   3.7373584057271636e-01	   2.6757906289930916e-01	   3.1762746391777391e-01	   3.0507657264527877e-01	   5.8813089737514634e-01	   4.6319707249738790e-01	   3.7012653233024934e-01	   3.3454550332244776e-01	   2.0909062059091493e-01	   3.6487503970136825e-01	   4.5213149963088051e-01	   2.0328183005447842e-01	   1.3093901737054955e-01	   3.2451053126762108e-01	   2.3621406432415948e-01	   6.2182204102959449e-01	   4.2422469839233234e-01	   5.5183806252852063e-01	   3.2727226880147131e-01	   5.8667747996450625e-01	   5.1540851824376843e-01	   5.8226360831618440e-01	   5.4149588496245682e-01	   4.7319994360195861e-01	   4.1607819338278096e-01	   5.3370072331834173e-01	   3.6891801444281147e-01	   6.1826259119690863e-01	   5.0520183633215276e-01	   4.2592655287701775e-01	   4.5783507204323270e-01	   6.1142697383410216e-01	   3.6461719326064601e-01	   2.4403597470852767e-01	   9.2413453290816294e-02	   6.1399804007468428e-01	   7.3375004040846653e-02	   6.3912168006251269e-01	   2.3217906449045178e-01	   5.4095421709142166e-01	   4.5997166584527882e-01	   5.0996787163360313e-01	   3.9635807035618253e-01	   5.3412928826825989e-01	   3.9624790275089483e-01	   2.0856504249954275e-01	   5.2859250922372991e-01	   3.6171105395205672e-01	   3.5768748413113516e-01	   4.2218053026581859e-01	   1.7986695376556472e-01	   3.2299254973366598e-01	   1.4217828909310515e-01	   5.0295992818563484e-01	   3.7353804938029361e-01	   5.2918668854930984e-01	   3.4215113049406115e-01	   4.4620220549152784e-01	   4.5182749279753576e-01	   4.8671328965092930e-01	   5.5702040810817655e-01	   6.3575872207524831e-01	   3.6211276587891944e-01	   1.2116343382174125e-01	   5.9301968560604899e-02	   7.7053161298924300e-01	   5.0491822717819068e-01	   5.7929625387196071e-01	   5.3927559426661253e-01	   2.8865930987973165e-01	   6.1460103106947994e-01	  -4.1873336034877945e-02	  -2.1840611619641170e-01	   3.0428804839491919e-01	   2.6204985466700892e-01	   4.8557070533257196e-01	   5.8392477954845734e-01	   2.7267303859167524e-01	   6.7498767756588895e-01	   1.0043113963156269e-01	   5.2221601384291860e-01	  -1.8635339001765578e-02	   2.7642323848947450e-02	   4.6716996281778327e-02	   2.0378582359054775e-01	  -3.5090291053554579e-01	  -2.2363599522646729e-01	   3.1226028866591671e-01	   2.6154560560794049e-01	   4.3790597475739951e-01	   1.8495760400770667e-01	  -4.1602488306396720e-02	  -2.1469862473693757e-01	
   2.7226425317491210e-01	   2.1035783200280320e-01	   3.5802147143818353e-01	   4.1965095237422961e-01	   4.7806671271478063e-01	   6.8380388679212767e-01	   6.0352280820700366e-01	   7.4789147233217301e-01	   6.3919909417231235e-01	   7.6363385272458295e-01	   6.6644984709521449e-01	   0.0000000000000000e+00	   5.5783137684533279e-01	   7.6659279176942463e-01	   4.5909507910417624e-01	   4.0914193774299290e-01	   3.6356756730936168e-01	   3.1843968153973917e-01	   2.3770456899684170e-01	   3.0588733989394945e-01	   2.6442767554194990e-01	   3.8711189631060178e-01	   1.6988551443056524e-01	   2.5972561867144961e-01	  -4.9184777929009528e-02	   8.5226032929853882e-02	   1.6421730975368748e-01	   3.9834496441836975e-01	   2.6802726388348513e-01	   2.7341407718578276e-01	  -6.5063429965488515e-02	   1.0149486606035280e-02	   7.0781290425539573e-02	   3.1046313562005246e-01	  -1.1461921446682066e-01	  -1.0906819401970239e-01	   1.5447989307512527e-01	   2.2878372922366164e-01	   2.5028305607720763e-01	   2.8163862527621453e-01	   3.7373078871992033e-01	   2.9011401785095692e-01	   2.4634734972620098e-01	   1.6844713116951632e-01	   2.2801493300707187e-01	   4.5190557106666707e-01	   2.5562148086025788e-01	   2.0268205385474297e-01	   4.0331858853899394e-01	   4.6150337985324252e-01	   4.4200856202636141e-01	   5.0226503711641646e-01	   4.2798187974610929e-01	   3.1941309085946057e-01	   3.6894082057858391e-01	   3.0998538855985247e-01	   4.2374417399690900e-01	   3.8551679665849981e-01	   4.8782373234993437e-01	   4.6726328447853271e-01	   5.7243756588174222e-01	   6.3402990935055370e-01	   6.0468288906742718e-01	   6.9101399744906755e-01	   2.6834070293375734e-01	   2.7645947414039507e-01	   7.1271434413309687e-02	   1.4199720800523646e-01	   1.3442826320459697e-01	   3.7399983214113336e-01	   2.1418014157585999e-01	   2.2464272059945278e-01	   3.3856915889944128e-01	   2.3622677375022258e-01	   3.8888085769173403e-01	   3.2973786758420331e-01	   3.8024113861226050e-01	   2.7503558640837789e-01	   3.6076070808561062e-01	   1.1480258721912623e-01	   4.0069785461126156e-01	   2.8026802059584127e-01	   3.1314416578958532e-01	   4.8246117118451731e-01	   2.7615395827696043e-01	   2.3472545217934540e-01	  -4.4533811313227700e-02	   2.0107523757655250e-02	   5.9468038439113180e-01	   5.8239425303297732e-01	   5.1299792188174920e-01	   3.7087080219315011e-01	   3.2150225258062165e-01	   3.4257592249425228e-01	  -1.3305272555382580e-01	  -1.6687900905894287e-01	   1.8666883101781037e-01	   1.6594671210754430e-01	   4.3473688411398725e-01	   3.6976081417626272e-01	   4.4705262714665656e-01	   3.3879844388222852e-01	   3.6729755217186666e-01	   4.0229073779605862e-01	   9.8561705549850914e-02	   1.2844955144395806e-01	   2.5838815096736523e-01	   2.2002826257540639e-01	  -1.8898277367918206e-01	  -1.2445066959049513e-02	   1.8708619611371552e-01	   4.1412271421790614e-01	   4.3133227850578593e-01	   3.5055296214925563e-01	   2.1174878564194796e-01	  -1.7340671395755974e-01	
   4.1252097560754603e-01	   1.0245718323057294e-01	   5.9045773349954167e-01	   1.4919452034503913e-01	   7.3641859284477273e-01	   6.3554884458435779e-01	   7.6221591225096663e-01	   5.0867265975645781e-01	   7.3085849896318389e-01	   5.6546843498376520e-01	   8.6816172035546946e-01	   5.5783137684533279e-01	   0.0000000000000000e+00	   7.1016777669679110e-01	   7.1484386587501192e-01	   3.5499596355928498e-01	   2.0512362759128680e-01	   3.4050693442048563e-01	   3.8992325551611240e-01	   3.0186536797613989e-01	   4.2406776091475118e-01	   4.0475150131921844e-01	   2.7175380682256550e-01	   2.3934979507744966e-01	   1.8258153510371902e-01	   2.6073244811869301e-01	   2.2456410492023249e-01	   5.6384314168135408e-01	   3.7690914677515219e-01	   2.2869685116765390e-01	   2.5243096932851528e-01	   1.5944753772931769e-01	   2.6395830132606135e-01	   3.5332412277981129e-01	   1.1440206687547289e-01	   1.1317428018057221e-01	   1.9441595040576043e-01	   1.5678721328069445e-01	   4.4306743210936128e-01	   3.3299886293339254e-01	   4.1097842501546522e-01	   2.7155426588891962e-01	   5.2783755857529280e-01	   4.4036786566213904e-01	   5.2044288914407288e-01	   4.9894258041272654e-01	   4.5054455068879140e-01	   4.0000709159870940e-01	   6.0702610960474779e-01	   2.8112375479356760e-01	   6.3036527491883354e-01	   4.0963411251412929e-01	   5.2604369054171918e-01	   4.8516900643727334e-01	   5.8652449426789188e-01	   3.1265703205742229e-01	   1.8657023365809294e-01	   1.3251850241538971e-01	   6.5365584358991291e-01	   8.8298943020802018e-02	   7.1609423470298772e-01	   2.7786529898722445e-01	   5.1024115178863649e-01	   4.1027585200621747e-01	   4.3616338422438938e-01	   2.8256497081866128e-01	   5.1993425752096400e-01	   3.2694855732866829e-01	   2.6175331511539418e-01	   4.8665770366419592e-01	   3.2924086426525723e-01	   3.1205217678212871e-01	   3.2640327074312703e-01	   1.1398764197085318e-01	   2.6365800406156126e-01	   1.3503262667670235e-01	   4.5164642820105627e-01	   3.1309007070864042e-01	   3.7331556139752409e-01	   2.8534971770847106e-01	   3.5723029759422281e-01	   3.6673714204177266e-01	   4.1182642163336647e-01	   4.2054287895087727e-01	   4.7644009171785739e-01	   2.0385885294956546e-01	   5.7308237605626408e-02	  -3.6075149268757746e-02	   6.9514408001829997e-01	   3.8644574458965547e-01	   5.1992079056382901e-01	   4.9722393052055269e-01	   3.0221815691491721e-01	   6.1750375723124185e-01	   2.2890981677979524e-02	  -8.2278489728108889e-02	   3.6093160994538875e-01	   2.7818032775751789e-01	   4.4811837953919598e-01	   4.7057039607381196e-01	   2.5503442851663694e-01	   6.3313138632709154e-01	   1.2997437183070606e-01	   4.6346766616534973e-01	   8.2303902419715080e-02	   8.7438429920396660e-02	   5.1079600960538228e-02	   2.7800876414541481e-01	  -1.5384328502617273e-01	  -1.3484138229239396e-02	   3.5916154319845311e-01	   2.5627663522979349e-01	   4.5306913609799304e-01	   1.7685413735950511e-01	   8.9393319432632956e-02	  -1.8048495482168031e-01	
