   0.0000000000000000e+00	   7.8717527704977597e-01	   6.1038959548927385e-01	   4.2492790017173016e-01	   3.8465117356898626e-01	   4.6381026555106369e-01	   5.8793533495972838e-01	   4.8063403345656319e-01	   6.1989009448785604e-01	   5.7715702840752914e-01	   7.4639245680205391e-01	   6.3246602779098549e-01	   6.7476906999158148e-01	   5.4321648873194595e-01	   6.6190923178710626e-01	   6.1297963910482101e-01	   5.3926437980543451e-01	   6.7353577144716170e-01	   8.1083612880829659e-01	   7.8790290881996239e-01	   4.0566847672078216e-01	   4.6856113935548893e-01	   3.4843795364018060e-01	   3.7989647397385362e-01	   1.3889644035289564e-01	   2.7605488342486084e-01	   1.4015633916852963e-01	   3.4003215500114398e-01	   6.1472448531091595e-01	   6.3361970832171521e-01	   5.1814198301411629e-01	   5.2292270396192975e-01	   8.1008591603558033e-01	   7.5178009092398912e-01	   2.5345493029018185e-01	   2.8353601231028092e-01	   6.6887308318639538e-01	   5.7127605778633805e-01	   6.0525440563758237e-01	   6.2032520633697819e-01	   6.1163993525667759e-01	   5.7941878550431580e-01	   3.5666631262799503e-01	   4.5815023333648253e-01	   2.5533766962663040e-01	   4.0184768307876995e-01	   5.1844681120182279e-01	   4.7985944977543560e-01	   1.8976543389754810e-01	   3.7821059848450606e-01	   4.6223212672249481e-01	   5.7242922542750763e-01	   5.8538775714364633e-01	   4.7476750497624531e-01	   6.9248726009351669e-01	   6.8134046695559114e-01	   7.3427044598866342e-01	   6.9800772114292808e-01	   6.7096105754791957e-01	   3.5732255225682796e-01	   6.2652178790246338e-01	   5.2006717782839085e-01	   5.0751984788167914e-01	   5.5385552246142433e-01	   4.7593512097206869e-01	   3.3086142648036743e-01	   4.7626178695704802e-01	   3.7219896937782737e-01	   6.7449692264866123e-01	   5.9780311323254987e-01	   5.3942588247944712e-01	   5.1937882997668583e-01	   5.4674629217854276e-01	   6.3898153667716739e-01	   6.0018163095031607e-01	   7.4734456499474988e-01	   7.4076524660086129e-01	   7.5739331416376965e-01	   6.0357147678469636e-01	   5.8416290976922436e-01	   6.0586460145855581e-01	   7.5439107743158473e-01	   6.9259222320982561e-01	   6.3221280817911740e-01	   6.7344138452736613e-01	   6.5131670575280676e-01	   3.5880092156864130e-01	   4.3818175429965278e-01	   6.5887428077292332e-01	   6.0870589426203536e-01	   4.7703802491596026e-01	   4.2243655202999147e-01	   3.6817410207511014e-01	   3.3650912273910050e-01	  -2.9584083752791046e-01	   9.1039933557278824e-03	   5.3180400570787745e-01	   4.0970882109620882e-01	   5.9937370931113099e-01	   6.4511686712578908e-01	   4.5484026764969976e-01	   3.0470294009754445e-01	   3.9625644280407069e-01	   3.9921105552417330e-01	   1.1421142059830285e-02	   1.2018029540544316e-01	   1.3792352014067014e-01	   2.4268663772583524e-01	  -2.8975846491367874e-01	   7.5417722671713081e-02	   4.8506366627709196e-01	   4.3944236142929338e-01	   3.8528874209561836e-01	   4.3569722291400553e-01	   2.6542102162733239e-01	  -2.7247389046535120e-01	
   7.8717527704977597e-01	   0.0000000000000000e+00	   3.5536387700410899e-01	   3.8390939457616535e-01	   1.9970565800413573e-01	   3.1703384108023269e-01	   1.8201727362826425e-01	   2.2142773265093657e-01	   3.0262668142748456e-01	   3.9008323364808328e-01	   6.0949089847336424e-01	   6.6043074025486870e-01	   5.2865069801789399e-01	   5.0615482732030803e-01	   5.2270121302936579e-01	   5.7723726084358506e-01	   7.9851604515086994e-01	   8.6378560990612352e-01	   6.9158631981553276e-01	   7.9460726433431828e-01	   3.9398819041143895e-01	   4.9501225311431740e-01	   2.6117860208227828e-01	   3.3070698870929477e-01	   6.9821307939622490e-02	   2.0055761471750150e-01	   1.8268268332739229e-01	   2.7838256741471368e-01	   7.4469155279623456e-01	   7.7759309800320509e-01	   2.7927152370711655e-01	   2.9826917185704593e-01	   7.4354859109641347e-01	   6.5904192617787138e-01	   4.0335301655352748e-02	   1.9716685218664022e-02	   6.5556888393912072e-01	   6.1324531434109542e-01	   5.5933062522378707e-01	   6.3636957252516058e-01	   7.0738333218374261e-01	   7.4419592605283680e-01	   2.3104830971695484e-01	   3.4813357994039340e-01	   1.6861815250004497e-01	   3.1628135623398745e-01	   4.0847283005092305e-01	   3.1242478735504875e-01	   8.9866392409347712e-02	   3.5818760119632287e-01	   4.5226109549872590e-01	   4.9240179780162702e-01	   4.5568426816492968e-01	   2.4192378788693786e-01	   6.3987587573669868e-01	   5.9282140302252007e-01	   8.6179263800329575e-01	   9.1109161024308016e-01	   5.6175494649484481e-01	   3.4187890388514097e-01	   4.6001318529958607e-01	   4.2612301866248115e-01	   7.0345355326020342e-01	   7.2676142571453406e-01	   1.7095814360465478e-01	   2.1580221247682702e-01	   3.1182803869962344e-01	   2.6325927920050496e-01	   7.0691082173605857e-01	   6.6243773547045992e-01	   5.2782808647250090e-01	   5.0073837317276471e-01	   7.2889544176811305e-01	   8.1710966078779423e-01	   6.8599292538476786e-01	   7.6979739892326116e-01	   7.2450894365921770e-01	   7.2858068471244408e-01	   7.8732080491533796e-01	   7.9170798797627739e-01	   7.8217140919121864e-01	   8.2310755978671213e-01	   6.8016988640819187e-01	   6.1451143401980224e-01	   6.3722540406726724e-01	   6.1372727605588895e-01	   3.0011077843026368e-01	   4.1335477470051185e-01	   5.6364312346719880e-01	   4.6772666364323290e-01	   2.3304483785811217e-01	   1.7651286126427215e-01	   1.7636014356190191e-01	   1.6647641322776935e-01	  -3.7285685884384928e-01	  -1.4620832605824082e-02	   4.9647123023873319e-01	   3.6920477404352259e-01	   5.0732078155504690e-01	   4.6417689098950043e-01	   2.8573378814975237e-01	   1.2002300464611459e-01	   3.1752253614564580e-01	   1.3206316715731128e-01	   8.6693350428104332e-02	  -3.4268339542982307e-02	   1.6306358033827761e-01	  -2.2474327527875211e-02	  -2.6565733962088189e-01	   2.4300898533760613e-02	   4.0306941676853147e-01	   3.5188432097624694e-01	   1.9019405142202003e-01	   3.0629358807931900e-01	   1.0112249188511960e-01	  -6.4984128222058263e-02	
   6.1038959548927385e-01	   3.5536387700410899e-01	   0.0000000000000000e+00	   7.5027280490912696e-01	   5.5949879390969071e-01	   4.4808806583438621e-01	   7.4062143180817142e-01	   6.2428341729875170e-01	   6.0931075536275647e-01	   5.3854777474126903e-01	   4.6733143525270371e-01	   2.3916784813507957e-01	   3.4125097342830768e-01	   2.8618660619095049e-01	   7.1053004494331518e-01	   6.3672159786893112e-01	   1.1669084708769002e-01	   2.3864312295851264e-01	   7.2854608183801295e-01	   6.4632880425303474e-01	   4.4894502170834061e-01	   3.3088321261130427e-01	   7.9046923009674375e-01	   7.0827302450522056e-01	   4.8141895144843866e-01	   5.8635318648721491e-01	   2.8814067779858488e-01	   4.0135815301261363e-01	   2.4290148298222242e-01	   2.7008743453427986e-01	   7.3993237210531582e-01	   7.1626620907250138e-01	   5.5962923527576436e-01	   5.6796216615496009e-01	   6.5377495624882676e-01	   6.0447135955489872e-01	   4.5439050143368609e-01	   3.5823592612366650e-01	   3.5936639881104260e-01	   2.8927440067374027e-01	   4.2031704644832357e-01	   3.1972498715210318e-01	   4.7101526038009633e-01	   4.6696041453530501e-01	   4.3978885555089864e-01	   4.9988729809793631e-01	   5.6894047586507146e-01	   4.5608967224241359e-01	   3.5215487678917506e-01	   4.1447918229757802e-01	   5.6377813978273283e-01	   5.8319534798416162e-01	   5.7358740988583845e-01	   4.8295453634530361e-01	   6.5248433982143406e-01	   5.3869517280285661e-01	   4.0959447167741414e-01	   3.2876098782214785e-01	   3.6423906080667001e-01	   2.5198066546495834e-01	   2.9336187865372387e-01	   3.1937697471902027e-01	   6.9482365091736720e-02	   1.2958152075144536e-01	   8.1221103391498417e-01	   4.6233190609605590e-01	   5.0472701138066889e-01	   4.8065487190026535e-01	   3.9563813281393678e-01	   3.1631770225763628e-01	   4.5966881117814162e-01	   4.1225879526295994e-01	   3.0816538592922088e-01	   3.5767410711491460e-01	   4.6900877204665437e-01	   5.6231248983141047e-01	   4.8166246516900824e-01	   5.3988495276034942e-01	   2.9533620628086410e-01	   2.6039413628864061e-01	   2.2183117607283220e-01	   4.4281149867701358e-01	   6.3588744788392915e-01	   6.1015566937121535e-01	   7.8992084854322386e-01	   7.7217871543337813e-01	   6.4201826428431197e-01	   6.1401078894139571e-01	   7.5812151536412764e-01	   7.0742461258295586e-01	   4.5830172500302668e-01	   5.3047987502535787e-01	   5.6501261220611676e-01	   5.9518880812079522e-01	  -3.3212540032279964e-01	  -1.2584632081226149e-01	   2.7291474485921535e-01	   2.7315759113014143e-01	   4.3001622047738164e-01	   4.2308960334478596e-01	   4.7312895893773743e-01	   4.3781182571697896e-01	   2.5140222317879257e-01	   2.5184675154975950e-01	   7.3214403149567779e-03	   4.9552440425447297e-01	  -1.3443744580598793e-01	   5.6620953979313444e-02	  -3.3182782104458430e-01	   8.8301412017162406e-02	   3.1780332641836062e-01	   4.2894006127341533e-01	   3.6634755074365499e-01	   3.7909472556366186e-01	   3.2740610970749040e-01	  -3.5367341625954146e-01	
   4.2492790017173016e-01	   3.8390939457616535e-01	   7.5027280490912696e-01	   0.0000000000000000e+00	   5.6679573535444194e-01	   6.4147136523313186e-01	   5.3479430704451292e-01	   7.3384660627704257e-01	   4.1005074558674565e-01	   5.3707123531925482e-01	   3.6586580142544589e-01	   4.0791685027770519e-01	   3.9097971678007148e-01	   4.9429377174865391e-01	   6.3541342368397702e-01	   7.1093266700579894e-01	  -1.7376160426052372e-02	   1.7301998481872405e-01	   5.2112996955038549e-01	   5.5366961608784915e-01	   5.8727764600652166e-01	   5.1823750648324096e-01	   7.7046129978958744e-01	   9.0278452068211867e-01	   6.4206407183250058e-01	   7.7333253614741126e-01	   4.1471930373940435e-01	   5.7974371022582760e-01	   9.3275409431568146e-02	   3.0205064798203718e-01	   5.6592932262091056e-01	   6.7247880190414566e-01	   4.5577512633661493e-01	   5.9946299099165268e-01	   6.1857086473868039e-01	   6.0856905481200185e-01	   4.9371804837771727e-01	   4.6667754534280698e-01	   3.9370770462204796e-01	   4.0243969796822260e-01	   4.0535919568109707e-01	   3.9843171661796828e-01	   3.8340336801123132e-01	   4.4227452087010655e-01	   2.7980334144813312e-01	   3.6891099851788245e-01	   5.1944015112138020e-01	   3.5603317240589405e-01	   2.7574676425899347e-01	   3.3806053745431708e-01	   5.3831783623760621e-01	   4.7269582368304380e-01	   5.2812520943312191e-01	   3.2766471323258095e-01	   6.5676140647940540e-01	   4.7674878498551876e-01	   3.1178801113247856e-01	   2.9714379913725081e-01	   2.3507498573868602e-01	   4.3724094959437287e-01	   2.8035229856671706e-01	   4.7698465203612028e-01	  -4.3684005318877062e-02	   5.2283366879557341e-02	   6.9782429614507024e-01	   7.2868588374023402e-01	   4.0497166099343906e-01	   5.3990302738920304e-01	   4.4835590259297070e-01	   4.9058115312764011e-01	   5.4605396178405163e-01	   4.7476159761415909e-01	   2.6979993343921799e-01	   3.7132564315797156e-01	   4.3866691931810681e-01	   5.6085822022390142e-01	   4.7952248037618278e-01	   6.1570805716078358e-01	   2.3094513652523507e-01	   3.2010945188737489e-01	   1.0942812118094747e-01	   3.5427942810585661e-01	   5.5402403728537530e-01	   6.1005777086294144e-01	   6.9555331811642729e-01	   7.8686222714752518e-01	   6.1539662197919576e-01	   7.3312216880867787e-01	   7.5787423892955907e-01	   7.6182694447360089e-01	   3.5721554768516856e-01	   2.7406432550788523e-01	   5.5501071160222826e-01	   3.6444667689570531e-01	  -5.0621244257264164e-01	  -1.8496317070896270e-01	   3.0607153799416786e-01	   1.6813401130148631e-01	   3.3347353935139540e-01	   1.7833921751940562e-01	   4.5877534787645713e-01	   2.5134027572732759e-01	   2.1508107610069443e-01	   6.0817879436308189e-02	   1.4436976400052975e-01	   3.2810203520143860e-01	  -7.6412671033954771e-02	  -2.7694002218363205e-02	  -4.4629901739454947e-01	  -1.0304104371445949e-01	   1.9239590626638753e-01	   3.2758486652925600e-01	   2.9901619088647252e-01	   2.6106362786874882e-01	   3.4225307427225737e-01	  -2.6091929246272993e-01	
   3.8465117356898626e-01	   1.9970565800413573e-01	   5.5949879390969071e-01	   5.6679573535444194e-01	   0.0000000000000000e+00	   6.9756621661505624e-01	   6.1608480872384208e-01	   6.1613310391543996e-01	   6.6557643891415419e-01	   4.5738269413122074e-01	   4.2010057499907238e-01	   3.2356878194840805e-01	   4.5474645245285306e-01	   3.9983265904514098e-01	   4.4749563685315302e-01	   4.1130270934136648e-01	   1.9191249917348541e-02	   7.7343098833046617e-02	   3.2599470834488042e-01	   2.2693160419461694e-01	   5.4919798368143480e-01	   4.0328886922460727e-01	   4.8190727576252601e-01	   5.4924164750195770e-01	   7.1077027235329293e-01	   7.6022181638259601e-01	   7.7839958466088821e-01	   8.2442131678930952e-01	   1.3213643535108444e-01	   1.3962153317487086e-01	   3.7309071498313690e-01	   3.7949674895011476e-01	   3.1310586176832922e-01	   3.8050177555152659e-01	   4.3584153125932423e-01	   4.4076346913836789e-01	   4.5459421584476251e-01	   4.1049854538091357e-01	   5.3959351258002985e-01	   4.5806459749754602e-01	   4.9211077006015980e-01	   3.6289959886079670e-01	   3.8376242432334484e-01	   3.6952497067107004e-01	   3.1470471648142362e-01	   3.3754676990851207e-01	   4.4294208564457871e-01	   3.5227878624079106e-01	   3.3729817348535684e-01	   3.4416678777617393e-01	   4.7441167378147070e-01	   3.7630366165861939e-01	   4.8512997646817940e-01	   3.2760116964302388e-01	   6.0526360778315524e-01	   4.8506658117099349e-01	   1.8142485686722293e-01	   1.5243767821930512e-01	   4.3640993287104801e-01	   4.4757190281646181e-01	   4.8703114888290544e-01	   4.7178585772216336e-01	   1.5064683658335508e-02	   1.0049986960917701e-01	   6.8551098765044083e-01	   5.8811732970728581e-01	   5.1114706943268362e-01	   4.7366375150323625e-01	   2.1927539372941324e-01	   2.3828852634397554e-01	   3.4195751835673199e-01	   2.8588329052176120e-01	   1.2649772588767680e-01	   9.3028276940920557e-02	   2.9215320289362434e-01	   2.3978438319784171e-01	   3.3620641376622978e-01	   3.4468846693397964e-01	   8.0295276566624385e-02	   9.5763467440857480e-02	   9.7425585588267874e-02	   2.2225622633548553e-01	   3.8296787650825426e-01	   4.9272799433087744e-01	   5.3692589774728516e-01	   5.1343446243959334e-01	   5.3959895189006790e-01	   6.1999883102126341e-01	   6.5921467195303163e-01	   6.4051161933360690e-01	   3.0381136417912424e-01	   3.9107161511157523e-01	   4.1499478416153812e-01	   4.3947818450099674e-01	  -9.3039540759509709e-02	   6.2718618225185901e-02	   3.0752746876516268e-01	   2.1043169647356921e-01	   3.4775960691334501e-01	   2.6887702711598266e-01	   3.5022940658760182e-01	   3.5138041959513455e-01	   1.2177104855577620e-01	   1.7355557917305653e-01	  -1.5062345217325299e-01	   1.4648234550870476e-01	   9.9303197119824271e-02	   1.9426226887144882e-01	  -1.6093328350870814e-01	   8.0389572733275641e-02	   1.6239131716659649e-01	   1.5885654503488589e-01	   2.6195240757919525e-01	   1.2459832723974835e-01	   3.3916048958414780e-01	  -3.4037669463385734e-01	
   4.6381026555106369e-01	   3.1703384108023269e-01	   4.4808806583438621e-01	   6.4147136523313186e-01	   6.9756621661505624e-01	   0.0000000000000000e+00	   6.4378728721604328e-01	   8.5355632504646151e-01	   6.2475601189852326e-01	   7.6788626077299815e-01	   4.9130873403655301e-01	   6.1804365244136994e-01	   6.5916016375552988e-01	   7.1164341437686840e-01	   4.4204345584558002e-01	   5.4291631992000555e-01	  -2.5153708680929698e-02	   1.7476951321316844e-01	   3.7050522050934509e-01	   3.1074638950501587e-01	   5.9344208426072220e-01	   5.8645918577475453e-01	   2.7307974120864409e-01	   4.9763604517370719e-01	   4.4913160334967744e-01	   5.7483261943770769e-01	   3.5797997414989025e-01	   7.6723616477413970e-01	   1.6891701829547701e-01	   3.3549730569920511e-01	   2.9361484655574932e-01	   4.3264835604542806e-01	   3.9931327172287506e-01	   5.2600052056129987e-01	   3.3459879127325909e-01	   4.3356740820792111e-01	   5.2641889179619672e-01	   4.7783864798203096e-01	   4.9128118726706882e-01	   5.4319539426441721e-01	   4.6009753582342422e-01	   3.5525645456835420e-01	   3.3364931322316260e-01	   3.6006200885667106e-01	   1.5923446832506133e-01	   2.1487302707345257e-01	   4.7281628292745703e-01	   3.6874146103779643e-01	   3.0845002176441227e-01	   3.2600844486945241e-01	   5.2626304191937634e-01	   4.5231935799815159e-01	   6.3094115068078005e-01	   4.4045191003084061e-01	   6.5528284756480870e-01	   5.2549844861517703e-01	   1.8561073156132291e-01	   2.1202608470300702e-01	   5.7128138109930715e-01	   7.2519725793900736e-01	   6.0853421205077995e-01	   5.9984072517164977e-01	   6.5618662551150599e-04	   9.6093050188657186e-02	   5.5230941167132841e-01	   6.4600166575933926e-01	   5.7878229643471135e-01	   6.0985179232518183e-01	   2.6625765741587509e-01	   4.2876575618850532e-01	   5.3439270771746306e-01	   5.1782939212692125e-01	   3.0821117128136499e-01	   3.3403839581656586e-01	   3.9395888455532307e-01	   4.2019257661825415e-01	   4.8719185982269947e-01	   5.2522279113322101e-01	   6.3390587959923167e-02	   1.8897534566774643e-01	   5.4016296859065407e-02	   3.0153477742581941e-01	   3.1189066245995806e-01	   4.3410091465625433e-01	   5.0269279912167186e-01	   5.1890835998067320e-01	   3.8125544348661566e-01	   5.3846905675586743e-01	   6.0674615658000919e-01	   6.7363848142054672e-01	   4.8712822844650794e-01	   3.4530410230441333e-01	   5.1856791430849780e-01	   3.6890582764119234e-01	  -2.9730415446506231e-01	  -8.6662458065383918e-02	   3.4042651117626482e-01	   1.8998325092132273e-01	   4.2169566709945794e-01	   3.3627650258155523e-01	   4.6767988918315540e-01	   3.8485596521721083e-01	   3.4378574093135328e-01	   3.9459151487465294e-01	   2.1110596924686123e-01	   3.2421886010660050e-01	   2.4405828301059934e-01	   2.8757890475062980e-01	  -2.0126309353225602e-01	  -4.4870545481236326e-02	   2.2861936794250748e-01	   2.9800728775668578e-01	   4.2644092675546263e-01	   2.3743038143352679e-01	   5.3106739568977501e-01	  -2.1419919287404154e-01	
   5.8793533495972838e-01	   1.8201727362826425e-01	   7.4062143180817142e-01	   5.3479430704451292e-01	   6.1608480872384208e-01	   6.4378728721604328e-01	   0.0000000000000000e+00	   8.3850117523027135e-01	   8.0630754055318565e-01	   6.7405321036395638e-01	   3.8065322584117850e-01	   3.0602214920486642e-01	   4.5831968342694790e-01	   3.4519692021007425e-01	   4.2760493665673999e-01	   3.7251397554243626e-01	  -4.8421235404338070e-02	   1.6063529347712932e-01	   5.2752658921010764e-01	   4.0826799377409029e-01	   5.1477719383288889e-01	   4.4739985064591747e-01	   3.6159524676834370e-01	   4.1567339378358975e-01	   3.9328617491045897e-01	   3.9163939950832655e-01	   9.2005018468453270e-02	   4.7073449416761715e-01	   1.8390905580753716e-01	   1.6099156930549408e-01	   6.0124064994708004e-01	   6.3542391278056520e-01	   5.5156797884023390e-01	   6.1541031084222197e-01	   5.2391554542874674e-01	   6.1804259255653315e-01	   4.6338623001477230e-01	   3.6663685924182110e-01	   3.9183519369024211e-01	   3.3230778292437096e-01	   3.5506206173109883e-01	   2.0588426805162391e-01	   4.3864817593408367e-01	   4.4332773129484238e-01	   2.3791407043194868e-01	   2.8760356914796492e-01	   4.9449523852108579e-01	   4.9234885245416948e-01	   2.2687481990127681e-01	   2.6014625978941347e-01	   3.9095318554132874e-01	   4.2522378785580306e-01	   6.0134508181378066e-01	   5.5027513816147899e-01	   5.6969180275408715e-01	   4.3604873500999058e-01	   1.4932040992402743e-01	   1.2909946935026081e-01	   4.7458874876757201e-01	   4.0087737983143135e-01	   5.6292061439244057e-01	   4.8031845880414692e-01	  -2.3379524437812656e-02	   1.0000286848941034e-01	   7.5530081191745446e-01	   5.3360333775255120e-01	   6.7346852101122856e-01	   6.1125745529958087e-01	   3.0385515001482322e-01	   3.0324852754684900e-01	   4.7852687424443463e-01	   4.7571858813089785e-01	   2.4836642268693554e-01	   2.2999096241952810e-01	   4.1616055889458298e-01	   4.4988396648600426e-01	   5.1073168144020653e-01	   5.0679170540117247e-01	   1.3754073146756352e-01	   1.1513903814558556e-01	   1.4115961278504666e-01	   3.9818636030286858e-01	   2.9190512741852154e-01	   3.3265497113522735e-01	   5.1205369984069693e-01	   5.6725210693273886e-01	   3.2327007080858328e-01	   3.7535352369268382e-01	   5.9195371287355980e-01	   6.1279297339982686e-01	   6.8646077131340666e-01	   6.6936428865025521e-01	   6.3071038594684348e-01	   6.5534475967350903e-01	  -1.6018585208467270e-01	  -3.5877218095660593e-02	   2.6859981996623389e-01	   2.3481430399589442e-01	   5.0596797323965315e-01	   5.8664001828875301e-01	   6.2299985092212107e-01	   6.3521629368274612e-01	   4.4695814068786582e-01	   6.1859150580178168e-01	   1.4564841298238812e-01	   4.6893509532215422e-01	   6.7213592143140044e-02	   3.8136756413546691e-01	  -1.1753181093647123e-01	   1.7023817950629994e-01	   4.2847856057751998e-01	   4.4362690212344869e-01	   5.4095842889739809e-01	   4.7432536369987705e-01	   5.4542270608166721e-01	  -4.9153274917531087e-01	
   4.8063403345656319e-01	   2.2142773265093657e-01	   6.2428341729875170e-01	   7.3384660627704257e-01	   6.1613310391543996e-01	   8.5355632504646151e-01	   8.3850117523027135e-01	   0.0000000000000000e+00	   6.6364247087574635e-01	   7.8472557172509627e-01	   3.6430792282741153e-01	   4.0879907112771074e-01	   5.2856488985253391e-01	   5.0956189865018120e-01	   4.6272417932276200e-01	   4.6407948975589464e-01	  -1.2837356077780504e-01	   9.5394322864891440e-02	   4.4335701266281602e-01	   3.7170144140666328e-01	   6.3070368731969328e-01	   6.1272271649207688e-01	   4.0146540756198962e-01	   5.5916828297009857e-01	   5.4051673272705347e-01	   5.8657587909422038e-01	   1.7731859074665901e-01	   6.3829838000724304e-01	   1.1382410909278770e-01	   2.4061472766229541e-01	   5.9536871024950000e-01	   7.2093216008091265e-01	   5.1096700713508070e-01	   6.8379785300755269e-01	   5.6782446274910270e-01	   6.6130866857293125e-01	   5.0994589098972543e-01	   4.5078395815493927e-01	   4.3773388099456378e-01	   4.5295762288342928e-01	   3.7480722146001283e-01	   2.2798907991592976e-01	   4.6474514580401716e-01	   5.0573462334207187e-01	   2.4098223514202163e-01	   3.0369239864971631e-01	   5.7806707385018807e-01	   5.0581091319315541e-01	   3.0244502840143939e-01	   3.0776656384976869e-01	   4.8610220067110127e-01	   4.4217718132039441e-01	   6.2810014047764917e-01	   5.0709929226012074e-01	   6.5522400676770431e-01	   4.8113429389699575e-01	   1.5677336463939157e-01	   1.4977960193547990e-01	   4.4643081105244486e-01	   5.9632147408752645e-01	   5.4197535195212243e-01	   5.7311191950866680e-01	  -1.2076540875094716e-01	  -7.8531503529894291e-03	   7.1838840811306104e-01	   6.9034460492738992e-01	   6.2708917180665869e-01	   6.7976174836276071e-01	   3.2761172006403338e-01	   4.6265700081787786e-01	   6.2709512547155388e-01	   6.1215692921707987e-01	   2.8543873582917123e-01	   3.0347949992112133e-01	   4.6462436365913756e-01	   5.1665324660145862e-01	   5.6415274223886314e-01	   6.3648721365514604e-01	   8.9583483726788413e-02	   1.8467606978079437e-01	   5.0707439523495150e-02	   3.2408705210121136e-01	   3.6064547086498222e-01	   3.6333419521970228e-01	   5.1655744358730171e-01	   5.6934999658798968e-01	   3.9512749816354203e-01	   4.9573742383291680e-01	   6.1122843737947996e-01	   6.4716364825697681e-01	   5.9836151852288466e-01	   4.6509116581500182e-01	   5.9554352540844113e-01	   4.4443734378954303e-01	  -3.7982397202826435e-01	  -1.5827341614599447e-01	   3.0977593423890581e-01	   1.7593296449124277e-01	   4.7722989591665993e-01	   4.2764254893497211e-01	   6.1664294939198216e-01	   4.4294666910440428e-01	   4.7307972558186018e-01	   4.2701983201336918e-01	   2.1434287216177456e-01	   3.6851020719766803e-01	   6.8797018906743168e-02	   3.3617845260473544e-01	  -2.7524431203024508e-01	   1.2155224528673752e-03	   3.8992453380762726e-01	   4.1145043769735135e-01	   4.4955571022136054e-01	   3.4861453988355995e-01	   5.3319497501503776e-01	  -3.9625005251576839e-01	
   6.1989009448785604e-01	   3.0262668142748456e-01	   6.0931075536275647e-01	   4.1005074558674565e-01	   6.6557643891415419e-01	   6.2475601189852326e-01	   8.0630754055318565e-01	   6.6364247087574635e-01	   0.0000000000000000e+00	   7.5800459451800029e-01	   5.0277150429062212e-01	   3.4916062019273408e-01	   4.2609945643353786e-01	   3.1447287083157616e-01	   5.3334180250111130e-01	   4.4009908520449498e-01	   1.2311539190465487e-01	   2.5245147352766889e-01	   6.1711862396042871e-01	   5.0620635873501862e-01	   3.9411890064184607e-01	   3.0645581192823868e-01	   2.5872244978650444e-01	   3.0813925800781550e-01	   2.1805628329319870e-01	   3.0831286068842795e-01	   2.6165691072295449e-01	   4.9844579987601351e-01	   3.4010306641548471e-01	   2.8788932310264265e-01	   4.3574896033582444e-01	   4.4802943124943340e-01	   4.6516162143406348e-01	   4.7630259981870071e-01	   1.8522655308695174e-01	   2.8678600229218076e-01	   5.0886600029477813e-01	   3.7430349513871775e-01	   3.9468584377911875e-01	   3.1016211132242993e-01	   4.5103116163640877e-01	   2.9390599154337160e-01	   4.6057718568236017e-01	   4.3544940663777132e-01	   3.4021047145251865e-01	   4.1774820884805464e-01	   5.3687042954699626e-01	   5.7460774986911090e-01	   4.0708324621061132e-01	   4.8083216769792358e-01	   5.0622941508531005e-01	   5.8512254811721365e-01	   7.0087684496443303e-01	   6.8392292967149526e-01	   6.3803368129523030e-01	   6.1153760020896264e-01	   2.2233888901310067e-01	   2.3553402971779466e-01	   5.8821201495797504e-01	   3.4999497710667543e-01	   5.2777684443782946e-01	   4.1211672865689553e-01	   1.2113492029066393e-01	   2.0818999064488852e-01	   5.9833448405631517e-01	   2.8813189336516676e-01	   5.3783439958579748e-01	   3.8852638470815415e-01	   3.5874386253794599e-01	   3.2071486092726337e-01	   3.9737580351000679e-01	   3.8155209321880790e-01	   3.1578201013902124e-01	   3.0080376649457125e-01	   4.6958058467832292e-01	   4.3583333345804420e-01	   5.0911105924201938e-01	   4.2298205489538920e-01	   1.4694742131574010e-01	   1.3039112627371022e-01	   2.0570811368894998e-01	   4.3294107195378395e-01	   3.6227573909840971e-01	   4.7627064081434356e-01	   4.5185576669676764e-01	   5.0072495323623734e-01	   2.8298620100214511e-01	   3.8943608685843945e-01	   6.0592816535502947e-01	   6.1848770273963938e-01	   6.8096333831077160e-01	   6.6993379419756860e-01	   5.6987259306624083e-01	   5.7617649756952161e-01	  -1.9461191650801037e-02	   1.4702512332405326e-01	   3.4732375752784311e-01	   2.6695478267762063e-01	   5.8113754259906569e-01	   6.4869077963015054e-01	   5.5967679575478690e-01	   5.3717114203771865e-01	   4.4183675552482149e-01	   5.4611160217544508e-01	  -8.7050519293968912e-03	   3.2291383428737536e-01	   1.8703044399231178e-01	   4.4411356093331578e-01	   3.5604703540933230e-02	   2.0845463721924865e-01	   4.4382017159082593e-01	   4.6058446296289035e-01	   5.5231432678026171e-01	   4.3097555033267426e-01	   5.4353309815250361e-01	  -4.5805429038986140e-01	
   5.7715702840752914e-01	   3.9008323364808328e-01	   5.3854777474126903e-01	   5.3707123531925482e-01	   4.5738269413122074e-01	   7.6788626077299815e-01	   6.7405321036395638e-01	   7.8472557172509627e-01	   7.5800459451800029e-01	   0.0000000000000000e+00	   4.7303349887044155e-01	   4.5525256376421008e-01	   4.8200437778910510e-01	   4.4437637172742078e-01	   4.9643636718629341e-01	   5.2849483332506841e-01	   1.5301747892154557e-01	   3.1970948828968704e-01	   5.9141778588793004e-01	   5.2093934093740291e-01	   5.8110695507251497e-01	   5.0460337433000257e-01	   2.3295166763233310e-01	   3.4760497858868755e-01	   2.0058282579542555e-01	   3.4398436872536575e-01	   1.2997764771490733e-01	   4.9599855240985807e-01	   3.6817330304679380e-01	   4.9247338899109488e-01	   4.4062513488899091e-01	   5.3306076091136723e-01	   5.6230473298060990e-01	   6.0437264646748246e-01	   2.0505773194631294e-01	   2.9235297494431789e-01	   5.8778506033437239e-01	   4.7446632357639801e-01	   4.2829256530616738e-01	   4.6544032770636712e-01	   5.3158890474764742e-01	   3.6434836128953124e-01	   4.3425028310219282e-01	   4.6342632264318018e-01	   3.0592940760797560e-01	   3.9682927947995411e-01	   5.7167384167217250e-01	   5.6830690881989521e-01	   4.2122920275451203e-01	   5.1232124183168182e-01	   5.8931958565202669e-01	   6.3020548166196177e-01	   6.6206640838903674e-01	   6.5917039606948213e-01	   7.0555670989506236e-01	   6.3802187264299248e-01	   2.9665018812297128e-01	   3.5209716620971876e-01	   5.8227961182983967e-01	   5.5477174711187904e-01	   4.4311491906230882e-01	   4.5897022851890090e-01	   1.4149862360912938e-01	   2.1530535377144983e-01	   4.9671152253469869e-01	   3.2455669901928880e-01	   5.4419332387905395e-01	   4.9001813187786908e-01	   4.1088443929947044e-01	   5.9620801424759162e-01	   6.2119296684994707e-01	   6.2506503619448095e-01	   5.4076600734550084e-01	   5.7010095473204259e-01	   5.9603820866748203e-01	   5.8771575383629315e-01	   6.1723646495656015e-01	   6.0991061164414873e-01	   2.0278493919859417e-01	   2.9842322349837314e-01	   2.4577665415583647e-01	   5.0524217138620209e-01	   3.7459614535824914e-01	   4.8533952442078104e-01	   4.9387911586871952e-01	   4.9065783905313526e-01	   2.7422358046157169e-01	   4.6177848502845753e-01	   5.3460154471939370e-01	   5.6533829745518294e-01	   5.9218804287104698e-01	   4.4805866866527777e-01	   4.5578111202908961e-01	   3.8052621814369675e-01	  -2.3651545858909118e-01	  -6.6579177559501239e-03	   3.8385087272055063e-01	   2.6822360714750459e-01	   5.1008832273814919e-01	   5.3128817358156621e-01	   5.0481562940751423e-01	   4.1026845076364726e-01	   5.2211676029384801e-01	   4.7874952164376816e-01	   1.6835890622696795e-01	   3.1643784193889973e-01	   1.4808627730863269e-01	   3.4335278474712561e-01	  -9.4944357060706142e-02	   1.7424272597178059e-01	   4.4474761803895368e-01	   4.4183411359862468e-01	   4.2005024283779785e-01	   4.2572996908190996e-01	   5.0165907956932798e-01	  -2.9450626151353615e-01	
   7.4639245680205391e-01	   6.0949089847336424e-01	   4.6733143525270371e-01	   3.6586580142544589e-01	   4.2010057499907238e-01	   4.9130873403655301e-01	   3.8065322584117850e-01	   3.6430792282741153e-01	   5.0277150429062212e-01	   4.7303349887044155e-01	   0.0000000000000000e+00	   7.0431357987451615e-01	   8.3730898117790686e-01	   7.4504418610724654e-01	   7.6176376996601158e-01	   7.4143674997536069e-01	   3.2510209252024547e-01	   4.8147448238053281e-01	   5.9315301137328325e-01	   5.7036280076255896e-01	   2.0423680329700764e-01	   2.2275080550099777e-01	   3.8809513157931430e-01	   3.9064709508529294e-01	   7.0709051618957131e-02	   2.9729007762615356e-01	   2.7953402322838583e-01	   3.7857482447598462e-01	   3.7168473498074550e-01	   4.6227378155573473e-01	   2.9870240781232377e-01	   2.8448597015575561e-01	   4.3248665936460523e-01	   4.2827818348738733e-01	   1.4554311269046782e-01	   9.9259171939109242e-02	   4.8020429417203769e-01	   3.4059076310146108e-01	   4.5210875714192267e-01	   4.5805633104225091e-01	   4.7024793185863012e-01	   3.9788464507616483e-01	   2.2637395131525048e-01	   3.1474336629161809e-01	   3.4545009104976954e-01	   4.5104058929636937e-01	   3.8182339265939347e-01	   3.0443877341358172e-01	   3.8914873252995619e-01	   5.0453711716112803e-01	   5.4951795475033249e-01	   5.9054833455066369e-01	   5.1783013423590685e-01	   3.8935205788729738e-01	   5.7930821670344235e-01	   6.1801535652314743e-01	   4.9024428713200729e-01	   4.9059250259823828e-01	   5.7809971766057433e-01	   4.5192760169762447e-01	   5.0829744407122390e-01	   4.6048987415507736e-01	   2.4826192872594183e-01	   3.4351825624088866e-01	   4.7469397951950398e-01	   3.1121753643424493e-01	   3.0644356029636544e-01	   2.2904521710382406e-01	   3.8898401041275676e-01	   3.9248778288190078e-01	   3.7754903472138801e-01	   2.9659405771115754e-01	   3.2472447218238010e-01	   3.8823970044295419e-01	   3.5723957651858540e-01	   5.3639045451698442e-01	   5.2310611922281558e-01	   4.7497343021824617e-01	   3.3648257440262891e-01	   3.7862879836470498e-01	   3.2905675477868535e-01	   5.0306565678005555e-01	   6.5991211677101369e-01	   6.8230250045020946e-01	   6.6409595010258171e-01	   5.5720724614340988e-01	   4.3315029275399741e-01	   5.4962312666985680e-01	   5.4466984630541337e-01	   4.9820278938320589e-01	   2.0312374413718856e-01	   1.3980848713949895e-01	   2.2525929479040727e-01	   1.2127083029284463e-01	  -2.4599779859607557e-01	  -5.7756951414506610e-02	   4.2155563546183927e-01	   1.5166120582109205e-01	   3.8099870111209788e-01	   2.9898391686051534e-01	   1.7842956314704683e-01	   1.1099228022814850e-01	   1.1791627251806727e-01	   2.0741469069589638e-01	  -1.8436902515255882e-01	   1.2498463507407517e-01	   5.4904643962712212e-02	   5.4306116687642653e-02	  -3.8570454884548511e-01	  -1.0092809314858693e-01	   1.2618875002235430e-01	   2.6628494861112839e-01	   2.5953065436813860e-01	   2.5529085240322424e-01	   2.2122613470607522e-01	  -1.8026428115863427e-01	
   6.3246602779098549e-01	   6.6043074025486870e-01	   2.3916784813507957e-01	   4.0791685027770519e-01	   3.2356878194840805e-01	   6.1804365244136994e-01	   3.0602214920486642e-01	   4.0879907112771074e-01	   3.4916062019273408e-01	   4.5525256376421008e-01	   7.0431357987451615e-01	   0.0000000000000000e+00	   7.8479712255521716e-01	   8.5004494598172209e-01	   4.0639001129764152e-01	   6.4673045087410719e-01	   3.9110845281605494e-01	   5.9792392102344016e-01	   3.3744759446827022e-01	   4.3827884611882345e-01	   2.9257870484502624e-01	   4.1644678696888759e-01	   5.0017916513075064e-02	   2.9458574246679925e-01	  -5.3799201430389746e-03	   1.8205321487980544e-01	   1.8060573045471390e-01	   4.4715511072334968e-01	   4.7296681339277968e-01	   6.2113464585898548e-01	   5.0286100270474039e-02	   1.6553141820318668e-01	   4.4877855624907653e-01	   4.9495478354275124e-01	  -7.7653753763190961e-02	  -5.5710081123832682e-02	   5.1066156382280004e-01	   4.4053483246666736e-01	   4.7018882560734215e-01	   5.1795731939876710e-01	   5.0745871995925651e-01	   4.8222654032204604e-01	   8.5781402063025980e-03	   1.2314290784560286e-01	  -1.9527098580617405e-02	   7.8413539823811704e-02	   1.7240042632765940e-01	   8.8361432401063700e-02	   9.9192097476687058e-02	   1.8876173597400420e-01	   3.8175954600429557e-01	   3.0797678890371127e-01	   3.8984394612865320e-01	   1.7547292704207126e-01	   4.6155264168561505e-01	   4.1874724578528644e-01	   4.4566005507008144e-01	   5.3304601766898185e-01	   6.7595096586704173e-01	   6.4183819269500586e-01	   7.4888976090807513e-01	   7.8249432951238218e-01	   4.5469241800593535e-01	   5.9038148933150092e-01	   2.3565248731234717e-01	   4.5461769923439560e-01	   2.9426487619615049e-01	   2.9379329655414632e-01	   3.4022733072091782e-01	   4.0233890046501031e-01	   4.9072060964692565e-01	   3.8091610756845534e-01	   4.5140655861530898e-01	   5.2407624231565431e-01	   3.6929050580770884e-01	   5.2806379262998981e-01	   4.7092152998343761e-01	   4.9709100938872774e-01	   3.6937384634712112e-01	   4.8231893972890227e-01	   4.0914807990060031e-01	   5.2711396249258424e-01	   4.0980665346417655e-01	   5.7940734343025491e-01	   4.9058358585206230e-01	   5.0068627197244675e-01	   1.6819136188793288e-01	   4.5369314992948639e-01	   4.3434312876725495e-01	   4.8948315063804265e-01	   1.4595346625057071e-01	  -2.0399560651305011e-02	   1.5162012088286705e-01	   3.0980878196029436e-02	  -3.0174885633950199e-01	  -9.6535548496947066e-02	   3.1785283305700307e-01	   1.2931218766580405e-01	   2.0705111293268461e-01	   1.6347786822501939e-01	   1.4907051608556768e-01	   1.0071254689045328e-01	   1.5659606276472093e-01	   2.6436624230491562e-01	   1.3862668499645961e-01	   9.2131316326301158e-02	   2.2376470624401484e-01	   7.9779199923894983e-02	  -2.8140547204979910e-01	  -1.3234679501771954e-01	   1.4292545207050072e-02	   7.4867596382855714e-02	   1.6680416540161014e-01	   1.1595426792904082e-01	   2.6417440730051184e-01	   7.4396796675511509e-02	
   6.7476906999158148e-01	   5.2865069801789399e-01	   3.4125097342830768e-01	   3.9097971678007148e-01	   4.5474645245285306e-01	   6.5916016375552988e-01	   4.5831968342694790e-01	   5.2856488985253391e-01	   4.2609945643353786e-01	   4.8200437778910510e-01	   8.3730898117790686e-01	   7.8479712255521716e-01	   0.0000000000000000e+00	   8.2880366134166739e-01	   5.5447016031866014e-01	   6.2210062555586643e-01	   2.3611762083072702e-01	   4.9164832619666926e-01	   3.6414551732343953e-01	   3.5900703479654211e-01	   4.0272657270876855e-01	   4.8420895772622752e-01	   2.3892872862042935e-01	   3.6607063114551897e-01	   2.2081747021091541e-01	   3.3729428237353398e-01	   2.3094451861120774e-01	   5.2370585251579316e-01	   3.7658848633674380e-01	   5.1779308685520098e-01	   2.9309749747514330e-01	   3.4502383503921996e-01	   4.6574358967547946e-01	   5.7131032493430634e-01	   1.8857349366789311e-01	   2.1963540401316178e-01	   5.8013869937473017e-01	   4.8011543949717111e-01	   6.4406882598053083e-01	   6.2231370058511892e-01	   5.1979834003765790e-01	   4.3861009324014782e-01	   1.7585551237492228e-01	   3.0063502292451083e-01	   1.3712680750300485e-01	   2.4740542398437160e-01	   3.3498543989650964e-01	   2.4259639244905515e-01	   2.2328882841241202e-01	   3.2146479803740025e-01	   4.4052706417953297e-01	   4.4183226973817924e-01	   4.4448667107355089e-01	   3.2833580249946054e-01	   5.7202923955990825e-01	   5.3468608092296432e-01	   4.4443079856607409e-01	   4.3830732534027211e-01	   5.5134213055265668e-01	   6.1081605751031409e-01	   7.1311139985206595e-01	   6.5075925361107423e-01	   2.1091019274432526e-01	   3.4692710885837719e-01	   4.9082254232704470e-01	   5.3251677713386536e-01	   3.9886206766913318e-01	   3.9189446752111962e-01	   2.8937656312484805e-01	   3.9924611167094270e-01	   5.2215026146612842e-01	   4.2593677991678069e-01	   3.1721763635271993e-01	   3.8041342010309448e-01	   3.1437962937291236e-01	   5.2069190846810054e-01	   5.5005335226204932e-01	   5.5477243840815005e-01	   3.1369501302100111e-01	   4.5447394700057819e-01	   2.8813476147651784e-01	   4.9113168554035214e-01	   5.4546417115182311e-01	   5.6753389112311037e-01	   5.9382885709339850e-01	   4.9532515178106945e-01	   3.7960792658815923e-01	   4.9134916913688953e-01	   4.5972910772309700e-01	   4.5556179844523637e-01	   1.8610468841988770e-01	   3.3698212931457493e-02	   2.0831647928650388e-01	   4.1642128674858128e-02	  -2.4900667877513752e-01	  -2.3139651220258853e-03	   4.8901413982841846e-01	   2.2376473631299468e-01	   3.5130153526730123e-01	   2.8141632845450287e-01	   1.8216302784702953e-01	   1.2283462761835956e-01	   1.2086547854169574e-01	   2.5298366569732528e-01	   1.9886709011038606e-02	   1.6230541619911729e-01	   1.3993216541509423e-01	   9.4337317769121840e-02	  -3.3830964223045323e-01	  -8.8601430728490652e-02	   1.5001298588999601e-01	   2.1809470301256695e-01	   2.0240100428182356e-01	   1.7100141077872225e-01	   3.5880835321772142e-01	  -2.3505915940298661e-02	
