   0.0000000000000000e+00	   2.9304039490197537e-01	   1.9202738906413377e-01	   1.9321795401307273e-01	   2.7102263451867437e-01	   3.2288381220642720e-01	   3.3072225249271747e-01	   3.2882423512554043e-01	   1.1704618837958461e-01	   2.9147963415056305e-01	   5.4746601995488764e-01	   5.2602706258410215e-01	   6.2996744113006409e-01	   5.0462072409181147e-01	   3.3977101765540335e-01	   2.6138479711115098e-01	   5.1617166643509438e-01	   3.4553521927900532e-01	   6.5613709819390031e-01	   4.7303394157293999e-01	   2.1398409655597680e-01	   3.0489739769545976e-01	   5.8035403747422748e-02	   5.4462024365013156e-02	   8.8895562762935781e-02	   1.4839359925703835e-01	   2.6446219566249968e-01	   2.1468936320170109e-01	   5.1116165244482670e-01	   4.1225674297119730e-01	   4.5735604512862037e-02	   1.3617559066182899e-01	   5.2500364801455079e-01	   4.3774417833383428e-01	   1.8377757102542674e-01	   1.7227320773507057e-01	   2.9698614084514441e-01	   2.0817167388580249e-01	   3.4947932355925571e-01	   2.6503725156848035e-01	   2.7234782754293219e-01	   5.0886942063318552e-01	   1.3234743041529501e-01	   1.0616689715926497e-01	   1.3967566804445780e-01	   9.6139716798878810e-02	   7.4678517701494390e-02	   7.2270095855029082e-02	  -8.0063065331484665e-04	  -1.0426295349381040e-01	   2.3657913889460236e-01	   6.7831424105244939e-02	   2.3803460836866286e-01	   5.0645973043788733e-02	   3.6615964573469839e-01	   2.0421460268588565e-01	   6.0946736261209900e-01	   1.7668480218284474e-01	   3.6501359640890541e-01	   1.9140910138316058e-01	   6.5195123229762608e-01	   4.1694402653934770e-01	   6.5595559919179103e-01	   4.4807018697980561e-01	   1.1660274813353969e-01	   1.8479554859945635e-01	   3.2419459532748163e-01	   3.0325274733040058e-01	   2.4711063306109943e-01	   1.7358036295956958e-01	   3.9953249445025046e-01	   3.3050537736113966e-01	   5.0434633899816295e-01	   5.0280861638817476e-01	   5.9081078120526631e-01	   5.3479676981808022e-01	   6.7903095510363298e-01	   5.9161952270402551e-01	   4.6744589983042778e-01	   3.6016153848440485e-01	   5.1827695257076578e-01	   4.8380232678805846e-01	   5.0442951746270814e-01	   4.9331623049491302e-01	   3.3137953345892190e-01	   3.3275756601708767e-01	   3.8308141071499541e-01	   2.0127958281660871e-01	   5.2569526348415085e-01	   4.6664945769587540e-01	   3.5557664528416311e-01	   4.2318948315170590e-01	   3.0965046485781439e-01	   4.5810314794982354e-01	   2.9043375689326922e-01	   3.6471379072008780e-01	   2.7595835645694844e-01	   3.8258911540150048e-01	   2.4973467773868463e-01	   3.4214962383783099e-01	   1.6648194152210746e-01	   4.2382703577745479e-01	   2.6068565024954971e-01	   4.5800936896512673e-01	   2.6757805758988201e-01	   2.1767975648671906e-01	   3.7859707121122904e-01	   2.9468588717990229e-01	   3.1677273469587802e-01	   4.2838733909940901e-01	   3.1195674598786477e-01	   1.5881253133870471e-01	   3.0846795293830487e-01	   3.3996664240775987e-01	   2.5447693893798740e-01	  -9.4567237812277466e-02	
   2.9304039490197537e-01	   0.0000000000000000e+00	  -1.6907898170980012e-01	  -1.0519681970609043e-01	  -9.8826151370118867e-02	   3.7926095198104764e-01	  -1.6354941671815654e-01	  -1.9820181930910225e-01	  -7.3671076492844337e-02	   2.4672941592382078e-01	   6.8451813985291148e-03	   1.7386314104127359e-01	  -5.4496872891883298e-02	  -1.2992799689628104e-01	  -2.7395916432868606e-01	  -2.9588404386721323e-01	   4.3154744062512990e-01	   6.8048348710333384e-01	   2.1278859599380837e-01	   3.2346803483960285e-01	   1.1166460065406050e-01	   3.1532226679748282e-01	  -1.9803019023987001e-01	  -1.8005245530537817e-01	   1.2187329572046772e-01	   3.9400662165668993e-01	   1.7406201471342486e-01	   4.7121711423757040e-01	   1.3240660190490500e-01	   3.9753706224251872e-01	  -2.4161032299635185e-01	  -7.2066443931430219e-02	  -1.5054831149168238e-02	   1.6087209615049802e-01	   5.6156008498765092e-02	   1.4031799178488003e-01	  -1.4067947351702914e-02	   2.3101317823219669e-01	  -3.9756400583361245e-02	  -1.1967134758001423e-02	   1.3781517164083965e-02	   1.8034914971506336e-01	   7.4249813691741912e-02	   4.6784527002296510e-02	  -5.4759726652942153e-02	   8.7138223807562420e-02	   1.5829248119362530e-01	   1.5959371109737969e-01	  -1.4049373649200229e-02	   1.2334213781769603e-01	   1.2158864125593218e-01	   1.8463231951449552e-01	   4.3321745566594083e-01	   4.5854987041132733e-01	   3.2326675403025479e-01	   2.7711159871343627e-01	   4.8712851794948886e-01	   9.0125561310236968e-01	  -1.7850051172619219e-01	   1.3285539510935784e-01	   7.4212297872918442e-02	   1.3099054871302595e-02	   3.0356240226915715e-01	   4.7867248936747042e-01	  -3.4531734175275308e-01	  -2.4970902597876782e-01	  -3.3648249762185689e-01	  -2.2783398957754467e-01	  -1.2743581393237563e-01	  -1.3614798339796810e-01	   1.4105641014904852e-01	   3.1994547124912831e-01	   1.2680328672382168e-01	   5.4656179458053522e-01	   2.2466141194524547e-01	   5.2209852349293007e-01	   1.6869233528596037e-01	   4.6915182281802897e-01	   4.4496676561556087e-01	   3.5775139796132421e-01	   2.9967550399173731e-01	   2.6758897788328773e-01	  -7.3551328453251297e-02	   2.0131939167605706e-01	  -2.1645835814012909e-01	  -1.9029273304360100e-01	   4.4589922656828124e-02	  -1.2006765533429696e-01	   1.7002740579966386e-03	   1.5992687072783673e-01	   2.8959855252535927e-01	  -3.4194194401199474e-02	  -9.0343601116218891e-02	  -1.1802061983839882e-01	  -2.4764828497748118e-01	   2.5348929805843134e-01	   1.1682113385610224e-01	   2.9707751643977043e-02	   5.8018255801371854e-01	   3.4753751211105183e-01	   2.6205717224922792e-01	  -2.7105620934084690e-01	   5.2182496649786214e-01	   6.2679183914178288e-02	   1.4896138190786756e-02	  -2.8873592197109937e-01	   6.5447402375535993e-02	  -3.1110945379676208e-02	   1.9897915599892227e-01	   1.4835708571910178e-01	   1.1975562019551861e-01	   3.1171836249080198e-01	   2.0760736889266587e-01	   2.3833275542891844e-01	   1.9884039884048138e-01	   1.5351135501509972e-01	
   1.9202738906413377e-01	  -1.6907898170980012e-01	   0.0000000000000000e+00	   6.5032344680907772e-01	   6.6772907706576012e-01	   5.2536573798428199e-01	   8.0647015821596013e-01	   5.4172690304859383e-01	   3.9864102964273607e-01	   5.1812791414244552e-01	   2.9203451133356662e-01	   1.5265416346487531e-01	   3.8336822094911527e-01	   3.4196011333123100e-01	   2.4587617926778235e-01	   1.9382960349751741e-01	  -1.4068186516067907e-01	  -1.6863604523500808e-01	   1.1283072558589938e-01	   4.0546442195598317e-02	   4.0745287121940893e-01	   4.0293022988592542e-01	   8.3565893691155368e-01	   6.3974413379492356e-01	   3.4073935575324060e-01	   3.7309058561766206e-01	   4.1623258365284366e-01	   4.0180166787331428e-01	  -4.5472919621929037e-02	  -6.7194761391325131e-02	   4.7381875378398108e-01	   3.7442470557817775e-01	   3.6490314234615584e-01	   2.6785602976723222e-01	   5.1210903166649957e-01	   3.6880996856523240e-01	   2.0776541863114539e-01	  -8.7680352548998308e-02	   2.3953775759897433e-01	   1.9797297869328830e-02	   2.4786920171200193e-02	  -1.1231134960318551e-01	   2.9677290436430659e-01	   2.9480073525791978e-01	   2.9055268943328372e-01	   2.1604192663981253e-01	   2.4440551319753623e-01	   2.5647857984962263e-01	   2.6388017171750339e-01	   2.7957691985953137e-01	   6.3552978145815386e-01	   4.6388241986899570e-01	   5.1449949189806743e-01	   4.0259973318774900e-01	   4.3416101389754080e-01	   3.2357060567579621e-01	  -1.4126893591955278e-01	  -2.7450689463424560e-01	   4.1494782120530316e-01	   1.9075656968329494e-01	   2.7425931268704795e-01	   3.0160970642951773e-01	  -3.6172898924047944e-02	  -6.2471362901375990e-02	   6.2246870104089869e-01	   5.2444742989569726e-01	   4.9841011364332899e-01	   4.3785674689168930e-01	  -6.1297341938018862e-02	  -1.9753045779813188e-03	   4.8933079188117120e-03	  -1.2709817146638400e-01	  -1.0270171360269104e-01	  -1.6091898895739570e-01	  -7.5572578938281773e-02	  -2.1496270067056583e-01	   4.7705712816946494e-02	  -1.5901590035005414e-01	  -1.2165115293010854e-01	   7.2050108145027159e-02	   8.6474526432589460e-02	   2.7310798067689185e-01	   2.4140511886127236e-01	   1.7757649234179253e-02	   4.7355544818533746e-01	   3.9066228120852636e-01	   2.6100086517506194e-01	   5.7598960848824744e-02	   5.0810444061995863e-01	   5.1958650860488209e-01	   2.9546730413598588e-01	   4.2529291842910150e-01	   2.2609120841649316e-01	   4.7460789485835425e-01	  -2.3827795754296475e-02	  -2.5855662243579580e-01	   2.2074962394670722e-01	   7.8315910879256656e-02	   1.1267740598070432e-01	   1.7596695489085978e-01	   1.0504555889178424e-01	   3.8708429154947865e-01	   5.2261105923181145e-02	   2.4382876230096961e-01	  -4.1280143829205973e-02	   2.1045119905100629e-01	  -2.2721093759529853e-03	   5.0552387609903146e-02	  -3.5307522012155847e-02	   9.6575447694209865e-02	   1.6241521115955571e-01	   9.2915302883495532e-02	   2.9237612804324892e-01	   1.5448662859615767e-01	   6.8963711170688766e-02	  -9.2402586975817713e-02	
   1.9321795401307273e-01	  -1.0519681970609043e-01	   6.5032344680907772e-01	   0.0000000000000000e+00	   3.0377939390010877e-01	   3.9940102104014708e-01	   5.4834123955484826e-01	   7.5176035574781852e-01	   2.7676719141617467e-01	   4.9396683330428648e-01	   3.1741897337251648e-02	   2.6013779423999106e-01	   1.5583952749257235e-01	   4.4816675957711849e-01	  -2.9378853533028313e-03	   2.2789659636651094e-01	  -1.1009499922435667e-01	  -9.4665986791029250e-02	  -5.2611380202654068e-03	   1.0264773962072303e-01	   1.7905768640281935e-01	   2.9154616645997666e-01	   4.9851959699010018e-01	   6.3691787358405572e-01	   1.8036343724514944e-01	   3.5640237644649381e-01	   2.1534944475289594e-01	   3.2780710200370805e-01	  -1.1334901348783821e-01	  -2.7167000345681987e-02	   2.7930473438958503e-01	   3.3048643722344090e-01	   3.5687572851885352e-01	   3.9606761739436491e-01	   3.6572697793017767e-01	   3.8835325748023636e-01	   1.4467954736164843e-01	   1.0298708136124031e-01	   1.9387925884726911e-01	   1.4876007420672280e-01	   9.3558606026611729e-02	   5.3138941535105601e-02	   1.2408171214115438e-01	   1.2743699291723223e-01	   1.2898427518460762e-01	  -1.5643088621136256e-03	   2.3042379596513213e-03	   3.6257687371641076e-02	   2.6283690357560566e-02	  -4.0162257236294845e-02	   4.2547102101027379e-01	   2.1571865658556846e-01	   3.0569185154498424e-01	   1.5914906713786844e-01	   3.7409410566075574e-01	   1.6048700236627489e-01	   3.0172471878576398e-02	  -1.9832282464286949e-01	   4.0198853778811955e-01	   4.0654443698889964e-01	   2.8263507147254024e-01	   4.7740009778089715e-01	   1.6407974762156252e-01	   1.0759674787184557e-01	   5.0618635592607097e-01	   7.2959651102115930e-01	   5.2432193006358785e-01	   6.0572470035280035e-01	  -6.9172084210262136e-02	   8.7926277016844214e-03	  -2.5082527959294127e-02	   6.6064362304567803e-02	  -1.1680291173315244e-01	  -1.3616446803791549e-01	  -1.7342214716792306e-01	  -1.3325161585444623e-01	   1.0193783916232307e-01	   1.1625940307929754e-01	   1.2215951557246365e-03	   1.0858347819551917e-01	   2.4203160406239879e-01	   4.2079802021271973e-01	   9.4616054619284129e-02	   3.0274998793128144e-01	   4.2459829566787971e-01	   6.1156226373910616e-01	   2.8267650210669149e-01	   2.7716785733199767e-01	   5.0967670300658741e-01	   6.3591762452008549e-01	   4.6548323135833625e-01	   3.5163471083069592e-01	   5.7232925052237404e-01	   2.9675511172052660e-01	   4.3680486723934507e-02	  -9.2664215872443195e-02	   1.6099921169966092e-01	   1.1312908655091650e-01	   1.0508063796500648e-01	   5.7861606297041915e-02	   3.0176375350285406e-01	   4.5773231752046062e-01	   1.7874282517159565e-01	   4.0664652920381755e-01	   2.1984570703200509e-01	   1.6714531203982891e-01	   1.1938487725483321e-01	   8.0933756914959715e-02	   5.2310929851739130e-02	   2.0606469913822542e-01	   1.6790438827715182e-01	   1.4248129398221215e-01	   2.0740496961135341e-01	   1.3973632908446290e-01	   1.7179000154794594e-02	   5.9093015518117527e-02	
   2.7102263451867437e-01	  -9.8826151370118867e-02	   6.6772907706576012e-01	   3.0377939390010877e-01	   0.0000000000000000e+00	   4.4800235802080346e-01	   6.4415856382403225e-01	   4.4390331250269599e-01	   6.5514699500069939e-01	   3.4268863536548178e-01	   5.2112367437766394e-01	   1.9029989540898889e-01	   4.7223111429994136e-01	   3.6345742697818029e-01	   5.9147877012653793e-01	   3.9315827385490382e-01	   1.4011596457223611e-02	  -1.1554525780819714e-02	   4.1874527973698272e-01	   3.5564646383902382e-01	   4.0958275288132329e-01	   3.7058814124098227e-01	   6.3406922147207534e-01	   4.1385727671826189e-01	   4.0927464128874902e-01	   2.5626153506298865e-01	   5.5354480245874427e-01	   2.9590145880465452e-01	   1.2466993621691169e-01	   3.0772357215569791e-02	   4.0706916272281157e-01	   2.5286613433373539e-01	   4.0825046788403629e-01	   3.0746171111698684e-01	   5.4362215131129166e-01	   4.1675215113208586e-01	   1.6353622578611882e-01	  -5.6889557618992566e-02	   2.5222017485075798e-01	   1.1104678683997171e-01	   3.2282103746052074e-02	  -2.9955300951074335e-02	   6.2284247003868098e-01	   5.6445341579332109e-01	   6.6716122442353742e-01	   6.0318412152778633e-01	   5.7058302228762514e-01	   5.4380948454723110e-01	   6.1094640411395462e-01	   5.7573279960297374e-01	   6.8166333623665387e-01	   5.9224515122940891e-01	   3.8515775055176749e-01	   4.0982307348857799e-01	   4.9797948183328999e-01	   4.9085445084422807e-01	  -8.6650813177545291e-02	  -1.8610524166790093e-01	   3.1011305844347781e-01	   1.2176830191593933e-01	   2.4168995030787815e-01	   3.1333721750470306e-01	  -8.9373518033595806e-02	   6.7799506094946588e-02	   7.3959998039838959e-01	   4.7543884208761528e-01	   5.8002151085747933e-01	   4.7190498543080583e-01	   2.3440328158153331e-01	   3.0128643730836069e-01	   1.5874093747359874e-01	  -4.5409477298744505e-02	   1.0624446993613221e-01	  -7.0256828025827009e-03	   1.5696011726618819e-01	  -3.6065068655106612e-03	   2.2471391246550534e-01	  -4.8485197677891015e-02	  -1.7465275970969925e-02	   2.3173114206098017e-01	   1.4205866735459100e-01	   3.1029839532630793e-01	   4.5806900424710756e-01	   1.8063334906800568e-01	   5.0543095681293682e-01	   2.5840351803610762e-01	   4.1577528870141445e-01	   1.1739793698810042e-01	   4.5579352394917194e-01	   4.0442861667808372e-01	   5.1447049961727731e-01	   5.7852671130075994e-01	   3.4446583831825750e-01	   6.8588251658632726e-01	   1.3393693868513720e-01	   1.9875193811773342e-02	   4.4572632217237418e-01	   3.6459440062217258e-01	   4.2406725308989401e-01	   5.3638601952174092e-01	   2.7215467087337863e-01	   5.2267259619145290e-01	   2.7348722171716033e-01	   3.4184841146084621e-01	   2.1177152369503599e-01	   4.0334135593211995e-01	   3.6713276547598200e-01	   2.6070287653992952e-01	   1.3842593323593644e-01	   2.2367378276239200e-01	   3.6791760524001155e-01	   3.0840440147146397e-01	   4.6236320951058169e-01	   2.3743070584195866e-01	   2.2283303657587433e-01	   8.0299630938249593e-03	
   3.2288381220642720e-01	   3.7926095198104764e-01	   5.2536573798428199e-01	   3.9940102104014708e-01	   4.4800235802080346e-01	   0.0000000000000000e+00	   5.7509488901451689e-01	   5.3717008302906233e-01	   2.8833110414034485e-01	   8.8501971951424874e-01	   1.2200542101943787e-01	   4.6839024539059293e-01	   2.5607612371653676e-01	   3.0574528183310579e-01	  -2.3259537434919078e-01	  -1.6907860484990184e-01	   1.6264804739999439e-01	   3.6249119046702988e-01	   1.0170574539375851e-01	   2.0909238711065153e-01	   3.2481044481769283e-01	   6.1646024190320792e-01	   2.9254023446541816e-01	   1.8651751775586661e-01	   2.5324489379175052e-01	   6.5339728643922368e-01	   3.0166669532368201e-01	   8.0829912947472704e-01	  -1.8396564772848876e-02	   2.6133787273948383e-01	   8.3927121657597942e-02	   1.0338132326059507e-01	   4.3046924206328475e-02	   1.5499810248854734e-01	   2.5167993897315516e-01	   1.6618976705585761e-01	  -1.5239563000009779e-01	  -9.1776111210837771e-02	  -7.0065453755588425e-02	  -1.7947212356086675e-01	  -7.6627094831327028e-02	  -9.2357993106797598e-02	   1.9266801610110396e-01	   1.8751280761254097e-01	   1.2958654226083033e-01	   2.0687993094907131e-01	   1.8213823746968136e-01	   1.9839187312862053e-01	   1.8647566478867497e-01	   3.5502077990647041e-01	   4.7701481216747788e-01	   5.1614503376645104e-01	   6.2439282508332195e-01	   5.7419780327437497e-01	   4.1282191361920151e-01	   3.2814173049078693e-01	   1.4027065668965613e-01	   2.2287537989271189e-01	   1.8518160750736568e-01	   3.4295971923630153e-01	   2.9997352157370594e-01	   5.1935343488902663e-01	   9.7035616647290948e-02	   3.2762073106555484e-01	   1.9976045286535074e-01	   3.9426865019977708e-01	   5.6194605986761417e-02	   1.5242070063359120e-01	  -2.0996239406975037e-02	  -1.8507722526981192e-02	  -3.8090997397331086e-02	   1.3584057836776411e-01	  -1.0023707923440184e-01	   1.7972217411091129e-01	   2.1157055106709045e-02	   1.3056873333899804e-01	  -2.5204383250925048e-03	   2.5755441078706622e-02	   1.8471372418167525e-01	   2.7363878907606187e-01	   3.0182093972562773e-01	   3.7255495047093545e-01	  -1.0828453245290894e-01	  -6.7288179055385068e-03	   6.6122726792279610e-03	   7.7409177751671651e-02	  -3.8227090088761240e-02	  -3.3534252129138226e-01	   2.6395101698583245e-01	   5.1406029460236202e-01	   3.9978358565527139e-01	   2.4012556538115079e-01	   2.0552257690984388e-01	   2.0345881365857121e-01	  -1.4096345875786206e-01	  -7.1378948140366813e-02	   7.4074314499728067e-02	  -2.1602811064664350e-02	   3.2309831448169196e-01	   2.6792110709128281e-01	   4.0266998521059011e-01	   2.3578627880291855e-01	   3.2430370981568718e-01	   1.7233737225913237e-01	  -1.1540546301912288e-01	  -1.3083254036977196e-01	   1.4417424106542659e-01	  -1.5496470262123987e-02	   4.4257022495947880e-02	   6.3417767140544215e-02	   8.0951969494811774e-02	   2.5399314162941894e-01	   3.2043076460495246e-01	   7.9510762352931544e-02	  -2.5132884609595986e-02	   1.0221824015911994e-01	
   3.3072225249271747e-01	  -1.6354941671815654e-01	   8.0647015821596013e-01	   5.4834123955484826e-01	   6.4415856382403225e-01	   5.7509488901451689e-01	   0.0000000000000000e+00	   7.3703897121576378e-01	   4.5063500322504035e-01	   6.4496636349847569e-01	   5.0054547998270238e-01	   4.0153968670201090e-01	   6.2310924814951674e-01	   4.9423816944814436e-01	   2.0220741699761346e-01	   2.2271233642727201e-01	  -1.1571831568751623e-01	  -1.8120315623006469e-01	   1.1721718297147528e-01	   7.1390800875900440e-02	   1.5843994221519159e-01	   3.8340995232088487e-01	   5.6686170436576577e-01	   4.4428490448960178e-01	  -1.3240487798903093e-02	   1.4692001686797626e-01	   2.3083484128878037e-01	   4.7626739073446361e-01	   7.1387996861945427e-02	   6.0483730738734847e-03	   1.8753450057688548e-01	   1.3487447689238530e-01	   2.5947421930838266e-01	   2.2412996785783418e-01	   1.9405286759323007e-01	   1.2954103658075944e-01	  -2.6403060366072116e-02	  -3.0290281678106884e-01	   5.6637106187251089e-02	  -1.8982270057230655e-01	   1.5629950836145368e-02	  -1.1254834807735120e-01	   2.0090274300386607e-01	   1.8353482349480521e-01	   2.5367550555476981e-01	   1.8078634272005284e-01	   1.2176124515477588e-01	   1.2689808717621451e-01	   2.3464591434044618e-01	   2.2019505723866523e-01	   5.3112365735506617e-01	   3.9296069900561775e-01	   3.7377634266159410e-01	   2.8561788124940479e-01	   2.5830506090039551e-01	   1.7159063794823404e-01	  -2.1909571294608077e-01	  -2.6706645837632609e-01	   4.2922395973487926e-01	   3.0515578300011231e-01	   4.8505006316883725e-01	   5.5956211316148163e-01	   8.9211192062982003e-02	   1.2045320625070297e-01	   6.2861671265345065e-01	   5.9272751711226757e-01	   4.6688331382936199e-01	   4.2231463144579950e-01	   1.3268681401217586e-01	   1.7312464227680013e-01	  -8.7536299743578849e-02	  -1.0986774350889733e-01	  -1.4026720291353331e-01	  -1.1702972386766934e-01	  -1.2676234675443171e-01	  -1.8275285097932503e-01	   3.3461832293881180e-02	  -1.2264803556835314e-01	  -1.0686508733108782e-01	   3.5066937306329579e-02	   1.4089752560121466e-01	   3.7122236234367834e-01	   3.4238050803410536e-01	   1.2478581499219568e-01	   4.9229988616842035e-01	   4.0748353094022616e-01	   2.0953351329718789e-01	  -1.0059076408565935e-02	   4.3127305504493108e-01	   4.6063653836165364e-01	   2.7014931671481968e-01	   3.8090154682185229e-01	   3.3617669032554698e-01	   4.4957342565508285e-01	   1.1403595524192203e-01	  -1.9019546446842100e-01	   6.0873232533159356e-02	  -1.0960659448442506e-02	   3.0002377713032276e-02	   6.8455280044988354e-02	   2.0052834087690161e-01	   4.9051710270417903e-01	   1.1681450196981047e-01	   2.4519458964894039e-01	  -2.9310774467902548e-02	   9.8229103041082039e-02	   3.5463320133031495e-02	   1.1333958860428933e-01	  -9.2915896659568481e-03	   1.0592410972817459e-01	   6.3724020358986583e-03	  -6.5598425976787639e-02	   2.7569414448970142e-01	   1.0953778196761392e-01	  -2.9830009404742709e-02	  -1.1829241273721923e-01	
   3.2882423512554043e-01	  -1.9820181930910225e-01	   5.4172690304859383e-01	   7.5176035574781852e-01	   4.4390331250269599e-01	   5.3717008302906233e-01	   7.3703897121576378e-01	   0.0000000000000000e+00	   4.3664905386549069e-01	   6.6789605578194466e-01	   2.3613287690041618e-01	   6.1392255647620342e-01	   4.4819995893522269e-01	   6.7086345478205567e-01	   7.5699206577995753e-02	   2.7556585774181996e-01	  -3.2601826800718936e-02	  -8.5315779740649633e-02	   1.0100614592038236e-01	   2.2444535830875487e-01	   8.3339783648689603e-02	   1.8468426061231402e-01	   2.7127020199368490e-01	   3.0862258932648573e-01	  -1.2621590758310453e-01	   8.5098162695468382e-02	   3.1364317545169280e-02	   3.0679594975468227e-01	   9.1627293649167704e-02	   1.3552182020988632e-01	   1.0905560842138147e-01	   1.0785207101313168e-01	   3.2417640003796910e-01	   3.9717654376106959e-01	   1.0709644786016326e-01	   1.4897752243778195e-01	  -4.4921975837998340e-02	  -1.5669372607591428e-01	   5.3408718349051608e-02	  -4.4161445038848744e-02	   4.5133024871896042e-02	   9.8969115545520375e-03	   6.8298138850410417e-02	   1.0390098520844486e-01	   1.1031922470486882e-01	   3.8815624162912080e-02	  -5.7789418654249233e-02	  -1.5057625849970842e-02	   5.3389720226733037e-02	   9.9701499108197193e-03	   3.5431031828460247e-01	   2.1847882604384938e-01	   1.9675303391983040e-01	   7.1222847548844614e-02	   2.2725516206921126e-01	   7.9280743101174458e-02	  -8.3037395950688070e-02	  -2.9659080867277599e-01	   4.5442389685745721e-01	   4.7660239139108407e-01	   5.4489821036881025e-01	   8.1933974706520318e-01	   2.3164619301792336e-01	   3.2735583426642029e-01	   5.1511954639012192e-01	   7.2476044786396643e-01	   4.5653982117043129e-01	   4.9525000833751481e-01	   1.3966458846561958e-01	   1.6356366190328547e-01	  -4.4409272598922411e-02	   1.7596091895905389e-02	   3.6289239159240107e-03	  -4.8939967505170677e-02	  -7.5794056797893000e-02	  -5.8419645120660238e-02	   8.7255312247034450e-02	   8.2266262767173942e-02	   1.2912495254226650e-02	   1.0654214381370540e-01	   3.0055031880842559e-01	   4.5441681748983098e-01	   1.5170930289358059e-01	   2.3917278891720950e-01	   3.4673796359571951e-01	   4.8873416824281196e-01	   1.3661570026256045e-01	   3.7119778122969752e-02	   4.6846743050969747e-01	   6.1968245902477292e-01	   3.8191393688559344e-01	   3.2095462384503048e-01	   5.6379392796835226e-01	   2.8435137405901545e-01	   1.8647404931132702e-01	  -1.2028649065487593e-01	   5.3939722951509235e-02	   4.4375045056116093e-02	  -2.6779574641515791e-03	   2.7877510734334959e-02	   3.3993857347018436e-01	   5.7159559925332204e-01	   1.1365427440583277e-01	   3.6363891013718302e-01	   1.0820477383067993e-01	   1.4129969381637186e-01	   1.6873164552415573e-01	   6.1183049079665687e-02	   7.9454173954945653e-02	   2.3682653711014967e-01	   1.2504963160041901e-02	   1.3329495374812501e-02	   1.9512735914308649e-01	   7.6806138742525606e-02	  -9.0430751887987076e-02	   6.6714002354100327e-02	
   1.1704618837958461e-01	  -7.3671076492844337e-02	   3.9864102964273607e-01	   2.7676719141617467e-01	   6.5514699500069939e-01	   2.8833110414034485e-01	   4.5063500322504035e-01	   4.3664905386549069e-01	   0.0000000000000000e+00	   3.4458401818476192e-01	   1.9362863915179801e-01	   8.5208895698288337e-02	   2.2517851223234273e-01	   2.8791306572962883e-01	   2.6652158772865508e-01	   1.7286571065566003e-01	  -2.2505463985530183e-01	  -1.0683552203821507e-01	   1.5061379408128442e-01	   2.6631906718651133e-01	   4.1681948288932093e-03	   9.0494753982030510e-02	   2.0931219685139413e-01	   1.0995947309875884e-01	   2.5258985138832315e-02	  -1.0185133940779568e-02	   1.9626487085690233e-01	   2.7954003911231917e-01	  -2.0350368125107637e-01	  -1.2510441800338667e-01	  -3.8977051635890228e-02	  -9.9993426188993012e-02	   1.5357963226838631e-01	   1.3738831467515672e-01	   1.3326827735625207e-01	   1.3543393127014558e-01	  -1.0769645910081069e-01	  -1.6697886065601020e-01	  -5.7445128614369984e-02	  -1.4037076416636651e-01	  -2.0282539791041027e-01	  -2.3522654365302692e-01	   4.6157301851797095e-01	   4.0078858453459831e-01	   4.0830434360486650e-01	   3.6195650986002997e-01	   3.6628121096045663e-01	   3.2151844995443885e-01	   4.0252738725464587e-01	   3.5373695595244570e-01	   5.5098976506660202e-01	   3.7169933535203070e-01	   2.1733518098262214e-01	   1.9480521758140651e-01	   2.2016673311835702e-01	   1.4903287028457113e-01	  -1.9045623483468305e-01	  -1.1376128558730297e-01	   3.3179506132314451e-01	   3.3873437532523809e-01	   1.2997651822005904e-01	   3.4758377967611731e-01	  -7.2712674060918525e-02	   1.9378825714223005e-01	   4.3688427549509523e-01	   3.4219320734319303e-01	   3.5215611542898673e-01	   3.2994134381723267e-01	   1.7418280132908159e-01	   2.5129637499008722e-01	  -8.5959316396755622e-02	  -6.5754014642839226e-02	  -1.8805429153856268e-01	  -2.2247955709389258e-01	  -1.5240114817856432e-01	  -2.2693295363757271e-01	   6.9929851040333264e-03	  -1.1188542266595153e-01	  -2.2406630420435908e-01	   4.3641935811198032e-02	  -7.7002349548450116e-02	   1.6734716745536568e-01	   1.2672506996434424e-01	   6.7733228054163208e-02	   3.1982797058687928e-01	   2.3194873376386999e-01	   1.4924236677654454e-01	  -3.2402262720524724e-02	   2.5795598931401997e-01	   2.6391994656443357e-01	   4.7772313352165469e-01	   4.2517671577617089e-01	   3.9825104897494490e-01	   4.6378892784368259e-01	  -4.9229597963074370e-02	  -1.8820891492688663e-01	   2.1420932537801624e-01	   9.7553964732096321e-02	   3.3024974743609781e-01	   3.2687068122140028e-01	   3.3858687576896862e-01	   3.5541864779788879e-01	   4.1815084981395195e-01	   4.4977673686210307e-01	   2.7004022067723377e-01	   3.4906573649379780e-01	   2.5054624757790211e-01	   2.6228729566897213e-01	   2.4104039660628374e-01	   2.3504671915724940e-01	   1.9898206498413068e-01	   3.4495397984092258e-01	   3.3974007351675800e-01	   1.7154454997297175e-01	   1.8904886803416696e-01	   1.7244220332127019e-01	
   2.9147963415056305e-01	   2.4672941592382078e-01	   5.1812791414244552e-01	   4.9396683330428648e-01	   3.4268863536548178e-01	   8.8501971951424874e-01	   6.4496636349847569e-01	   6.6789605578194466e-01	   3.4458401818476192e-01	   0.0000000000000000e+00	   1.2587731607948432e-01	   4.5798979873758416e-01	   3.1907142206837380e-01	   3.8929159542840175e-01	  -2.5688823319824616e-01	  -9.7272911988056820e-02	   8.4737516485041367e-02	   2.1272274055001100e-01	  -1.3092535204559032e-02	   1.2440186401981616e-01	   1.7217725318006066e-01	   3.9375612394013981e-01	   1.9949281115212453e-01	   1.7015224434847917e-01	  -8.1251216566633725e-04	   3.8822025875075844e-01	   1.3756732297048357e-01	   7.3379804695226014e-01	  -7.5458483996972844e-02	   1.7550848873003794e-01	  -4.8855868485274220e-02	  -2.2151354621153863e-02	   6.1678536794101201e-02	   1.7700282098611991e-01	   6.7111594726769794e-02	   5.7174216466493281e-02	  -2.4909380775853518e-01	  -1.8259920164186355e-01	  -1.6199312973759772e-01	  -2.7576067106614854e-01	  -1.7804564926394445e-01	  -1.5796115331603244e-01	   1.3255741520800879e-01	   1.2734668021842566e-01	   3.1436026861391825e-02	   1.0925353384723745e-01	   6.9913460589130130e-02	   1.0725930043808668e-01	   8.9298845469819477e-02	   2.4389479810674142e-01	   4.3415237783364469e-01	   3.7798161779902850e-01	   4.9738409171216497e-01	   4.4040734761705980e-01	   2.9864426022490337e-01	   1.6048241978401576e-01	   1.6302072247085901e-02	   1.1290078337089694e-01	   2.6782777648961126e-01	   3.9814751003726151e-01	   3.8851039130151976e-01	   6.1759656441822675e-01	   1.9296898274178506e-01	   3.4080562337807724e-01	   2.0174144149669060e-01	   4.3432254418103994e-01	   3.5068582707590244e-02	   1.2837239852036042e-01	  -4.3416876294942078e-02	  -3.2271260376553895e-02	  -1.8477201849568209e-01	   2.4162959831701344e-02	  -1.7697075368047052e-01	   5.9970658669468394e-02	  -1.0656048029390619e-01	   3.4497453181548884e-03	  -9.0874996527051416e-02	  -2.2370010321158023e-02	   9.3830183450563473e-02	   1.9367047498323747e-01	   2.4274971707593804e-01	   3.6504855136840070e-01	  -1.8012665609936560e-01	  -3.2419494368597916e-02	   6.2033090613432720e-02	   1.5282784269628064e-01	  -1.7658364904017471e-01	  -3.6365571848221068e-01	   2.5785863821235716e-01	   4.7226895939058156e-01	   3.2391651876418565e-01	   1.6032108880182380e-01	   1.9796474303365408e-01	   1.2628691622509408e-01	  -1.1446808221810856e-01	  -2.1872775495065927e-01	  -1.0437718603746600e-02	  -1.0395181104229824e-01	   1.7453595835192004e-01	   1.8449825510361367e-01	   2.8334552137781521e-01	   2.4282866786513579e-01	   2.5722932867792991e-01	   2.2512427988703609e-01	  -1.6575712818770771e-01	  -1.6901773472637757e-01	   3.1716906566111397e-02	   2.8213156252714516e-02	  -2.4950489893022922e-02	   5.2164575213660747e-02	  -4.2408506647125713e-02	   2.0660272744644084e-01	   2.2093326266565816e-01	   9.3832788178717097e-02	  -4.3379492177569888e-02	   1.1207891546984680e-01	
   5.4746601995488764e-01	   6.8451813985291148e-03	   2.9203451133356662e-01	   3.1741897337251648e-02	   5.2112367437766394e-01	   1.2200542101943787e-01	   5.0054547998270238e-01	   2.3613287690041618e-01	   1.9362863915179801e-01	   1.2587731607948432e-01	   0.0000000000000000e+00	   4.0584468914300642e-01	   8.4819089665984437e-01	   5.5914113113264974e-01	   7.0658390448655173e-01	   5.9778971498484579e-01	   4.3531970449970281e-01	   1.2751654201491430e-01	   5.5589991235677327e-01	   4.6277029359002464e-01	   2.2842627466238036e-01	   1.7585556621644655e-01	   3.3709307874787547e-01	   3.2871561992392884e-01	   6.3125122730183031e-02	  -9.5185259164116728e-02	   5.1852022167586043e-01	   1.9466116343956932e-01	   4.8648503787535080e-01	   2.3631973418518226e-01	  -1.1605364012693973e-02	  -3.4267720217473582e-02	   4.1697320949460259e-01	   2.8240216314654842e-01	   1.6421682280466654e-01	   9.0545645328777208e-02	   2.6545736581520235e-01	   9.7512640960278757e-02	   3.4964829022434862e-01	   2.0968106839088677e-01	   2.3117062413493700e-01	   3.7441792694905840e-01	   4.4386567428905532e-01	   4.3296635552958929e-01	   5.1355784548208139e-01	   5.0293977279004265e-01	   4.3295007839409594e-01	   4.3088188145187090e-01	   5.1426300073910503e-01	   4.2374248928063307e-01	   4.8357265111474945e-01	   4.2590464817464324e-01	   1.8051146154147790e-01	   2.2226859478739949e-01	   4.2203877183695704e-01	   4.5025705140788586e-01	   7.7158914616787852e-02	  -1.1026528739182528e-01	   3.2565614887867006e-01	  -2.6831918082955458e-02	   3.6159931985998328e-01	   2.0795668719403720e-01	   2.2426840040401708e-01	   9.6699928340265529e-02	   4.3535464157098464e-01	   2.4472814451940134e-01	   3.9410395475638260e-01	   2.9920484036490846e-01	   4.2723556797622086e-01	   3.7066220794990740e-01	   2.3390554157360147e-01	   2.4069973836611178e-02	   3.1950744080188931e-01	   2.5333661146675746e-01	   4.0677097707378007e-01	   3.1417476879564021e-01	   4.8773110955005727e-01	   2.6520950956715544e-01	   3.6784537953699892e-01	   3.8311807303178569e-01	   3.9634844364931771e-01	   5.0747439765087654e-01	   7.2356198872466393e-01	   4.9750970000926686e-01	   7.1969672411597829e-01	   4.3926898324908703e-01	   4.9194538356202083e-01	   3.5714139906325193e-01	   4.7425974376405944e-01	   3.0554689248336248e-01	   2.0521318719779713e-01	   2.8518542081425813e-01	   1.7428349970081514e-01	   5.2337573343926658e-01	   3.7147156585130620e-01	   3.6084232893560775e-01	   3.8386072340548760e-01	   4.8350099718975964e-01	   2.9909564107026620e-01	   3.6066486685638183e-01	  -1.8115897657009883e-02	   3.0723089747789756e-01	   9.5771548052852887e-02	   1.4475592817554112e-01	   2.3912733354834845e-01	   2.4933399285005675e-01	   2.6350126495116377e-01	   2.5930456115775036e-01	   7.5324459918653025e-02	   2.3459641744419563e-01	   2.6950791568130272e-01	   1.4923399888236932e-02	   3.4761096684759019e-01	   2.3724313883697798e-01	   3.5824715834401660e-01	  -4.4260561221669673e-02	
   5.2602706258410215e-01	   1.7386314104127359e-01	   1.5265416346487531e-01	   2.6013779423999106e-01	   1.9029989540898889e-01	   4.6839024539059293e-01	   4.0153968670201090e-01	   6.1392255647620342e-01	   8.5208895698288337e-02	   4.5798979873758416e-01	   4.0584468914300642e-01	   0.0000000000000000e+00	   4.7198383495932639e-01	   6.6987294568515687e-01	   5.0496936665292855e-02	   2.3456247240443806e-01	   4.6578186934951549e-01	   4.3778390816849688e-01	   3.7449548524507781e-01	   5.7020212358289923e-01	   1.9091568270470732e-01	   2.0401196327810261e-01	   2.7784109215028996e-02	   7.0076244034968732e-02	  -1.3642853212853120e-01	   4.9585637903291555e-02	   7.7220176208724817e-02	   3.0482058588207650e-01	   4.5646178445804853e-01	   5.7358600614212152e-01	  -2.1643934083225940e-02	  -4.8491770473259640e-03	   2.4185861217286514e-01	   3.7422477199988990e-01	  -1.1512202570392699e-01	  -8.7905917702331582e-02	   2.0926511061512953e-02	   9.7790158238959066e-03	   5.7987313602880265e-02	  -2.4767533870917588e-03	   1.3736688905955757e-01	   2.5770225162920490e-01	  -9.5150488641462666e-02	  -1.7639701579586275e-02	  -1.1951679248227086e-01	  -6.7707016525839325e-02	  -6.9518692849322092e-02	  -2.3856776697600952e-02	  -4.2836917797707222e-02	  -3.2594733574264536e-03	   1.9859724348440277e-01	   2.4264653402777697e-01	   2.0327335094517263e-01	   1.7075077807977651e-01	   2.3245437967966737e-01	   2.4224515270926214e-01	   3.4783247573525244e-01	   3.5294074792528690e-02	   3.4553446054509096e-01	   3.5309319956053875e-01	   4.4441425678121854e-01	   6.5706897089667082e-01	   4.1698301692069761e-01	   5.1436618700929893e-01	   8.0681080069140390e-02	   2.9130628663640740e-01	   3.4893454183522882e-02	   1.0278483855997542e-01	   2.8461697314273560e-01	   2.0358216358834455e-01	   2.2101950852767319e-01	   2.9063807857885166e-01	   3.3628449631473378e-01	   4.2325597661143294e-01	   3.2732115020566355e-01	   3.9899702559234096e-01	   3.2196766200701582e-01	   4.7122473432041501e-01	   4.3933938594369082e-01	   4.2459718589392870e-01	   6.2194420857627519e-01	   6.0676157978302436e-01	   1.8467762982477776e-01	   3.7933775260019192e-01	   2.3399717402791126e-01	   3.7660060199769368e-01	   6.0341526519131300e-02	  -1.0707247697809622e-02	   2.8041399853468396e-01	   5.2432154804692499e-01	   2.3067061356578894e-01	   9.7484056445091352e-02	   3.5590118036475954e-01	   6.5280928328392190e-02	   2.9512703068578017e-01	   2.2516798440110786e-01	   6.4710944645383198e-02	   1.6565509689614266e-01	   8.6071561393966059e-02	   1.4704439111369691e-01	   3.3598821388790773e-01	   1.9043558856636927e-01	   1.3173741118375379e-01	   1.3196749811106198e-01	   6.2034110333990304e-02	  -6.5433263933952324e-02	   1.9207799190111979e-01	   1.4935138449554816e-02	   1.5319339541427049e-01	   3.2846263778003976e-01	   8.5871948151232017e-02	  -4.0890516583782392e-02	   1.2107574181399849e-01	   2.0963206107652121e-01	   1.5619360927673337e-01	   1.3044233026455299e-01	
   6.2996744113006409e-01	  -5.4496872891883298e-02	   3.8336822094911527e-01	   1.5583952749257235e-01	   4.7223111429994136e-01	   2.5607612371653676e-01	   6.2310924814951674e-01	   4.4819995893522269e-01	   2.2517851223234273e-01	   3.1907142206837380e-01	   8.4819089665984437e-01	   4.7198383495932639e-01	   0.0000000000000000e+00	   7.0730308004082088e-01	   6.1125724556511063e-01	   5.1167765357174255e-01	   3.2487330698138944e-01	   1.8326251857141141e-02	   4.1868486311067055e-01	   3.1057319772787778e-01	   2.0441802763413741e-01	   1.7651527738139028e-01	   2.4702350105299109e-01	   1.7723314939351736e-01	  -6.4452331716021837e-03	  -1.0007690604149953e-01	   3.5950314241454961e-01	   2.1724616652998735e-01	   4.4478690716211572e-01	   1.7775747994351390e-01	  -3.1795979452710940e-02	  -5.1963017522798013e-02	   4.0842049729459406e-01	   2.7751589749941336e-01	   9.9633040108499424e-02	   4.2760561254980026e-02	   2.5414104980068863e-01	  -1.5094050905374724e-02	   3.6849857477789932e-01	   1.0969840264610362e-01	   2.5621530244992657e-01	   3.6086676566896747e-01	   2.3619500265256499e-01	   2.6101788300111056e-01	   2.9781482295018447e-01	   3.0536797693291728e-01	   2.0847448031350196e-01	   2.3267358006805952e-01	   3.0442156874077353e-01	   2.6339496420752451e-01	   3.9509014950977384e-01	   3.0136828484794120e-01	   2.0902321670049961e-01	   1.0342612096376978e-01	   3.6798841363372320e-01	   2.8391357409928392e-01	  -7.7415783223382254e-03	  -1.4351555184653544e-01	   3.3243953591323072e-01	   1.3822851158570529e-01	   5.9858039275874930e-01	   4.5043415271146225e-01	   3.5422788461356397e-01	   2.2178965457950139e-01	   3.1935534452844666e-01	   2.9681177413865750e-01	   3.6693357843861407e-01	   2.8390937780497610e-01	   3.2249658533724035e-01	   2.7740327703334561e-01	   9.0370165269449104e-02	  -6.7970756771041141e-02	   2.6782299825204903e-01	   1.9493512877255928e-01	   3.3201578248434427e-01	   2.5541368823001598e-01	   3.9130550647904494e-01	   1.9613106778209138e-01	   2.3054752865613298e-01	   2.4835705372446634e-01	   3.6202870252426489e-01	   4.2812780718109855e-01	   6.3638540736288396e-01	   3.2087654441338331e-01	   5.7094927624743719e-01	   3.9620343770732225e-01	   3.6727438348891350e-01	   1.6264778316534564e-01	   6.1284148704789099e-01	   4.6251728183711632e-01	   1.6247991741551035e-01	   2.9087071593589831e-01	   1.6519867292738127e-01	   4.7018912550577785e-01	   3.2003927742958960e-01	   2.0069105445159766e-01	   2.3393704085148348e-01	   2.9420997364208817e-01	   1.2535248748166561e-01	   2.0579471716651382e-01	  -2.6798083502253222e-02	   3.9705935945992177e-01	   4.5619103720446696e-02	   1.9601890417706747e-01	   8.5312610219652488e-02	   2.0006142938975643e-01	   1.8329007662989927e-01	   2.1579832271290691e-01	   1.1389241808353903e-01	   2.1940320821826828e-01	   1.3598730713646970e-01	  -1.0061924963438280e-01	   2.1984703779578235e-01	   1.5301077787797224e-01	   1.2930202887885350e-01	  -1.5468409118637337e-02	
