   0.0000000000000000e+00	   6.7898775227763419e-01	   4.2381922395433347e-01	   3.8210674039703552e-01	   4.8246381320473031e-01	   4.7103179341376122e-01	   4.0697396176074596e-01	   5.1275807592465472e-01	   3.9584412769968941e-01	   3.2216194126184633e-01	   7.8824504912815274e-01	   6.8036615346785978e-01	   5.7778863967446703e-01	   6.3377467774617102e-01	   6.4072544821288469e-01	   7.5585399960984434e-01	   5.5374883968530408e-01	   5.8679777260280630e-01	   6.1906743269615561e-01	   5.5145714575858928e-01	   1.2740421267829155e-01	   1.2977831473880183e-01	   4.0777139231190801e-01	   3.7635594788024923e-01	   2.0057667094180065e-01	   1.6925237608556282e-01	   4.0602275959239037e-01	   2.7408097024584294e-01	   5.3799217754115713e-01	   5.4306142332304763e-01	   3.8179142012167794e-01	   3.7746448869844862e-01	   5.1866645947231493e-01	   4.1900728606861554e-01	   1.2477978511397930e-02	  -4.4619861139810840e-02	   7.7566878704089279e-02	   2.2490140806730496e-01	   7.6137252317909840e-02	   2.1496068036098748e-01	   1.0289348185888622e-02	   1.4430750706777834e-01	   3.2954450868227370e-01	   2.7968629093221176e-01	   1.3692867293779060e-01	   1.0561405510444752e-01	   5.0092480050532295e-01	   3.6777763885080589e-01	   2.4094751439920731e-01	   2.3426628883797201e-01	   4.6071619132186092e-01	   3.7980312217243389e-01	   5.7644134845157824e-01	   5.4385122788500728e-01	   4.2470111986862918e-01	   4.0149315259446444e-01	   7.6563737407522470e-01	   5.9191428796186485e-01	   5.6206020226235043e-01	   4.1081435813971601e-01	   6.6265122961086753e-01	   2.8978388303669889e-01	   4.6187558251863392e-01	   4.4129892213243693e-01	   2.7589244522267903e-01	   1.1720337606449441e-01	   2.3110686574485179e-01	   9.6331369870181677e-02	   5.5557222824694141e-01	   3.5336606527451364e-01	   1.7376236777306336e-01	   2.5488490411399217e-01	   4.3842939689254540e-01	   4.2524423895439839e-01	   4.2903357048865637e-01	   4.1080714467352619e-01	   4.5544637337000632e-01	   3.8716287055748183e-01	   4.3095822903054692e-01	   5.3441618468109908e-01	   5.3761459541782675e-01	   4.5125361695554311e-01	   6.5416627759157964e-01	   6.0723216343362418e-01	   5.0042841548562844e-01	   4.4702626232951487e-01	   4.4106021195917844e-01	   3.0067952386653785e-01	   6.4874673029830021e-01	   6.1186074358458242e-01	   2.5770479828194476e-01	   4.3344246309956563e-01	   2.3900884116953430e-01	   2.7333631549000809e-01	   1.4210598563279364e-01	   1.4465574468847278e-01	   3.6232581744589298e-01	   3.7299650208607538e-01	   6.2392308914634809e-01	   7.0234864254685725e-01	   2.1701785222746059e-01	   3.4959492531817837e-01	   4.4652177639671159e-01	   6.6704084358009985e-01	   7.1203740214995703e-02	  -1.9216536805047008e-02	   2.1468184408937074e-01	   4.6256542483491503e-01	  -3.2635817932557556e-02	   1.9504617218177872e-01	   4.8239182760737520e-01	   5.2274011731399828e-01	   5.6594170640681085e-01	   5.6371268797963836e-01	   3.3497906402278638e-01	  -8.1469014326795972e-02	
   6.7898775227763419e-01	   0.0000000000000000e+00	   3.3485306005413323e-01	   4.2462920043582242e-01	   4.3910979723079713e-01	   4.0506744982794946e-01	   3.6522146517427395e-01	   4.7239522599573580e-01	   3.8196923611090094e-01	   2.9642072646460993e-01	   5.0516252048641286e-01	   4.3776753756145570e-01	   4.4078075795299176e-01	   5.2139813300226101e-01	   4.9808091129827053e-01	   5.3816405991981975e-01	   4.4514800489444212e-01	   5.5723109478814370e-01	   5.3507352722786083e-01	   6.5777921434945807e-01	  -4.7203169744898382e-02	   3.0379787100525578e-03	   2.7875693832516235e-01	   2.4678619983734879e-01	   1.3238005673540801e-01	   1.8001135797119411e-01	   1.7795659003343473e-01	   1.6204487003458831e-01	   3.8461925974758404e-01	   4.2883064033391161e-01	   3.3161480199538296e-01	   3.0901978708786193e-01	   5.1560180240333875e-01	   4.7958069212990123e-01	   9.6652600450866266e-02	   6.2414958799961909e-02	   2.0583111530419790e-01	   4.7729358073658940e-01	   1.3129489591640264e-01	   3.0519474013302766e-01	   1.8570113798937313e-01	   3.8436164579950538e-01	   2.2898470252323680e-01	   2.3834917872064759e-01	   7.5336513198410421e-02	   1.0299742834242644e-01	   3.3518300640392207e-01	   3.4515848430519658e-01	   2.0561442380677763e-02	   1.9562969091761256e-01	   2.0939925438834273e-01	   2.4547158531459190e-01	   4.2051105606677863e-01	   3.6264726613061316e-01	   2.2813997626181684e-01	   2.4258424780720397e-01	   6.7918490697300538e-01	   7.1242574115388235e-01	   3.8918052779317214e-01	   5.6157135513108136e-01	   4.5698626509632601e-01	   2.6419225261714735e-01	   2.8941159448372733e-01	   4.2339457983343376e-01	   1.9312434352413971e-01	   9.2412133501525773e-02	   2.5408720393114276e-01	   2.2339472545657185e-01	   6.3888843055432276e-01	   6.7520045956838826e-01	   6.0082861682905928e-02	   2.8179827129921531e-01	   3.3658243235860646e-01	   4.3169943778574532e-01	   2.9028721550073944e-01	   3.7642320017041531e-01	   4.0469808036519683e-01	   4.7682140275672680e-01	   4.0699306477504904e-01	   6.1612197498164245e-01	   5.8397512692641085e-01	   5.2726558126636580e-01	   5.1143019174872872e-01	   5.0624749065413843e-01	   2.9131462649804285e-01	   3.6743383431204468e-01	   2.3482877021904949e-01	   1.4204696136773459e-01	   5.4128969153126083e-01	   5.0413030695906191e-01	   4.5946292393364752e-01	   4.3287137719086277e-01	   2.7817216231802466e-01	   1.8556317241688047e-01	   2.0358115635442128e-01	   2.6900269285084905e-01	   4.3219752060992522e-01	   4.4909136567015207e-01	   6.5898939619789620e-01	   5.8261380337788071e-01	   4.3882851656818922e-01	   2.6156989569222422e-01	   6.8981829779662607e-01	   5.8966692103498575e-01	   2.3197703054237812e-01	   1.1003144174063700e-02	   2.1649896348307882e-01	   5.8537919003920458e-01	   1.6394389186781474e-01	   3.0872858169373874e-01	   5.2129790583751923e-01	   5.3990550921151570e-01	   5.8180414403609704e-01	   5.5739050062858841e-01	   2.5364090802254136e-01	  -2.6041079176171204e-02	
   4.2381922395433347e-01	   3.3485306005413323e-01	   0.0000000000000000e+00	   5.8744518075173313e-01	   6.9239635010759382e-01	   2.9433587523228877e-01	   8.0985087781055132e-01	   5.2413496548658589e-01	   5.8608658005363690e-01	   2.0486469390636264e-01	   4.5622730608082052e-01	   3.0454274167964668e-01	   4.2365699212074459e-01	   3.4957243909186292e-01	   5.3797463161186754e-01	   4.4786431099475355e-01	   2.4191609273508832e-01	   2.9585481420071963e-01	   5.0268934941900179e-01	   5.1386019268853411e-01	   9.7631090898217379e-02	   7.8831550763172095e-02	   7.7654346262483087e-01	   5.5669704207520732e-01	   5.3046090130584911e-01	   4.2742791501907984e-01	   4.0982201991934114e-01	   3.2941405061600570e-01	   1.5832061677887996e-01	   1.6831077716898968e-01	   5.4993015338352669e-01	   4.3852793644600363e-01	   6.6929761794010623e-01	   6.2308501598791377e-01	   5.7887172579611401e-01	   5.0067656616321510e-01	   3.1698466453831731e-02	   1.2196585199154869e-01	   2.4852743911632592e-02	   4.8113326730701185e-02	  -6.9232829458329037e-02	   3.3341382661823502e-02	   3.5261824255809693e-01	   1.6112238928097750e-01	   2.7430049638140674e-01	   1.7317239768904247e-01	   1.3378548774043020e-01	   1.1831010748709966e-01	  -1.3245276142176653e-02	  -6.4978991097486685e-02	   4.2947549929369733e-01	   1.7690400827925227e-02	   7.8995999293286739e-02	   2.4646919283447188e-01	   3.8285212873956607e-02	  -6.3321239840226598e-02	   1.3209550470640360e-01	   5.4711995863633039e-02	   7.2114808366743360e-02	   1.3249443457100490e-01	   3.8743330951211841e-01	   3.6409725482265676e-01	   1.6127706977497762e-02	   1.5567478862969134e-01	   7.4739747084824004e-01	   3.6867738148779050e-01	   6.5866964065888611e-01	   4.9509400149691729e-01	   3.4980542173083851e-01	   4.0647952555560241e-01	   1.7509297574270699e-01	   2.4102337132802965e-02	   2.9521015093926872e-01	   2.5467294145008534e-01	   2.4586478978010590e-01	   2.4453402919089837e-01	   3.6674202834378034e-01	   3.0701853117240185e-01	   5.0375791122160718e-01	   3.9370419260848477e-01	   2.7828131414612473e-01	   3.0725589311215040e-01	   3.3759132499955147e-01	   5.8754566404704767e-01	   6.7119084973506493e-01	   4.7231341688776729e-01	   3.1561380749827750e-01	   3.0857650963137218e-01	   5.5051309065358378e-01	   4.4528544720180641e-01	   3.7017821058612954e-01	   7.7055354128685460e-01	   4.2208509994339738e-01	   7.5779998297663165e-01	   6.2287817960992170e-02	   4.1732525103987667e-01	   2.9594792757019350e-01	   1.6826880344658715e-01	   2.6309210099636038e-01	   4.0726107282863888e-01	   2.5647350061981067e-01	   4.9498877537260366e-01	   3.0688399783357478e-01	   4.3612651763529720e-01	   6.4048988713136940e-02	   2.5559052962971607e-01	   9.8412586238865118e-02	   5.4757607724017909e-01	   2.8866484643008478e-02	   1.8844186400584412e-01	   5.6357133973699380e-01	   5.1776448519111939e-01	   5.6238192545689869e-01	   4.6349376734501563e-01	   2.4642607085464024e-01	   6.3911967319440668e-02	
   3.8210674039703552e-01	   4.2462920043582242e-01	   5.8744518075173313e-01	   0.0000000000000000e+00	   7.4307492053771396e-01	   6.6390987047969785e-01	   6.5049038956677008e-01	   8.8397307982237860e-01	   6.2200589805555806e-01	   6.3493277453249952e-01	   3.8163271000349941e-01	   5.5357600037759847e-01	   3.3352725250822673e-01	   5.9056534542852723e-01	   2.7438612979179033e-01	   5.5861255953661537e-01	   3.2197038555580576e-01	   3.3028462136649678e-01	   3.4311425003221407e-01	   5.6232646608974179e-01	   2.2975873668848321e-01	   2.3861889135919939e-01	   6.2011226092244365e-01	   7.9641556414970860e-01	   3.8480489645003735e-01	   4.5262741305920073e-01	   2.1493119438104050e-01	   3.5684603743780130e-01	   3.0746708689421698e-01	   3.2227060659125251e-01	   6.5079428100107095e-01	   7.0500390788187317e-01	   7.2406168563472706e-01	   7.6266676853836468e-01	   4.9545728116358934e-01	   5.1606330088189878e-01	   1.8964637010010936e-02	   3.9273414546444924e-01	   1.8649380826307282e-01	   2.7720505299758480e-01	   8.7930666003848412e-02	   2.5595264011200547e-01	   3.2583284152845526e-01	   1.8178770975886879e-01	   2.9922229739027767e-01	   3.1898589962209845e-01	   2.7300770324743329e-01	   3.5778635252326402e-01	   2.1986188275162186e-01	   9.2051702031409333e-02	   5.1478282101428730e-01	   2.2355482539960972e-01	   1.1106040558892639e-01	   1.9115456317052293e-01	   1.9293009508094106e-01	   2.3164738278774408e-01	   2.3186971377675608e-01	   2.2893295880218661e-01	   3.1518455310757321e-01	   5.2576701886015509e-01	   4.0504098834718916e-01	   6.6888424254022172e-01	   1.3798501120233270e-01	   4.6905022095156923e-01	   5.7466432614410468e-01	   5.6495945039899731e-01	   6.9296389468989905e-01	   7.0281175608402779e-01	   2.2792628894031550e-01	   4.7699292280603023e-01	   1.1522034571911319e-01	   2.7271180834630776e-01	   5.1630602408567783e-01	   5.7721982027576879e-01	   4.2162221465254823e-01	   5.5332484251476421e-01	   6.6809679481086692e-01	   6.5072570639327498e-01	   5.2050800875354508e-01	   3.9678915716536123e-01	   4.8800330642106277e-01	   4.0438209969706240e-01	   2.5509502423496627e-01	   6.3219758074326549e-01	   5.5092082953269350e-01	   6.5879920995594454e-01	   2.8288094618338416e-01	   3.7881298906554411e-01	   5.2582538339658513e-01	   7.3239724108101001e-01	   6.5604125243406008e-01	   6.1713771691063157e-01	   6.2108896963191307e-01	   4.8947746470640913e-01	  -1.0050320804052923e-01	   4.0874637453085272e-01	   3.4503955474823123e-01	   3.9755916258545110e-01	   4.5659786407241043e-01	   4.8535611052868977e-01	   5.7474224346697511e-01	   4.5255281450996160e-01	   5.8099578659835927e-01	   4.6597929098633051e-01	   2.4858729771754273e-01	   5.0085898979001800e-02	   3.4022524584577118e-01	   4.6735772568169931e-01	  -1.1524869076584519e-01	   2.6494367559605209e-01	   5.9973731542698461e-01	   4.5228299385247483e-01	   4.1722479817790448e-01	   5.0684351441351905e-01	   3.3361245468033673e-01	  -5.3508178953647303e-02	
   4.8246381320473031e-01	   4.3910979723079713e-01	   6.9239635010759382e-01	   7.4307492053771396e-01	   0.0000000000000000e+00	   6.3537464257943854e-01	   7.1392559590404558e-01	   7.7081693427523268e-01	   8.1811708779101833e-01	   4.9292866793562706e-01	   4.4008699396445550e-01	   5.1177757138314273e-01	   4.1269943777149759e-01	   5.1253150685985971e-01	   4.2664671182978453e-01	   5.5574927711497968e-01	   5.2670142406015785e-01	   4.9084246408873417e-01	   5.8841098745083475e-01	   5.9717334499165031e-01	   3.4198400959684788e-01	   2.8313120432231048e-01	   7.7862225110511574e-01	   7.0318334963919982e-01	   4.7767344328523276e-01	   4.9357906404734730e-01	   3.2228666366746311e-01	   3.4776472968833549e-01	   5.0843453325091681e-01	   4.7888403755332842e-01	   7.8738846829592379e-01	   7.4901289874208898e-01	   7.6054245247363816e-01	   7.5334117090857156e-01	   4.7111532965549319e-01	   4.3151704658632406e-01	   3.5593805409794073e-02	   2.7951227411611917e-01	   3.6327170072541833e-02	   2.0287307534851098e-01	   1.9294661849282513e-01	   3.4935922120902096e-01	   5.0802747174135332e-01	   3.9588097612479256e-01	   4.3672251000386209e-01	   3.8319361055697898e-01	   3.5348194742058364e-01	   4.2922453417351925e-01	   2.4667427101256284e-01	   9.1938324369101043e-02	   5.5512354479061266e-01	   2.2521816516855145e-01	   1.8388232498944554e-01	   2.8301727190706505e-01	   1.7732266687153658e-01	   1.7914549976612898e-01	   3.3677650188576486e-01	   2.4233603847340257e-01	   2.2519973687559297e-01	   2.6243439845467509e-01	   4.0003852297249998e-01	   3.8902359424344873e-01	   3.0176804953431258e-01	   4.7309976888706456e-01	   5.4418653320903521e-01	   3.4165410273087821e-01	   7.1505058227293883e-01	   6.1683340362431971e-01	   3.7643941045064522e-01	   4.9696096490367331e-01	   2.5846519592008044e-01	   3.0470239363184443e-01	   5.7843678330355697e-01	   5.9373852085191769e-01	   4.4024964900785479e-01	   5.2737349544275158e-01	   6.5005494668387898e-01	   6.6593638052563309e-01	   6.6667938067414578e-01	   5.6225434957330533e-01	   6.0916435574021754e-01	   5.3806194236713678e-01	   3.6925080595422888e-01	   7.2348096526298034e-01	   5.8126257486778266e-01	   6.0863699711233132e-01	   2.5576452530104721e-01	   2.4136155436965256e-01	   4.3291464823064230e-01	   6.1730489656517840e-01	   4.9635495678838398e-01	   6.7617234418084238e-01	   4.7275237152796679e-01	   4.9135941632185809e-01	  -6.7568065846433087e-02	   4.3923886803463530e-01	   3.4272398494636491e-01	   3.9602647912488154e-01	   4.7516696707261075e-01	   5.7248217978765070e-01	   4.5444619643875173e-01	   3.6821141422399539e-01	   5.4420035026308766e-01	   5.3440182727818197e-01	   1.2232834311026775e-01	   1.1085931150025699e-01	   1.6801776915782202e-01	   5.4216943859298217e-01	  -7.9449047330688430e-02	   2.3018276211165034e-01	   6.6923416207924946e-01	   5.4672646922489654e-01	   5.1521944330931491e-01	   5.0811019893997733e-01	   3.0456645251071507e-01	   3.9853335947829645e-02	
   4.7103179341376122e-01	   4.0506744982794946e-01	   2.9433587523228877e-01	   6.6390987047969785e-01	   6.3537464257943854e-01	   0.0000000000000000e+00	   4.5615783637073759e-01	   7.8620646911402647e-01	   6.4617256952864166e-01	   7.8293998029849510e-01	   3.2806554720672643e-01	   6.8180918790865497e-01	   2.0302229591613991e-01	   6.6358209254344991e-01	   2.1703692720060128e-01	   6.6653393156499652e-01	   4.5273093787560642e-01	   4.8421432567572287e-01	   4.1301135465390060e-01	   5.1793011024528446e-01	   1.0181681729623732e-01	   2.1177527521753464e-01	   4.8355065302594030e-01	   6.2931119768475119e-01	   6.9815417287191581e-02	   2.1187465662664026e-01	  -1.0401578473648762e-01	   2.4438580190224729e-01	   5.2572851805050791e-01	   6.2678815103703334e-01	   4.9670825197304369e-01	   5.9631686874947942e-01	   6.1545171375645435e-01	   6.3664945783949389e-01	   1.8549103767434810e-01	   2.9488532883763363e-01	  -1.8277207644887977e-02	   8.4389778596453108e-02	  -7.5949698318625719e-02	   6.5659091728071772e-02	   1.5137819446476400e-01	   2.1999411937726771e-01	   3.6429858397252052e-01	   2.5125406284766760e-01	   3.6990701534834136e-01	   3.7828782075958794e-01	   4.3580498332507861e-01	   4.8679570287640783e-01	   3.0584961704020064e-01	   1.8439140780790628e-01	   2.9141432956770508e-01	   2.2300228198536168e-01	   1.5065560077859022e-01	   2.2146486799492912e-01	   1.4354115638717746e-01	   2.4153769232156425e-01	   3.8426531879211379e-01	   2.9021203557491509e-01	   3.2302724765282509e-01	   4.7074517909385039e-01	   3.5727701662764966e-01	   4.4608946961248053e-01	   3.4684838821058217e-01	   6.3938117866643007e-01	   2.8246304335152228e-01	   2.4701500198045506e-01	   4.5424758800620835e-01	   4.8459773337741185e-01	   2.7068587755629775e-01	   4.5971388391143153e-01	   1.2771951311167254e-01	   3.2688620062634016e-01	   6.6735842835206727e-01	   6.8721592477480997e-01	   5.1937755059847501e-01	   6.3887044149201899e-01	   7.1967253855782143e-01	   6.6254529361219738e-01	   5.2589012499684884e-01	   4.5027484183991862e-01	   6.5726295693920966e-01	   5.4788302390581378e-01	   2.2593777170820128e-01	   5.3457570223337281e-01	   4.0124689564692773e-01	   4.9327599235211772e-01	   4.4580879596313544e-02	   3.5298578138626385e-02	   2.8208166715292204e-01	   6.1501037510249124e-01	   6.2617742511837915e-01	   4.2612675723845406e-01	   6.1399634178546170e-01	   2.4357171239830688e-01	  -1.5720115683997032e-01	   2.8675069859388136e-01	   1.4710649370459614e-01	   2.4619357426795965e-01	   5.6411030272943274e-01	   5.6307339669197076e-01	   5.8128433239066346e-01	   3.0322723490143400e-01	   6.2550825653476760e-01	   5.4898092605680648e-01	   9.2111651104911957e-02	  -2.3994629491346335e-02	   2.8805060251441994e-01	   3.8989527300546040e-01	   7.3080826501297991e-02	   1.7423691905686498e-01	   5.2282620015814518e-01	   5.1844729647103194e-01	   3.3947471278374636e-01	   5.1613240454638487e-01	   4.0241031503180791e-01	  -1.0389401844822951e-01	
   4.0697396176074596e-01	   3.6522146517427395e-01	   8.0985087781055132e-01	   6.5049038956677008e-01	   7.1392559590404558e-01	   4.5615783637073759e-01	   0.0000000000000000e+00	   6.9446678678038842e-01	   7.1846383995589858e-01	   4.5474508368603556e-01	   5.3209899447505338e-01	   4.5934230089859301e-01	   6.5247559998055626e-01	   5.3968885639216491e-01	   5.0657940157960113e-01	   5.1786885514254810e-01	   3.7729747888391196e-01	   4.8571521900699954e-01	   6.0647674184667433e-01	   6.3240722065855182e-01	   7.4777361620587401e-02	   1.4883774544786031e-04	   5.6589110587706171e-01	   4.4426479716334100e-01	   1.6053777844490663e-01	   1.4713893734809916e-01	   1.8086581948098121e-01	   1.4384707712576172e-01	   4.4393367561450364e-01	   4.0968491433686582e-01	   4.7263203874344772e-01	   4.3064659898706653e-01	   6.4608521602099189e-01	   5.8043833184259719e-01	   3.0420535996595205e-01	   2.4186960144318886e-01	  -1.3792783947526865e-02	   1.3421199131806030e-01	   4.1745303133964913e-02	  -2.6003139373595718e-02	   2.0483132185100641e-01	   1.0873670602650945e-01	   1.9722239972447395e-01	  -6.1741702460147083e-03	  -1.3406095653745585e-02	  -9.3583832568083558e-02	  -1.0802522603716660e-02	  -2.9142722260376029e-02	  -1.8628390242713097e-01	  -3.3673219898867535e-01	   3.1328813453013199e-01	  -1.1141707273902937e-01	   1.3147801046207727e-01	   1.4925337567647873e-01	  -2.3005390839685833e-03	  -1.0192422918189260e-01	   2.5464915348082839e-01	   2.6935715333031618e-01	   3.3370226068980791e-01	   2.4948987983516180e-01	   6.1347955645882823e-01	   4.5046077860676947e-01	   3.5894605664106199e-01	   4.5332419974370852e-01	   5.3945232726735193e-01	   3.4387965106522173e-01	   5.3427939241625433e-01	   3.6535919495589431e-01	   4.4970086556023398e-01	   5.3282963524606342e-01	   2.7270629901038634e-01	   1.1743717672724618e-01	   4.5414197522491156e-01	   4.2516909436824635e-01	   4.4236648506091081e-01	   4.3460108956890442e-01	   4.4965690919404649e-01	   3.7359882970440500e-01	   5.7379375154517376e-01	   5.3748954833729168e-01	   4.7008991019902563e-01	   4.1725680313249935e-01	   3.6449312096660003e-01	   5.3945201293897949e-01	   5.3376376774542367e-01	   3.7900756778947708e-01	   1.4271825916413511e-01	   1.4017848011551692e-01	   5.9188764321343634e-01	   5.5714078251203603e-01	   4.5291445925036550e-01	   7.4214627632190089e-01	   4.7255648758856439e-01	   6.6071194328389038e-01	  -3.4528439847341774e-02	   3.2277991029862063e-01	   1.7487123540046359e-01	   6.8465879836295318e-02	   1.6429404511468360e-01	   2.8992425393861293e-01	   4.5445608722669784e-01	   6.7689841255647720e-01	   4.8563716097958515e-01	   5.3362351547353593e-01	   1.2820277546136518e-02	   1.4644697335496881e-01	   9.1241209600409059e-02	   5.8494794184374932e-01	  -7.4792490332894951e-02	   1.4003416147259953e-01	   4.5854612530389022e-01	   4.1945055650986673e-01	   4.8570105818578257e-01	   3.7684776290365524e-01	   9.3970915271762295e-02	   1.6263844341121925e-02	
   5.1275807592465472e-01	   4.7239522599573580e-01	   5.2413496548658589e-01	   8.8397307982237860e-01	   7.7081693427523268e-01	   7.8620646911402647e-01	   6.9446678678038842e-01	   0.0000000000000000e+00	   6.7835477543157208e-01	   7.1464448851708062e-01	   5.0628661073259407e-01	   7.4536976038811065e-01	   4.5346102277325129e-01	   7.3419800286455050e-01	   3.6337371370646698e-01	   6.6430095269409328e-01	   3.9816051806085928e-01	   4.8255773248214306e-01	   4.7972653438788659e-01	   6.0050233149084975e-01	   1.1959356374658667e-01	   1.5327071368574882e-01	   6.1610326018542705e-01	   7.4491787359231321e-01	   2.2676250807679288e-01	   3.0348655298378213e-01	   1.2242104743769947e-01	   2.7834316035253032e-01	   5.2497624489704353e-01	   5.2932047425191320e-01	   6.1832648427504222e-01	   6.7837324758816031e-01	   6.9741051456602610e-01	   7.1339726400872050e-01	   3.2512866077861036e-01	   3.6712459577632328e-01	  -6.2770256570754870e-02	   2.4501682905472533e-01	   6.3369714415594691e-02	   1.5443834365325820e-01	   2.2149041918427753e-01	   2.0652715404343230e-01	   3.5917936315037685e-01	   2.4606089620926294e-01	   2.7540777725727816e-01	   3.1077650732806866e-01	   3.1147453733609126e-01	   3.8982878442389979e-01	   2.3041642171170562e-01	   6.3648443536127849e-02	   4.7048005158602157e-01	   2.4496663279368133e-01	   1.6469426169025830e-01	   2.4005246184847867e-01	   1.6459684106652619e-01	   2.2379962128792397e-01	   3.4711228356228407e-01	   3.2899633449338683e-01	   4.2221279075465279e-01	   5.1833887774010545e-01	   5.1169750586974216e-01	   5.6333137385845311e-01	   3.6598170712858163e-01	   6.3141635857928224e-01	   4.7532681460805193e-01	   4.4736504573068936e-01	   6.1773534897998161e-01	   6.3467352538911137e-01	   2.5882648732059726e-01	   4.6849036424692075e-01	   1.1873740447038537e-01	   2.7561713139904448e-01	   5.9421008259172059e-01	   6.6381474876108515e-01	   5.3866286573496169e-01	   6.7056794939052777e-01	   7.1528298387035294e-01	   6.3306591900556430e-01	   5.3561268784089500e-01	   4.9083464688635903e-01	   6.1748885074766957e-01	   5.5496720389296117e-01	   4.1582530293615194e-01	   6.9309307004208787e-01	   5.3759903540415810e-01	   6.6662572158830258e-01	   1.8461451456663491e-01	   2.4583116429399349e-01	   5.2104373964505091e-01	   7.4517484896806174e-01	   6.7590668186499414e-01	   6.4746089923470451e-01	   6.5012949916071228e-01	   4.6259644991801746e-01	  -6.8616708599440385e-02	   3.0186960376395566e-01	   2.4072514876770457e-01	   2.8786724817500581e-01	   4.9225082075571902e-01	   5.0928678250494452e-01	   6.2569252985199630e-01	   5.0822916603819812e-01	   6.2534662280227438e-01	   6.1493480887074992e-01	   1.0014180542195439e-01	  -4.6395532595885386e-02	   3.2169738880537857e-01	   4.9757959460825762e-01	  -1.8616926659962649e-01	   1.5470959263414541e-01	   5.6922433278380313e-01	   4.8053056941176431e-01	   4.4296413053098016e-01	   5.0454743517851330e-01	   2.6760696027255187e-01	  -1.7371576528208621e-01	
   3.9584412769968941e-01	   3.8196923611090094e-01	   5.8608658005363690e-01	   6.2200589805555806e-01	   8.1811708779101833e-01	   6.4617256952864166e-01	   7.1846383995589858e-01	   6.7835477543157208e-01	   0.0000000000000000e+00	   6.7341521320946784e-01	   4.0560149163426673e-01	   5.5627003079398563e-01	   5.2210677596972388e-01	   5.9296202391442687e-01	   5.4733529301353601e-01	   6.2389612332999855e-01	   5.1491956994608334e-01	   4.6007542953356939e-01	   5.5638811584963488e-01	   5.8763415004554109e-01	   2.4999721858157256e-01	   1.2622006161921356e-01	   5.8958210221399610e-01	   5.3485589281764390e-01	   2.0095864211131309e-01	   2.4215341341427549e-01	   9.0890832517599662e-02	   2.0991927276707356e-01	   4.4686253610200238e-01	   4.4637280408796659e-01	   5.1275101789534561e-01	   4.8503198998027325e-01	   6.1628891898943894e-01	   5.9505915511125673e-01	   2.2689849024448455e-01	   2.2328321131584281e-01	   1.1541940855039756e-01	   1.6467043573953638e-01	   2.1177907768069798e-02	   1.2183683352186572e-01	   3.2841440528724342e-01	   2.9444704538279504e-01	   3.0449340128327385e-01	   2.4551737898419868e-01	   1.8018017729580749e-01	   1.3427206839168870e-01	   2.7623758446096591e-01	   3.2541471343537742e-01	   6.3654607381255335e-02	   1.7160719689158555e-02	   3.0699505210304767e-01	   1.6455658949963198e-01	   1.0151665060529746e-01	   2.7571155134702141e-01	   1.2589878365071711e-01	   1.3159838537452398e-01	   2.8683387900006563e-01	   2.7196094876519089e-01	   2.9089599983607523e-01	   3.9847621428829427e-01	   4.7610385591895688e-01	   5.1448516502028030e-01	   2.9858357063613239e-01	   5.0122246726755249e-01	   4.6796184697342691e-01	   3.5581810638455130e-01	   4.8735411967958331e-01	   4.2587278022121233e-01	   5.0819477726558826e-01	   5.5249274638319124e-01	   2.6584314749720062e-01	   2.5792866236392242e-01	   5.3531913368622996e-01	   5.2522240908996720e-01	   4.2270447319167709e-01	   5.0393790754025025e-01	   4.9486798497523410e-01	   4.8819332744664878e-01	   6.0281944159406975e-01	   5.0532664545751982e-01	   5.9700624098033961e-01	   4.8959657548005120e-01	   3.3951732653053812e-01	   5.5625160901993465e-01	   4.7109114005283403e-01	   4.4024548407564701e-01	   1.8295061256346279e-01	   1.3896619458837539e-01	   4.2133828797700601e-01	   6.2853440689602280e-01	   5.7160434300757568e-01	   6.9420284917389674e-01	   5.5610665415782001e-01	   5.6025302248339259e-01	   1.1751732110471214e-01	   4.5006627236171487e-01	   2.2252065417871109e-01	   2.5794091483607340e-01	   3.6125960849857214e-01	   4.7654729456656120e-01	   5.4276619947230942e-01	   5.7201333593312098e-01	   5.9139145055568321e-01	   4.6987318849638537e-01	   6.7479071166821003e-02	   3.9745808786215333e-03	   1.3480917763090605e-01	   5.0284445862257698e-01	   4.6450917123307463e-02	   3.2386120020067460e-01	   5.4843916246376589e-01	   5.7109392972340101e-01	   5.4287593943154611e-01	   4.6296153113981336e-01	   3.3879061808704070e-01	   8.8593609455582863e-03	
   3.2216194126184633e-01	   2.9642072646460993e-01	   2.0486469390636264e-01	   6.3493277453249952e-01	   4.9292866793562706e-01	   7.8293998029849510e-01	   4.5474508368603556e-01	   7.1464448851708062e-01	   6.7341521320946784e-01	   0.0000000000000000e+00	   3.5586366117476426e-01	   5.4790338961165952e-01	   3.0449386689395008e-01	   5.8749334257843566e-01	   2.5103509835969756e-01	   6.1343531121322736e-01	   2.3734696747450751e-01	   2.1720290005251908e-01	   3.5408503516687562e-01	   4.3062794697618656e-01	   1.0436821522879094e-01	   1.3817961110752303e-01	   3.2473647278973589e-01	   5.4858336135203944e-01	  -1.0540245691815572e-02	   1.0977412399823797e-01	  -1.4527091391690500e-01	   1.6522055670005092e-01	   3.1674913343831251e-01	   3.2582786471524683e-01	   3.0122757324199634e-01	   3.9699149722566340e-01	   4.2018549989559129e-01	   4.1057011744199345e-01	   5.7949952769462035e-02	   1.2510879147653317e-01	   1.0539031127562427e-01	   2.0408822052066097e-01	   1.7263752701800486e-02	   8.2104078058406332e-02	   2.4351888010996686e-01	   8.1254167399635646e-02	   9.2245168554373369e-02	   2.6806962503727331e-02	   5.1403259364830367e-02	   5.0341230546774557e-02	   2.1523458202388296e-01	   2.2517912815281654e-01	   1.5250447447552420e-01	   5.5326399161902996e-02	   2.0757520202007923e-01	   1.3947796660866368e-01	   1.0456105401268576e-01	   2.5036886867715447e-01	   1.6160942402987458e-01	   2.1822021262146987e-01	   2.0479013520387829e-01	   1.9037305723586434e-01	   3.8679130661971733e-01	   5.6565367218320817e-01	   4.2131199845579270e-01	   7.2792581489041241e-01	   1.9078005597633579e-01	   4.2148451658075659e-01	   3.3397884882698575e-01	   4.5281853531820349e-01	   3.1877560948038780e-01	   3.2241601417542631e-01	   2.7241698564799521e-01	   4.2933023012424054e-01	   3.0058439396291198e-01	   3.8294828282570065e-01	   6.1147087344503070e-01	   6.0283327859684521e-01	   5.0803646061754670e-01	   5.9123404404282109e-01	   5.3157962521154767e-01	   4.8553135015590210e-01	   3.5423242347797618e-01	   2.0548543776847453e-01	   4.6694088249720234e-01	   3.4991232370639946e-01	   1.7338791908146919e-01	   3.4289471387677578e-01	   3.7551420013615477e-01	   3.6849337686656169e-01	   1.7926137993158014e-01	   1.9554191648893676e-01	   4.0557233661955389e-01	   6.7808368426731458e-01	   6.5872172824906294e-01	   4.8968712706245920e-01	   7.0778971014117120e-01	   3.8473396464842635e-01	  -5.5908278037326391e-02	   2.3499808895236293e-01	   8.8025040272871016e-02	   1.3546944057399662e-01	   3.1536100225035918e-01	   3.3149647430350437e-01	   5.8082046728323600e-01	   4.4557318157074560e-01	   5.1264483927121529e-01	   3.6643394002724766e-01	   1.0266826792475255e-01	  -5.3057828424276504e-02	   2.9537252332161834e-01	   3.8259446387194829e-01	   5.7390272685233681e-02	   2.0337153153432463e-01	   2.7740274684014543e-01	   3.6880448941616306e-01	   3.9117363721038134e-01	   4.4764698842322309e-01	   3.0277781270424042e-01	  -1.3417673922527484e-01	
   7.8824504912815274e-01	   5.0516252048641286e-01	   4.5622730608082052e-01	   3.8163271000349941e-01	   4.4008699396445550e-01	   3.2806554720672643e-01	   5.3209899447505338e-01	   5.0628661073259407e-01	   4.0560149163426673e-01	   3.5586366117476426e-01	   0.0000000000000000e+00	   6.4744969254897189e-01	   8.1886725611255518e-01	   6.4476541335444393e-01	   7.1214332534630476e-01	   6.4155846902967129e-01	   4.6721040045332402e-01	   4.4499287284637123e-01	   4.8696474324443034e-01	   3.5768967717426825e-01	   1.0155316105734422e-01	   6.1934114981399148e-02	   3.2566830063917140e-01	   3.0885458860416970e-01	   1.6967284330970558e-01	   1.5635520651056223e-01	   4.0271812553187436e-01	   2.0748497507438129e-01	   4.3048308686880832e-01	   3.4326882069893738e-01	   2.1812118510353906e-01	   2.1594271882292515e-01	   4.3779541882418194e-01	   3.0811782661674131e-01	   9.7338684043481033e-02	   1.1005454511420470e-02	   1.4678536373719980e-01	   2.7141064443287277e-01	   2.3190559880597475e-01	   2.4377994146410600e-01	   3.4423400460445890e-02	   1.3161699421795077e-02	   2.5325784746987617e-01	   1.5980280529536373e-01	   5.4691704548507124e-03	  -5.4672255100651462e-02	   2.9866976214636809e-01	   8.6605814387744923e-02	   5.9537873202216957e-02	  -5.3954497527269253e-02	   4.4383089585113966e-01	   1.3745384002471067e-01	   3.9310933687530336e-01	   2.7573626311142285e-01	   4.1142666667190009e-01	   2.9496239592233980e-01	   5.3913100698792038e-01	   4.1253651864286112e-01	   5.1837454024004770e-01	   3.4504109492066304e-01	   7.1271837920944570e-01	   4.5157237358032098e-01	   3.4553044153562951e-01	   3.3611437290828272e-01	   4.4443852209524237e-01	   3.9990640108818187e-01	   3.4494584744903667e-01	   1.9432287341265175e-01	   5.3501728522997560e-01	   3.2826790067711459e-01	   1.8936057810050838e-01	   1.9699437551319776e-01	   3.1742056170090338e-01	   3.3392892864444323e-01	   4.4207049054067132e-01	   3.5332393009306440e-01	   3.9227694023785548e-01	   2.7839808755112738e-01	   4.0520144736967695e-01	   4.7352313806248292e-01	   3.9774270917245180e-01	   3.8392818295830355e-01	   6.0061997335797246e-01	   5.0455656484404254e-01	   6.7131965233646818e-01	   5.3352898302769824e-01	   5.0112761906563419e-01	   4.7767119221280102e-01	   8.0153031308823119e-01	   6.6000091506785474e-01	   1.8772867993510808e-01	   4.6286434923341518e-01	   2.6037092272122986e-01	   3.7019104668790548e-01	   1.7633557536898883e-01	   5.6886687951576524e-02	   4.6860216920513309e-01	   3.5301702426028525e-01	   3.6780402006885160e-01	   4.7259347915853522e-01	   9.7347046763013687e-02	   5.0650234184506848e-01	   2.2922211922181843e-01	   5.3878613271130293e-01	   4.9652995558825852e-02	   5.9540716653318407e-02	   1.5510079781236380e-01	   4.6989047638805986e-01	  -5.5068534087872573e-02	   2.4003039698997450e-01	   4.1399941516173899e-01	   3.5903172167748915e-01	   4.7450317745284859e-01	   3.8184415059320787e-01	   1.6953807452981892e-01	  -8.1576683234818967e-02	
   6.8036615346785978e-01	   4.3776753756145570e-01	   3.0454274167964668e-01	   5.5357600037759847e-01	   5.1177757138314273e-01	   6.8180918790865497e-01	   4.5934230089859301e-01	   7.4536976038811065e-01	   5.5627003079398563e-01	   5.4790338961165952e-01	   6.4744969254897189e-01	   0.0000000000000000e+00	   5.4663376763726279e-01	   8.6600280011962405e-01	   5.2198851556161974e-01	   7.9918998203285962e-01	   6.2388597978182592e-01	   5.8057376358041846e-01	   4.4877669472574661e-01	   4.5197467099946897e-01	   8.1642292372013606e-02	   1.2557733653379211e-01	   4.4248277824803089e-01	   5.2331417390433832e-01	   1.2913968045748941e-01	   1.8957624378427715e-01	   1.2083672556042226e-01	   2.4803459583340792e-01	   6.7104045535496049e-01	   6.7809061139403359e-01	   4.6201437398657796e-01	   5.2410523610934079e-01	   5.7196518680012820e-01	   4.9279759147518831e-01	   1.0212848316763673e-01	   1.3187023669686784e-01	   7.8332380369173574e-02	   1.7493608531617710e-01	   1.6393795208215234e-01	   1.6988725181229072e-01	   2.7966529991248851e-01	   1.9025975855523919e-01	   3.8789906736783453e-01	   3.7362783147185302e-01	   1.6791552321983264e-01	   2.5343636604342978e-01	   5.0384682683670379e-01	   4.5644373414574912e-01	   2.6333315821605419e-01	   2.1607460989108618e-01	   4.7899714523394088e-01	   4.0990558200352822e-01	   3.4775806270474163e-01	   3.3474287841689498e-01	   3.1720007076432799e-01	   3.3819128039873336e-01	   5.5019446889873258e-01	   3.8853451097990721e-01	   4.6632114874741287e-01	   4.0833444643189087e-01	   5.1618668548664604e-01	   4.0278302867209481e-01	   4.6727899933060368e-01	   6.8552467539774797e-01	   2.6130291897767033e-01	   3.4142455926512272e-01	   3.5378163372752580e-01	   3.6159776092366164e-01	   3.1988891116865376e-01	   2.6701563352831148e-01	   8.1417471797024230e-02	   3.2540360010534575e-01	   5.3994852166016993e-01	   6.0423888339726828e-01	   5.3914775616851929e-01	   6.7374350492744584e-01	   6.1682265747342924e-01	   5.0628866253211990e-01	   5.4482778782950603e-01	   5.4064505031004895e-01	   6.6213265144930100e-01	   6.3533741764653406e-01	   5.9039870979581011e-01	   6.7215591706539835e-01	   4.8428157969814961e-01	   6.5818088916980122e-01	   2.9733964232497206e-01	   2.4435002182974266e-01	   5.4778159365309864e-01	   7.1560996213422290e-01	   4.2051670564784782e-01	   4.0415984902060320e-01	   4.1083006653496290e-01	   1.9224557470081804e-01	   7.6967437907582897e-02	   1.6355745904979566e-01	   2.9790619415196617e-01	   3.2620835284088306e-01	   5.2363314628435342e-01	   6.0486781734068873e-01	   4.3739215613674298e-01	   4.3786380650603918e-01	   4.9348638008277429e-01	   5.9733427942489936e-01	   8.3224354593610328e-02	  -9.8944650639713624e-02	   3.1140434986294674e-01	   2.7754788128346297e-01	  -1.0518301215329479e-01	   2.4472957051334601e-01	   5.6823172629853358e-01	   4.6239535233165130e-01	   3.7852071990464708e-01	   5.0061739068813282e-01	   3.1649342967599514e-01	  -1.7267775494809687e-01	
   5.7778863967446703e-01	   4.4078075795299176e-01	   4.2365699212074459e-01	   3.3352725250822673e-01	   4.1269943777149759e-01	   2.0302229591613991e-01	   6.5247559998055626e-01	   4.5346102277325129e-01	   5.2210677596972388e-01	   3.0449386689395008e-01	   8.1886725611255518e-01	   5.4663376763726279e-01	   0.0000000000000000e+00	   5.8941095520336895e-01	   7.0432311329887376e-01	   5.0762571012445512e-01	   4.4470805442961614e-01	   4.4990670513310471e-01	   4.6656858958942660e-01	   3.7608813643526884e-01	   8.0373356561389941e-02	  -9.6822447437763956e-02	   1.6943889008640090e-01	   1.1160895332437312e-01	  -7.6600127744984300e-02	  -5.0157493321342297e-02	   2.2888220224378547e-01	   7.1085069790875408e-02	   4.0016667193054839e-01	   2.9599110210801077e-01	   5.3003936230588244e-02	   3.0791487454813186e-02	   3.2611351970909608e-01	   2.1059809273484381e-01	  -5.8429822669336183e-02	  -1.4125076845430273e-01	   6.3390872559327169e-02	   2.3717078824894564e-01	   1.5989691925378544e-01	   1.3919785872027574e-01	   2.1003877499034201e-01	   4.6454419020032764e-02	   1.3055480823588334e-01	   5.7912029483876727e-03	  -2.0974763002763552e-01	  -2.7161447601073152e-01	   1.0904693393791337e-01	  -6.1708651524172015e-02	  -1.7927378367749719e-01	  -2.4296299679794225e-01	   2.6031441959755952e-01	  -3.7362845948940383e-02	   2.9388899461039242e-01	   1.0033264978998789e-01	   2.5901157761159321e-01	   1.1325067172302325e-01	   4.7081309631036405e-01	   4.1049744660250087e-01	   5.4860262603593934e-01	   2.8369272646098959e-01	   7.9727463201642634e-01	   4.0819335704648774e-01	   5.0179586630252249e-01	   3.8424179678778042e-01	   3.2447698712224454e-01	   3.3304775700209072e-01	   2.2069685051831525e-01	   6.7760312501764702e-02	   5.2632322209325755e-01	   3.4101411113558078e-01	   1.8648877906504463e-01	   1.0467340659673957e-01	   2.1425816949326151e-01	   2.6118148542478914e-01	   3.6885583219821455e-01	   3.3387073402426598e-01	   1.9880205546876248e-01	   8.5640607473866065e-02	   3.6410691838396370e-01	   4.7212621693480883e-01	   3.9692168503287673e-01	   3.5287890071222505e-01	   5.3461262590002867e-01	   3.8543643264201782e-01	   4.8183775848021743e-01	   3.6714847165255565e-01	   3.1279514489473531e-01	   2.9130371320406656e-01	   7.2407031993775806e-01	   5.8941698105924734e-01	   2.2896904061547879e-01	   5.1721343939008635e-01	   2.6204197372793409e-01	   4.2214403684719998e-01	   2.3549720225983273e-01	   1.0276191187016623e-01	   3.0584233444560260e-01	   2.2939244771159539e-01	   2.0877989789243295e-01	   2.9080771046381437e-01	   2.1786350682513805e-01	   7.0024026735697720e-01	   2.7121352354893224e-01	   4.5742717706217373e-01	  -1.0879121785970503e-01	  -1.0890889926360292e-01	  -3.6817779044236061e-02	   4.2973949102098358e-01	  -9.7897993254578028e-02	   1.4608427719623840e-01	   2.7441480113640493e-01	   3.2490825258726086e-01	   4.1304625536504536e-01	   2.8333714660762127e-01	   4.4898779797744653e-03	  -1.2470676027858214e-01	
