   0.0000000000000000e+00	   4.7259024991899462e-01	   5.5546347485520242e-01	   2.4926910878942443e-01	   2.4632310570858548e-01	   3.5872215189111717e-01	   4.2416116568162265e-01	   3.3366074928965886e-02	   2.0188192799110161e-01	   1.2605706061584826e-01	   5.3937176225636685e-01	   1.5587067649506595e-01	   3.6587963893379172e-01	   1.8603115394830591e-01	   2.4821738520527287e-01	   2.9029959370332942e-01	   4.4337043204950266e-01	   4.6866213027046477e-01	   7.4740066152015383e-01	   5.7000540430194513e-01	   4.0783878405751633e-01	   2.7726116842081167e-01	   3.4633512838663183e-01	   2.3515963224075923e-01	   3.3588568261140289e-01	   3.2243225107957790e-01	   2.7061039160437311e-01	   2.7558047738479730e-01	   1.7672603547079938e-01	   2.2379010963531498e-01	   3.4642620243470046e-01	   2.7601346208409927e-01	   7.0650320403744238e-01	   5.2405464509924249e-01	   2.6707051215722033e-01	   3.2782613789545673e-01	   2.4938897660951967e-01	   9.2570131662338642e-02	   4.9711592205290628e-01	   4.4016677984987485e-01	   5.1638712375014040e-01	   4.4391383158014219e-01	   4.4262645575426651e-01	   1.9577440525497558e-01	   3.3212212847622613e-01	   2.3996038136173195e-01	   3.4403992700123875e-01	   4.0695913658123400e-01	   3.3527706794837309e-01	   6.8502493865463060e-02	   4.1247374766860784e-01	   1.8735887598280643e-01	   4.4579183785704901e-01	   1.3936544957919228e-01	   4.9127659388107453e-01	   3.1106067398266041e-01	   6.4296330001824686e-01	   4.7341306218269069e-01	   4.5851444942269171e-01	   5.9877085097322875e-02	   4.4714377458878041e-01	   2.2128668193962073e-01	   4.6627055283901597e-01	   4.9270596394987198e-01	   2.3987075202225613e-01	   6.5104114240632768e-02	   5.2184710378568466e-01	   2.8089867285634718e-01	   5.9344152320942878e-01	   6.6327648731609135e-01	   5.4092623821058734e-02	   4.4839850414637492e-02	   4.0175224102295048e-01	   2.9269080303324552e-01	   4.9933237436599276e-01	   4.2725887428473586e-01	   5.1799320743302424e-01	   3.5361532917896732e-01	   2.4404597273119080e-01	   1.5273315451004948e-01	   3.8581602556460431e-01	   4.4210437481760334e-01	   3.2423075864855888e-01	   3.3182510991999609e-01	   3.6165945841803027e-01	   2.7762978840846031e-01	   2.9647164526627506e-01	   2.0120740876055615e-01	   5.3718856730156150e-01	   4.1227167895115263e-01	   2.2226426890914805e-01	   2.8821374637608332e-01	   2.1228486800060098e-01	   3.5212758497822172e-01	   7.3945072711054924e-02	  -4.5971687648672502e-02	   4.5256667041861409e-01	   4.0306851869722660e-01	   3.6426809685371375e-01	   4.8024532269975534e-01	   2.7211473144143100e-01	   4.0739242690944732e-01	   3.5436627989101621e-01	   5.3293291313332725e-01	   5.7416065938046601e-02	   2.8774460597645957e-01	   1.7794648376086597e-01	   1.6760573543621052e-01	  -3.4262198840481828e-01	   2.0482692234116587e-01	   4.7691805673252269e-01	   3.0880576864019693e-01	   1.9219897073736558e-01	   3.8685405250861471e-01	   1.3330261849975233e-01	  -1.6122062310255128e-01	
   4.7259024991899462e-01	   0.0000000000000000e+00	   1.0129656933576164e-01	  -1.7633622033772466e-02	   9.3957675813895844e-02	  -4.2381888819084279e-02	   4.9110751479300448e-02	  -8.8627577507595867e-02	  -1.4264585771046981e-01	  -6.4952468466667343e-02	   6.2975102507513453e-02	  -1.5257108987465123e-01	  -7.7455293200009545e-02	  -1.3536223785156681e-01	  -1.7411423754866834e-01	  -9.1397258291563754e-02	   2.5346888099812059e-01	   4.8421724569405483e-01	   2.9135093634288495e-01	   3.9868125337320670e-01	   1.1510211043855852e-01	  -3.8027559588228996e-02	  -9.4859346416684295e-02	  -1.8552055234216400e-01	   5.6735159074735690e-02	  -1.5956891299513089e-02	  -6.3991495195207609e-02	  -7.8283959259817765e-02	   2.0731564006372733e-02	   9.2834223144471359e-02	   3.5245308984339398e-02	  -2.2927968328176861e-02	   4.0847675742209522e-01	   2.5873593826286945e-01	   6.8185528642461232e-02	   8.8964653620953682e-02	  -5.3498728988611549e-02	   8.2002282763842305e-02	   1.0829381985230743e-01	   1.9389309229697876e-01	   1.1962897840878255e-01	   1.4259280169879263e-01	   3.3592693700393655e-01	   1.0950591965312528e-01	   1.2272001136852463e-01	   4.9730491632564655e-02	   1.2275692940875700e-01	   9.8076235655037911e-02	   6.7864854220897247e-02	  -2.0284411167592853e-01	  -3.5022415735496540e-02	  -2.3316875768274961e-01	  -7.0576966767811403e-02	  -2.6952019749146855e-01	   5.7546344320701492e-02	  -6.5314376722399189e-02	   6.6350373755812586e-01	   7.6500488151117108e-01	   9.6899235860496563e-02	   9.1955184521688230e-02	   3.4710336672109560e-01	   2.4525367997006811e-01	   3.6417295765154023e-01	   3.4421718610264262e-01	   8.0321917126342068e-02	   7.2460289066075698e-02	   2.8896130293293437e-01	   1.5409920385565426e-01	   4.8333660843935466e-01	   3.9205599303419092e-01	   8.7987487581712348e-02	  -5.7337245808886959e-02	   2.3931140419445940e-01	   2.9439464806936655e-01	   2.8366505155807892e-01	   2.4629268790378819e-01	   5.2580522782503603e-01	   3.6874722654530817e-01	   1.2968166641597359e-01	   1.1275169690442140e-01	   2.2483356291051892e-01	   1.7624340975558050e-01	  -1.0247908320092305e-01	   4.1305013335924290e-02	  -2.7276228782399305e-02	   4.8130275788826983e-02	   1.2880113331817231e-01	   6.4392686812878741e-02	   9.7764889820224965e-02	   1.0069246051410047e-01	  -2.2460932523812892e-02	  -1.5716021556307047e-01	  -4.7142382237851679e-02	  -1.0642196065296997e-01	   1.9530857096774639e-02	  -1.8707550406741080e-01	   4.3036419112411040e-01	   2.6311531876415295e-01	   2.3379777950605851e-01	   9.4633802499011654e-02	   1.9666085166676434e-01	   2.5069871204941530e-01	   2.4965691320646610e-01	   2.7887343256085551e-01	   1.9605875918913496e-02	   1.5427373112054860e-01	   7.3891681674416398e-02	  -8.4978803534833947e-02	  -1.2200185729100220e-01	   2.1468876958975419e-01	   1.4537531828897338e-01	   6.6045842516470638e-02	   9.0551915424100363e-02	   3.1069151646212101e-01	  -1.4203445582956793e-02	  -1.2150154781290642e-01	
   5.5546347485520242e-01	   1.0129656933576164e-01	   0.0000000000000000e+00	   7.1514426756065963e-01	   4.5896365520817378e-01	   2.8442812406019441e-01	   6.4110667241999630e-01	   3.5881108684376301e-01	   3.4283306796410867e-01	   1.6239575552209118e-01	   3.4993982136288970e-01	   9.6795492884808793e-02	   5.1772400168204746e-01	   3.7475969637206286e-01	   5.3730105161040598e-01	   5.8423433945929748e-01	   3.1574941413423119e-01	   3.3214313832868858e-01	   6.7185862731147750e-01	   6.0550437015858871e-01	   5.1538528321753874e-01	   3.6213308613958783e-01	   8.1371718560518924e-01	   6.3178177922604295e-01	   5.6905610452135480e-01	   5.0378454079390322e-01	   4.3728990883636193e-01	   3.8572783612969080e-01	   2.0367922878890574e-01	   3.2950878258030569e-01	   5.9121365665543779e-01	   6.3460689480211485e-01	   6.6383861658399368e-01	   6.3152746961941109e-01	   4.8711254411623944e-01	   4.6205778975049178e-01	   1.0263343865426003e-01	  -1.3020794597202537e-01	   2.9518566368749788e-01	   2.3429229466480500e-01	   5.7098499489053944e-01	   4.4375937844116514e-01	   3.7858671222671636e-01	   2.0885552624728754e-01	   3.8008192394691892e-01	   3.3303288396206371e-01	   3.1983982321468113e-01	   3.9342463142789774e-01	   2.8949249062515603e-01	   2.6577443600226813e-01	   6.3204279007107877e-01	   3.7313757682174514e-01	   4.5307994857552225e-01	   4.9420344114005998e-01	   3.6046306500492314e-01	   4.3196753644949137e-01	   2.8818221940614630e-01	   1.5650273161489253e-01	   2.2103827734168985e-01	  -1.8680342917975772e-03	   8.0116385569955956e-02	   4.9481102799733070e-02	   1.7511065371715029e-01	   4.4520195847998789e-01	   7.1048842640123344e-01	   3.1568335579130169e-01	   5.0589085294862279e-01	   3.6542516869537639e-01	   4.7136927203829559e-01	   6.0112443830404561e-01	   8.6283452824483936e-02	   3.0613280360450923e-01	   3.9750010425995441e-01	   3.5523842903578362e-01	   4.2162233056694365e-01	   4.5590034311461969e-01	   5.3345826258999884e-01	   4.3511291657837325e-01	   3.1354483203214784e-01	   3.7288359865518145e-01	   5.1662226838641501e-01	   5.6580616195436029e-01	   5.9248382104798825e-01	   6.2728893160108901e-01	   7.1433831105835488e-01	   5.8788288012447265e-01	   3.0164521780976167e-01	   3.0918547923183098e-01	   3.1255326470009875e-01	   5.0746633064300595e-01	   4.0987769110769479e-01	   6.7262296859219850e-01	   3.5739170465453118e-01	   6.5215993375842551e-01	  -7.1700960074034245e-02	  -1.0370475479819791e-01	   3.0259130803560591e-01	   1.2124701860008985e-01	   4.2059024932035372e-01	   4.7325734083481541e-01	   2.6096652877890514e-01	   2.3007826431987188e-01	   3.9412145108462382e-01	   4.2597638919010972e-01	   1.1035390680853045e-02	   2.5647455691644411e-01	  -4.8656076286329045e-03	   3.1522087302214458e-01	  -3.0243036671753037e-01	   1.8042336858052460e-01	   4.5021185154873145e-01	   4.1333973772735527e-01	   2.2197380150534415e-01	   2.4882289627415392e-02	  -2.4188926095979896e-01	  -2.9725001020621383e-01	
   2.4926910878942443e-01	  -1.7633622033772466e-02	   7.1514426756065963e-01	   0.0000000000000000e+00	   3.5248529869634726e-01	   3.1310595196421920e-01	   4.1010400055179752e-01	   5.0040331910501212e-01	   3.6881328349928122e-01	   1.7620973056366673e-01	   2.0156150014070273e-01	   2.2821662552416092e-01	   3.1469270842706543e-01	   4.6364234508036373e-01	   5.2010534711598222e-01	   7.2465197461624220e-01	   1.3819354034239784e-02	   1.7331272788088070e-01	   4.1947631833621452e-01	   4.9355777796863809e-01	   2.2282252306520722e-01	   2.0515115528905317e-01	   6.6665224500446807e-01	   7.4303103218229904e-01	   3.8488898397567695e-01	   3.4598954378097402e-01	   3.2857746997982940e-01	   3.7037903895106455e-01	   5.9156456857837846e-03	   2.5494945163168270e-01	   3.6889906243452991e-01	   5.6566956694579729e-01	   3.1354445592825270e-01	   4.5652874675130073e-01	   3.2054780914857439e-01	   3.2715482462140288e-01	  -4.9221917364031628e-02	  -6.4668891415522289e-02	   3.4719193133612949e-02	   1.2985272030404460e-01	   2.3840093627986328e-01	   2.5239751751104739e-01	   2.1109092705039004e-01	   9.3701607127276695e-02	   2.1042853903068329e-01	   2.7246817679436941e-01	   2.6676513087403741e-01	   2.6419681750775026e-01	   2.5249572620794913e-01	   4.3662673855462286e-01	   5.8237568782465676e-01	   4.0236728336472116e-01	   3.4803366409779757e-01	   3.7382154181971083e-01	   2.0569083433940794e-01	   3.6705005579466821e-01	  -2.4125043897715345e-02	  -9.7224687285330486e-02	   6.6708788256625753e-02	   1.3447669955281497e-01	  -1.1675344664177639e-01	   1.7112316976431236e-01	   7.1270317653858981e-04	   3.2170916149847240e-01	   6.9489841468654934e-01	   4.9731297049858475e-01	   1.8750415022885761e-01	   2.6176374721162848e-01	   1.6275561649954046e-01	   3.4964247183714414e-01	  -5.2918529262324772e-02	   3.0319116299086946e-01	   2.0992983910286253e-01	   2.2661412301986428e-01	   2.6838889634855279e-01	   2.7590056306788280e-01	   2.6363241136125770e-01	   3.7275568321276586e-01	   1.4398077698022563e-01	   2.3942157178330825e-01	   3.4225124614255065e-01	   3.6396912525644848e-01	   4.6829149764053435e-01	   5.7888448432824524e-01	   5.8737645787495985e-01	   6.8957822221505072e-01	   1.7442311760895687e-01	   3.3215718575170927e-01	   1.6382126646634304e-01	   4.7941710251856007e-01	   7.2619115996196482e-01	   7.1173284169513773e-01	   6.1488548492851269e-01	   4.3916059880583891e-01	  -9.7093686408659854e-02	  -1.8675271363562337e-01	   2.4697633814938258e-01	  -2.9056616708803572e-02	   5.1464242641824409e-01	   4.4112339005364487e-01	   3.1001704616434506e-01	   4.7695307015696117e-02	   3.7991307061892549e-01	   2.8394386971590646e-01	   1.6272378017833583e-01	   2.7033287307856524e-01	   7.3938316718095920e-02	   2.6181696150193257e-01	  -1.0924705044813607e-01	   2.0987645842053179e-01	   2.8717495171057722e-01	   3.9495533846139869e-01	   2.4244093319123219e-01	  -4.0438548148673842e-02	  -2.1646615331987232e-01	  -1.5194356914449408e-01	
   2.4632310570858548e-01	   9.3957675813895844e-02	   4.5896365520817378e-01	   3.5248529869634726e-01	   0.0000000000000000e+00	   3.5663293572418325e-01	   3.2565088666058578e-01	   2.3971774016151365e-01	   5.7007513951815769e-01	   3.3291671226453051e-01	  -1.5526209527501963e-02	  -2.4922139375877662e-02	   4.6119051519223109e-01	   2.5233844265075966e-01	   2.4398647273379487e-01	   2.4754981106600110e-01	   6.4626912832368519e-03	   1.0325746492078311e-01	   9.5336454295138928e-02	   9.3149533771538270e-02	   3.6202574883474092e-01	   3.2512085738815516e-01	   4.8907621898648634e-01	   4.2362476229320384e-01	   5.6884807245943780e-01	   4.0147633337769262e-01	   4.7532087929079547e-01	   5.0497475431115668e-01	   1.5788877682046354e-01	   1.2413068567903693e-01	   2.4674607554559375e-01	   2.8685169363060475e-01	   2.4598834255796675e-01	   3.3322720137007844e-01	   3.2924071635204633e-01	   3.7358523231861618e-01	   1.2784031041560046e-01	   3.8995595218060827e-02	   1.9382760357916126e-01	   2.4659725160840376e-02	   3.4000761570579247e-01	   3.0350110623793580e-01	   3.8601587822871358e-01	   3.6304568601238613e-01	   4.2197986475637045e-01	   3.7806365316678003e-01	   2.8445871783267135e-01	   3.6742170248784634e-01	   4.2033072076352473e-01	   1.7574913279396598e-01	   3.5820186335935494e-01	   2.2421576578384436e-01	   2.3755073167962348e-01	   1.6464130878076272e-01	   3.3603468104515177e-01	   2.1334507461741242e-01	   9.2971080155296870e-02	  -4.9651659930146268e-03	   2.4716907135875107e-01	   6.1918898563767352e-02	  -5.6662306929912976e-03	   9.9769737319772463e-03	  -1.2480780653328480e-01	   1.0800961295490923e-01	   3.6043464076606979e-01	   2.8467424664497887e-01	   4.1878469819888497e-01	   4.3287384641308174e-01	   1.6872607473310916e-01	   3.0143657773886601e-01	  -1.5243498324394672e-01	   2.1769604659595679e-01	   8.1470235355168036e-02	   2.2880706369649390e-01	   1.4898568070590537e-01	   2.9298458971434987e-01	   3.3260797056416469e-01	   2.6989890549718576e-01	   9.5383819979114146e-02	   2.1181208744561553e-01	   2.0830452462008869e-01	   2.1176420003655749e-01	   2.0445347522610754e-01	   3.3001178853079632e-01	   3.6908892657788583e-01	   2.5174335131222814e-01	   2.8734583531306640e-01	  -5.4060539742722593e-03	   1.6622324366001431e-01	   2.2450539108258694e-01	   2.1800079336166497e-01	   4.8870750738000801e-01	   2.3634674749030818e-01	   5.5322657384187590e-01	  -1.8060369301646545e-01	  -8.4110155271779063e-02	   2.4465924121816296e-01	   1.3390731170894143e-01	   3.0187398055656856e-01	   4.0465143832963024e-01	   2.3758234542849160e-01	   1.4177627329086240e-01	   2.3849651120927060e-01	   8.7185067029662389e-02	  -1.6572529700646363e-02	   1.4203337005371811e-01	  -5.0742568748190539e-02	  -1.1314960143918999e-01	   1.3477865036156889e-02	   9.6364352885550245e-02	   3.8707977143965672e-01	   2.5452224914243610e-01	   1.7171017852264689e-01	   1.0540947207619497e-01	   4.7246292492714601e-02	  -1.8531162345614977e-01	
   3.5872215189111717e-01	  -4.2381888819084279e-02	   2.8442812406019441e-01	   3.1310595196421920e-01	   3.5663293572418325e-01	   0.0000000000000000e+00	   4.0585377862406025e-01	   6.0967769876283162e-01	   3.1592802890862592e-01	   7.2073951836456640e-01	   3.1016177018812663e-01	   3.7456420083794295e-01	   3.1308324767081763e-01	   6.3138841124677947e-01	   1.3234462878943232e-01	   2.4744650721266551e-01	   6.8263274069402149e-02	   1.5692907990009111e-01	   3.0129707488555235e-01	   1.4724807320009178e-01	   2.8048612967752196e-01	   3.7642088554750164e-01	   3.1331426030464937e-01	   5.0432904618775032e-01	   3.2170847421870674e-01	   4.4156464097940873e-01	   5.4151924022703635e-01	   6.4694676419680608e-01	  -3.8767723070760457e-02	  -1.1823876001006436e-01	   5.4484685753198578e-02	   2.7909513200911992e-02	   3.0295863301453441e-01	   3.2640381547541464e-01	   3.7249817854916589e-01	   3.7009583228058407e-01	   2.1355268005594286e-01	   1.6030838245770324e-01	   4.2080207628289512e-01	   3.9721990509703609e-01	   1.5080942063434577e-01	   2.3967072094130809e-01	   3.2648911958000093e-01	   2.9064425311328340e-01	   3.3085121948675794e-01	   3.1233808444756850e-01	   2.8839836582410816e-01	   4.4183997194975722e-01	   5.8856112813349837e-01	   3.2905957735322372e-01	   4.8137410080555337e-01	   4.2587510502706627e-01	   3.7612145462018054e-01	   1.0989925908628050e-01	   4.2950542485375609e-01	   3.6948908284471760e-01	   1.9339627394878312e-01	  -2.9095036748576126e-02	   4.4746673649279023e-01	   3.4030257288144039e-01	   3.1811887325542310e-01	   4.0583523549004702e-01	   8.5199801320790594e-02	   1.5683020669590153e-02	   2.5913979840950185e-01	   5.9697511749381971e-01	   5.3648738439048516e-01	   6.3164384891911940e-01	   3.2131727817151590e-01	   4.5283475982230215e-01	  -2.7637757808502417e-01	   2.0121665305721731e-01	   2.7776449116663188e-02	   1.0094907666758342e-01	   6.0746910342616742e-02	   1.8323068743112647e-01	  -7.6371883443231994e-02	   9.2741738623535852e-02	   1.7670983845298457e-01	   2.1133791572861960e-01	   1.4147379629700044e-01	   1.8144771839056351e-01	   2.3020699927114537e-02	   6.4787826399460621e-03	   3.7462096368135345e-01	   5.0682491481776260e-01	   1.6308518149375805e-03	  -1.7653797515075516e-03	   4.8874869328797410e-01	   5.5284426345770243e-01	   4.4117039718160911e-01	   3.5756876681902594e-01	   5.6835941539359780e-01	   3.5866078021646891e-01	   5.1973364916679456e-02	   1.2656080585291310e-01	   3.0883460594840734e-01	   5.4873418532093943e-01	   3.1210412395498716e-01	   4.2280766839038475e-01	   2.6082221213158369e-01	   1.5528191225410876e-01	   3.2264104379334019e-01	   2.5595911398570609e-01	   3.0740077957409312e-01	   2.9620492146335975e-01	   2.4433914975896848e-01	   1.6196064043773212e-01	  -1.6307658490883539e-01	   2.8155025140971311e-02	   5.1023684431737881e-01	   3.6192999060562309e-01	   2.7502850775388937e-01	   1.3665291651845535e-01	   1.7508912906530258e-01	   5.3076501704293594e-02	
   4.2416116568162265e-01	   4.9110751479300448e-02	   6.4110667241999630e-01	   4.1010400055179752e-01	   3.2565088666058578e-01	   4.0585377862406025e-01	   0.0000000000000000e+00	   6.0210551663431033e-01	   6.2492861076944239e-01	   5.1425446943018216e-01	   5.3398013488036433e-01	   3.7090316654741146e-01	   4.2942121606300876e-01	   2.4350425790978744e-01	   4.1558270070427461e-01	   2.2688175746508327e-01	   2.4368132918663166e-01	   2.3515845404642000e-01	   5.5213551876915312e-01	   2.9551554058296986e-01	   2.4473271355108700e-01	   2.3950131793615295e-01	   5.5428748291043362e-01	   1.9499925858242359e-01	   2.9199037568894148e-01	   4.2515865051095775e-01	   4.1952593446336332e-02	   3.5604761095020088e-01	   3.9085896138646142e-01	   3.2788693842559291e-01	   5.6247142046876819e-01	   4.3013883020866744e-01	   6.3667569578613903e-01	   6.5748694854544931e-01	   7.8392907575944359e-02	   1.7321258179716112e-01	   5.4763879816300376e-02	  -3.2543800044211625e-02	   3.2912359414325121e-01	   3.0625754631014557e-01	   4.3631700541989982e-01	   3.1156734836110400e-01	   2.6282785406823295e-01	   3.3487075325945359e-01	   4.3388506965352902e-01	   5.1582154297920257e-01	   3.8106689874120725e-01	   4.3925649128158267e-01	   5.0529036201796274e-01	   4.7778440443031267e-01	   4.5583779893513843e-01	   5.3780026250863933e-01	   5.3780813740311817e-01	   4.6924066985553026e-01	   4.1269883840945137e-01	   4.2076194915311760e-01	   2.0804952235828930e-01	   9.3371358264405444e-02	   3.4908919106608960e-01	   2.1526687456942206e-01	   5.4546902184019075e-01	   3.7660375908526489e-01	   1.5353429029352031e-01	   3.1561292742004737e-01	   3.9812647481018443e-01	   2.3674615665009424e-01	   5.5348280220630552e-01	   4.8485632075069929e-01	   2.8097216216408688e-01	   4.4065167606420808e-01	   1.1033759041707104e-01	   2.2298843162057311e-01	   3.1356309037347857e-01	   3.3284713539753708e-01	   3.3167085671096108e-01	   4.4058756086343970e-01	   4.1492509191183802e-01	   2.7909425652968134e-01	   1.5594374874194530e-01	   9.7655927919444357e-02	   2.2367073630963030e-01	   3.0826189164885076e-01	   3.2825224131701619e-01	   2.3991495883584085e-01	   2.8516859569663239e-01	   2.1059929551624856e-01	  -1.6127724616807716e-02	  -3.8014864841475031e-02	   5.3693868844131376e-01	   5.4263562810495902e-01	   2.5376451794436045e-01	   5.5455372237681799e-01	   2.4122147367532248e-01	   7.1293520406398314e-01	  -4.1729210374271464e-02	  -7.1536884049557214e-02	   4.0676935706121947e-01	   2.2613903042299724e-01	   5.1957950658174723e-01	   6.1549057242149363e-01	   5.2129605347835573e-01	   6.4716785496323070e-01	   3.9057909035548066e-01	   4.6117046360613345e-01	   1.1447163921359935e-01	   2.5140266898837471e-01	   2.2768939449666608e-02	   3.2728293964804067e-01	  -1.9396909177336730e-01	   2.4040471148494408e-01	   3.5299112011840561e-01	   5.0068222855245459e-01	   5.3984454839253970e-01	   2.2555327476883133e-01	  -1.1191985680172478e-01	  -2.8434108667359970e-01	
   3.3366074928965886e-02	  -8.8627577507595867e-02	   3.5881108684376301e-01	   5.0040331910501212e-01	   2.3971774016151365e-01	   6.0967769876283162e-01	   6.0210551663431033e-01	   0.0000000000000000e+00	   4.3815557107207448e-01	   7.4451422334708339e-01	   2.2855760862497901e-01	   5.0770781069065951e-01	   2.3375948276231120e-01	   4.6281329313773911e-01	   2.7914922513921314e-01	   2.5503106266176512e-01	  -2.9158061010885163e-02	   9.0752501688563400e-02	   3.0048305929103153e-01	   1.8425594084992181e-01	   9.6236009645972703e-02	   2.7745500283855790e-01	   5.1016851822600984e-01	   4.0612854901128814e-01	   2.4020981380651757e-01	   4.3983244865196447e-01	   1.6876504630471137e-01	   4.8541222155846420e-01	   1.1444240145671222e-01	   1.5298488412538561e-01	   3.7228535318958028e-01	   4.1639769113148223e-01	   2.8154487601877581e-01	   4.6781805500189894e-01	   7.0960599267648139e-02	   1.3600644547066670e-01	   7.1240580097721024e-02	   8.8250990787769060e-02	   1.3885534991797593e-01	   1.9235957061972514e-01	   1.7599475806845527e-01	   1.1708888337150118e-01	   3.1128145698263210e-01	   2.8452052536725692e-01	   3.4335605294469196e-01	   4.9980145694290579e-01	   3.9529823335356529e-01	   4.8304749528696633e-01	   5.4567584470246333e-01	   6.6535550606811544e-01	   3.7668269531059073e-01	   5.6368107948994972e-01	   3.7062039584067996e-01	   3.0876394555719316e-01	   2.9110037102845582e-01	   4.4753404196709368e-01	  -1.3838384872154447e-01	  -2.5570190863003789e-01	   1.4979240121185503e-01	   4.2291419745929976e-01	   1.7636674916080833e-01	   5.4156577605127387e-01	  -1.7476973382086897e-01	  -3.7265719795020524e-02	   3.5548290344560884e-01	   5.5201526731519435e-01	   3.1439144176184303e-01	   5.6858807398669964e-01	   4.6669306869773435e-02	   3.0542895124714292e-01	  -6.6815200176321227e-02	   4.3530410211507053e-01	   1.9136462227601023e-01	   2.7647524488787900e-01	   1.2727843823793128e-01	   2.6777229453068885e-01	   7.9569383054705414e-02	   3.0131892247500724e-01	  -1.3375496107560005e-02	   3.9315994250208094e-03	   1.3172686812275808e-01	   1.6232645076796520e-01	   1.7584299814130480e-01	   1.4089299725596494e-01	   3.2819753882809471e-01	   3.9027649418920152e-01	  -8.5450366976033310e-02	  -2.4923201214907174e-02	   2.7430038068579948e-01	   5.7974476885324533e-01	   5.6262498528390903e-01	   5.4755788290120444e-01	   4.9700987877880975e-01	   4.2559205679925383e-01	   9.0572619503410057e-02	   1.0651265755545547e-01	   4.0674115379322623e-01	   3.3983018996052355e-01	   5.3614076294637258e-01	   5.1828457659969296e-01	   4.3840465911122006e-01	   1.8473477922117509e-01	   4.5349800879164148e-01	   2.4293635662530966e-01	   3.0757202205769663e-01	   2.6158843593580117e-01	   4.6816787475118533e-02	   3.1204046134701219e-01	  -3.5312782064566138e-02	   1.6027548078821469e-01	   4.2464639080942707e-01	   5.7278854614521535e-01	   4.7997992261901634e-01	   1.4794173852790260e-01	   5.5090908045175552e-02	  -4.6733328955809339e-02	
   2.0188192799110161e-01	  -1.4264585771046981e-01	   3.4283306796410867e-01	   3.6881328349928122e-01	   5.7007513951815769e-01	   3.1592802890862592e-01	   6.2492861076944239e-01	   4.3815557107207448e-01	   0.0000000000000000e+00	   5.1261344406731513e-01	   3.5807440156957815e-01	   3.6351220470533219e-01	   5.0711491414305920e-01	   3.0111935621214836e-01	   5.2555734611715721e-01	   3.3871753996118181e-01	  -3.2733541994734827e-02	   3.9903186032126087e-02	   1.9436685552063238e-01	   9.4024747576966689e-02	   1.1056438812324893e-02	   1.4185851838550939e-01	   4.8046541518095032e-01	   2.4305265806368626e-01	   1.6682329608023472e-01	   2.4684954922599178e-01	  -8.9587570423793797e-02	   3.0468054186524052e-01	   4.1439888514492479e-01	   3.5695650247950145e-01	   3.7329215840998686e-01	   3.3562312879543282e-01	   1.7247077162459770e-01	   3.5658988619187182e-01	  -2.3928594407441234e-01	  -6.9764576743915646e-02	   1.5916736856378494e-01	   7.1050633839090396e-02	   2.5088494783474680e-01	   9.5212963796469624e-02	   2.6175564124449002e-01	   2.6109384621498088e-01	   1.3580952094434690e-01	   2.7356145194748538e-01	   2.9298632684431392e-01	   3.8319663090756562e-01	   2.7290785296115605e-01	   3.0397021933589180e-01	   3.5202136404408768e-01	   3.4426405349808137e-01	   3.1663280370035807e-01	   4.6158689377164835e-01	   4.2798789930906167e-01	   4.3683172173721224e-01	   4.2400691396631035e-01	   3.5192219754030207e-01	  -9.8618403508285962e-02	  -2.0139184977344476e-01	   1.9288091076120312e-01	   3.3978172678297169e-02	   2.1884390376845944e-01	   1.0376334073468386e-01	  -1.0955022531900746e-01	   8.2512502800508744e-02	   2.3952529637824199e-01	   1.4768655443361989e-01	   1.6185155249274641e-01	   1.9891273163485157e-01	  -1.0050723129522475e-01	   5.3652648727251930e-02	   1.9519415147202120e-02	   6.1260928102287004e-02	   8.1491171835152060e-02	   1.5155702151891776e-01	   1.0440293795916086e-01	   1.7154641395136089e-01	   2.1021608628631411e-01	   1.2742500342133534e-01	   5.0705824375769079e-02	   9.8386715396652197e-02	   7.4491571864124057e-02	   1.1357936244468994e-01	   3.4343388016413762e-01	   2.7522231517381557e-01	   1.7816689121536036e-01	   1.1659422146877393e-01	   5.5420957124208532e-02	  -1.4986474480944387e-01	   3.4773387740482459e-01	   2.7686922632665834e-01	   3.6231488445601467e-01	   5.9065378545784530e-01	   3.3472374904821139e-01	   5.7457039830937207e-01	  -2.1677569780280503e-01	   3.9218251043308082e-04	   1.8737277787426904e-01	   7.8245720380834285e-02	   3.9660219997937196e-01	   6.1772925263156608e-01	   4.9964181326356599e-01	   4.7283796176182719e-01	   2.7621812359858411e-01	   1.5004583648475051e-01	   2.1093834982137100e-02	   5.4062810067234054e-02	  -2.0000953010194514e-02	   8.2180043346499448e-02	  -5.3451705068338393e-02	   3.6075132625988687e-02	   1.2939077168190030e-01	   3.8045377513012990e-01	   3.5502368544260288e-01	   6.1882012591561134e-02	   7.7567981004630637e-02	  -1.4762205311985749e-01	
   1.2605706061584826e-01	  -6.4952468466667343e-02	   1.6239575552209118e-01	   1.7620973056366673e-01	   3.3291671226453051e-01	   7.2073951836456640e-01	   5.1425446943018216e-01	   7.4451422334708339e-01	   5.1261344406731513e-01	   0.0000000000000000e+00	   3.0066598844006093e-01	   4.4613375293757651e-01	   3.4961407990479859e-01	   4.4079207242918705e-01	   2.5157595502883429e-01	   1.5268287816879908e-01	   1.6613126644697651e-01	   1.7834818707004904e-01	   2.0072434541379477e-01	   7.4005110244395003e-02	   9.4114486869373598e-02	   3.2801328613823377e-01	   3.3021820039745986e-01	   2.4880591165636096e-01	   1.9968088284750105e-01	   3.7566664381627141e-01	   1.6320922030808988e-01	   4.1979685599262750e-01	   2.7845392804850277e-01	   1.3254293793771427e-01	   2.3216691429080116e-01	   1.4097594095160054e-01	   2.5182932617125925e-01	   4.0723414332607266e-01	   4.0057845711503295e-02	   7.9850283771831343e-02	   1.7866573385393397e-01	   1.3834710401606004e-01	   3.6551010110979498e-01	   2.8840042775261854e-01	   2.2274722395550728e-01	   2.4149155582927651e-01	   3.8423997342596139e-01	   3.9123327237002331e-01	   4.1024639099092897e-01	   5.0552713804671878e-01	   3.9458737142066408e-01	   5.4189120859957918e-01	   5.4233598296255303e-01	   4.9374310302741875e-01	   3.7150991399052202e-01	   5.6218024478392781e-01	   4.3645190680213874e-01	   2.5562870538585947e-01	   4.2289301896363274e-01	   4.2874132456253056e-01	   4.8486961833060699e-02	  -1.2928959217929806e-01	   2.5552341552651103e-01	   2.8906274442727675e-01	   2.5803622787355912e-01	   3.6598949844798739e-01	  -4.3131630786067965e-02	   9.7362497515775560e-03	   6.7881686782167980e-02	   4.0126078076445426e-01	   4.3921195625655912e-01	   5.9157659300977594e-01	   1.2297067995263349e-01	   3.4667549679623977e-01	  -1.5930925553394090e-01	   3.0725912873592864e-01	   1.8972092483483760e-01	   2.7672255241829169e-01	   1.1219139443067516e-01	   2.5583100252318319e-01	   2.1614867690820685e-02	   1.3554461594671796e-01	   1.8723184843056825e-01	   1.6776745137726290e-01	   1.7687480752484508e-01	   2.0111891302491663e-01	   1.1668850652028524e-01	   4.8653541667533481e-02	   2.2637299261459262e-01	   2.0891214719102741e-01	  -7.9022000875705843e-03	  -5.0916667136157612e-02	   3.3632750966642655e-01	   5.0813549725859464e-01	   3.5773358687549717e-01	   3.9788045754343249e-01	   3.9595769081649301e-01	   4.0135273655315995e-01	   1.9035930863482101e-01	   3.5065807538255167e-01	   4.9123282755685171e-01	   4.9051985626514266e-01	   4.0603967850799239e-01	   5.0884282538203418e-01	   4.3075871909227192e-01	   2.9627348552320221e-01	   3.4290040331163696e-01	   1.9939027572044454e-01	   2.5084026411925009e-01	   1.8467021260058084e-01	   5.6964066852012982e-02	   1.5691886358247278e-01	  -1.4949616342915596e-02	   1.2833312835189656e-01	   5.2494361961499136e-01	   5.4364686483098978e-01	   4.3186660735199778e-01	   2.6062347481392262e-01	   1.9561042436782977e-01	   3.7509783494925869e-02	
   5.3937176225636685e-01	   6.2975102507513453e-02	   3.4993982136288970e-01	   2.0156150014070273e-01	  -1.5526209527501963e-02	   3.1016177018812663e-01	   5.3398013488036433e-01	   2.2855760862497901e-01	   3.5807440156957815e-01	   3.0066598844006093e-01	   0.0000000000000000e+00	   5.1896704768042079e-01	   4.6441747117574361e-01	   3.4678150930622498e-01	   5.2756077935943302e-01	   2.8290419124710015e-01	   3.4760259684921607e-01	   2.3816679321858256e-01	   4.6375347130399730e-01	   2.6248556556897490e-01	  -1.2429930713912685e-01	   1.8325766259059656e-03	   2.9311760788296432e-01	   2.2098390090698881e-02	  -8.2274657687051958e-02	   5.2609573344056769e-03	  -3.7396011880643898e-02	   1.5067859401712511e-01	   3.4640566399597772e-01	   3.0676942500236393e-01	   3.5225128352403007e-01	   2.5326506672372390e-01	   3.4781495596349943e-01	   2.9059033434440645e-01	  -9.9421499657445025e-02	  -1.4100966368676277e-01	   1.3090162733493863e-01	   5.9056854973896809e-02	   3.4659457653063019e-01	   2.6999167713269440e-01	   2.7635555959875507e-01	   2.6335295852126739e-01	   3.0014074711608513e-01	   3.0251498678197586e-01	   3.2017410790494233e-01	   3.9330682492739744e-01	   4.7358070956619425e-01	   5.1000875902975396e-01	   3.1781785406113233e-01	   2.9758475122273254e-01	   4.0921784052589849e-01	   3.9847566969979697e-01	   5.0505319533000770e-01	   3.5070954096499452e-01	   4.5503802888853218e-01	   4.5603874871380889e-01	   1.7480051338894201e-01	   8.6864346391004960e-02	   1.8978225894015419e-01	   2.6112761880624478e-02	   4.4724893833612289e-01	   8.5617623370429122e-02	   3.4446347595516508e-01	   3.6392046561725255e-01	   1.3976504165157846e-01	  -1.0197535890957395e-01	   2.2160460802204190e-01	   1.2833294260497538e-01	   1.3294641689394418e-01	   2.3117562534018543e-01	   1.4393300548555302e-01	   6.3132196377800875e-02	   3.0235328090056757e-01	   1.6278764805033763e-01	   3.4858086498252688e-01	   4.2453409994508917e-01	   3.0355111477482333e-01	   2.1831578321094927e-01	   2.7161175390161912e-01	   1.4354920041126479e-01	   2.0459379720437454e-01	   2.4774804388820729e-01	   4.0229478637403177e-01	   8.3597268313935061e-02	   1.8486512318263945e-01	   1.8638216649464720e-01	   4.2996182453126246e-02	   1.5789433718992982e-01	   5.2087094432802106e-01	   3.9499094406304225e-01	   1.7416331604144847e-01	   3.7714651260417414e-01	   3.3283055210772024e-02	   3.4711269484090523e-01	  -1.3215550279211202e-01	  -2.2257256996984748e-01	   3.2087012335054943e-01	   1.2293056153431733e-01	   5.5180156645522860e-01	   5.3920946515650015e-01	   1.4294216656747999e-01	   5.1952689747519909e-01	   1.9135898503923782e-01	   3.2456383693133595e-01	   6.4774415884137668e-02	   1.8336603916128402e-01	  -8.5497788215579101e-02	   2.2752228299585947e-01	  -2.9898172151935382e-01	   1.0423770603399497e-01	   2.6466021217592561e-01	   4.4056029223134541e-01	   4.5249668910068641e-01	   2.6379428518476083e-01	   5.7291640889664396e-02	  -1.0695844770450993e-01	
   1.5587067649506595e-01	  -1.5257108987465123e-01	   9.6795492884808793e-02	   2.2821662552416092e-01	  -2.4922139375877662e-02	   3.7456420083794295e-01	   3.7090316654741146e-01	   5.0770781069065951e-01	   3.6351220470533219e-01	   4.4613375293757651e-01	   5.1896704768042079e-01	   0.0000000000000000e+00	   2.4038116426188502e-01	   5.0890295749614889e-01	   3.0604968595230664e-01	   2.0283534565773598e-01	  -6.8802006995339088e-02	  -2.0894250520695302e-02	   1.9545929012203062e-01	   1.4682704404684482e-01	  -2.1114620170943149e-01	   3.7741058638460334e-02	   2.3366199671861726e-01	   1.4521122593677396e-01	  -2.4983619581468157e-02	   5.1363261239352968e-02	  -2.3080736559555011e-02	   2.7742188306438004e-01	   1.4416799388239884e-01	   1.3142105274835394e-01	   2.6059894632201708e-01	   2.1550375111924028e-01	   1.4873835667546623e-01	   1.5883349684178316e-01	  -1.9157786142305344e-01	  -2.1419708531410259e-01	   1.0128282010141360e-01	   2.0745086735557142e-01	   1.1017778829425609e-01	   1.4250326203750124e-01	  -2.8665484091522510e-02	   8.9053260114796182e-02	   1.1826457463022631e-01	   2.0907967399819907e-01	   2.2483625066300519e-01	   4.1957721111894813e-01	   3.3675655581354247e-01	   3.9829613454561175e-01	   4.5271104697269460e-01	   6.1827360341927107e-01	   3.7602023995691314e-01	   6.3368539201427598e-01	   4.0696318317281488e-01	   3.8723566298228973e-01	   2.8686179181224430e-01	   5.0122695793071603e-01	  -1.5855579747242007e-01	  -3.0629753141846877e-01	   2.6456928273204317e-01	   2.1660857979433140e-01	   2.1820923441713219e-01	   3.0910011356627420e-01	   2.7842987906896481e-02	   6.1951443700718645e-02	   4.6815791814495633e-02	   6.5029499303434074e-02	   8.6881572952967071e-02	   1.6405675309190648e-01	  -2.4000693183940425e-01	   1.5051460192626017e-02	   3.5819721513929509e-02	   1.7928692570308621e-01	   6.1635763756736947e-02	   8.2766045665345796e-03	  -1.9397853416695327e-02	   3.4587644771623363e-02	  -6.9824420884784730e-02	   3.9689450020230506e-02	   2.6152470467822203e-03	  -6.2498821649700761e-02	  -8.2496526365220119e-02	  -3.5383183850627026e-02	   1.0106642562510885e-01	  -1.4818577252725010e-01	   1.3492373091480325e-01	   1.2123744472076689e-01	  -1.0437134580901164e-01	  -1.0809324858354502e-01	   3.4812390887660422e-01	   3.8950390573039129e-01	   3.8648608096067327e-01	   4.1793737529244612e-01	   3.1726519545178777e-01	   3.4246686022471695e-01	  -7.2854720192564476e-02	  -2.2857746884516302e-02	   1.0092324609304526e-01	   1.2131616962138789e-01	   4.6610173217358208e-01	   4.0637101683130200e-01	   3.3279680154237318e-01	   2.6877833700913462e-01	   2.2475170543433881e-01	   2.3173113426987427e-01	   3.9220503143801450e-01	   3.6478600523082716e-01	  -3.5314985804308509e-02	   4.2834575132156016e-01	  -2.2245008771004088e-01	  -1.3358619438882263e-01	   1.4956126980797418e-01	   4.8137119249395188e-01	   4.4842137362593909e-01	   2.6147713715075688e-01	   3.2055426184895114e-01	   2.2408619163313720e-01	
   3.6587963893379172e-01	  -7.7455293200009545e-02	   5.1772400168204746e-01	   3.1469270842706543e-01	   4.6119051519223109e-01	   3.1308324767081763e-01	   4.2942121606300876e-01	   2.3375948276231120e-01	   5.0711491414305920e-01	   3.4961407990479859e-01	   4.6441747117574361e-01	   2.4038116426188502e-01	   0.0000000000000000e+00	   5.6481875184716990e-01	   6.9277992550142364e-01	   5.1907876985528034e-01	   2.0471878463264243e-01	   1.5046758245531305e-01	   2.7452713340625562e-01	   2.7841870093777743e-01	   1.9866916138057467e-01	   3.6206628345114278e-01	   6.5517896188717040e-01	   4.1000685646346080e-01	   2.1162594143302929e-01	   1.5897244436005117e-01	   1.6391967308011748e-01	   2.3363406044802015e-01	   3.4252330138575698e-01	   2.8241416359746585e-01	   3.9634821022114186e-01	   3.8960583189200082e-01	   3.2435520065020140e-01	   3.5876143293780599e-01	   2.2985959344315363e-01	   1.5462628104788370e-01	   3.8774539711922418e-01	   9.3993600724493698e-02	   5.4415847727248901e-01	   2.6696597030617064e-01	   5.0637251833481367e-01	   4.3048952172685573e-01	   4.0578991938379749e-01	   3.2306863596481011e-01	   3.5240409465954264e-01	   3.2036345189421067e-01	   4.3369516281985054e-01	   5.2459151948211757e-01	   4.4554352953926368e-01	   1.8631599868224441e-01	   4.4946755915292913e-01	   3.4987211263947693e-01	   2.7901701690932273e-01	   2.5636274421166660e-01	   4.5580113733929861e-01	   3.5630741274277500e-01	   5.4953997576412623e-02	  -8.7167892825537135e-02	   9.6480721441442790e-02	  -2.0627030931726975e-01	   3.4520234917116252e-03	  -1.7250545526136934e-01	   1.2349585054739997e-02	   1.9686934326574768e-01	   4.3954766070571305e-01	   2.2883382947544750e-01	   2.6783432868694468e-01	   1.8440179455780847e-01	   2.4363967223566024e-01	   2.7492352297486139e-01	  -4.9649149591126915e-02	   1.2000733350275111e-01	   2.2826074335034136e-01	   1.2174247248703424e-01	   2.3077948396549192e-01	   1.9181627939509988e-01	   3.2932350489128848e-01	   2.8280492244250299e-01	   3.3328337361769367e-01	   3.6161624187143560e-01	   3.1826747463543420e-01	   4.6720591547752643e-01	   5.9444173752445684e-01	   4.8524072841515686e-01	   6.3839912025981660e-01	   4.2331423708606258e-01	   4.6582644153510733e-01	   2.4446759181191341e-01	   4.0517946939087746e-01	   3.6598589802422021e-01	   3.4634986308063342e-01	   6.2891690085560314e-01	   2.6440771184279499e-01	   6.3168296261750800e-01	  -1.7801787139873465e-01	   1.5859025830771575e-02	   2.9846494958118891e-01	   1.3109430725986973e-01	   4.0410529267510803e-01	   5.1601288339571438e-01	   1.9464374737582102e-01	   2.2996417733178665e-01	   1.9628688335645966e-01	   7.6981487588568293e-02	  -1.2778206778750711e-01	   7.2396745394409226e-02	  -2.9711514357503449e-01	   2.8293179435362345e-02	  -1.8151623962829921e-01	   8.2144634936155619e-02	   3.8328610689741616e-01	   2.6181202458802977e-01	   7.5348697785278557e-02	   6.5639529714055789e-02	   3.1537442502510137e-02	  -1.7121408848930131e-01	
