   0.0000000000000000e+00	   8.7973444886044661e-01	  -7.1868457603257482e-02	   2.1285577034895486e-01	  -9.0716358572149478e-02	   1.0044617546169775e-02	   1.9523597014030614e-01	   5.4477294093348150e-01	  -8.3209913117396339e-03	   1.9756941949937445e-01	   7.0416555966944905e-01	   6.6685843963095104e-01	   4.6753680412455423e-01	   5.2715465115211591e-01	   7.6251180450287420e-02	   3.3201912209118328e-01	   6.4782831126694362e-01	   7.5535692659007192e-01	   7.4829409747425113e-01	   8.3895901847008370e-01	   1.5466252888049517e-01	   1.2332440191787694e-01	  -9.1741769486393232e-02	   6.3380764353021410e-02	  -2.2783038192838234e-01	  -9.4681079124855433e-02	  -1.0989130110497605e-01	  -2.9221434401900656e-02	   2.7515593795377113e-01	   4.9985299985751808e-01	  -1.1374050218877707e-01	   7.3849667151438120e-02	   4.5663465024783895e-01	   3.7803478100481580e-01	  -1.8568369202837648e-01	  -2.3264583542922102e-01	   1.9131978517096779e-01	   1.8038813876424845e-01	   2.5324870747171313e-01	   2.2921787505842700e-01	   3.9919910925159674e-02	   2.6891743822010289e-01	   8.1779977070593479e-02	   1.8525699583383459e-01	   3.1622213222767648e-01	   3.5572013597486596e-01	   2.5546829413549743e-01	   3.7209966836208774e-01	   5.2240485239886669e-01	   4.1427072337527393e-01	   2.9821586311433895e-01	   3.3032087839448226e-01	   2.4049517822960681e-01	  -5.0421359677306913e-03	   4.8845644090943580e-01	   5.0136892326239246e-01	   8.8776528437810898e-01	   8.2780762116813245e-01	   8.0047559995593587e-01	   6.7479515630651821e-01	   7.5582407028104781e-01	   5.4576793717163041e-01	   6.5238945586010244e-01	   7.1281649776277112e-01	  -8.7403623165511563e-02	   2.0159377763083325e-02	   1.2343395273441633e-01	   1.7744334564440672e-01	   7.3029711191250457e-01	   6.0568174095489702e-01	   1.1025422891210865e-01	   1.0876825544454297e-01	   3.5757740653062753e-01	   3.0904964046561390e-01	   1.1274151205557620e-01	   4.1364812371937809e-01	   1.5660904799738784e-01	   2.4436370970906740e-01	   4.0008199862300381e-01	   5.4028663101022674e-02	   6.1733406799063428e-01	   4.7681323198376768e-01	   3.6200145797534711e-01	   4.3755571738529353e-01	   5.6159114160516777e-01	   5.6814506043384649e-01	   2.4684825645489034e-01	   1.6160964115335896e-01	   7.1089342336192918e-01	   6.3224071943608218e-01	  -5.1574284219775127e-02	  -2.3448158556713822e-01	  -8.5456384565113230e-02	  -1.4939861615315875e-01	  -8.4616744456931181e-02	   1.2995852334803171e-01	   2.1221634938653999e-01	   4.7875152097550622e-01	   4.3566885484752971e-01	   4.2949953846720534e-01	   4.4113633628125559e-01	   2.0269250084817578e-01	   4.2170368453058871e-01	   4.8666492726453864e-01	  -1.1806747747375812e-01	   1.1693528287103495e-04	   3.1992211717615743e-01	   2.6796137030448269e-01	   1.9507372572086859e-01	   2.6984490890511792e-01	   1.9467202396431932e-01	   2.5103755186935839e-01	   1.5835930719581251e-01	   3.3618505769960516e-01	  -1.4646544825047331e-01	  -1.8487818876547002e-01	
   8.7973444886044661e-01	   0.0000000000000000e+00	  -3.7120741959585035e-02	   3.0543719456680857e-01	  -2.6454753015046700e-01	  -1.7228271949725668e-01	   9.7718863016288668e-02	   4.2911195332580415e-01	  -1.2949343339649888e-01	   4.3277858904298017e-03	   5.9019961780390795e-01	   6.0943505121031794e-01	   2.9187936551799831e-01	   3.7942238694316643e-01	   2.2484629862982049e-02	   3.1712289614984790e-01	   6.0191829668774077e-01	   8.1711291595168389e-01	   6.2490236128671806e-01	   8.5521407182773579e-01	   1.7341497386088892e-01	   2.2680994027404594e-01	  -9.2790928763979777e-03	   1.8021507373786447e-01	  -3.0786470285289430e-01	  -1.7996007113534482e-01	  -2.7506929437507488e-01	  -6.9684790856427564e-02	   2.8236268871158415e-01	   5.7236082948347389e-01	  -5.0632572706286752e-02	   1.4426837779406168e-01	   3.8041181865989804e-01	   3.3195495682960674e-01	  -1.3784393084811691e-01	  -2.5874104352240168e-01	   1.8600744078823700e-01	   2.3292086867905232e-01	   2.0497329496579964e-01	   2.4493897240626600e-01	   8.2827015916976846e-02	   2.7382773226689244e-01	  -4.9682721038644226e-02	   1.0102742909034879e-01	   2.8071089269086219e-01	   3.2603554245252131e-01	   1.6657356859738853e-01	   3.0449431980516473e-01	   4.6591042147697781e-01	   3.6115136833194506e-01	   2.8898974162088487e-01	   3.3545363417367113e-01	   2.7154049603034769e-01	   1.3051188889864984e-01	   4.7327008693213796e-01	   5.0918413387497707e-01	   9.1498609861422897e-01	   9.4888047835065037e-01	   6.9884134355159333e-01	   6.4671511046127406e-01	   6.4876524342618069e-01	   4.7126283671064251e-01	   5.9873366281220508e-01	   6.4173715661959063e-01	  -4.6659403377135845e-02	  -3.9873501537771722e-03	   4.6829854635714568e-02	   7.7269100591174700e-02	   7.3462933687143961e-01	   6.6023794071716768e-01	   1.6034615929135018e-01	   1.7873625873108967e-01	   3.7367524396547880e-01	   3.6509378599375386e-01	   1.4624055734833408e-01	   3.5443908019129938e-01	   1.2474690686120804e-01	   2.7704966292921368e-01	   4.7272193611279245e-01	   1.6691743211133009e-01	   6.5077727334873536e-01	   5.6968203363328762e-01	   3.9073760869835472e-01	   4.7703103193007246e-01	   5.6768906615021431e-01	   6.0460288290101927e-01	   2.6488818458484148e-01	   2.1567138379465761e-01	   7.1850803322590795e-01	   6.4928252010322396e-01	  -1.7366038800305222e-01	  -3.3309476672557076e-01	  -1.5306044995317605e-01	  -2.1101382099147542e-01	  -9.1793517025279381e-02	   1.1799774262562102e-01	   1.2986982854934689e-01	   4.2639060544386936e-01	   3.4968160048058439e-01	   2.8411214027369941e-01	   4.0852009897060476e-01	   8.3898014205463375e-02	   4.0040510930781803e-01	   3.8526993604956128e-01	  -1.4268721279628158e-01	   2.4757438595750005e-02	   2.4475578630827843e-01	   7.0074293619764139e-02	   7.9866288097847571e-02	   2.3309799891314703e-01	   1.6696478286401806e-01	   1.9434517658799233e-01	   5.9564291631452181e-02	   3.2304700196852598e-01	  -5.2838194483350129e-02	  -1.3630448674126938e-01	
  -7.1868457603257482e-02	  -3.7120741959585035e-02	   0.0000000000000000e+00	   7.4322985996115754e-01	  -3.0318332881620108e-01	  -2.2937347698027044e-01	   6.2908675764117261e-01	  -2.1167825474298035e-01	  -3.5413849738214148e-01	  -2.9189681681879354e-01	  -1.0263591996525454e-01	  -2.9484348482430711e-01	  -3.2084888590043648e-01	  -2.7953417318724433e-01	   2.2176160064692135e-01	   5.3000703350467138e-01	  -3.1945449181695407e-01	  -1.5211005258157495e-01	   3.4145973093622067e-01	   1.9058635196211909e-01	   4.5974497603205644e-01	   5.1061541502876906e-01	   9.2945106772632624e-01	   8.1218425135801209e-01	   4.9106590566231273e-01	   4.9484667958987699e-01	   1.7177384473419896e-01	   2.1411272094488487e-01	  -1.7037404660969074e-01	  -2.7217788111485935e-02	   7.0346498043750183e-01	   6.8575241936374698e-01	   4.0240594089697590e-01	   4.5353914465556433e-01	   8.0108080861529918e-01	   6.4494179433867016e-01	  -8.4887513551473573e-02	   4.1663611700628725e-02	  -6.3403682486837124e-03	  -3.3356269363200491e-02	  -5.9765438133398435e-02	   1.1844435293356953e-01	   1.6459874942917185e-01	   4.4003970218391100e-02	   2.1181950940902017e-01	   1.0762028498071646e-01	   1.0172665729498581e-01	   1.6927285297330791e-01	   1.2217618199210947e-01	   7.8824681812839664e-02	   3.1650700321150260e-01	   2.2516645700375854e-01	   4.2199948273984128e-02	   2.4154585730823366e-01	   1.6518649782296302e-01	   1.6510383591409733e-01	  -7.7563743953884198e-02	  -2.8596087882572046e-02	   1.0744547184851308e-01	  -1.2832850096655907e-01	   2.6484138684810377e-01	  -7.0283504423838128e-02	  -2.2401612545938612e-01	  -2.3946959328154926e-01	   8.5394602497349714e-01	   6.6357594719420798e-01	   4.6785947350452389e-01	   2.6177941986636094e-01	   3.6561431203236294e-02	   1.8969987991772580e-01	   3.0835359162432352e-01	   2.6882137919667093e-01	   1.4453868984958285e-01	   6.6654862858393490e-02	   3.8654824931317644e-01	   7.7483786425831327e-02	   1.4039847837673236e-01	   5.2299580757622421e-02	  -4.1053848835204181e-02	   1.1336054637055042e-01	  -1.3543424182468997e-01	   1.1822061257955196e-01	   5.4256040017003426e-01	  -7.5909018930469929e-03	   4.7166304845833884e-01	   4.7684183929230151e-01	   5.5493327113735869e-01	   6.7043922042771142e-01	   2.1201356577535516e-01	   4.4942536998781679e-01	   1.9918162488918600e-01	   4.2765531222397124e-01	   4.6211665291361148e-01	   6.5985520202463477e-01	  -6.6261384201058621e-02	  -4.8979783034089938e-02	   1.0271916998253035e-01	  -1.0901730590019509e-01	   1.0101734960089588e-01	   1.1038622414129790e-01	   9.1335903941234031e-02	   4.9367855097050384e-01	   5.3115341346081091e-02	   1.3160985242745588e-02	   1.1810393155814508e-01	   2.8779859368184124e-01	  -6.6986001332949602e-02	  -1.0753419070755868e-01	  -5.3948205637842021e-02	   8.8718668445501858e-02	   1.5692239703579602e-01	   9.1655381617868792e-02	   1.2104879588831198e-01	   1.7970618279847622e-01	   1.9663130595444467e-01	  -3.0764328933384910e-01	
   2.1285577034895486e-01	   3.0543719456680857e-01	   7.4322985996115754e-01	   0.0000000000000000e+00	  -4.5589918600749302e-01	  -2.9388934968233399e-01	   5.9909689628657514e-01	   2.0109126947863509e-01	  -4.2767699002973403e-01	  -1.8383994482530855e-01	   2.5640371371615894e-01	   1.1137331882748998e-01	  -1.6032003375750242e-01	   1.7267156645498709e-02	   1.1348818204862982e-01	   6.4690703427572438e-01	  -1.0176816963181959e-01	   1.2890736793402777e-01	   3.9259758565832448e-01	   4.6934073885087124e-01	   5.0758859286022828e-01	   5.8261761445426075e-01	   7.5205053887311624e-01	   8.6712816772398926e-01	   8.0347576339127480e-02	   2.1542687579159109e-01	  -3.0065208037907160e-02	   1.9145790612293026e-01	  -8.0281968043337329e-03	   3.0572533907143351e-01	   6.3934471175808238e-01	   7.6016012216773932e-01	   4.0439066851156580e-01	   5.0546603614789365e-01	   6.2191907080017350e-01	   4.7728383860800982e-01	   7.9916901608955482e-02	   1.9215072578752021e-01	   1.7497611409353758e-01	   8.1467581708758868e-02	  -7.0674391479287876e-02	   1.0934862660429140e-01	   9.2109683678069567e-03	  -1.4281341994696137e-02	   1.5308998582725314e-01	   6.8832704088825081e-02	   6.3005627890832888e-02	   1.2887663904948476e-01	   1.8444978981970805e-01	   9.3642237038701476e-02	   3.2246985228191427e-01	   2.3855244906814765e-01	   9.3857243465153742e-02	   1.4835247145592512e-01	   3.4540896901512069e-01	   2.7430041121064447e-01	   2.6159889064420455e-01	   3.1526331888402798e-01	   3.0510261944028655e-01	   1.9499508312459585e-01	   4.9792422882532278e-01	   2.9536047695794426e-01	   4.8939279375820488e-02	   7.3222832326375359e-02	   7.7773077611798092e-01	   7.8914251863272944e-01	   3.4700142903160686e-01	   2.2786020195879958e-01	   2.6743581844535014e-01	   3.0804177250025266e-01	   4.8754206191072108e-01	   3.8177007639582378e-01	   1.8826337452241598e-01	   1.5906684118623857e-01	   2.8747332227243777e-01	   1.3289796468180742e-01	   1.4230475876423160e-01	   2.0641172889617970e-01	   1.5383206785422870e-01	   1.9927486491167054e-01	   1.1765243541831905e-01	   2.9755736000164884e-01	   5.8033830696100652e-01	   2.0513665491956629e-01	   6.4536288326169089e-01	   7.2755773979169125e-01	   6.9521813120039533e-01	   7.4789757795848155e-01	   4.6501971094244476e-01	   6.4480463748999939e-01	   3.2818412103052946e-03	   9.5514637574614508e-02	   2.9290250421877906e-01	   3.6706136854225796e-01	  -7.4162255188047949e-02	   5.6171234158005331e-02	   1.0412674746624118e-01	   3.0777771539949685e-02	   8.7776938319992087e-02	   6.4869103582085932e-02	   2.0667195629925539e-01	   3.6063644647290460e-01	   5.4502054827485658e-02	   3.7354653700955025e-02	   7.1673592766411928e-02	   1.8538696843417465e-01	  -2.2020550346827022e-02	  -1.5539846731372753e-01	   7.9207740378231278e-02	   1.1690540247295880e-01	   1.2249156322014096e-01	   6.9090203702706410e-02	  -3.6299446141610263e-03	   2.1195081358282769e-01	   2.1283396439998026e-01	  -1.9114081441628339e-01	
  -9.0716358572149478e-02	  -2.6454753015046700e-01	  -3.0318332881620108e-01	  -4.5589918600749302e-01	   0.0000000000000000e+00	   7.8219022479447253e-01	  -2.5870764056718315e-01	  -7.7014246655646799e-03	   9.1593200348237569e-01	   7.0809624521771541e-01	  -5.6653424736136854e-02	   3.9449984599298302e-03	   5.9595170492225891e-01	   3.5872260725961330e-01	   6.5924986756893711e-01	  -6.1530920517837581e-02	   1.9468323776606181e-01	  -1.5111425637837272e-01	  -4.8624344402845188e-02	  -2.1336946221594338e-01	  -5.3388738054439566e-01	  -5.4155371874977254e-01	  -4.1628904725125304e-01	  -5.7418529016200059e-01	   3.8485561621160058e-01	   2.1544618942029478e-01	   7.1118800623177825e-01	   2.6542530228688477e-01	   5.2516924325169703e-02	  -3.3005659656751940e-01	  -6.2373497178586634e-01	  -5.9036238774163352e-01	   8.4429054641558129e-02	  -1.3397380967188325e-02	  -7.5788986535837250e-03	   1.8637524350625440e-01	  -8.0629821572228158e-02	  -2.9077556319629862e-02	  -1.4797648657999468e-01	  -2.5158467047113869e-03	  -3.2112174306415699e-02	   1.1320280578767822e-01	   6.0028320716976746e-01	   6.3085701702033181e-01	   4.6371082869042851e-01	   4.7658734886516607e-01	   4.4235274979056638e-01	   3.7644103459635275e-01	   3.5075624733601041e-01	   3.7660276895405087e-01	   3.4382893752718363e-01	   3.5839363552652104e-01	   1.9756726423602777e-01	  -1.8717863043371561e-02	   1.5354224991188739e-01	   1.9515506412471051e-01	  -2.8352678093968509e-01	  -3.6478039769474047e-01	   1.5995718103294804e-01	   1.3046216472014999e-02	  -1.4913953977698724e-01	  -1.7454668016018729e-01	  -8.6380031248717536e-03	   7.9916827856344824e-02	  -1.8788055135884918e-01	  -1.8724956683126981e-01	   3.5526887490401216e-01	   4.4486548758662114e-01	  -1.5129688832781182e-01	  -1.0241423223624123e-01	  -5.7390049208113636e-01	  -3.9172161818330187e-01	  -7.8345784991208436e-02	  -7.3018494508571619e-02	  -6.4873546202923169e-02	   1.1259020579887996e-01	   2.0834204514371296e-01	   8.5074633217446252e-02	  -1.9173536601895666e-01	  -3.7415266493292521e-01	  -2.0696773307144509e-01	  -4.6632279086120776e-01	  -1.0421860812711599e-01	  -6.2589447490728867e-02	  -2.0585599753994149e-01	  -4.6974314400436679e-01	  -7.2111199836154924e-02	  -2.1915507746382418e-01	  -1.1424847759272817e-01	  -3.1836288215234421e-01	   4.2555709023316035e-01	   2.4676496781668075e-01	   1.4964683320968047e-01	   5.0536389332301479e-02	   1.0886783774879978e-01	  -4.5627152565088473e-02	   2.8773364438127630e-01	   2.8749329864874409e-02	   3.5665080086461398e-01	   3.6794318703335599e-01	   1.6405923561569857e-01	   2.6594766464620067e-02	   2.6482250187235434e-01	   1.4374551713915146e-01	   2.1913090431129584e-01	   1.3715236854040425e-01	   2.1272996604850686e-01	   3.2241041888950112e-01	   3.8340310726145466e-02	   5.2543270992621377e-02	   2.5534860701322337e-01	   3.5070688209463480e-01	   3.4174123484074648e-01	  -1.0079196326595903e-02	  -1.6573356933685987e-01	  -1.8793761775321219e-01	
   1.0044617546169775e-02	  -1.7228271949725668e-01	  -2.2937347698027044e-01	  -2.9388934968233399e-01	   7.8219022479447253e-01	   0.0000000000000000e+00	  -3.2623483903461488e-02	   2.8084357590181319e-01	   6.9186176904700403e-01	   8.8073155004953163e-01	   7.3306628620261133e-02	   2.1861782003899061e-01	   5.7472713948825893e-01	   5.6036076093082388e-01	   4.4634152745205730e-01	   1.6794771482492149e-01	   1.1069706324582410e-01	  -1.5292141552784874e-01	   9.3146231003115448e-02	  -6.1208730840736095e-02	  -4.4197739935412339e-01	  -3.6384372963700740e-01	  -2.6284795104329600e-01	  -3.6161893209856594e-01	   3.2902411280293492e-01	   3.4733346664686177e-01	   6.8484248768887612e-01	   5.5059405573277065e-01	   3.7854549528552585e-02	  -2.0782766266973418e-01	  -4.2082254117153695e-01	  -2.9679510207777932e-01	   2.3578985663956184e-01	   2.2176710004142186e-01	  -2.6725719407161293e-02	   1.6690266648143270e-01	  -2.1962021675627857e-01	  -6.3101701443335323e-02	  -3.1006027578488388e-01	  -1.1020852416947953e-01	  -2.3809242262903973e-01	   1.4892719626204831e-01	   5.5425452673301323e-01	   5.6023305151583402e-01	   4.7536845597294169e-01	   5.0482773658813429e-01	   4.3156508259296683e-01	   3.6349372990710904e-01	   4.0631864142142682e-01	   4.3712217016049371e-01	   3.7370140105131272e-01	   3.7224689111915921e-01	   3.4071227197527842e-01	   5.6364269612128107e-02	   1.4466309877232783e-01	   2.2319518981868364e-01	  -2.3057127027318583e-01	  -2.7072334663933845e-01	   1.9363478987488322e-01	   2.7856059541926437e-01	   1.1584265726809911e-02	   1.4106680685687556e-01	   8.9776130215783442e-02	   2.2373163325736786e-01	  -1.6049394215145221e-01	  -1.1294997785819436e-01	   2.8848790066616525e-01	   4.4093792235515866e-01	  -1.5139535786849342e-01	  -1.0500480630868494e-01	  -4.9038590991328690e-01	  -2.6245247906683095e-01	  -5.5644668142757168e-02	  -4.7376890236352470e-02	  -2.1038955268491765e-02	   2.5604398515666221e-01	   9.6386087032218765e-02	   6.2317888014537526e-02	  -2.3407067638684903e-01	  -4.0700194748182678e-01	  -1.8119280437659330e-01	  -4.3398860431438990e-01	  -1.6734634738790821e-01	  -1.3778934368472828e-02	  -1.4151620943474610e-01	  -2.5801386178693303e-01	  -7.7560852727499283e-02	  -1.7123803227356349e-01	   1.7124909113063583e-02	  -5.8442462159385283e-02	   5.9164703973698307e-01	   3.0269961856299277e-01	   3.4386139101098229e-01	   1.0379471797969916e-01	  -8.2745545772052367e-03	  -2.4776294264036137e-02	   2.0060522884922979e-01	  -6.2365400380695307e-03	   4.6863685800530053e-01	   4.2889514977333687e-01	   3.8426723663695822e-01	   1.5444712469145999e-01	   4.0109479301011997e-01	   2.3845577965791101e-01	   2.0973994236263346e-01	   1.1146825829477035e-01	   1.6337053604658430e-01	   2.6519387644017628e-01	   5.3070788457517115e-02	  -3.5504433618736779e-02	   1.9116281976939817e-01	   5.1310595682684346e-01	   4.2124690632662531e-01	   9.1317833000249121e-02	  -2.5744822471202167e-01	  -1.0625727817390518e-01	
   1.9523597014030614e-01	   9.7718863016288668e-02	   6.2908675764117261e-01	   5.9909689628657514e-01	  -2.5870764056718315e-01	  -3.2623483903461488e-02	   0.0000000000000000e+00	   4.5936538284466444e-01	  -2.0762180151844781e-01	  -1.8701303047626350e-02	   3.2268132858261084e-01	   2.1598544515123475e-01	   9.7314046403880194e-02	   1.3521885473108372e-01	  -2.6765614234925114e-02	   4.5556429191979242e-01	  -6.9216009181414573e-02	   4.3392220864190680e-02	   5.0897353202282813e-01	   3.7858342848563320e-01	   2.7672468136986378e-01	   3.8081021104211321e-01	   5.6595492717754792e-01	   6.0529614474118376e-01	   5.2590667940680798e-02	   2.4772543859076876e-01	   1.9551623349220422e-03	   2.7422399547770293e-01	   1.1817903337044439e-01	   2.1838558114468698e-01	   5.4938585040024357e-01	   6.2189159821182560e-01	   4.7697940438585779e-01	   6.4540738453416535e-01	   3.6819049440654916e-01	   3.1649373555402938e-01	  -1.5835058442972993e-01	  -4.4825048117732635e-02	  -1.1107527164390071e-01	  -6.1179137223866184e-02	  -3.0397602213846353e-01	   1.7264210098279925e-01	   4.2471415965920550e-02	  -1.3311919778229620e-02	   2.1732794824718682e-01	   1.9601016788483702e-01	   7.9214764915398431e-02	   1.2937388908289491e-01	   2.5338573541160875e-01	   2.0200563687036754e-01	   4.2190702816829284e-01	   3.8215710706999950e-01	   2.8497751481568040e-01	   2.2247965323970267e-01	   2.8169216460329460e-01	   3.0431034399451418e-01	  -9.8031549451185838e-03	   8.4570256088817491e-02	   3.1395363915280694e-01	   3.3683493008023596e-01	   6.0359463684484249e-01	   5.5360315908733648e-01	   1.0464267204998798e-01	   2.9891096844774734e-01	   5.1661571919021232e-01	   5.4377668048582151e-01	   4.1159169135300322e-01	   3.9529971028953720e-01	   6.1810419965331459e-02	   1.4415855235778374e-01	   3.8641959423677052e-01	   3.2593891268970177e-01	   1.9400621171755092e-01	   1.6150239652689630e-01	   3.4139380136187608e-01	   2.2694159005148754e-01	   8.0994259038997250e-04	  -1.5652968362007413e-02	  -9.2066344763459297e-03	   7.3822068274376318e-02	  -8.9545889352784652e-02	   9.7749531854683644e-02	   2.4042823130803787e-01	   7.5890937403347456e-03	   3.6365464226103766e-01	   5.5804929769072809e-01	   2.7213284073290367e-01	   2.5439753662293640e-01	   3.4049752068778022e-01	   5.8644029752018700e-01	   2.7512884493239004e-01	   3.6640522412987542e-01	   4.0066373347628015e-01	   4.3634084121567945e-01	  -6.6999918900204722e-02	   8.5134763690639503e-03	   6.5860016559673246e-02	  -5.9090330856021722e-02	   2.1582385654078734e-01	   2.1453430359044595e-01	   4.1220873278380477e-01	   4.8948964619305063e-01	   2.8573880695326292e-01	   2.2273186680887880e-01	   8.6998931008749725e-02	   1.2860359605901911e-01	   3.2523276745675275e-02	   4.2595782697217227e-02	   1.5160207323555749e-01	  -1.0911008850586830e-02	   7.0780468143539652e-02	   1.5068537323351019e-01	   1.4515931317153141e-01	   2.4328764203184833e-01	   2.8600977476871906e-02	  -2.4863633707845675e-01	
   5.4477294093348150e-01	   4.2911195332580415e-01	  -2.1167825474298035e-01	   2.0109126947863509e-01	  -7.7014246655646799e-03	   2.8084357590181319e-01	   4.5936538284466444e-01	   0.0000000000000000e+00	   7.0500824500565690e-02	   4.5856400189335500e-01	   6.0703972255631977e-01	   7.1469744966883308e-01	   4.7590922825186044e-01	   6.8965053360496975e-01	  -1.6668253017423454e-01	   1.5265891974225110e-01	   3.5333648656509115e-01	   3.3140393170316146e-01	   4.8178966855672389e-01	   5.5543974778389216e-01	  -5.4182199959179111e-02	   1.3827903566573493e-01	  -2.3072133009023341e-01	   3.9776855288748435e-02	  -3.3640785179719535e-01	  -3.4939164933799893e-02	  -4.1945852126917524e-02	   3.1090894724044837e-01	   2.2278921964987020e-01	   3.3912526109915708e-01	  -1.0936682612262544e-01	   1.2447500388076611e-01	   2.3738493656291007e-01	   4.0922145076125671e-01	  -2.8689741525862389e-01	  -1.9318060559317329e-01	   5.4970389267944716e-02	   8.8042753664337531e-02	  -6.0342793336185030e-02	   4.1124165662211644e-02	  -3.2297667276875974e-01	   2.5193788718693449e-01	   1.2866210286695601e-01	   2.0589108830624492e-01	   2.5328875892255448e-01	   3.2193925714163507e-01	   2.8956490669452550e-01	   3.1394684452797150e-01	   4.1637690320110127e-01	   4.1677762272713420e-01	   3.3568706658914366e-01	   3.9459145024623343e-01	   5.1908892507973392e-01	   1.4030005580697502e-01	   3.8495411892285264e-01	   4.2818927405020907e-01	   3.3773037674359957e-01	   3.5826510754166929e-01	   4.7415075053686018e-01	   7.4509432092666983e-01	   5.5234283028281883e-01	   8.4521736658134738e-01	   4.0683457557905445e-01	   6.7474818429288153e-01	  -2.1384720975135504e-01	   1.6727828647694465e-01	   1.1881971189297885e-01	   3.3656366979493157e-01	   3.9143585812612181e-01	   3.5173330604410002e-01	   1.9689773467312605e-01	   2.3700041325231375e-01	   2.1606554095615005e-01	   2.2675032897263953e-01	   7.2300338506987250e-02	   4.2862255583478748e-01	  -2.3780292769393335e-02	   1.6012266054536795e-01	   1.3819769277291066e-01	  -1.0957728428622342e-01	   2.4800536075553831e-01	   4.3642854164980927e-02	  -1.1244742786842886e-02	   1.3566061496147880e-01	   2.1364800271846116e-01	   3.5537223032578807e-01	   6.9711938492891840e-02	  -5.8269687478551269e-02	   4.1844931516624995e-01	   4.9877499551303950e-01	   3.0455125188375576e-01	   2.1791889019993606e-02	   2.0082243999480823e-01	  -5.4083374028554135e-02	   3.3651013378863896e-03	   1.8122635819560032e-01	   2.0966876124500938e-01	   3.2096166978335877e-01	   4.3332805832871613e-01	   4.3011291758378928e-01	   6.2741215998870858e-01	   1.7697275552694841e-01	   4.6386651533934820e-01	   3.7415312004706253e-01	   8.8240906818465956e-02	  -7.8939909821747256e-02	   2.1758639570952584e-01	   3.3152157870207316e-01	   2.9528237698402943e-01	   1.5298909225503426e-01	   2.1784701539013318e-01	   3.5724115817838392e-01	   2.6576314259323564e-01	   3.2948091143307867e-01	  -9.3161215529647304e-02	  -1.0675321093561424e-01	
  -8.3209913117396339e-03	  -1.2949343339649888e-01	  -3.5413849738214148e-01	  -4.2767699002973403e-01	   9.1593200348237569e-01	   6.9186176904700403e-01	  -2.0762180151844781e-01	   7.0500824500565690e-02	   0.0000000000000000e+00	   6.8864725899691126e-01	   2.9256045993383748e-02	   1.1529256488946904e-01	   6.8779261079973575e-01	   3.1795555994849972e-01	   6.7159483965004974e-01	  -4.1783840731190527e-02	   2.3863259605930801e-01	  -6.5605192565249756e-02	  -4.7357804214923888e-02	  -1.5197103805221301e-01	  -4.6786559060152211e-01	  -4.3932866728748904e-01	  -4.3912120513907249e-01	  -5.3021799448272311e-01	   1.9264924651432119e-01	   4.3730727320434558e-02	   5.5814157541239640e-01	   2.6253524084669755e-01	   1.2140407493179667e-01	  -2.3426137469776487e-01	  -6.1486595577044145e-01	  -5.5802224675797407e-01	   1.0261478404666909e-01	   2.3333921681193907e-02	  -6.6108035479768887e-02	   8.1840893701488837e-02	  -1.6240880918589104e-01	  -1.3346715404069631e-02	  -1.7191792546959769e-01	   5.2632492958880985e-02	  -1.2990387715025298e-01	   1.0092998587640414e-01	   4.9742585597461741e-01	   5.6100613727528692e-01	   4.3523999124137525e-01	   4.7022389247643720e-01	   3.8337905972857772e-01	   3.2543023108658725e-01	   3.8514073796266229e-01	   3.9676287253772236e-01	   4.1798218355473382e-01	   4.4984051946695730e-01	   2.9746590499421216e-01	   5.9609897523227526e-02	   2.1862578548245173e-01	   2.8149653265285823e-01	  -2.1431163109946599e-01	  -2.4668039114918563e-01	   2.6892823818795575e-01	   1.6922560416876839e-01	  -3.4111628615504583e-02	   2.9266157384248252e-03	   4.4496916389768625e-02	   2.2006096655754842e-01	  -2.0931111396086602e-01	  -1.5932055401903605e-01	   3.1199675391194825e-01	   4.2826411002584835e-01	  -5.7105944567933421e-02	  -4.8796240030533955e-02	  -5.0082710013299769e-01	  -3.6437583164117182e-01	  -9.9292800590913582e-02	  -7.0527948244042335e-02	  -1.0411127236810250e-01	   1.0400525129643698e-01	   1.4849891793782879e-01	   7.5370119847152500e-02	  -1.3847979708114511e-01	  -2.9160003781051647e-01	  -1.2553648134295400e-01	  -3.7166433000693777e-01	  -1.0865830836886170e-01	  -1.5747930422609917e-03	  -1.3161430315679729e-01	  -3.6913084018460340e-01	  -8.4037449981888349e-02	  -2.8007411947701488e-01	   1.3046178955131590e-02	  -2.0443298806763432e-01	   3.3452199293047635e-01	   1.5711265051917367e-01	   6.0021285752731329e-02	   1.5657937765834102e-03	   1.9302881022455923e-02	  -5.9175368287182915e-02	   2.1581749220731258e-01	   1.4000050789640381e-02	   3.1923398997327446e-01	   3.3780278790364732e-01	   2.3093746737857873e-01	  -3.6569065244009043e-03	   2.9161890454745565e-01	   1.6077748832493116e-01	   1.0280361591056973e-01	   3.4170273847351842e-02	   1.8109246354046185e-01	   2.8628937723281267e-01	  -8.1122210422929525e-02	  -3.6098215468166224e-02	   1.8644046929327962e-01	   2.8082112267225656e-01	   2.6504113129131041e-01	   7.6746873629462281e-02	  -1.9467131624816891e-01	  -1.9686628846825360e-01	
   1.9756941949937445e-01	   4.3277858904298017e-03	  -2.9189681681879354e-01	  -1.8383994482530855e-01	   7.0809624521771541e-01	   8.8073155004953163e-01	  -1.8701303047626350e-02	   4.5856400189335500e-01	   6.8864725899691126e-01	   0.0000000000000000e+00	   1.8965642460335552e-01	   3.7222582959296785e-01	   6.5110793145033219e-01	   6.2407684004234942e-01	   4.2001309358975564e-01	   1.8263860062540430e-01	   2.0220813576080832e-01	  -6.0268596476500555e-02	   2.2052975377218881e-01	   1.0632061309078707e-01	  -3.5000893242503589e-01	  -2.8457898522225017e-01	  -3.7521157423187673e-01	  -3.4358721885638616e-01	   1.7446255711475364e-01	   1.9514505277200178e-01	   5.7136268249686872e-01	   4.8456042529688448e-01	  -8.2568263329148312e-03	  -1.8203851966684848e-01	  -4.9886433479894621e-01	  -3.2402866888869886e-01	   1.1083744755219857e-01	   1.3892847097988101e-01	  -8.7949952991990737e-02	   1.0204977054465579e-01	  -1.4417577414691385e-01	   3.8144061138740025e-03	  -2.5576701452592931e-01	  -7.1793139037196904e-02	  -2.7515114580901795e-01	   1.5053673460733508e-01	   5.6032494853610881e-01	   5.9857860337627078e-01	   4.7842186535985221e-01	   5.2345486043132805e-01	   4.9294178002988076e-01	   4.4831651234175790e-01	   4.9177711263701968e-01	   5.4362371183518809e-01	   3.8004075522903003e-01	   3.9335109297509818e-01	   3.8884887922787331e-01	  -5.5751619313897452e-03	   2.0107772416200564e-01	   2.7797709191231551e-01	  -5.2717752163079896e-02	  -1.1995316492717562e-01	   3.0898618397220301e-01	   3.7077137576941893e-01	   1.2151101387016050e-01	   2.8425484881765289e-01	   9.7839416527084971e-02	   2.8564537783830141e-01	  -1.9354712823575596e-01	   5.9147003274879859e-02	   2.4766229784045035e-01	   4.3134199661961981e-01	   8.7952023722587244e-02	   9.1387274688162795e-02	  -3.5853642093495669e-01	  -1.7976512491876528e-01	  -3.2703751568987138e-02	  -6.2611748170782661e-02	   5.5956429338192976e-03	   2.5275869503431403e-01	   6.4829688976316621e-02	   9.4217047115303376e-02	  -1.5030805891152318e-01	  -3.9200144769468137e-01	  -4.8620622105643566e-02	  -3.8215733355682435e-01	  -1.1446484251597830e-01	   9.9759041691336262e-03	  -2.2544331733491154e-02	  -1.5986448706353218e-01	   4.9893320463954415e-02	  -1.5634142733435874e-01	   1.0541666456025335e-01	   6.3304446663042621e-02	   5.6790384074658506e-01	   2.6764690787196721e-01	   3.6879367803525553e-01	   1.4630149579040694e-01	  -6.7428772719426794e-02	  -1.2073063131547931e-02	   2.2240105377267144e-01	   7.9331266729519095e-02	   5.0087642872927374e-01	   4.9117904033693621e-01	   4.8417666020551325e-01	   1.3285079736889358e-01	   4.1906802413291266e-01	   2.6257885680295373e-01	   1.6384180555446007e-01	   4.8627985019395567e-02	   1.9996480657845137e-01	   3.2205301996029867e-01	   1.6373441633872993e-01	   2.0134776039402728e-02	   2.5031286980949763e-01	   5.2475446018573690e-01	   4.3571035839327565e-01	   2.4530756760577921e-01	  -2.2939690721196301e-01	  -1.6018986182059383e-01	
   7.0416555966944905e-01	   5.9019961780390795e-01	  -1.0263591996525454e-01	   2.5640371371615894e-01	  -5.6653424736136854e-02	   7.3306628620261133e-02	   3.2268132858261084e-01	   6.0703972255631977e-01	   2.9256045993383748e-02	   1.8965642460335552e-01	   0.0000000000000000e+00	   8.3956099792686034e-01	   6.5011856517863820e-01	   6.8712072788327605e-01	   1.6358602051512805e-01	   4.2095133504590354e-01	   5.3751849606426527e-01	   6.0405193369987564e-01	   6.1031219392327296e-01	   6.8176379513413798e-01	   1.4604000304443917e-02	   1.6750920022108904e-02	  -8.6537886634724601e-03	   1.7522935164338660e-01	  -2.3350724313597274e-01	  -1.1953972418806003e-01	  -1.2740930070000439e-01	   9.9073785564063946e-03	   5.2897842152822894e-01	   5.8308575918361316e-01	   5.8349180284417556e-03	   1.8573196423956440e-01	   4.5412286027740589e-01	   5.1903312547255009e-01	  -1.5207032737401072e-01	  -1.5016753671831262e-01	   1.2972850426691657e-01	   1.4220619086405673e-01	   1.7861028541179522e-01	   7.4143307093111593e-02	  -1.4028006865123144e-01	   8.0754114650473219e-02	  -6.6010651077785809e-02	   2.6853511775767176e-02	   1.1139304567002711e-01	   1.1269681093058664e-01	  -5.8708919292612891e-03	   5.4323146364319660e-02	   2.5517885041653826e-01	   1.2874059772464344e-01	   2.6020095501109519e-01	   2.3578124113759222e-01	   1.0005153163308715e-01	  -1.3498596685025701e-02	   3.7516442150200735e-01	   2.7731940284817741e-01	   5.3610361270252127e-01	   5.3340957335319961e-01	   5.4129789864707500e-01	   5.2713348168192975e-01	   7.2786783009221723e-01	   6.3886581412984556e-01	   7.2684410279036293e-01	   7.8076950860437822e-01	   4.7707496626319505e-02	   1.0309452610578683e-01	   1.3886468984435268e-01	   1.6385574119817037e-01	   3.5261918469061354e-01	   2.4468173131379839e-01	   2.0780404653733814e-01	   7.0935565094873448e-02	   3.1307460306758150e-01	   2.4449468047381298e-01	   3.8725560078999702e-02	   2.8539962617621689e-01	   1.4230604383475523e-01	   2.5568834475952551e-01	   3.4564454620296037e-01	   1.7153677350867491e-01	   4.6830332969139044e-01	   4.7390242122142345e-01	   3.2503079228265530e-01	   3.8383271084344101e-01	   5.6133962886984679e-01	   6.0172454901095940e-01	   2.8193950699882264e-01	   1.2350700196566552e-01	   5.9021464839919535e-01	   4.5823711805480488e-01	  -1.6085167643057502e-01	  -2.8327367541390869e-01	  -1.7228654291932338e-01	  -2.1210751781513926e-01	  -4.7536560817359533e-02	   1.0293814541708399e-01	   6.5189756272321236e-02	   1.8423843056273270e-01	   1.2379954707718852e-01	   6.8307172676584857e-02	   2.9885851260712387e-01	   1.4860752176545222e-01	   1.9776328921010355e-01	   2.2770238553721972e-01	  -1.0281733460846024e-01	  -7.7968161193465099e-02	   2.5887380078731892e-01	   1.1933042680830129e-01	   3.0953731325941058e-01	   1.4896299452857423e-01	  -3.9254664125092223e-02	  -6.7419851259014257e-02	  -5.4936623746148674e-02	   4.7301733640171525e-02	  -1.6802863171900348e-01	  -3.3923837759027929e-02	
   6.6685843963095104e-01	   6.0943505121031794e-01	  -2.9484348482430711e-01	   1.1137331882748998e-01	   3.9449984599298302e-03	   2.1861782003899061e-01	   2.1598544515123475e-01	   7.1469744966883308e-01	   1.1529256488946904e-01	   3.7222582959296785e-01	   8.3956099792686034e-01	   0.0000000000000000e+00	   6.1564362358954816e-01	   7.9521168252759766e-01	   2.0342984555640709e-02	   2.9561890233087140e-01	   5.8775943455709645e-01	   6.0466305239374829e-01	   5.4851807676605246e-01	   6.4673269728812843e-01	  -1.0180811673080527e-01	  -7.4746338755239394e-02	  -2.1437310488964884e-01	   2.5767026839519674e-02	  -3.1783508264760718e-01	  -1.4863019152353635e-01	  -9.0709751846576203e-02	   6.5409894184963957e-02	   5.6387141061453183e-01	   6.1688617878362306e-01	  -1.6962210040756764e-01	   2.0469811736135927e-02	   3.0435864028418680e-01	   3.7509472348755685e-01	  -3.3524034591762225e-01	  -3.0450117961522771e-01	   7.6235168074148554e-02	   5.8233505157859466e-02	   5.2801526429735790e-02	  -1.7489088348193044e-02	  -1.7230181559696800e-01	   5.7150772607347106e-02	  -2.9270040275662865e-02	   1.1919936180069801e-01	   1.5627624826922079e-01	   2.1167886899572536e-01	   8.0042474692121793e-02	   1.3780563512650260e-01	   2.8729103758456953e-01	   2.7573726838078771e-01	   2.2844082335230242e-01	   3.2111377730093615e-01	   3.5287711323252002e-01	   2.1428752592504011e-01	   3.2875911318893547e-01	   3.3556991522233715e-01	   4.8134783455141633e-01	   5.1058530227595200e-01	   5.2852262600827193e-01	   6.6551412124707676e-01	   5.6864450858103988e-01	   6.5387820100589311e-01	   6.9911119663754739e-01	   8.0237794382013394e-01	  -1.9405821128421477e-01	  -2.4640385241291564e-02	   9.4963408048089268e-03	   1.5123373101356327e-01	   3.1679799303728040e-01	   2.4531992408327122e-01	   6.0144458265255052e-02	   2.1058207434276492e-02	   2.2182067986497112e-01	   2.3572086742423573e-01	  -3.1509619095852696e-02	   3.1190476097846997e-01	  -6.1311040707457631e-02	   1.1277760701465757e-01	   3.9827981287568737e-01	   1.4128170404673324e-01	   5.2345305289855504e-01	   4.0323790553617078e-01	   1.6577286044318457e-01	   4.2073113300816040e-01	   4.3609252684405597e-01	   4.7782954823093660e-01	   1.4225081323436067e-01	  -6.4251326848032558e-02	   5.4328655009086835e-01	   4.3176474475322446e-01	  -1.1467280436012375e-02	  -2.1026276358875545e-01	  -8.2931140827259581e-02	  -2.5597586041249926e-01	  -1.0030229750419391e-02	   6.4223515646146895e-02	   3.9585887105420055e-02	   2.0730663842533889e-01	   2.7768710812140518e-01	   2.3082384484334126e-01	   3.9535115620387606e-01	   7.7841504257270488e-02	   3.4964519017309115e-01	   2.8922853950011412e-01	  -6.7149057988002164e-02	  -1.1350106367821319e-01	   2.7717694602803855e-01	   1.8903011526872429e-01	   2.5524133164487889e-01	   6.8040668158698220e-02	  -1.1485236530433278e-02	   9.2172705051788151e-02	   5.9164558573356021e-02	   8.9115175822305992e-02	  -2.1505024718439461e-01	   3.8045101228551370e-02	
   4.6753680412455423e-01	   2.9187936551799831e-01	  -3.2084888590043648e-01	  -1.6032003375750242e-01	   5.9595170492225891e-01	   5.7472713948825893e-01	   9.7314046403880194e-02	   4.7590922825186044e-01	   6.8779261079973575e-01	   6.5110793145033219e-01	   6.5011856517863820e-01	   6.1564362358954816e-01	   0.0000000000000000e+00	   6.9511851376742206e-01	   5.6854247694915050e-01	   2.8978232405673959e-01	   5.1672663201915603e-01	   3.2049083547058133e-01	   3.9581650676622421e-01	   3.6543713199361771e-01	  -3.7016501330049423e-01	  -3.0660330995519913e-01	  -3.3443163568980294e-01	  -2.7750638515410653e-01	  -4.9038384510490876e-02	  -6.6880481955925039e-02	   3.2632356192626966e-01	   2.1980976368378016e-01	   3.6785552871769417e-01	   1.6457510813448198e-01	  -4.8073608085232922e-01	  -2.6166438016876237e-01	   3.8514411089621314e-01	   3.7155329304034357e-01	  -1.5847520575315460e-01	  -3.0368734102122923e-02	  -9.0742465781668225e-02	   7.8589493930431673e-02	  -1.2054484838917015e-01	   1.7953664428307786e-02	  -2.4928654237920048e-01	   2.3434811537048136e-01	   2.9579323564253635e-01	   3.8360482012397135e-01	   4.1104861199434661e-01	   4.4081324541329664e-01	   2.6446608249212045e-01	   2.7196549099952061e-01	   4.6299107799790806e-01	   4.0363418917539562e-01	   4.6802089898495725e-01	   4.7031166564639515e-01	   2.5634761231932440e-01	  -3.8345594730893537e-02	   3.4382307538008539e-01	   3.1463493921849339e-01	   1.9113137437531985e-01	   1.6411749203508488e-01	   5.3344434610816249e-01	   4.7328889839223842e-01	   4.6843176890453481e-01	   4.4425289762952452e-01	   5.1194914028390681e-01	   6.7948413769202787e-01	  -1.5385230033440295e-01	  -6.7388695092737566e-02	   2.7797290157024801e-01	   3.7443076208805509e-01	   1.9489850782391374e-01	   1.5115825413037454e-01	  -2.2842033218043029e-01	  -1.8288642625924256e-01	   1.8733358348065465e-01	   1.7009871516968289e-01	   4.1714150231701240e-02	   3.5004859707265001e-01	   1.9082992796963510e-01	   2.4812797479046150e-01	   7.0901913762369276e-02	  -2.0771451580573486e-01	   1.3069263395117930e-01	  -6.9279703000628245e-02	   5.1190644146816289e-02	   1.6428443698739403e-01	   1.7013083184160893e-01	   9.7714184127051684e-02	   4.1612775180022737e-02	  -1.7667457419648613e-01	   3.6834427526692859e-01	   1.5989889655092446e-01	   1.5806256307528899e-01	  -6.0794186811734457e-02	  -4.5952233676989050e-03	  -1.0860963450633200e-01	  -5.0064748661973107e-02	   1.6640550919884270e-02	   1.9227542450022631e-01	   7.3008020430328391e-02	   3.3983793317172073e-01	   2.9508210672109836e-01	   4.0351930425097138e-01	   1.2427473508044264e-01	   3.7641057215166412e-01	   3.1027485009584610e-01	   4.1259288636782229e-02	   5.5178494881316882e-02	   2.4507774979517419e-01	   2.5736050644265135e-01	   2.3052274909068610e-01	   1.1409512235906280e-01	   1.1438418869354887e-01	   1.9958795307610938e-01	   1.6394774711612167e-01	   1.1007054626808271e-01	  -2.6836657569418426e-01	  -2.0409829268140189e-01	
