   0.0000000000000000e+00	   8.7907844040366445e-01	   8.2684973279192253e-01	   7.9869283139441483e-01	   4.5534813885284225e-01	   6.6493999159925543e-01	   8.1515580372580132e-01	   8.0794369654491804e-01	   3.7724380003269087e-01	   5.3209121261341741e-01	   8.5599363548059304e-01	   8.1547709425068760e-01	   8.4957660914910438e-01	   7.3629708656771720e-01	   8.4414901778721552e-01	   7.5288968042265925e-01	   8.0774714663352176e-01	   7.7446822502505097e-01	   8.2660376612199671e-01	   7.7395652355988187e-01	   5.9351957991943949e-01	   5.8593945300441730e-01	   7.7719326406598799e-01	   7.5319329502057641e-01	   6.8886808151484080e-01	   6.6418212247473862e-01	   3.4737526419019082e-01	   4.2497241624611032e-01	   7.4701956029790406e-01	   7.6052221064117842e-01	   7.9979510828650868e-01	   7.5654947249460647e-01	   7.9938774027874870e-01	   7.7226911661067210e-01	   5.9656874137833871e-01	   5.7642854885268369e-01	   3.5183216865026029e-01	   6.3375981295624717e-01	   7.1700139098682880e-01	   6.4937842425318937e-01	   6.9094499864383219e-01	   6.9298738908832269e-01	   5.9515224019384894e-01	   5.9020991265287415e-01	   5.4331440116497687e-01	   6.0681984574219194e-01	   6.6633375970510789e-01	   6.1165019848391089e-01	   7.1668507554541216e-01	   6.4795009994598196e-01	   6.8310171178560519e-01	   6.6125323864290286e-01	   6.8397219714564139e-01	   6.0186496546209856e-01	   7.7505842795425217e-01	   7.1611255150710496e-01	   8.4940453003113303e-01	   7.8378103422429757e-01	   8.3293631125118472e-01	   7.8180401208228445e-01	   8.2046500438855030e-01	   7.3586594443650188e-01	   8.1789949697602848e-01	   7.2840822760061441e-01	   5.9563637682126092e-01	   6.3279658305897413e-01	   8.1161262584316385e-01	   7.2834629341029156e-01	   5.9610268607946870e-01	   5.4279915141953416e-01	   5.0982840416260522e-01	   5.5108493002349324e-01	   8.4128748394332731e-01	   8.0884717899815539e-01	   8.4785962302945084e-01	   8.3599746466421876e-01	   7.8219319479560223e-01	   7.4385719119508242e-01	   7.1522919324023082e-01	   6.5168073795750758e-01	   7.6624049542021078e-01	   8.5115169114084033e-01	   8.3000651787841373e-01	   7.5376814214276200e-01	   8.6163435537981192e-01	   9.0676987377475904e-01	   2.6313421301110096e-01	   7.8816320649545535e-01	   8.4369939107324499e-01	   8.6607363129031700e-01	   5.5378029982988797e-01	   5.5963033016586750e-01	   5.4645334137162682e-01	   3.6342267015432295e-01	   4.1002287953590216e-01	   1.1514541762398056e-01	   6.7612778186840050e-01	   7.6318350664339918e-01	   7.8442734807208181e-01	   7.9689720754449200e-01	   3.9077731886245870e-01	   2.9010866854166151e-01	   3.9518781355849059e-01	   4.6670855081925811e-01	  -3.6278503457164341e-01	  -2.8757072505435111e-01	  -8.9229712118483157e-02	   4.9566243535745624e-01	  -2.8479965378334346e-02	   2.4696365031356368e-01	   6.3393720265261555e-01	   6.7694396492930520e-01	   5.8709914024659970e-01	   4.7566161979919264e-01	  -5.2115696551146964e-02	  -7.5002549891564063e-01	
   8.7907844040366445e-01	   0.0000000000000000e+00	   7.5275939484292909e-01	   8.0552553707703767e-01	   3.3671947256300794e-01	   5.5266208806403827e-01	   6.5722634401205782e-01	   6.8886468232490705e-01	   2.3611300353504105e-01	   4.6971639397052367e-01	   7.6833017088843381e-01	   7.4558561367400833e-01	   7.0565711340164028e-01	   6.7079247422989652e-01	   7.1835141107825196e-01	   6.4303100018231218e-01	   8.5686766919984292e-01	   8.9520665764482521e-01	   8.1511394525778491e-01	   8.5854284037602746e-01	   5.3903241299239935e-01	   5.4965438599560068e-01	   6.6566431587196506e-01	   6.1463817092531992e-01	   5.8696468777482691e-01	   5.5951521346508548e-01	   2.3795626673879056e-01	   3.4927476720770090e-01	   7.6324901521119193e-01	   7.9888329164104777e-01	   7.5464640626138579e-01	   7.2942906153862164e-01	   7.9099790844340934e-01	   7.9554895858065311e-01	   5.5427497022656735e-01	   5.1913720438670941e-01	   3.9363362337393260e-01	   6.5312636736318863e-01	   7.5794052417479840e-01	   6.2381918305032824e-01	   6.4366454316401689e-01	   6.4119378051192588e-01	   5.9768327749685135e-01	   6.0615837819180207e-01	   5.1194051350854985e-01	   5.8756096570614091e-01	   6.8187762063869173e-01	   6.1726050402835597e-01	   6.3483674770937892e-01	   5.5422780537126881e-01	   6.1617451520639221e-01	   5.7979575383191206e-01	   6.1311768146471279e-01	   5.5574844758882369e-01	   7.5118951925601474e-01	   6.6529749374689362e-01	   8.6117698421657152e-01	   9.2375541795611560e-01	   6.9588715657358091e-01	   6.7057878994608711e-01	   7.2372317126249275e-01	   6.7518333645190287e-01	   8.4115709129857175e-01	   7.9054225165248704e-01	   5.3845751796294772e-01	   5.7266408402592284e-01	   6.9158119647094618e-01	   6.1254256934952189e-01	   6.0404855014801639e-01	   5.2447046088078164e-01	   5.1436833829757145e-01	   5.4971170699978400e-01	   8.0977276233503148e-01	   8.3022793557414309e-01	   7.7684509310884642e-01	   8.5471180798406832e-01	   7.5605513411915148e-01	   7.5351310953653572e-01	   8.0431683986167035e-01	   7.7294480904024565e-01	   7.9429077659218228e-01	   8.5574224284414924e-01	   7.7483880502947622e-01	   6.5982940889055186e-01	   7.8846809006415275e-01	   8.1594312392283475e-01	   4.0945432770866130e-01	   6.6306565689410468e-01	   7.9423826422608745e-01	   7.6609180582541869e-01	   4.4909667815960547e-01	   4.4397493126017729e-01	   4.3072180664301424e-01	   3.0706550167735269e-01	   4.7895700079392628e-01	   1.7039579235916150e-01	   7.7492597415762676e-01	   7.4515448001690543e-01	   7.8369376385794887e-01	   7.4467212836914021e-01	   4.4859807649575922e-01	   2.6365834844704905e-01	   4.3403291383871023e-01	   4.5061082073465231e-01	  -2.8038404013826024e-01	  -2.0581500609712788e-01	  -1.3080015222110802e-01	   4.2491086653272447e-01	  -3.8941762926108875e-02	   3.0371647161795756e-01	   6.2522215044658647e-01	   6.6165711379961789e-01	   5.4482655960639381e-01	   4.8573029436065979e-01	  -1.6479112460913097e-02	  -6.4835877094581051e-01	
   8.2684973279192253e-01	   7.5275939484292909e-01	   0.0000000000000000e+00	   8.2429965192496968e-01	   5.7204966477885311e-01	   5.1597698373123113e-01	   8.7910480852385509e-01	   7.5313076981425620e-01	   4.2685818689324251e-01	   4.6143951022996943e-01	   7.5788108340271676e-01	   6.7482823176773654e-01	   7.5051003388168436e-01	   6.4198081325710987e-01	   7.6635441766854284e-01	   6.7758543927510151e-01	   6.5965136151796189e-01	   6.2186038615203465e-01	   7.8081938713372923e-01	   7.3858054789997529e-01	   5.9689988703126162e-01	   5.9588405548259249e-01	   8.1750699474293453e-01	   7.5630100422464919e-01	   8.4456783955532444e-01	   7.3256064897318118e-01	   4.9658095476834863e-01	   4.2083077265272090e-01	   5.6162728593289779e-01	   6.1854209944166083e-01	   7.8768841792333433e-01	   7.2485949406516015e-01	   7.6495495992911378e-01	   7.8285133032941912e-01	   7.4058497747215613e-01	   6.7624559436142162e-01	   4.0823457140093344e-01	   5.8685107980809914e-01	   7.3821738821376248e-01	   5.3212285435810402e-01	   6.3414982283558896e-01	   5.9456027921723220e-01	   5.7955833508135224e-01	   5.8618029802964866e-01	   4.7046661153964719e-01	   5.4524110152671024e-01	   6.5264950833563162e-01	   5.8639159248894390e-01	   5.5926227308571586e-01	   5.5508363241341385e-01	   5.9077428551733624e-01	   5.8255487656284388e-01	   6.3807390584028001e-01	   6.0734900626297161e-01	   6.3887427606465275e-01	   6.3658094866751136e-01	   6.8851164047112523e-01	   6.5181370434736152e-01	   7.4580206317729980e-01	   6.7358190797519835e-01	   6.9417522300423828e-01	   6.7188821890033623e-01	   6.6223657336466646e-01	   5.8975591243878744e-01	   7.6502234926813961e-01	   7.4846358515596767e-01	   8.0349424823826610e-01	   6.9244039663230295e-01	   5.7256776288867239e-01	   5.2961515047369234e-01	   5.4680602651976196e-01	   6.0320023212861007e-01	   7.6516686610426554e-01	   7.0369711059171913e-01	   7.7686518543825323e-01	   7.1698587343572751e-01	   7.4462484638675464e-01	   7.1158967321342903e-01	   6.1866910447868206e-01	   5.8950734886444645e-01	   6.2268228687083360e-01	   7.3166191068907427e-01	   7.1762878471709080e-01	   6.3663136829203015e-01	   7.9491160599872157e-01	   8.3656144336329674e-01	   2.1700219773901311e-01	   7.0331446668503239e-01	   7.4722971911845693e-01	   7.8046139432825301e-01	   5.7811346269184227e-01	   6.5269797805670904e-01	   5.8821524135565417e-01	   5.1428607159059125e-01	   2.4086370034550914e-01	   8.2241458930099431e-02	   5.4503241030049343e-01	   6.0609187890828664e-01	   6.7515971544906606e-01	   7.4966891992984619e-01	   3.1447989874555415e-01	   2.6846773291164178e-01	   3.7270610046151503e-01	   4.6933540611277502e-01	  -2.3712001106523597e-01	  -1.6774835578815295e-01	  -1.6433468647115540e-01	   4.6102617984642669e-01	  -7.8053019060260798e-02	   2.3679137476388643e-01	   6.3648449753469194e-01	   6.8588861952594371e-01	   6.0638737358771211e-01	   5.0907810034202172e-01	   6.8279534367803943e-02	  -6.1791355618744914e-01	
   7.9869283139441483e-01	   8.0552553707703767e-01	   8.2429965192496968e-01	   0.0000000000000000e+00	   3.8451062416619197e-01	   7.0862482968928386e-01	   7.3111073683252581e-01	   8.3029991775235756e-01	   2.3326336023836550e-01	   6.3632008410849361e-01	   7.3577010843211232e-01	   7.7854853992503537e-01	   6.5415822375585631e-01	   7.7149826154346135e-01	   7.6387753646520795e-01	   8.3057250649781988e-01	   7.0790753773456894e-01	   7.0979769634637169e-01	   7.1126207705176758e-01	   6.9659522926416773e-01	   5.7189857000682398e-01	   5.8670239556114567e-01	   8.4315446357238788e-01	   8.4868882432251846e-01	   7.9391993408833550e-01	   7.8293714795047076e-01	   4.0784111001241163e-01	   3.9302363041001293e-01	   6.5250503353529421e-01	   6.8899617996127571e-01	   8.1751921725825238e-01	   8.2464727609546484e-01	   7.5824091904023305e-01	   8.1203421254135699e-01	   8.0705429775339832e-01	   7.6531393292171790e-01	   5.9497680903056782e-01	   7.5749316923173549e-01	   8.2598604098046824e-01	   7.0935782108982237e-01	   7.5385713662750509e-01	   6.3428749219992175e-01	   5.9151301608467088e-01	   6.3573895859348184e-01	   4.7178456090727594e-01	   6.2848490625413855e-01	   6.9397745555493273e-01	   6.7727020939833116e-01	   6.2642029427859103e-01	   7.3078494125828797e-01	   7.0030307442764572e-01	   7.4910818259940559e-01	   7.5384476633937381e-01	   7.2352747039705800e-01	   8.1670369842172463e-01	   7.9176871819517181e-01	   7.8236033320112153e-01	   7.8134761856689017e-01	   6.8013524619311194e-01	   7.4805173839393646e-01	   5.8627209253947088e-01	   7.1473301815305113e-01	   6.9906648928756709e-01	   5.6914865504467760e-01	   7.3374271095560251e-01	   8.5298787260354259e-01	   7.7591376858255923e-01	   7.5410532600158287e-01	   4.6332080383375429e-01	   4.5369727204852500e-01	   4.7262278082553499e-01	   4.9359968118095854e-01	   7.2294148627076793e-01	   7.5486169569942640e-01	   7.4778620688267927e-01	   7.9053643687376196e-01	   7.3103919478154455e-01	   7.1545512162015867e-01	   7.2341893089730736e-01	   6.9136852144768224e-01	   7.5794663233590165e-01	   8.2338272761053699e-01	   8.1631272769997532e-01	   6.8889120071978260e-01	   8.7954261990889093e-01	   9.1541719061832816e-01	   4.7184031158727358e-01	   8.2656102872233606e-01	   7.8692222760596175e-01	   8.3566561234598291e-01	   5.3371508406415713e-01	   6.1018708593333060e-01	   6.3110845451656095e-01	   4.9128189787816112e-01	   3.8031753422580272e-01	   1.5130420418402765e-01	   6.9428847588104459e-01	   6.9449047762007732e-01	   7.0563099895285886e-01	   7.9214985541983629e-01	   4.1336741839703062e-01	   2.4432014223252643e-01	   4.5042766107765686e-01	   4.9017433181235504e-01	  -1.2140942186318540e-01	  -7.5437802899441450e-02	  -1.1862537737610793e-02	   2.8135711402677344e-01	  -1.2466429291117483e-01	   1.7306511194605975e-01	   6.2904258654431788e-01	   6.6019508804866955e-01	   6.0717465573865415e-01	   6.5134430426973622e-01	   1.8960086449361274e-01	  -6.0253958394950302e-01	
   4.5534813885284225e-01	   3.3671947256300794e-01	   5.7204966477885311e-01	   3.8451062416619197e-01	   0.0000000000000000e+00	   2.2693751992838251e-01	   6.3871009182359939e-01	   5.4315891763393220e-01	   9.3543952631375671e-01	  -1.9571055231991563e-01	   4.8796699700566726e-01	   5.3565177698545496e-01	   6.0921376943893413e-01	   5.1116849548831078e-01	   4.3915237382207584e-01	   1.7644100866072746e-01	   2.1447169491128704e-01	   3.6178656547503185e-01	   3.5360136734509812e-01	   3.5801691999530683e-01	   5.5772221642672060e-01	   4.4702979860470243e-01	   3.6313682803676905e-01	   3.5427852757722689e-01	   6.1515135442566415e-01	   6.4953698154538975e-01	   6.9639903139188430e-01	   7.0085091242693709e-01	   2.8136332371538320e-01	   3.4847633583016469e-01	   3.7697449693436380e-01	   3.8871025477024568e-01	   2.9156023888590543e-01	   3.2910317853032783e-01	   1.9510888489245268e-01	   1.5794472224403927e-01	   1.0188995345999603e-01	   1.8377850592488654e-01	   3.8604739987298614e-01	   1.6652422828420088e-01	   3.2165446068466624e-01	   1.9344126158484209e-01	   4.1251813053064179e-01	   4.0352461761747865e-01	   3.8088120556569444e-01	   3.7256721259440156e-01	   3.8907687958397014e-01	   3.2925468346064934e-01	   4.0977815255685868e-01	   4.0473720715474193e-01	   2.9556929185714587e-01	   3.3610616836467522e-01	   3.3722528133593510e-01	   2.8404713700566342e-01	   2.9732768105455065e-01	   2.8528068379230309e-01	   2.7730864305475911e-01	   2.8804706510008032e-01	   5.8084870233220920e-01	   6.3145570755532443e-01	   5.3471591236547444e-01	   5.7730629752972740e-01	   2.8251923039647653e-01	   4.8204019158969613e-01	   2.7729609426666652e-01	   3.9905832075408143e-01	   4.2930024191871652e-01	   3.9408301717256494e-01	   1.8114395508242956e-01	   2.6081270792271288e-01	   4.4526431418689438e-01	   4.3907625288285834e-01	   3.8607103799468157e-01	   3.3121553734189646e-01	   3.4545975135831575e-01	   2.7744405582442622e-01	   1.9823483048213339e-01	   2.7077128273041329e-01	   2.3385677381412773e-01	   1.7595215512056248e-01	   2.8505690543887424e-01	   3.7274020618475745e-01	   2.5368534777226859e-01	   3.4534405721884864e-01	   3.4100134407817551e-01	   4.0660105135322194e-01	  -1.2968771882746205e-01	   3.4593268417633449e-01	   4.2455088511068417e-01	   3.5000212788455420e-01	   2.8706279791053968e-01	   2.1701436880120734e-01	   2.6813046210340707e-01	   5.8980715263615292e-02	   7.4655345872420939e-02	   2.7568881203842766e-01	   2.3234165746618410e-01	   1.9527070941681224e-01	   3.3378626884757007e-01	   3.0845562400519744e-01	   3.9709103627603748e-01	   2.6356794361255964e-01	   2.0690230692145054e-01	   2.9709411118576695e-01	  -2.8435208822090896e-01	  -2.4454039126841687e-01	  -1.0064877153895720e-01	   2.0366317999286754e-01	  -1.5724524021739031e-02	   1.5989535542707234e-01	   2.2716994628857851e-01	   3.5236358702929044e-01	   4.3754445778164996e-01	   2.2628063963733419e-01	  -1.1627563422182538e-02	  -3.2318737977158496e-01	
   6.6493999159925543e-01	   5.5266208806403827e-01	   5.1597698373123113e-01	   7.0862482968928386e-01	   2.2693751992838251e-01	   0.0000000000000000e+00	   4.8694387591797150e-01	   6.6610031302672124e-01	   1.0233223737642758e-01	   6.9458533191638983e-01	   5.7726796800298552e-01	   6.4074918068436548e-01	   4.5867465568960869e-01	   6.8106165624903048e-01	   6.3990928283997162e-01	   7.2857754410831566e-01	   5.7769234489424759e-01	   4.8656417992353462e-01	   5.6317251791580580e-01	   5.2937756977547235e-01	   5.8130738149323935e-01	   6.0565489565717823e-01	   5.9227568087538518e-01	   6.5691871871701446e-01	   5.3655103105339585e-01	   6.9069824747564557e-01	   4.6980255546735550e-01	   5.2199160857680782e-01	   4.5117701330783677e-01	   5.0073711907556617e-01	   5.8568472489044765e-01	   5.8564858180463364e-01	   5.7598105216422835e-01	   5.8534081788049697e-01	   6.2951658592455662e-01	   6.5644125936810771e-01	   3.7172192801179693e-01	   5.3063135376006065e-01	   5.3782810437705220e-01	   5.4844264082493543e-01	   6.2495524055672758e-01	   5.3287510241433056e-01	   5.3505717210048398e-01	   5.1679110535857820e-01	   5.0613330248504296e-01	   5.5490716827875741e-01	   5.8245412678570507e-01	   5.8070378943970313e-01	   5.9436518106187508e-01	   6.7008558245238958e-01	   6.6067580472014042e-01	   5.9920685051900391e-01	   7.3856952463425452e-01	   6.0929554024205168e-01	   6.7343137674581011e-01	   6.3362661470662029e-01	   6.2055074563934443e-01	   4.7594538719516610e-01	   6.4307583946114821e-01	   6.8687829758812491e-01	   4.5985789082709894e-01	   5.6477499686487753e-01	   4.8258096772003833e-01	   3.5630506961798269e-01	   4.4059291610442552e-01	   6.2072212633946833e-01	   6.8861164625127380e-01	   6.8313719967267184e-01	   4.2669536979599987e-01	   5.2335304912386205e-01	   3.9028254813082919e-01	   4.0748397578248408e-01	   5.7033093688563374e-01	   5.5919353367541502e-01	   5.7762086954141212e-01	   6.3110157679338408e-01	   5.9344191284918957e-01	   5.9374713837755888e-01	   5.6555998275437791e-01	   4.9762559209499246e-01	   7.1389384351032015e-01	   6.4910598777846862e-01	   6.6270940570536285e-01	   5.0614727363623824e-01	   7.3648734600255117e-01	   6.9349051936078376e-01	   2.8565460639839269e-01	   6.1927672580304693e-01	   7.6028801152836789e-01	   7.2230125413744084e-01	   5.9592722546379151e-01	   4.6252487477647897e-01	   5.3820977821273841e-01	   2.9513803229821356e-01	   2.1116006648286448e-01	  -6.2301715987980733e-02	   5.1859630502026766e-01	   5.6063444771376947e-01	   6.3246517325559759e-01	   6.4766429939142256e-01	   2.7859170658192611e-01	   1.8836461347449662e-01	   2.4700856469634117e-01	   2.8589581062623276e-01	  -3.8905975010537974e-01	  -3.7143005069032675e-01	   1.4313031253436020e-01	   3.0047465576591437e-01	  -1.8197219431804471e-01	   5.8165962091932276e-02	   5.6925706404220267e-01	   5.4789017661928541e-01	   5.5680481038477636e-01	   2.6648080077362946e-01	  -1.7436318105990262e-01	  -6.9422130189817377e-01	
   8.1515580372580132e-01	   6.5722634401205782e-01	   8.7910480852385509e-01	   7.3111073683252581e-01	   6.3871009182359939e-01	   4.8694387591797150e-01	   0.0000000000000000e+00	   8.4927310956576207e-01	   5.5324999034671785e-01	   4.3791040243131951e-01	   7.5969763639756549e-01	   7.4877006171046101e-01	   7.7604587343307330e-01	   6.6260064297844168e-01	   6.8965481834500109e-01	   6.4116442873288260e-01	   6.0268581385972531e-01	   6.1710246624087661e-01	   7.7019377967321923e-01	   6.9718413102378496e-01	   5.7159129443531831e-01	   5.3871335085646166e-01	   8.0445136170862730e-01	   7.6652689374623084e-01	   7.5500040791576672e-01	   6.7311589119341408e-01	   4.5009658970612243e-01	   3.8859747892313579e-01	   6.0266300080810509e-01	   6.4724080716743781e-01	   8.0712468344655830e-01	   7.4920297427195737e-01	   7.8350022188179724e-01	   7.9733001996195041e-01	   6.2628374630141381e-01	   5.8889068694299751e-01	   2.4989727187403832e-01	   4.4987578517929827e-01	   5.8836709840211232e-01	   4.7102891433361360e-01	   5.4472786404102935e-01	   5.8700111381852593e-01	   5.6202432787436207e-01	   5.7433944668150949e-01	   5.4805152711473126e-01	   6.0330486441293596e-01	   6.1399146578413044e-01	   5.5454138426290822e-01	   5.7779144086560863e-01	   5.6521623656495912e-01	   5.0390149827160258e-01	   5.5880447781782616e-01	   5.7085898747829056e-01	   4.8277609927550769e-01	   5.7803087215710558e-01	   5.4323428740796231e-01	   5.9382859735678395e-01	   5.7198706380836861e-01	   7.2343701986655695e-01	   7.7520016026560612e-01	   7.5062281414648191e-01	   7.6625489173071593e-01	   6.9747689017502734e-01	   6.9016906446303916e-01	   5.9695764144925867e-01	   6.4938068988058195e-01	   8.2429941154444741e-01	   7.6630934148465535e-01	   4.8221722389113297e-01	   5.3036876803662591e-01	   5.1068345413787808e-01	   5.5287650241546327e-01	   7.1584766179370951e-01	   6.7815453885878985e-01	   6.7065254111458283e-01	   6.8827408465577344e-01	   6.6008761152477702e-01	   6.4352286334105213e-01	   5.6017738518126081e-01	   5.1558978254204901e-01	   6.0641548015436708e-01	   7.2450091141488637e-01	   7.3436559688937775e-01	   7.0489065064968215e-01	   7.4912982734404887e-01	   8.3543669539051979e-01	   1.0989443327012083e-01	   6.7442855560521386e-01	   6.8023207841438227e-01	   7.3226374680753659e-01	   6.0940884630665781e-01	   6.6429925707674276e-01	   5.7111994252776288e-01	   4.4465923942714219e-01	   2.1063840142865725e-01	   9.8215091912304070e-02	   4.6325720261797732e-01	   5.5824600914205114e-01	   6.7266157462938503e-01	   7.3622109225158749e-01	   3.5043948525630569e-01	   3.3474657164534061e-01	   3.8388175859573159e-01	   4.7663408473803570e-01	  -2.6164932809204483e-01	  -1.5239074616691051e-01	  -1.8801432258959117e-01	   4.5674375934636774e-01	   3.6210370887306866e-02	   1.5208940213449179e-01	   5.8322369200868307e-01	   6.9107519586539612e-01	   6.6235967780464944e-01	   4.3090383664290544e-01	   2.1336554407653382e-03	  -5.7075715627814749e-01	
   8.0794369654491804e-01	   6.8886468232490705e-01	   7.5313076981425620e-01	   8.3029991775235756e-01	   5.4315891763393220e-01	   6.6610031302672124e-01	   8.4927310956576207e-01	   0.0000000000000000e+00	   4.9733164061840229e-01	   5.9656102051776350e-01	   7.5543354730417067e-01	   8.7201948443241672e-01	   7.2229863551803608e-01	   8.1385262006656478e-01	   7.0300959584902589e-01	   7.4566400321536708e-01	   6.4391409319017467e-01	   6.7814211156952353e-01	   7.5518856994495764e-01	   6.9058870070599276e-01	   5.7982670184747176e-01	   5.7108486155099158e-01	   8.2070071214290052e-01	   8.1508035175397742e-01	   7.4671153508332822e-01	   7.1758892873884783e-01	   4.2901603719003423e-01	   4.8003047340160604e-01	   6.2733748916264576e-01	   6.7538746299309738e-01	   7.9097537710409238e-01	   7.8989297256285196e-01	   7.8687007600841385e-01	   8.1851580160940429e-01	   6.8691449734350163e-01	   6.5960501803203653e-01	   2.2852202423999193e-01	   5.2465892277221959e-01	   5.8253777648077421e-01	   5.5766820883587032e-01	   6.0000302278305073e-01	   5.9105769876552350e-01	   6.3861271970675593e-01	   6.5616507179915207e-01	   5.9860745120673164e-01	   6.9037353995065209e-01	   6.7972545833510012e-01	   6.7542098018897923e-01	   6.6128293986178566e-01	   7.4118796968947098e-01	   5.9003735984598593e-01	   6.8763835192201928e-01	   6.2067792104420794e-01	   5.4210238330548788e-01	   6.9843870685957121e-01	   6.4639646924178362e-01	   6.7560963416745046e-01	   6.7913295884020264e-01	   7.3358501936614207e-01	   8.7878599416943404e-01	   7.1627860481006977e-01	   8.6946493668204594e-01	   7.1097921640555950e-01	   6.8273335183116812e-01	   5.6313947766002748e-01	   7.8465353669020332e-01	   8.2459030633747155e-01	   8.3880987360212766e-01	   4.6643687339555528e-01	   5.7902542720810568e-01	   4.3730778032903095e-01	   4.6458979636954506e-01	   6.8238952926211260e-01	   7.0363764154783881e-01	   6.8001757882384917e-01	   7.1809298440282165e-01	   6.5000532495635865e-01	   6.5971360769202714e-01	   6.1756798852338557e-01	   5.2598048056148150e-01	   6.9124372820584612e-01	   7.7695509689248066e-01	   7.8368012064370118e-01	   7.1573477069843461e-01	   7.8278913597476485e-01	   8.8261108806373523e-01	   1.8292750200934899e-01	   7.5294631301417703e-01	   7.2292855421843782e-01	   7.2849281828450130e-01	   6.8042264019794807e-01	   6.4351955083291856e-01	   6.6083331560996983e-01	   3.8439239803352609e-01	   2.7700390160819460e-01	   7.2692603877378397e-03	   5.3661769550386684e-01	   5.5771482192873045e-01	   7.4295461401307761e-01	   8.0674874098008065e-01	   4.5380568424420226e-01	   3.3137022826679097e-01	   4.2889209285354579e-01	   5.3796505573992714e-01	  -2.5188340670103226e-01	  -1.4789553804778707e-01	  -1.0901591042455724e-01	   3.7763589895491706e-01	  -8.1803752234637900e-02	   7.3023455398103204e-02	   6.0572509064211688e-01	   7.2582142141196460e-01	   7.4029961322263416e-01	   5.2864084938057798e-01	   4.5070634676321580e-02	  -6.1198854666100322e-01	
   3.7724380003269087e-01	   2.3611300353504105e-01	   4.2685818689324251e-01	   2.3326336023836550e-01	   9.3543952631375671e-01	   1.0233223737642758e-01	   5.5324999034671785e-01	   4.9733164061840229e-01	   0.0000000000000000e+00	  -2.8295344492032093e-01	   4.3215422239169499e-01	   4.9551551005551109e-01	   6.0059255859305760e-01	   4.4953867311826223e-01	   3.6711396744338942e-01	   7.5364621437211982e-02	   1.1841285428468024e-01	   2.9286667675256323e-01	   2.7025575536540830e-01	   2.8022195019409968e-01	   4.0664912683204113e-01	   3.2008462401069238e-01	   2.4179076000291769e-01	   2.3418756558792170e-01	   4.4174760802015206e-01	   4.7323347923533432e-01	   5.2600373275325818e-01	   6.0522576067931189e-01	   2.3618174978904949e-01	   2.8073050360047580e-01	   2.5436682947092126e-01	   2.7966971203243790e-01	   2.1397704852814986e-01	   2.3660413117035087e-01	   3.6127889226654636e-02	   6.4471639134477381e-03	  -5.6606285045396582e-02	   4.3416800691881474e-02	   2.7242300751217646e-01	   4.5165125358585856e-02	   2.0324819094825175e-01	   9.2230254322041599e-02	   2.8748211803836377e-01	   2.7652270705439963e-01	   3.1006538180993809e-01	   2.7570046966426259e-01	   2.4247444660398723e-01	   1.8761970884788703e-01	   3.3620999001140361e-01	   3.1607075690280678e-01	   1.7471936719164510e-01	   2.3794534595518790e-01	   1.7732469172859827e-01	   1.4170551131303966e-01	   1.8719742076378224e-01	   1.5334284054361474e-01	   2.0164195825003800e-01	   2.3881717729868074e-01	   5.2572708568675675e-01	   5.8699688553443796e-01	   5.5008307070887597e-01	   5.7713305713745633e-01	   2.3163186735570870e-01	   4.6236547687453089e-01	   1.8022878394989353e-01	   3.0083531655149059e-01	   3.0576508833666161e-01	   2.9519394854701841e-01	   1.2838088927011512e-01	   2.2721076640648682e-01	   3.3791880401137109e-01	   3.3163555547237888e-01	   3.0271162427672421e-01	   2.3461507516536892e-01	   2.4636092714214153e-01	   1.8400535385063430e-01	   1.0080774369435293e-01	   1.6664698574462117e-01	   1.3518157734265604e-01	   6.5775752700917567e-02	   1.7069866474028769e-01	   2.7707484612240907e-01	   1.6406274372009272e-01	   2.7025817476320885e-01	   2.2407743952492734e-01	   3.2382997723738582e-01	  -2.2503546998319088e-01	   2.5266485214805778e-01	   3.2923903783111685e-01	   2.5028024412919186e-01	   1.9104589857413085e-01	   1.1841774709050562e-01	   1.8373709724188181e-01	  -4.3527135727342445e-02	   5.8661514124141459e-02	   2.1624415826020310e-01	   1.2909256286402310e-01	   8.8858023680212422e-02	   2.2877839362227939e-01	   2.0591998110792481e-01	   3.1405335772576914e-01	   2.0305626520388717e-01	   1.2386473719974003e-01	   2.2597859636850032e-01	  -2.6425202256329738e-01	  -1.6668577878987295e-01	  -1.0271244637543256e-01	   1.9342861245102227e-01	  -1.2078227065002448e-02	   8.3700562706664178e-02	   7.1046123018435769e-02	   2.3212796627922755e-01	   3.6702294266604718e-01	   1.3301273959080048e-01	  -8.2041892461850244e-03	  -2.2458042322903901e-01	
   5.3209121261341741e-01	   4.6971639397052367e-01	   4.6143951022996943e-01	   6.3632008410849361e-01	  -1.9571055231991563e-01	   6.9458533191638983e-01	   4.3791040243131951e-01	   5.9656102051776350e-01	  -2.8295344492032093e-01	   0.0000000000000000e+00	   4.2019486622126589e-01	   4.3591966663144888e-01	   2.4528964167338019e-01	   4.8987794818626851e-01	   4.9924684536119257e-01	   8.0590963809914551e-01	   5.6199486181097547e-01	   3.7753936127963394e-01	   5.7477983175807879e-01	   4.9060180081894178e-01	   2.6989649581243064e-01	   3.6766609949133155e-01	   6.8038559453107150e-01	   6.8687168193963344e-01	   4.1906680111041411e-01	   3.3166285380272509e-01	   6.3248146320975016e-02	   2.2125453863567034e-02	   4.1679444033833263e-01	   4.2106387360955871e-01	   5.6626930411566678e-01	   5.3441601641391157e-01	   6.2215660308472198e-01	   6.2177546174479170e-01	   7.1499741519228122e-01	   7.2679474544442790e-01	   2.6954214720196729e-01	   4.5956412643098254e-01	   3.3615852904758414e-01	   4.7159445247131204e-01	   4.6023238370916708e-01	   5.4169333355372318e-01	   4.9412233081079254e-01	   4.8552631071963348e-01	   4.2754219532499826e-01	   5.1684900643745146e-01	   5.5021888574345046e-01	   5.8357365222596969e-01	   4.7475301568808304e-01	   5.8704147097383919e-01	   5.6434465352310570e-01	   5.3899808171120778e-01	   5.8039167856044849e-01	   4.6168747466020066e-01	   5.9824889979018980e-01	   5.4877235732208762e-01	   4.8777732027239135e-01	   4.1333367848212604e-01	   3.6895356494273490e-01	   4.2196303264577584e-01	   2.9110709184953365e-01	   4.0277853821772469e-01	   4.9158875506539484e-01	   2.2827771363896768e-01	   4.9394974080325593e-01	   5.6260959146464184e-01	   6.3533213359218643e-01	   6.4112170274811420e-01	   4.7730961935039301e-01	   4.9157249575276618e-01	   1.2946051920408688e-01	   2.0748858654734173e-01	   4.8287461462130232e-01	   4.8128165416090518e-01	   5.0976979396174404e-01	   5.8421849416596205e-01	   5.9195291633565472e-01	   5.2915790659867501e-01	   4.7910932133455653e-01	   4.3758856939196988e-01	   5.8167802911977518e-01	   5.5060380151924715e-01	   6.8493842186308918e-01	   5.3968842290089580e-01	   6.8613798603937459e-01	   6.5819468437298623e-01	   3.4861024448481126e-01	   5.5023535106970456e-01	   5.6795224479364836e-01	   5.8714519517753483e-01	   6.4097197195581335e-01	   6.1724904084960686e-01	   5.8380473450133719e-01	   4.6108750226897721e-01	   1.9820354497739578e-01	  -1.9991958103951379e-01	   4.7038149632328441e-01	   4.9145180159099910e-01	   6.2355212174019670e-01	   6.8814306450478580e-01	   1.2981319759936799e-01	   9.1491659011580823e-02	   2.4417042072469403e-01	   2.9055287475385383e-01	  -1.4165410374786472e-01	  -9.5751135297771156e-02	  -4.9079140492394244e-02	   2.9870794100133985e-01	  -1.6744423344207032e-01	   3.8968345423973996e-02	   6.2035701723861358e-01	   5.7927568800645957e-01	   4.2959791850023449e-01	   4.0034405235703180e-01	   2.2251245608279152e-02	  -4.7543868029647784e-01	
   8.5599363548059304e-01	   7.6833017088843381e-01	   7.5788108340271676e-01	   7.3577010843211232e-01	   4.8796699700566726e-01	   5.7726796800298552e-01	   7.5969763639756549e-01	   7.5543354730417067e-01	   4.3215422239169499e-01	   4.2019486622126589e-01	   0.0000000000000000e+00	   8.7717692496944666e-01	   9.2116614208205250e-01	   8.1060042330556203e-01	   7.7510718153345570e-01	   6.6233097397823293e-01	   7.5620514437605557e-01	   7.5749653980682352e-01	   7.5815551260215441e-01	   7.2857917559004548e-01	   4.9882655505209150e-01	   4.5520604667441544e-01	   7.1747346305373405e-01	   6.7197991166796878e-01	   6.1474942245450315e-01	   6.4379642715251584e-01	   3.0441666921420291e-01	   3.2945833650272394e-01	   7.5171083046949672e-01	   7.4290932153158762e-01	   7.6759811252119636e-01	   7.2636392785731319e-01	   7.4087862341319421e-01	   7.3665138397275565e-01	   5.3361881283721679e-01	   5.1049572775487351e-01	   3.8362132336999444e-01	   6.4074818778011755e-01	   7.1569601600223498e-01	   6.5111878070059737e-01	   6.8521370268109671e-01	   6.8956808321933738e-01	   4.9095601106414821e-01	   4.8593857350225600e-01	   4.8818145583706152e-01	   5.1911198636547773e-01	   5.9366223648269978e-01	   5.5135929543323492e-01	   6.3065891877742808e-01	   5.9344572946147522e-01	   5.7503304614867679e-01	   6.1223081688597070e-01	   5.7969294577728836e-01	   5.3625136724822253e-01	   6.8488295998129267e-01	   6.5402693155078961e-01	   7.0100173675284760e-01	   6.8194426022346200e-01	   7.2023741176364009e-01	   7.3437884234005357e-01	   7.8910617381399462e-01	   7.7466990382016354e-01	   7.6071940418993178e-01	   7.3307519203265381e-01	   5.6956372033507430e-01	   6.1134539204907157e-01	   7.1421208477415754e-01	   6.8454470496749376e-01	   4.5044753787450015e-01	   5.0726073012511586e-01	   3.4254288697411006e-01	   3.8265688903811074e-01	   7.1038771111962806e-01	   7.5445156582036788e-01	   7.3003351564803443e-01	   7.5142790534914372e-01	   6.4140708626777543e-01	   6.3324393273391855e-01	   7.6127152336964099e-01	   6.5249719820063179e-01	   8.0368800974605703e-01	   8.6266178716343189e-01	   7.6953373928915880e-01	   7.4624917849831496e-01	   7.6659546787138699e-01	   8.2348011017069167e-01	   1.5704935106587803e-01	   7.4471710532593016e-01	   7.6774353291302810e-01	   7.7485376267321315e-01	   4.8528374332333479e-01	   4.6499537996650597e-01	   4.5008667878471859e-01	   2.9908484874436925e-01	   4.2412686503721825e-01	   1.4329198942186744e-01	   6.1794219365409320e-01	   6.1611751080356669e-01	   6.8276245816289283e-01	   6.5184383995383888e-01	   3.4703321881513771e-01	   2.3913108175127429e-01	   3.4478054780587830e-01	   4.1112765080060715e-01	  -3.0787823624870336e-01	  -2.3403325549292314e-01	  -7.7021802103637654e-02	   3.8150797875437914e-01	   6.5264234709562330e-02	   3.6527087756041743e-01	   5.9888239594208637e-01	   6.1332629994473387e-01	   5.2359798631645804e-01	   4.6971510712396403e-01	  -2.4593213348639768e-03	  -6.3562856246370159e-01	
   8.1547709425068760e-01	   7.4558561367400833e-01	   6.7482823176773654e-01	   7.7854853992503537e-01	   5.3565177698545496e-01	   6.4074918068436548e-01	   7.4877006171046101e-01	   8.7201948443241672e-01	   4.9551551005551109e-01	   4.3591966663144888e-01	   8.7717692496944666e-01	   0.0000000000000000e+00	   8.2221394986683793e-01	   9.2097149199078576e-01	   6.8781022432232086e-01	   7.3288247864315559e-01	   7.0191162068394641e-01	   7.9882297552995885e-01	   6.9617983512734483e-01	   6.7296234844033975e-01	   4.6159946444209782e-01	   4.1924748055049837e-01	   7.3113277675866251e-01	   7.2523057647421529e-01	   5.9933288691013420e-01	   6.5716140080781194e-01	   2.8596622458895293e-01	   4.2896254744180873e-01	   7.4898330268760105e-01	   8.0511803343522770e-01	   7.5438673589336869e-01	   7.6562405679965195e-01	   7.2634435562690192e-01	   7.4812927855569966e-01	   5.3809629281665516e-01	   4.9509884109331109e-01	   3.9915958292073367e-01	   6.6689814833235217e-01	   7.0565571597144272e-01	   7.2995058781562605e-01	   6.9170831766336194e-01	   7.0316417623259975e-01	   5.4792381331641615e-01	   5.7611164644681478e-01	   5.4956425099288075e-01	   6.1818372131534138e-01	   6.5011754589923221e-01	   6.2795899817673240e-01	   6.7650911500659483e-01	   6.7160307966083876e-01	   5.5795100794629049e-01	   6.4568605310131510e-01	   5.5172712035058991e-01	   5.0482336965759056e-01	   7.5393669747423364e-01	   7.0806238061967086e-01	   7.2985876106424774e-01	   7.1355847616396817e-01	   7.1545768071482518e-01	   8.1739836203009630e-01	   7.5410035432894806e-01	   8.3165962397530246e-01	   7.3697725164129035e-01	   7.5965745918660421e-01	   4.8584126793671423e-01	   6.9182837507116635e-01	   7.1161654029235577e-01	   7.3601630259918582e-01	   3.2082765384834505e-01	   4.2714368661799978e-01	   3.2259819374204851e-01	   3.4371864294154719e-01	   6.6197619116515971e-01	   7.7432417147275190e-01	   6.5453391137785588e-01	   7.4160589966483947e-01	   5.3807837775686185e-01	   5.7056219597861024e-01	   7.1213908124075131e-01	   5.9979862472690959e-01	   7.4372950533218640e-01	   8.3993272821302600e-01	   7.5246227695240642e-01	   7.6017089466647525e-01	   7.4570174555581792e-01	   8.3905807963887169e-01	   1.6916656329525581e-01	   7.4817903937401986e-01	   7.3696418317472290e-01	   7.1280219928485833e-01	   4.9347057469610611e-01	   4.9004395244120813e-01	   5.2019748681961719e-01	   2.9592825865008338e-01	   3.9598928500366781e-01	   1.7096946922726131e-01	   6.1921544550729801e-01	   5.9575913694593641e-01	   7.0165593787010250e-01	   6.8125945222663775e-01	   5.1588736151030889e-01	   2.8786344850935031e-01	   4.0583290119836662e-01	   4.3937888595690078e-01	  -2.7431362105930235e-01	  -1.6112768404490246e-01	  -6.5524945654604885e-02	   3.0349556987780824e-01	   8.8469920927656764e-02	   1.9537926300669023e-01	   5.3854317869879842e-01	   6.3395101657664354e-01	   6.0830542530444554e-01	   4.9525225995801597e-01	   5.2738066007390526e-02	  -5.7292918912576896e-01	
   8.4957660914910438e-01	   7.0565711340164028e-01	   7.5051003388168436e-01	   6.5415822375585631e-01	   6.0921376943893413e-01	   4.5867465568960869e-01	   7.7604587343307330e-01	   7.2229863551803608e-01	   6.0059255859305760e-01	   2.4528964167338019e-01	   9.2116614208205250e-01	   8.2221394986683793e-01	   0.0000000000000000e+00	   7.7239418620204137e-01	   7.9704333646220871e-01	   5.4773948870265388e-01	   6.4387202398737187e-01	   6.8309782837218735e-01	   6.3438966536937635e-01	   6.0748359765291482e-01	   4.3015833057508873e-01	   3.8173894823328142e-01	   6.2503774665525935e-01	   5.7861249242122459e-01	   5.6948832968098606e-01	   5.9996368694763480e-01	   2.7915020399232038e-01	   3.2496988855813624e-01	   7.1581016080974502e-01	   7.0351900737068318e-01	   6.7371017512255005e-01	   6.6516377441449104e-01	   6.4467478279037493e-01	   6.4357443910087531e-01	   4.2420732956861890e-01	   3.9075564414473496e-01	   3.4907128765125262e-01	   5.5463633094488252e-01	   7.0374107056698521e-01	   5.5511556788302996e-01	   5.9336365730554352e-01	   5.7527650186361889e-01	   3.8383297268334771e-01	   3.8629868584426852e-01	   4.0030027139630364e-01	   4.3354668260293916e-01	   4.5915768048254058e-01	   3.9443331969055562e-01	   6.2889981906631465e-01	   5.6575162280896529e-01	   5.7515935922490047e-01	   6.3813260529264171e-01	   5.1526445912412355e-01	   4.8674471687702059e-01	   6.3508295948139659e-01	   6.0605612432855538e-01	   6.9095600281905434e-01	   6.7779309709262647e-01	   7.8162992666650877e-01	   7.4975847928654060e-01	   8.8683780183109240e-01	   7.9505928291676997e-01	   7.2575932101200769e-01	   7.4509919676937086e-01	   5.7125878806618224e-01	   5.8268243784954576e-01	   6.4703325318424532e-01	   5.8851631373169155e-01	   3.5370121139370331e-01	   3.6564565655952369e-01	   3.9094659396899767e-01	   3.8599794078578376e-01	   7.0468983143277308e-01	   7.1132292429960153e-01	   7.2125738224596447e-01	   6.7969524562284345e-01	   5.7610649505359013e-01	   5.6337421152638800e-01	   6.4644690342654620e-01	   5.4184086976448820e-01	   6.6892987034309337e-01	   7.6648682982676075e-01	   6.3194644170450842e-01	   6.4473051831963923e-01	   7.0653302755021752e-01	   7.7648720497413448e-01	   1.0674651149275829e-01	   6.9509299982930672e-01	   6.9090639148302380e-01	   7.5395729660453659e-01	   3.2043166869071349e-01	   3.5375228191541497e-01	   3.4117581673585140e-01	   1.9724007693770473e-01	   3.8787293831060382e-01	   2.0525119556217233e-01	   5.5975066923209849e-01	   5.7115014915854512e-01	   5.6732170826117456e-01	   5.6086944896334823e-01	   3.6341010988896827e-01	   1.8522646035826446e-01	   3.7267230754101488e-01	   4.2714777078650790e-01	  -3.1350794451083114e-01	  -1.8143597898684879e-01	  -1.6241969234866621e-02	   3.7779009411258169e-01	   1.2481583066566190e-01	   3.4724675684528633e-01	   3.9840628916007764e-01	   4.8002999965479315e-01	   4.8308092673809994e-01	   4.5601482423383666e-01	   4.9399552360913604e-02	  -6.1975214381777755e-01	
