   0.0000000000000000e+00	   7.2370869284059258e-01	   7.8214781918393417e-01	   6.3459419203230316e-01	   6.4838590321046996e-01	   5.3880132352889976e-01	   7.5497373740999640e-01	   5.9385993489505173e-01	   6.4841120371786842e-01	   5.3901725734783357e-01	   7.3310668984437566e-01	   5.0094311202598285e-01	   7.2805326545768534e-01	   6.4722197258735514e-01	   7.9800137903859591e-01	   6.5334414868409807e-01	   4.8255645080127846e-01	   5.3950069961901259e-01	   7.8697067586231317e-01	   6.8767150139278266e-01	   3.9982615088825602e-01	   2.8067724651896508e-01	   6.0729544227477372e-01	   4.9918202988774679e-01	   4.2621155259228882e-01	   3.8294953845329210e-01	   5.7005931897134532e-01	   5.6420948346613264e-01	   5.4960102096172903e-01	   5.2811688240945609e-01	   3.9457664124052705e-01	   3.3947339521913455e-01	   7.7693051826673343e-01	   7.0871998058515251e-01	   4.8545168041727182e-01	   2.7189665969193477e-01	   4.1042492467488145e-01	   4.3198971251639273e-01	   5.8480718979954660e-01	   4.1354840282917571e-01	   4.7469972124190918e-01	   5.0611066854606979e-01	   6.3437952274135001e-01	   5.3629176021993963e-01	   4.2902292970862005e-01	   4.1200593744455249e-01	   5.4436006668177339e-01	   5.6037593062917523e-01	   3.7905859403938391e-01	   3.8339349040824844e-01	   6.0264319228917074e-01	   4.9875523165630709e-01	   5.6228463258054229e-01	   4.7224470464670609e-01	   7.0546467891058917e-01	   6.2400569257067251e-01	   9.0757129772956380e-01	   6.6459707938964030e-01	   5.7247145557354395e-01	   3.5410082554760469e-01	   5.8483353001203420e-01	   2.7634576717490761e-01	   4.9228589586087368e-01	   3.9014093422695978e-01	   5.8614258230912575e-01	   4.0851921129711288e-01	   5.7870514146020691e-01	   4.5650767893443839e-01	   5.9173399705042873e-01	   3.6455678663948027e-01	   4.9925738067176317e-01	   3.9141264106592100e-01	   6.4539479062796634e-01	   6.1907409286168857e-01	   6.0856585332261437e-01	   6.5366791437665261e-01	   7.2541614931066345e-01	   7.0890080531538446e-01	   5.0433077472450882e-01	   7.0967096318806455e-01	   6.9980389703189738e-01	   7.3001714454752675e-01	   7.2046741044422480e-01	   4.9914982832529775e-01	   6.9530315128513631e-01	   6.7813314991848017e-01	   6.3338010620517349e-01	   3.6397593663255562e-01	   7.0879255868057589e-01	   6.7321040248886688e-01	   5.6771049049143141e-01	   6.5486683925833311e-01	   3.5920137352094711e-01	   5.4342768697290411e-01	  -2.9772367166577732e-02	  -3.6897169846349047e-02	   6.9972025778579972e-01	   6.1156229519826200e-01	   6.5122114456427072e-01	   6.9521498718823749e-01	   5.0678393890259976e-01	   4.4145026826261913e-01	   5.8676024136957083e-01	   4.5758855172561042e-01	   7.8894985045100480e-02	   1.9882864636352482e-01	   1.8821599718916476e-01	   3.5356521577186351e-01	   5.1821491702080662e-02	   4.3724269103569485e-01	   5.1761752307719044e-01	   5.3416001955400128e-01	   5.9687006641397256e-01	   4.8086340436036945e-01	   3.2961061855977247e-01	  -1.4665871138909831e-01	
   7.2370869284059258e-01	   0.0000000000000000e+00	   6.0368714075329999e-01	   7.5292715652750408e-01	   4.9623279715114221e-01	   5.2199014129172827e-01	   5.4325533474647425e-01	   5.8730711716562178e-01	   4.0275847735118908e-01	   4.7459353751056188e-01	   5.1493111425211835e-01	   4.7556989191857701e-01	   4.5250664325834306e-01	   4.9294185086921438e-01	   5.5624641637995942e-01	   5.5501493733545215e-01	   2.1358485873915384e-01	   3.0630447567860009e-01	   6.6215610506244138e-01	   6.9238757806018447e-01	   2.1232275163969422e-01	   1.0879187336165209e-01	   5.5185428646693457e-01	   5.9263170106875152e-01	   4.4349666266231574e-01	   5.2251182268167717e-01	   4.5051683647088814e-01	   5.2230681520061228e-01	   2.6250240498866062e-01	   2.8406223135753295e-01	   3.0078139896300576e-01	   3.0738632214358674e-01	   5.8457768724076720e-01	   5.9753397448105172e-01	   3.4514752445496810e-01	   1.8811325515941746e-01	   2.0602492712596066e-01	   2.6109054702610368e-01	   3.0122172409598674e-01	   2.4755638450442805e-01	   3.3947451278488605e-01	   9.9621609866380814e-02	   4.9953603725118373e-01	   4.1798398986129509e-01	   2.5249340728147529e-01	   1.8760951700558431e-01	   4.5445147022891769e-01	   4.4893921001749559e-01	   2.2762296925313200e-01	   2.6331831298117514e-01	   4.4577069457609819e-01	   3.9693541957195672e-01	   5.1392465250775032e-01	   4.0063207605038198e-01	   5.9235129000446030e-01	   5.5968457722182063e-01	   7.0824538438255180e-01	   8.2834258821266493e-01	   3.3035246841051419e-01	   4.3109886296078925e-01	   3.0271433348749327e-01	   3.3732736939173269e-01	   2.7499697365175746e-01	   3.1468608901157141e-01	   4.9833476646629105e-01	   4.6648692164978045e-01	   3.9727811073055608e-01	   3.8318335071148368e-01	   4.9457237690481953e-01	   3.4977177516340568e-01	   2.8155459001508643e-01	   2.0046404656379119e-01	   3.9879856500438504e-01	   4.8308615066834071e-01	   4.5986613977904500e-01	   6.1655895709806541e-01	   5.1515549939867022e-01	   5.6502214938827022e-01	   3.9764063475958517e-01	   5.7986713664155687e-01	   4.4346919891613057e-01	   4.6349699071166317e-01	   4.6680132457364498e-01	   3.9950828329334009e-01	   6.3308099944605967e-01	   6.1289530314910501e-01	   4.8768402900811775e-01	   4.5903773377356061e-01	   6.1558896170612210e-01	   6.9505353457647201e-01	   5.0647558596543885e-01	   4.6220980692635749e-01	   3.3245876419716913e-01	   4.1923320154495808e-01	  -1.7442482820764504e-01	  -8.3785502696096303e-02	   5.9573603360421101e-01	   5.2157592131090991e-01	   5.7996850532692235e-01	   5.5548462330760995e-01	   3.8350342806712046e-01	   3.4167696507955780e-01	   4.2586928428753368e-01	   2.8474600276803053e-01	   1.0436239944903547e-01	   2.2357858715421236e-01	   1.4399125263314172e-01	   3.6357330680066191e-01	  -1.9702940938851526e-02	   3.1245334057091156e-01	   4.3504586774926290e-01	   5.4938231768488499e-01	   6.7115301064355837e-01	   5.5161237437136046e-01	   3.2542412990998770e-01	  -1.0127666787940326e-01	
   7.8214781918393417e-01	   6.0368714075329999e-01	   0.0000000000000000e+00	   7.0422324595676289e-01	   8.4949803532345869e-01	   5.5510574941553581e-01	   8.8270403925958585e-01	   5.7551780334786706e-01	   7.3998057632378156e-01	   5.0106493439885580e-01	   5.6395574867471920e-01	   5.0364316717348623e-01	   6.2938880377966455e-01	   5.8606112760864015e-01	   8.1461622451908644e-01	   6.3778077014096923e-01	   3.0851860002225862e-01	   4.2315757180615499e-01	   8.2928756250899360e-01	   7.5874073555749066e-01	   5.0463225545280932e-01	   3.8841423972851041e-01	   7.3464596577046293e-01	   6.1331939623118870e-01	   5.6398466512819478e-01	   5.2811416951880041e-01	   5.9815793355520719e-01	   6.5568799360237484e-01	   5.4359453812321967e-01	   4.3247245684179858e-01	   5.6801768018455800e-01	   4.3496609547041115e-01	   7.7368510095330079e-01	   7.4232629008335493e-01	   4.7555907336051556e-01	   2.2782583298902784e-01	   2.4120895960235264e-01	   2.7819657407472531e-01	   4.9390399922703182e-01	   3.6569788998603442e-01	   3.7759251670346328e-01	   4.4610809827303266e-01	   5.6244276476858757e-01	   4.4188939762419199e-01	   4.5142416429065241e-01	   4.0539742235246301e-01	   4.6732895258754081e-01	   4.9296963550051454e-01	   3.0959901460715250e-01	   3.0437654210141751e-01	   3.9525462775077919e-01	   3.2109784428306787e-01	   3.2844607457599267e-01	   3.3053252046689352e-01	   5.5610968782256942e-01	   5.7409258550548548e-01	   7.2750136883326078e-01	   6.0333225588646466e-01	   4.5419788200482974e-01	   3.5216893808503058e-01	   3.9900782692109227e-01	   1.2642625752434866e-01	   2.8124894554512603e-01	   2.9332209398499970e-01	   5.9784842489110945e-01	   3.6856611227176511e-01	   6.2665752621519155e-01	   5.2791846461584735e-01	   5.8198147482459306e-01	   4.6800751903898119e-01	   5.7443990766135600e-01	   4.4146946401250564e-01	   6.7289932501788896e-01	   6.2126372979398492e-01	   6.5017325249717517e-01	   6.8530182042623333e-01	   5.6035684192405122e-01	   5.4602288528327414e-01	   3.7942508287723659e-01	   5.9895851578734627e-01	   5.5050008161737385e-01	   6.2795346262157703e-01	   7.2402672958345704e-01	   6.1632089377368238e-01	   6.2210099009940634e-01	   6.2113352794039667e-01	   5.6564650061022348e-01	   4.8749374260109479e-01	   6.7113690145622917e-01	   5.8108343597830059e-01	   6.1313777690882798e-01	   6.5111744235395252e-01	   3.4701911814930642e-01	   6.2241422468786545e-01	   1.1017157399345834e-01	   3.0026814289877313e-01	   6.3476525836090825e-01	   6.1880964505007230e-01	   5.6042767714253661e-01	   5.6886000218336441e-01	   4.9958457018546953e-01	   5.8679153788971583e-01	   6.7890303387452888e-01	   5.1643348980784776e-01	   1.2413726146024914e-01	   2.6133326223502956e-01	   2.1291120923124107e-01	   2.4377206576037283e-01	   9.1616347193555853e-02	   4.1034322154124869e-01	   4.7102675755984147e-01	   5.1673122266940752e-01	   5.3653780700702292e-01	   5.0196616015720397e-01	   4.0333042307030487e-01	   2.0718625190788369e-02	
   6.3459419203230316e-01	   7.5292715652750408e-01	   7.0422324595676289e-01	   0.0000000000000000e+00	   6.9211471877428155e-01	   7.0722635251467292e-01	   6.6912250702789888e-01	   8.1100899897089773e-01	   5.5402244823974334e-01	   5.0978986439809637e-01	   4.4386765341263668e-01	   5.0684289466155386e-01	   4.7272069131759126e-01	   6.0393211680815062e-01	   6.3890302428540258e-01	   6.1412160668762383e-01	   2.6486865949295979e-01	   4.0503287629792900e-01	   7.1604380898588516e-01	   7.7610391100886733e-01	   2.4080551971021263e-01	   1.4570189377510195e-01	   6.4447563301198263e-01	   7.6975068502817323e-01	   5.0903145534499028e-01	   6.8001363845829421e-01	   5.5148415195770395e-01	   7.1009041507924153e-01	   3.3254211655285842e-01	   3.5584842832724284e-01	   4.2437226607625333e-01	   4.4417410783454570e-01	   6.2593900043824424e-01	   6.9215443930397824e-01	   3.3908821756722823e-01	   3.0903219509258095e-01	   1.3785783505954005e-01	   2.5605965895115579e-01	   3.2762925210792515e-01	   3.4075871241391897e-01	   4.9903267213399821e-01	   1.7035623176920717e-01	   4.6207266764537125e-01	   3.6745579209353474e-01	   4.1018747419317814e-01	   4.4068161528852895e-01	   4.6679260296026115e-01	   4.7842590393581313e-01	   3.0108555849181462e-01	   3.7151881704435913e-01	   3.9225956665962669e-01	   4.2614354480535716e-01	   3.9577867162941144e-01	   3.2581691234727805e-01	   5.6225644916487927e-01	   5.7791855064460762e-01	   6.2031952821798853e-01	   6.1111519265367442e-01	   3.7577256771298673e-01	   5.1957927651101687e-01	   3.0893282924606513e-01	   3.8626708851101743e-01	   3.0791012239953996e-01	   4.7723490496603882e-01	   4.8317615372066103e-01	   6.1288412388508440e-01	   5.4055636515201910e-01	   6.3055703574056665e-01	   4.7250741598609103e-01	   3.7031492576196251e-01	   2.7884439694129387e-01	   1.5524532481737971e-01	   4.1819528148816987e-01	   5.1452089416576585e-01	   5.5792989936800619e-01	   6.4328428252235914e-01	   3.8013135407851983e-01	   5.2381890667134012e-01	   3.5352465889786433e-01	   4.8063703917971495e-01	   5.6924916547306736e-01	   5.4965004039941212e-01	   6.5284313232261981e-01	   6.4319261838287589e-01	   5.7054390135091770e-01	   6.6650233574371931e-01	   4.4749016814837422e-01	   5.6795714968377864e-01	   6.0452806735882059e-01	   6.8563781944649027e-01	   7.0297428254897265e-01	   5.6797807022951718e-01	   5.2211694181262169e-01	   5.3148432638334131e-01	  -1.9239206872864589e-01	   2.0981555460354254e-01	   4.7912100954122816e-01	   5.5542995279996465e-01	   5.9521522295959728e-01	   5.7582565319300727e-01	   5.3696339487459399e-01	   4.5731462559515890e-01	   6.2969700996315714e-01	   3.3004074075241541e-01	   1.6975640286405624e-01	   1.3276813912306251e-01	   2.1510599213236559e-01	   2.7798589095762183e-01	  -4.1090099048395598e-02	   2.1913660230427287e-01	   3.8077951071162774e-01	   5.0985434321907142e-01	   5.6239090400600666e-01	   4.1563732646723672e-01	   1.8602180238965318e-01	  -5.5816261568828573e-02	
   6.4838590321046996e-01	   4.9623279715114221e-01	   8.4949803532345869e-01	   6.9211471877428155e-01	   0.0000000000000000e+00	   6.7586819341831150e-01	   7.8767517828485456e-01	   5.1791469479536756e-01	   8.4701297245089302e-01	   5.1228050236595557e-01	   4.2736430001423359e-01	   3.1862434499809622e-01	   5.4671289864970052e-01	   4.7779181716885288e-01	   8.0848795081998592e-01	   5.9247802083728784e-01	   2.5892075974934681e-01	   3.2682226335109982e-01	   7.1841716248942067e-01	   6.4664812339101152e-01	   5.4208150383213660e-01	   4.2065594668860384e-01	   7.1735910768597044e-01	   6.3914074352657479e-01	   6.2761732482126242e-01	   6.4998696034417014e-01	   6.8696044342677143e-01	   7.3578219321087435e-01	   4.0753187818142000e-01	   2.9997008234809924e-01	   5.1424335385586906e-01	   3.4869883469602236e-01	   6.2839842415209357e-01	   5.8798705721540756e-01	   4.8016024967985971e-01	   2.9796961039394165e-01	   2.6308988029259600e-01	   3.5672572211484371e-01	   4.7894374171465831e-01	   3.9043407264501739e-01	   2.3778759911703157e-01	   3.9816928203627888e-01	   5.0212984166993746e-01	   4.4742805279565606e-01	   4.1822236533277191e-01	   3.8397085787849145e-01	   4.2560316449656649e-01	   4.9545625219084255e-01	   2.7825690402876463e-01	   2.7397321073362857e-01	   3.6746610164518084e-01	   2.7522258849662379e-01	   2.7677895698818467e-01	   3.2004824162614531e-01	   5.2425291564048038e-01	   5.8700751217019231e-01	   6.3438854814160039e-01	   5.1562876600421781e-01	   4.2260049253627163e-01	   3.5035370924195558e-01	   3.9120286789456243e-01	   9.6297895828942312e-02	   2.3924219212055478e-01	   2.5256556358443677e-01	   5.8051789379985563e-01	   4.2025808688922334e-01	   5.9168058811481927e-01	   5.2875901064125974e-01	   5.1299526689810715e-01	   4.0177792131427692e-01	   4.6123390869282332e-01	   3.4244616243343701e-01	   5.1651446429782077e-01	   5.0241831518175151e-01	   5.3039390610291326e-01	   5.6931386194235856e-01	   4.5920041796960742e-01	   4.9301677165229896e-01	   3.3755441470709419e-01	   4.7226122631188872e-01	   4.8620274838921873e-01	   5.6986657022369391e-01	   6.3910323656119716e-01	   5.5574053830861603e-01	   6.0312791666783416e-01	   6.6218249962997400e-01	   6.4036304873336158e-01	   4.5929686718161333e-01	   5.9187978847804490e-01	   5.7083034857122650e-01	   5.5736104466504588e-01	   6.6027735155653944e-01	   3.3796531085352427e-01	   6.1746171850462628e-01	   1.2610189110690728e-01	   3.5857878369300122e-01	   5.9799095795115853e-01	   6.2070793994284967e-01	   4.6970557545352942e-01	   5.9898328115575339e-01	   4.6678007285650996e-01	   5.5687286344572284e-01	   6.3464098619080889e-01	   4.6491159306932406e-01	   3.0940392872521522e-01	   3.5806541729641106e-01	   1.0669189363520948e-01	   2.3289584733145499e-01	   1.2957763412661506e-02	   4.6571307685692270e-01	   4.9348260018173851e-01	   5.1348945293157655e-01	   5.1727759040536236e-01	   5.0097923147220014e-01	   4.0403086659709037e-01	   1.7603345802112841e-01	
   5.3880132352889976e-01	   5.2199014129172827e-01	   5.5510574941553581e-01	   7.0722635251467292e-01	   6.7586819341831150e-01	   0.0000000000000000e+00	   5.9195332861313310e-01	   7.7867545323104392e-01	   6.7777755642976878e-01	   7.9641902883718985e-01	   5.2913206510644684e-01	   5.6418538697847376e-01	   5.2711907244251499e-01	   6.0817704761924873e-01	   6.3991506992998048e-01	   7.0074646521568751e-01	   3.2527986339198800e-01	   3.2118216989790521e-01	   4.5394798900070699e-01	   4.3415380402109160e-01	   4.2705112237368748e-01	   3.6919214737526829e-01	   3.2913218480510537e-01	   4.3879452350188997e-01	   2.2202370996089044e-01	   6.0164525615143272e-01	   2.6700734204451948e-01	   6.4835576104461268e-01	   4.5691117344489662e-01	   5.1946864228898693e-01	   3.9628674583364232e-01	   4.7596202056276360e-01	   4.4557339022927744e-01	   5.5737847040824506e-01	   1.9360204673134651e-01	   2.6077183619070643e-01	   2.7330071197712674e-01	   2.6600927321632856e-01	   4.0386547546518936e-01	   3.4050644884782311e-01	   4.4598753473116592e-01	   2.8892697181436477e-01	   3.7736266701546101e-01	   3.3722632612912617e-01	   2.4286398758452066e-01	   4.3865691916306193e-01	   4.0745540155779558e-01	   4.0260682839876993e-01	   1.9025007740943822e-01	   3.5299795223112029e-01	   2.2712903887988792e-01	   3.4345505160406592e-01	   3.6349148987238344e-01	   3.1642827202914831e-01	   5.5141559285455255e-01	   5.7560213512354463e-01	   5.3193157533958269e-01	   4.0134474334654491e-01	   3.2323866890123631e-01	   3.9231223261407433e-01	   4.4672783179252062e-01	   4.9857933186569381e-01	   3.0319479323611237e-01	   4.3097447135721656e-01	   4.3110471975632231e-01	   3.5209761761981029e-01	   2.6751085020020232e-01	   3.1344522659470875e-01	   2.4272922798705360e-01	   9.9178000357665427e-02	   2.3557256380459118e-01	   3.3576553948199789e-01	   4.0064865420684714e-01	   5.3746908579967778e-01	   4.5074764585670946e-01	   5.6505932729368669e-01	   4.0191216530000823e-01	   5.3354686895564862e-01	   4.7432864069338720e-01	   4.3587997695365599e-01	   5.9812912796306816e-01	   5.3646115362358082e-01	   5.0480811216516153e-01	   4.7831692032470580e-01	   5.3063633792882725e-01	   5.8135456707634903e-01	   4.2188879540198798e-01	   2.3192914367623135e-01	   3.8876299969951977e-01	   6.2406864872131818e-01	   4.2956786025921723e-01	   4.1309124923183965e-01	   3.4139876009721110e-01	   3.1956495802933810e-01	  -1.9965582255675915e-01	   1.7148212951011071e-01	   3.8354718837342405e-01	   5.2973971044315660e-01	   4.0590920366454775e-01	   4.5689093144768689e-01	   4.3569585091083729e-01	   3.7186769324139357e-01	   4.1176084408816027e-01	   3.5768441152870556e-01	   1.7179652893304975e-01	   2.1703085721580140e-01	   7.2687508876398840e-02	   3.4226248510990420e-01	  -5.1726735748244705e-02	   3.2099867592426706e-01	   1.8206159560342289e-01	   2.8482421730372975e-01	   4.7131302577271939e-01	   3.7441906595023011e-01	   3.4091891600943447e-01	   1.7201805405909251e-01	
   7.5497373740999640e-01	   5.4325533474647425e-01	   8.8270403925958585e-01	   6.6912250702789888e-01	   7.8767517828485456e-01	   5.9195332861313310e-01	   0.0000000000000000e+00	   6.4020796400877100e-01	   8.0853559975523925e-01	   5.8095915407311449e-01	   6.8710288265083896e-01	   5.8140112123700138e-01	   8.2660854840584452e-01	   7.2900905126583393e-01	   8.7744233750970024e-01	   7.3728166092213465e-01	   3.7722744569315658e-01	   4.5740633369179884e-01	   7.3238824505637745e-01	   6.4823767126609499e-01	   3.6513248210645466e-01	   3.3328907065031699e-01	   6.4770457027840256e-01	   5.4273061038801995e-01	   4.7092629489270504e-01	   4.2689021762644563e-01	   5.0221925688420987e-01	   5.9204048893432215e-01	   5.6063426752231948e-01	   3.8917006781839614e-01	   4.1731949178682093e-01	   3.3398712539152159e-01	   7.8710015072587369e-01	   7.2597433520200749e-01	   5.0196675035425797e-01	   2.7425327491469875e-01	   2.5542680981113530e-01	   2.3127177758084563e-01	   4.6473211984910412e-01	   3.0318758704846038e-01	   4.6379243692184158e-01	   4.5794704439505096e-01	   5.6923591797032047e-01	   4.9490320856580283e-01	   4.7768130855109581e-01	   5.3772929870817743e-01	   4.9010735292741436e-01	   5.1300317256068662e-01	   3.7332010375431074e-01	   3.4292320621630967e-01	   4.3354842509442121e-01	   2.9266711875248430e-01	   3.2181280376176125e-01	   2.3446691306733772e-01	   4.9355510702664795e-01	   5.3696386992584155e-01	   6.6290059732617412e-01	   4.8151488486832550e-01	   5.3554245975228010e-01	   4.2428598539152607e-01	   6.0099537012065718e-01	   3.5243889001941842e-01	   4.3711794736572035e-01	   4.4730686029227074e-01	   6.3721241812050933e-01	   4.5517602435225823e-01	   6.9119409272136312e-01	   5.9349445046908289e-01	   4.7402246226870903e-01	   3.3669770146325689e-01	   4.8888297878063425e-01	   2.9236773444152214e-01	   6.3174344356575518e-01	   5.1078574788308262e-01	   6.0236879751067307e-01	   6.0839310662256796e-01	   4.8122602686352955e-01	   5.0893213339072974e-01	   4.0873331554047254e-01	   5.9255662970176615e-01	   5.6255251454897159e-01	   5.9214839362092841e-01	   7.4657897023662700e-01	   5.9413872056579031e-01	   5.9175277818142946e-01	   6.4515034356658929e-01	   5.6900116505263454e-01	   3.8417615014771822e-01	   6.0231497963695135e-01	   6.3238334711875499e-01	   5.8028493636749889e-01	   6.4950132607409117e-01	   4.2000184919174749e-01	   6.8378342743077969e-01	  -2.4997953216184317e-02	   1.7615404592731854e-01	   5.6817731234069746e-01	   5.2818069850378335e-01	   4.8301096655363507e-01	   5.0678471193033425e-01	   5.2206772468357843e-01	   6.2903966413588908e-01	   6.9868016971462199e-01	   5.0595350499913316e-01	   1.0874436567423879e-01	   2.4959164915391330e-01	   2.1900974102421239e-01	   3.0828606135100767e-01	   9.5257448163589595e-02	   3.5993453459466807e-01	   4.5191728123913832e-01	   4.4128067959735695e-01	   5.5289904730675388e-01	   4.1276891006613908e-01	   3.6953460507481750e-01	  -6.5680528196394264e-02	
   5.9385993489505173e-01	   5.8730711716562178e-01	   5.7551780334786706e-01	   8.1100899897089773e-01	   5.1791469479536756e-01	   7.7867545323104392e-01	   6.4020796400877100e-01	   0.0000000000000000e+00	   4.6663845243488855e-01	   7.4496462615179360e-01	   6.1732364909892012e-01	   7.3412835504908658e-01	   5.5169586486439448e-01	   7.4726141371778199e-01	   5.9483441891974065e-01	   6.8435473212117603e-01	   3.5611557736366628e-01	   4.2558864299457944e-01	   4.7251694162100616e-01	   5.3186907256620675e-01	   2.2155876367621552e-01	   1.8465383607740010e-01	   4.1343737316437096e-01	   5.7374391314286044e-01	   2.3262249142871555e-01	   4.9722060887368758e-01	   3.4071684077614339e-01	   6.1550211255284271e-01	   4.8468867854427078e-01	   5.1067080730846004e-01	   3.9900849727316723e-01	   5.8017234809058960e-01	   5.3131889842637603e-01	   6.5846790591340365e-01	   2.2129951030009401e-01	   2.7567615314635430e-01	   1.0978003106033668e-01	   2.3168666835718860e-01	   2.7930610217629936e-01	   3.3634900168519066e-01	   5.0465268849981126e-01	   2.4312433723115195e-01	   3.5857097321301573e-01	   2.9328445844561674e-01	   2.8116989088590982e-01	   4.6255776440602625e-01	   3.8352138555512882e-01	   3.7583960728906823e-01	   1.8126607352501542e-01	   3.5361154411198664e-01	   3.0655479628659371e-01	   3.9058169409826438e-01	   4.4255241873460716e-01	   3.4267326968336981e-01	   4.9719599706621598e-01	   4.5704588197170615e-01	   5.1243884895710701e-01	   4.1204421272712266e-01	   2.9663460918501006e-01	   3.8287939505557822e-01	   4.0691018589631822e-01	   6.3152328080754783e-01	   3.4235674955620332e-01	   5.5497868924414751e-01	   4.7091460393510198e-01	   5.6087308095065214e-01	   3.3192030887719703e-01	   4.2472487953501514e-01	   2.7070131976965428e-01	   1.2208441196513614e-01	   2.8039597593654286e-01	   2.4960149702391166e-01	   4.3277061914948967e-01	   5.5099379569491824e-01	   5.3390637460678270e-01	   5.9031823790944227e-01	   4.9502171836666742e-01	   6.0030009346175561e-01	   4.5694993328130407e-01	   4.1758641627075455e-01	   6.2247182524023903e-01	   5.0061017000097841e-01	   5.5532968480096490e-01	   5.4293508820491343e-01	   5.2668945806979817e-01	   5.8201928783689816e-01	   3.4380103086657388e-01	   3.1837664125572784e-01	   4.6311733203778915e-01	   6.1493129795999801e-01	   5.4267659528030210e-01	   4.0146562915140416e-01	   5.6012232491244229e-01	   3.6248435996641271e-01	  -2.5451959551574371e-01	   4.3732345861347145e-02	   4.1917946830588271e-01	   5.1707787073682687e-01	   4.5226791715146608e-01	   4.3133050805489814e-01	   6.0189606563923281e-01	   3.7636240823779710e-01	   5.6650227646160034e-01	   3.2973789009355536e-01	   1.4310303484773404e-01	   1.4514724879956384e-01	   2.5056099960602907e-01	   3.8008649335281802e-01	   2.2089479967345345e-02	   2.3711479086140885e-01	   2.2208046014514804e-01	   2.3233171765525223e-01	   4.8043337902114963e-01	   3.9447528320749209e-01	   2.5904013625495492e-01	  -1.0556356755324420e-02	
   6.4841120371786842e-01	   4.0275847735118908e-01	   7.3998057632378156e-01	   5.5402244823974334e-01	   8.4701297245089302e-01	   6.7777755642976878e-01	   8.0853559975523925e-01	   4.6663845243488855e-01	   0.0000000000000000e+00	   6.3164964845966687e-01	   4.9640159373724546e-01	   3.3499947742167874e-01	   6.9983267919936143e-01	   5.6460375484542613e-01	   8.0407381631479780e-01	   6.2672571649681064e-01	   3.2475893101958320e-01	   3.3440020642254653e-01	   5.8683888947382634e-01	   4.7519271983002720e-01	   4.2789584952343468e-01	   4.0821295815375241e-01	   4.7610999873300852e-01	   3.9297754617672681e-01	   3.6592601111906892e-01	   4.2593287048608008e-01	   4.2741849779271734e-01	   5.5054556796334475e-01	   4.8853517327008522e-01	   3.6087707491100701e-01	   3.1763867869815671e-01	   2.0828299413507756e-01	   5.7451128901060700e-01	   5.0389117947707096e-01	   3.9323157960454952e-01	   2.1456256217806177e-01	   4.2937725513027591e-01	   3.1929677604505718e-01	   5.7082310409267323e-01	   3.8798436670914671e-01	   3.8048916175229536e-01	   5.1686816124994539e-01	   5.9154317867209949e-01	   5.4681786042550540e-01	   4.6777118302270171e-01	   5.3895343863970513e-01	   5.4921707509503659e-01	   5.8761449540611721e-01	   4.2024923969771866e-01	   4.1553635532558431e-01	   4.2001645808219434e-01	   3.4844109572179371e-01	   2.6861866035229187e-01	   2.1205438630524800e-01	   5.6280375348601530e-01	   6.6546220778798781e-01	   6.2833137648473303e-01	   3.6587787341652506e-01	   5.4394365953795043e-01	   4.2640512056737445e-01	   5.8487974487863781e-01	   2.5994914376142664e-01	   4.2211827735842011e-01	   3.6816473694322976e-01	   5.2820722780899942e-01	   3.3570325149433344e-01	   6.1362012160960433e-01	   5.0208969996855601e-01	   3.3930496635086654e-01	   2.1373951555325812e-01	   4.0959299352782452e-01	   3.3796661035894232e-01	   5.3128643550535826e-01	   4.3977539759553336e-01	   4.9662940090044305e-01	   4.7774366078010799e-01	   3.8305218248393230e-01	   4.3843080702678694e-01	   4.6140202506200673e-01	   5.2598754052945351e-01	   5.3842004145495825e-01	   5.8692891768760680e-01	   6.2509976354344132e-01	   4.1578954987989747e-01	   5.0199757663007560e-01	   6.0108570788733862e-01	   5.9642341559708290e-01	   3.3603598520801786e-01	   5.4702459678306647e-01	   5.5671498696717436e-01	   4.2995825951174366e-01	   5.7777921890415684e-01	   1.9202924710206476e-01	   5.3820341660532622e-01	   4.0044501775091224e-02	   1.9732048653533896e-01	   5.5302157099758875e-01	   5.2983193919365301e-01	   4.3960938544716127e-01	   5.5958960399040647e-01	   3.8000949779170268e-01	   4.7685903952697684e-01	   5.3720492062517922e-01	   4.4883078359221096e-01	   2.0210665817452900e-01	   2.9387859454589255e-01	   1.3114093220889977e-01	   2.9163898531592947e-01	  -6.8236302283183614e-02	   2.9708374835927343e-01	   3.8693101373662814e-01	   4.4906831932583235e-01	   4.7006106845158091e-01	   4.0795716287942341e-01	   3.8358932759819514e-01	   9.7691372976836555e-02	
   5.3901725734783357e-01	   4.7459353751056188e-01	   5.0106493439885580e-01	   5.0978986439809637e-01	   5.1228050236595557e-01	   7.9641902883718985e-01	   5.8095915407311449e-01	   7.4496462615179360e-01	   6.3164964845966687e-01	   0.0000000000000000e+00	   6.0512637844877259e-01	   5.7169537612649490e-01	   5.9828315764954154e-01	   6.1854968935398724e-01	   6.2183389757106533e-01	   7.3007195163975092e-01	   3.0148953881053236e-01	   1.8832407762681205e-01	   3.0021670728097138e-01	   2.6054636972013212e-01	   3.3562025765915754e-01	   3.1604948983373743e-01	   2.5999663001496848e-01	   3.3487679698174588e-01	   1.0503398842871725e-01	   3.7573025653221842e-01	   2.2245834433961514e-01	   5.1241621168656071e-01	   4.1798235217644408e-01	   3.7738024770264411e-01	   1.8943530402789419e-01	   3.4345725473790334e-01	   3.3783207253672676e-01	   3.9376575867601155e-01	   2.4211248078726777e-01	   2.2029238364377146e-01	   2.3195066570572842e-01	   1.7018583837265147e-01	   3.6843351854511530e-01	   2.6012587090881434e-01	   3.0040915469371771e-01	   2.8257663892335960e-01	   3.8212029070851761e-01	   3.5764069642893098e-01	   2.0556100703195346e-01	   3.8315706508252367e-01	   3.8357071906833534e-01	   3.7501501667294679e-01	   1.3265540886979857e-01	   2.9587486378182370e-01	   2.3227618865056199e-01	   3.2345461466968928e-01	   3.4573317663453007e-01	   2.8918107120634284e-01	   4.9294703214660884e-01	   5.1104486750016531e-01	   4.5301073131402819e-01	   3.3169394066094626e-01	   3.2837555495747611e-01	   3.6499411149224925e-01	   5.3263746781701915e-01	   5.9920227604801657e-01	   2.9537812245727957e-01	   3.3304337055113598e-01	   5.3677542248086874e-01	   3.9714014861958280e-01	   2.6104858684204824e-01	   2.4594249430333232e-01	   1.4672480168436317e-01	   1.1185181524826365e-02	   2.3726083358291419e-01	   2.5044645278294553e-01	   3.8182052471647393e-01	   4.3413320810475176e-01	   4.3031433814584308e-01	   4.7992323482948018e-01	   4.6296772904228289e-01	   5.3713335974438192e-01	   4.9358277908083170e-01	   4.1734307317564795e-01	   5.0603663528944187e-01	   3.7474136785159706e-01	   3.6263885427712073e-01	   2.7539975369692093e-01	   5.0944366257757345e-01	   5.0275789579074848e-01	   4.3971144104075766e-01	   1.8673296080568122e-01	   4.1271889897630815e-01	   5.8795523114510473e-01	   3.0981336369072698e-01	   3.2429963530826278e-01	   3.3364739622656392e-01	   2.8190712804556267e-01	  -2.0292310133432778e-01	  -8.1177856112314324e-03	   4.9476373480115021e-01	   5.5912999193642110e-01	   2.9451221218912199e-01	   3.8393595395701585e-01	   4.7329993556359468e-01	   3.0010224827223914e-01	   3.7424248382275294e-01	   3.7492792561878885e-01	   1.4513712090739475e-01	   2.7918959136939064e-01	   1.8891305313598347e-01	   4.2693263503159584e-01	  -1.3700799482474701e-01	   1.7912147931127970e-01	   1.6281798139499631e-01	   1.8422782956832306e-01	   4.4118511698217433e-01	   4.4906557771031536e-01	   4.3881710090070380e-01	   1.2643467346931808e-01	
   7.3310668984437566e-01	   5.1493111425211835e-01	   5.6395574867471920e-01	   4.4386765341263668e-01	   4.2736430001423359e-01	   5.2913206510644684e-01	   6.8710288265083896e-01	   6.1732364909892012e-01	   4.9640159373724546e-01	   6.0512637844877259e-01	   0.0000000000000000e+00	   7.3061715096713775e-01	   8.3747135861192490e-01	   7.6306396495869022e-01	   7.0331493090277764e-01	   6.9026632132112642e-01	   5.7753630051412252e-01	   5.1071330202526133e-01	   4.4309997303748727e-01	   3.4030455017608013e-01	   2.6542206487228714e-01	   2.7458214331554576e-01	   4.3355224111889362e-01	   3.6261369640740615e-01	   2.5038532731357688e-01	   2.8686586528403751e-01	   2.5905649911248557e-01	   3.4570832822126951e-01	   6.0525739157093073e-01	   5.1019887377798667e-01	   3.3865928667925671e-01	   3.8478216069163201e-01	   6.0680480816526605e-01	   5.6185155300942236e-01	   3.3443686020198415e-01	   1.8652796508764655e-01	   3.5289452842980784e-01	   3.0343430023406426e-01	   3.5113013392715831e-01	   2.3533890619014441e-01	   4.6415554110806023e-01	   4.9255015279634728e-01	   4.5172408231636030e-01	   3.7528899081180889e-01	   2.5074548425338061e-01	   3.2904964291564398e-01	   3.5678512864589784e-01	   3.1320780126605235e-01	   2.1420150963853579e-01	   2.3704616932237826e-01	   4.1161492808159306e-01	   2.6390131476524942e-01	   4.5449966960143684e-01	   3.4756568492381090e-01	   4.4735598866804099e-01	   3.9661013230721948e-01	   5.3815638226110130e-01	   4.0693181825205238e-01	   3.1366619868597145e-01	   1.7113684847771446e-01	   6.0505582028114102e-01	   4.0083467730733580e-01	   5.1444582252024207e-01	   4.6809255544309958e-01	   5.9735358889877732e-01	   3.0967560636283264e-01	   3.4303147600560230e-01	   2.4867315089696357e-01	   2.4556273458368799e-01	  -4.1136540938590545e-02	   3.5133996649783972e-01	   3.1269490143166861e-01	   5.8667848051449045e-01	   4.9036291419778316e-01	   5.7967842482713527e-01	   5.5995518088880836e-01	   6.0328918531440479e-01	   5.5497184153710966e-01	   4.8992686584527118e-01	   6.6953983701054132e-01	   6.2302736792987501e-01	   6.1916998615869590e-01	   5.4728618115615502e-01	   4.1371450828231160e-01	   6.6849931037828214e-01	   6.0636205637920648e-01	   4.7214953174077612e-01	   1.9846344689513606e-01	   4.1487500095941021e-01	   4.8895355990809075e-01	   2.8546048021246961e-01	   4.1011080849025705e-01	   3.0342232223665311e-01	   3.2202254661964863e-01	  -3.1811740924085413e-01	  -1.3727735053761975e-01	   3.8904961993505105e-01	   3.4368948519083420e-01	   3.5134230871531014e-01	   4.0103151300228024e-01	   3.8682279043659651e-01	   2.6730261845243075e-01	   4.3847556708402335e-01	   2.7519845994444547e-01	  -5.0661056944068264e-02	   1.4863575464561138e-01	   6.4411198132700964e-02	   3.9580182956246857e-01	   6.0128550707836396e-02	   3.4310330117511800e-01	   2.8165100036088464e-01	   2.1688182307051099e-01	   4.1234151235447425e-01	   2.5135269410813244e-01	   3.6095942853766461e-01	  -1.3001652420372148e-01	
   5.0094311202598285e-01	   4.7556989191857701e-01	   5.0364316717348623e-01	   5.0684289466155386e-01	   3.1862434499809622e-01	   5.6418538697847376e-01	   5.8140112123700138e-01	   7.3412835504908658e-01	   3.3499947742167874e-01	   5.7169537612649490e-01	   7.3061715096713775e-01	   0.0000000000000000e+00	   5.5833080169743887e-01	   7.7241473356267920e-01	   5.1071507749229172e-01	   7.0218440794613179e-01	   4.3550567323433820e-01	   4.0254925433919853e-01	   3.5601282669289114e-01	   3.6208659255998088e-01	   1.6731141326102233e-01	   1.6393023329966028e-01	   2.5354662730989486e-01	   3.8903243298405699e-01	   1.0162590461334256e-01	   2.8352732902804301e-01	   1.1866375231910256e-01	   3.5049290970308994e-01	   6.2759833205955029e-01	   6.1851897916928478e-01	   3.4206925208610361e-01	   5.2352567194974209e-01	   4.2989853430344366e-01	   5.7760396319466334e-01	   4.9588679885913839e-02	   1.6500439987710249e-02	   7.3022595316164104e-02	   1.1974002043621157e-01	   1.1547946142291568e-01	   1.1126132549549328e-01	   3.9388058795699521e-01	   2.7105880443897923e-01	   3.1095303913427830e-01	   2.6599832949924451e-01	   1.3313541519496719e-01	   2.6192036658458573e-01	   2.9580331845382846e-01	   2.6581823426121620e-01	   1.1117379844167376e-01	   2.5911832340567059e-01	   2.2926201776754090e-01	   1.9385693341385035e-01	   3.5813701056942121e-01	   2.5995434917224769e-01	   3.2832572526103398e-01	   3.0497172935001915e-01	   3.3314488251806812e-01	   2.7873245372326083e-01	   9.3028319136408022e-02	   1.1365111412209003e-01	   3.1038088514429674e-01	   4.8346703239836908e-01	   3.3992066247006775e-01	   4.9021046581901712e-01	   4.7501835288797045e-01	   2.9018211163667190e-01	   1.1383295382980488e-01	   1.0560781518434445e-01	   4.9410253419777228e-02	  -9.0637623303931408e-02	   4.0168042256618064e-01	   3.5367711905612831e-01	   4.7428071752019557e-01	   5.2893933103884416e-01	   5.3202893731293099e-01	   5.6434301540933129e-01	   4.9207242487042840e-01	   4.8863476094465119e-01	   5.2960270078812210e-01	   5.0810949373650116e-01	   5.5895178103579624e-01	   4.5431046045495710e-01	   4.5494705669401009e-01	   5.3755630079862837e-01	   4.7761171719695195e-01	   5.2427737428025278e-01	   2.7141597326994016e-01	   2.1050964862800228e-01	   2.0205125918329681e-01	   3.9893316977224191e-01	   2.1539378140217957e-01	   1.9909467579170842e-01	   2.0592835830128314e-01	   1.2824889071110659e-01	  -3.1119093564469091e-01	  -5.3011344236506136e-02	   2.8209547701717241e-01	   2.6838206331646597e-01	   2.9632668456802974e-01	   2.2192291000133721e-01	   1.9470041990548198e-01	   1.4505313082660753e-01	   2.6287926081092744e-01	   1.4787385517589610e-01	  -8.2576621200760064e-02	   6.3319372410044414e-02	   1.6473760591271339e-01	   2.7920465148737050e-01	   1.3119636370053994e-01	   2.5383591368298597e-01	   4.2507532493195624e-02	   7.4678807717369899e-02	   3.5392517526211870e-01	   2.1085883869351740e-01	   2.9791659770313550e-01	  -2.5086904770272516e-02	
   7.2805326545768534e-01	   4.5250664325834306e-01	   6.2938880377966455e-01	   4.7272069131759126e-01	   5.4671289864970052e-01	   5.2711907244251499e-01	   8.2660854840584452e-01	   5.5169586486439448e-01	   6.9983267919936143e-01	   5.9828315764954154e-01	   8.3747135861192490e-01	   5.5833080169743887e-01	   0.0000000000000000e+00	   8.1577385511669021e-01	   8.2410211234436215e-01	   7.5080360956488823e-01	   4.0793212792367106e-01	   4.5589968334961772e-01	   4.7122381610327913e-01	   3.9068556361316786e-01	   3.6452860935032139e-01	   4.1570915367103145e-01	   4.7621100927837512e-01	   3.7665356798882188e-01	   3.6892509465741763e-01	   3.0061203706835860e-01	   3.8326665779739622e-01	   4.7935208801652512e-01	   5.1241487458115309e-01	   3.4186129480724481e-01	   2.2237551134507977e-01	   2.1933097875882837e-01	   6.6046557340310930e-01	   5.5704637963755899e-01	   5.1882131617423266e-01	   3.6219176569651146e-01	   4.4796994667401302e-01	   3.3691243490780437e-01	   5.4960648044211080e-01	   3.3110431629300352e-01	   5.4755526886590333e-01	   5.0316272884781876e-01	   5.0513045307936377e-01	   4.7221772668861972e-01	   3.3931966839155314e-01	   4.5590567222442990e-01	   4.0476031814309499e-01	   3.9598443456901333e-01	   3.0445206034225736e-01	   2.3492448396124285e-01	   4.9034501861535895e-01	   2.6030979773127277e-01	   4.2625558821783605e-01	   2.5390816068228517e-01	   5.4139415000187185e-01	   5.1105016171505568e-01	   5.8081309917494306e-01	   4.1595812856078374e-01	   5.0974098880617402e-01	   3.7630933806289979e-01	   7.7013237719631489e-01	   5.0644949371881065e-01	   5.2879168302708512e-01	   4.6318848458110801e-01	   6.6930068724262171e-01	   4.6970758617393676e-01	   6.2122725638480869e-01	   5.0757762129890915e-01	   3.4519200445899995e-01	   1.3012238582851060e-01	   4.0394197311189128e-01	   2.4586282448301497e-01	   5.9565416028650875e-01	   4.1365975330313642e-01	   5.4404730546245261e-01	   4.9541782488754388e-01	   4.4940880745041201e-01	   4.5519835677504517e-01	   4.4445886771492538e-01	   6.7736364513999736e-01	   5.8547505317381332e-01	   6.0027082662137021e-01	   6.0047556612181174e-01	   3.8688368319000654e-01	   6.3119447462191747e-01	   6.4681293067048018e-01	   5.6464315518483221e-01	   2.5308940062178242e-01	   5.8883868174671128e-01	   6.4095852996704716e-01	   3.6287794182041533e-01	   4.6866601812698916e-01	   3.2690901995898480e-01	   4.8864695928403656e-01	  -2.3143262426865191e-01	  -4.2483431411662193e-02	   4.6692196674662928e-01	   4.3709670625426456e-01	   3.2479473755690452e-01	   3.9647202046040986e-01	   4.2435897929346689e-01	   4.1569570471235584e-01	   4.8129800782142496e-01	   3.5754814080419722e-01	   1.8872473522223765e-02	   1.9040290623495129e-01	   4.0562579315314928e-02	   4.5097203225795324e-01	   6.0065465554054467e-02	   3.1322985959756650e-01	   4.1509252873971619e-01	   2.8550959873406295e-01	   4.1433987236349262e-01	   2.8123224732826757e-01	   3.7298799561461504e-01	  -1.4668756764385715e-01	
