   0.0000000000000000e+00	   8.8865885723312243e-01	   7.7049189862395751e-01	   8.2564290518484695e-01	   7.1866838204821337e-01	   6.5933830070620214e-01	   7.8744020035425233e-01	   8.1927239632293558e-01	   7.1079672232566216e-01	   5.9621812117648032e-01	   8.2078723892252770e-01	   8.3016387791756840e-01	   7.8293823460282952e-01	   7.4981059522070459e-01	   8.1557587808596277e-01	   7.5398376238401110e-01	   7.1386887759988304e-01	   7.6188481528043872e-01	   9.4443435284928112e-01	   9.1697956794575952e-01	   5.4593403036935251e-01	   6.7807831328904333e-01	   7.5270145341259020e-01	   7.4302548234251342e-01	   6.8745155062077590e-01	   6.9515804342194931e-01	   5.8097667083578375e-01	   7.0832803073631678e-01	   7.2802187376928973e-01	   7.3342648922305798e-01	   7.7022356334170738e-01	   7.6469825852868933e-01	   8.6808035482586166e-01	   8.8222918431322039e-01	   6.8670663998206771e-01	   6.8336681844822045e-01	   7.8378336738501153e-01	   8.3915727760019432e-01	   7.9014079369162182e-01	   6.5304575022886702e-01	   6.8134431592450784e-01	   7.1117971806989189e-01	   6.5572678322069000e-01	   6.6523254887405647e-01	   5.9751779577672948e-01	   6.1977450610794216e-01	   6.7050785297528814e-01	   7.2876719184681815e-01	   5.9169931375630591e-01	   4.6809908773620756e-01	   7.7912086611106557e-01	   7.0157279900038172e-01	   7.9943242738386910e-01	   8.2246179987739132e-01	   8.3843341079885281e-01	   7.7953124403311480e-01	   8.7877080912716310e-01	   8.7249101514510408e-01	   7.9286090721768154e-01	   7.5427120679115112e-01	   7.7360105268820589e-01	   6.2753056728156031e-01	   7.0586318663262904e-01	   7.6788356719864770e-01	   5.8010693269521840e-01	   5.9747983251999948e-01	   7.5626527952340239e-01	   7.0144136520926126e-01	   8.6554553250235133e-01	   8.1551861217139310e-01	   6.7688471252326132e-01	   6.9906417928078468e-01	   6.6820090526993292e-01	   6.7634074356721208e-01	   6.8955260500185178e-01	   6.9423769485842601e-01	   8.3663514645713999e-01	   8.1193727652485870e-01	   7.0631300515055706e-01	   8.1349411296001439e-01	   7.2529857472868420e-01	   8.4071052307490113e-01	   8.5365745990536313e-01	   6.6612454921501763e-01	   8.4617876399847425e-01	   8.7024704901400440e-01	   6.9269106675469660e-01	   7.4341792110390159e-01	   8.5880011314632143e-01	   8.8304740273113347e-01	   7.0301985705813941e-01	   6.1921959037510466e-01	   4.4731738710008789e-01	   4.7162726366972163e-01	   3.0095419400527146e-01	   4.8297482176725159e-01	   7.2502904311912930e-01	   7.0276281700469534e-01	   7.5777734959662868e-01	   7.6283448235277096e-01	   6.2888054881248967e-01	   5.5464395049453086e-01	   7.5208760918318851e-01	   6.4001174146467155e-01	   3.3149345856344392e-01	   3.0759386664880894e-01	   4.1999183619692909e-01	   5.5067441198981193e-01	  -9.4860098676187768e-04	   6.2295388165694954e-01	   5.6150797089856963e-01	   7.6180837120407996e-01	   6.2145824314406328e-01	   5.6884549184512834e-01	   3.8624360975997685e-01	  -1.0599152385042637e-01	
   8.8865885723312243e-01	   0.0000000000000000e+00	   5.8832652399816021e-01	   7.5947649746075685e-01	   5.2499852151375581e-01	   5.3874002808037946e-01	   6.3436931482404380e-01	   7.4733855198185162e-01	   5.3473633969087442e-01	   4.8851790435720532e-01	   7.6637733061682756e-01	   8.0516641138440104e-01	   7.4373876246488702e-01	   7.2600739622860266e-01	   6.9256149357611729e-01	   5.9178449471804528e-01	   7.7498321176028040e-01	   8.2606994514698029e-01	   8.3122987751194266e-01	   8.6684096089837515e-01	   4.4881337811477240e-01	   5.9639172055040002e-01	   6.0875353239226093e-01	   5.6994891252155577e-01	   4.9300711039429124e-01	   5.6944907615308860e-01	   4.4336886591830094e-01	   5.8470531020979477e-01	   7.5642011703773582e-01	   7.6979269702707009e-01	   6.4685957773111047e-01	   6.9571891896178228e-01	   7.8564633805397621e-01	   8.1775878798086099e-01	   4.4763202528078383e-01	   4.4566759161570618e-01	   7.3241332480129384e-01	   7.9979409430516379e-01	   7.5156181882792994e-01	   6.8831392375923750e-01	   6.3396236936654360e-01	   7.1434048786232618e-01	   5.9538413534093249e-01	   5.9766694248407115e-01	   5.8739635942082924e-01	   5.7408129090536197e-01	   6.2285007797251901e-01	   6.6815492446163693e-01	   5.6209447655047118e-01	   3.9886366886864788e-01	   7.5189852216992670e-01	   6.7209435489669067e-01	   7.2341702524663543e-01	   7.6844579575441641e-01	   7.7508029761169195e-01	   7.4073475162967828e-01	   9.4961059963250116e-01	   9.5315270827876719e-01	   6.5270159244682668e-01	   7.2093199274494779e-01	   7.3521189382449148e-01	   6.3164239702049352e-01	   7.4268687289958712e-01	   8.0671415776510380e-01	   4.6106165627372842e-01	   5.1858205781508471e-01	   6.2685439389311826e-01	   5.7918465088610516e-01	   8.1790222585023753e-01	   7.1744193889108343e-01	   5.3567397450564724e-01	   5.8060352067134546e-01	   6.0728398409558904e-01	   7.0000004101041391e-01	   5.5363597450259028e-01	   7.4279486694900909e-01	   7.8303465425090701e-01	   7.1624732298375537e-01	   7.2349651573366092e-01	   8.1368711743861555e-01	   7.4364660900070645e-01	   8.1267376427404181e-01	   7.3810931299592042e-01	   5.2972577428842516e-01	   7.4126615778537852e-01	   7.6293779763054403e-01	   5.9345199535949877e-01	   6.5243450284550819e-01	   7.3690183708023160e-01	   7.1458009207117423e-01	   4.5786117469342025e-01	   3.3831550399805116e-01	   2.2232900251819648e-01	   2.1862807844506268e-01	   3.0602022199041251e-01	   4.8745327326312349e-01	   7.7532719134675254e-01	   7.4650891862062019e-01	   6.1987511261922323e-01	   6.3084556704084371e-01	   4.6301859858561872e-01	   3.6015759080389614e-01	   6.4441041583138814e-01	   4.6794884856474550e-01	   2.8454395510127445e-01	   1.4864410811494258e-01	   4.0515901272198757e-01	   4.4239219245106542e-01	   1.0068884547871980e-04	   6.9752500867250655e-01	   6.1551881144943943e-01	   6.4195485280081610e-01	   5.9559678267175564e-01	   5.3227038263834481e-01	   3.3495100493146546e-01	  -6.7110087212589285e-03	
   7.7049189862395751e-01	   5.8832652399816021e-01	   0.0000000000000000e+00	   8.4054400725878875e-01	   8.1112891457126546e-01	   6.6217089025527165e-01	   8.6727399009645567e-01	   6.7860489329959883e-01	   7.7603788833112874e-01	   5.8462411615375887e-01	   6.3853778475426171e-01	   5.8866211942225832e-01	   6.6699360237306293e-01	   6.5526623986547960e-01	   8.2743750058328824e-01	   8.1136961554626386e-01	   5.2561649051703896e-01	   5.4328030380985881e-01	   8.3260064895436114e-01	   7.7427119043912995e-01	   4.4286769478468430e-01	   5.9391056192713809e-01	   8.8966130331015814e-01	   8.8769467718798056e-01	   8.3972735834797718e-01	   7.6895091841906127e-01	   6.8109457192623402e-01	   6.9204306116047720e-01	   5.0273372723346521e-01	   5.4371239522269277e-01	   8.0142215223312929e-01	   7.6258994306626260e-01	   7.7540647354535386e-01	   7.4130345013441534e-01	   7.5962968698837363e-01	   6.2552648471646766e-01	   6.9530663172026208e-01	   6.7078601760425560e-01	   6.5304413241508474e-01	   5.2026734886500070e-01	   5.9570485486478697e-01	   5.7605169490379382e-01	   5.8160164670642178e-01	   5.6004009296716295e-01	   4.2196389944880319e-01	   4.3353389563456024e-01	   5.7257185165894264e-01	   6.4665986906419093e-01	   4.7743533014419492e-01	   4.1972640844748821e-01	   6.9764439088311025e-01	   6.2569419216067090e-01	   6.3373845250231597e-01	   7.1732478319613158e-01	   7.0831131234186284e-01	   6.2868721185223053e-01	   5.6335923628935758e-01	   5.6126654937930731e-01	   6.1993475275597953e-01	   4.8399456216170883e-01	   6.2817820424721826e-01	   4.9368734370304779e-01	   4.1104079701824203e-01	   4.5301201550080489e-01	   8.1292781975809558e-01	   6.8081033722831408e-01	   6.1297231874283775e-01	   5.3885040820932240e-01	   5.8201291101302943e-01	   5.2476927836124443e-01	   7.7444552633622388e-01	   6.6779182032611262e-01	   6.3746040515195834e-01	   5.4577192148633624e-01	   7.2708527217461683e-01	   6.1837063893858013e-01	   7.2322411349520466e-01	   7.3976233752781484e-01	   6.1615655889605758e-01	   6.6306342196376677e-01	   5.4595066481442223e-01	   7.0342560597912640e-01	   7.8599814181842231e-01	   6.9571152547698922e-01	   7.8772847884785713e-01	   7.5420625998890678e-01	   7.9545639475859553e-01	   7.5218504644088147e-01	   8.1907532815154638e-01	   8.0408281311907426e-01	   7.0717970015029463e-01	   7.2669789534611673e-01	   5.3662524961741276e-01	   6.0477640985251768e-01	   3.9904291000327957e-01	   5.5493489211422675e-01	   6.5326387481228010e-01	   5.8116993439109210e-01	   7.2004118150427610e-01	   7.1016046071589689e-01	   4.3422034464823001e-01	   5.4926335646379820e-01	   6.0714733262319243e-01	   5.2420161294666889e-01	   3.4122278018284519e-01	   3.8835026571309539e-01	   3.7995897954362418e-01	   4.3087394821785086e-01	   3.2963054568086667e-02	   5.3446437203468777e-01	   5.4411261932897559e-01	   7.6308876962239791e-01	   5.5974024063647621e-01	   4.8429755031724142e-01	   4.0293697989616983e-01	  -9.0392903095983412e-02	
   8.2564290518484695e-01	   7.5947649746075685e-01	   8.4054400725878875e-01	   0.0000000000000000e+00	   7.9397395705507678e-01	   8.1092837881624735e-01	   8.9182196104814571e-01	   8.9955999041926304e-01	   7.2439776234128439e-01	   7.2723070656534028e-01	   7.7833251004620785e-01	   8.0111957961337177e-01	   7.6051174269662714e-01	   8.3617540444045169e-01	   8.2338286709700625e-01	   8.2618685123391056e-01	   7.0947286405503118e-01	   6.8398545381804932e-01	   8.4929244722799879e-01	   8.1071843355812656e-01	   5.7441754485694296e-01	   7.2835424961938777e-01	   8.5337562734458017e-01	   8.8155577206521585e-01	   7.2139588282046829e-01	   8.0660168638887164e-01	   6.2077163128107338e-01	   7.9850657712201911e-01	   6.6784889374194512e-01	   7.0365227656759211e-01	   8.0275136734263763e-01	   8.6032023226346532e-01	   8.4178203725473222e-01	   8.6940733758217681e-01	   7.2126182128738126e-01	   7.0852293582799397e-01	   7.1999077518386323e-01	   7.3613576161322170e-01	   7.3123114189817273e-01	   6.5926355353327071e-01	   6.7405940147791221e-01	   6.9061420648830107e-01	   5.4698504660517011e-01	   5.7128892547077803e-01	   5.3274307108902508e-01	   4.9348297401856589e-01	   5.4891522768415557e-01	   6.4537070617966430e-01	   4.6844336103877704e-01	   3.2323856560599418e-01	   7.2570609999757996e-01	   6.6074467239257306e-01	   6.6170967101448719e-01	   7.0791814875325132e-01	   7.4530894884006327e-01	   6.2966421106084414e-01	   7.3808013781663084e-01	   7.3371983392802731e-01	   6.9954651951257851e-01	   6.4447900373520373e-01	   8.1441537105206829e-01	   7.5377553381406615e-01	   6.0610107500499422e-01	   6.5269913686050063e-01	   7.3578849585800477e-01	   8.2979569730797298e-01	   7.4723853049660816e-01	   7.2065466148767221e-01	   6.8200091616567260e-01	   5.9829934604522295e-01	   8.0633445387215363e-01	   7.2931755634783269e-01	   7.3996024820758022e-01	   7.2807037756950610e-01	   7.7882288762036689e-01	   7.7695139266866009e-01	   8.0638157960180734e-01	   8.0509852820342809e-01	   7.3401593503887042e-01	   7.4787395793163858e-01	   6.8255490501759153e-01	   7.8660418738229732e-01	   8.1733736004940505e-01	   7.5428183825504447e-01	   8.6339457988750179e-01	   8.6797331947482637e-01	   7.7331305898202363e-01	   7.6113109210960950e-01	   8.5487570433664040e-01	   7.8360186253750919e-01	   6.4642013821809075e-01	   5.8412608664140131e-01	   5.4444061923027376e-01	   5.0879261463685366e-01	   3.9429518323722529e-01	   6.7078207937727041e-01	   7.2476992886311120e-01	   7.4074016435321544e-01	   6.6328211956102945e-01	   6.6078974332956641e-01	   5.8979014354672776e-01	   5.7284600527793972e-01	   6.8653045309472338e-01	   6.0894393646111022e-01	   4.3029100359590977e-01	   3.3660935058549585e-01	   5.2210715237120398e-01	   5.5991488945769030e-01	   1.0048830313687644e-01	   7.6601546638207951e-01	   7.2702139943848054e-01	   7.7410921618026007e-01	   6.7266231795550013e-01	   5.6032077064687991e-01	   3.8538551466002569e-01	  -2.0971805128337604e-02	
   7.1866838204821337e-01	   5.2499852151375581e-01	   8.1112891457126546e-01	   7.9397395705507678e-01	   0.0000000000000000e+00	   7.8352777813366037e-01	   8.4372327606114461e-01	   7.6665072284416913e-01	   8.0563043902868126e-01	   7.5401079308691499e-01	   6.2137376906392672e-01	   6.0277894972959289e-01	   5.7960984415797889e-01	   6.4910338023573178e-01	   7.9135083500210590e-01	   7.5328048465665653e-01	   5.0370892785042298e-01	   5.2256738907997147e-01	   7.5530713501917845e-01	   6.9061021631649200e-01	   6.2557485986302530e-01	   6.7762095144118406e-01	   7.3086384223477308e-01	   7.6202144560682961e-01	   7.3451284094669589e-01	   7.7809602235147124e-01	   7.8870344089846367e-01	   8.4477291958735479e-01	   4.6347012455376624e-01	   4.3936532353704905e-01	   7.0240671779718566e-01	   6.8027528919496028e-01	   7.5599569006945522e-01	   7.3369225580663144e-01	   7.2964471857179047e-01	   7.3793969960330652e-01	   5.8152790158517387e-01	   5.5563876033561277e-01	   6.8965212300456891e-01	   4.9443189015628458e-01	   6.3532941884439564e-01	   5.8679958794902776e-01	   6.3154830231751480e-01	   6.3383406605547599e-01	   5.3629681013198982e-01	   5.3827394210756507e-01	   5.6762678573451231e-01	   6.6766357598602932e-01	   4.9918750272369450e-01	   4.2885933044790148e-01	   6.5018268067739171e-01	   6.4041146261350113e-01	   6.3101493505157769e-01	   6.9987898007640159e-01	   7.1621677780719284e-01	   5.7552000305217477e-01	   5.0795346111475070e-01	   5.4858438106197593e-01	   6.8217285424647711e-01	   6.3304633026309476e-01	   5.8980093943619138e-01	   5.9878267429593945e-01	   4.2921609864954069e-01	   4.9120105009104559e-01	   5.5362246003712723e-01	   6.7934663095945347e-01	   7.3651394416306071e-01	   7.2781858649372355e-01	   6.4815735277257047e-01	   6.4174075917677298e-01	   7.8141403787307140e-01	   6.5764418569066430e-01	   5.9351285126637543e-01	   5.5405583109782375e-01	   6.7997450231653978e-01	   5.9132683361257388e-01	   7.0004883654313144e-01	   7.3078273960301698e-01	   5.7862715088887318e-01	   5.9771034434076764e-01	   5.7182764154301347e-01	   6.5803859019590272e-01	   8.1130697662642526e-01	   7.7336825363237161e-01	   7.3743336848292040e-01	   7.8467102852247750e-01	   7.1729765143904778e-01	   6.8272552203069914e-01	   8.4798025041653091e-01	   8.0725149450552391e-01	   8.2118139482153474e-01	   7.1743629772432693e-01	   6.0485982162613716e-01	   6.3827181696297364e-01	   2.8136927766962044e-01	   5.2784508155131848e-01	   6.1939440119222100e-01	   5.7212704466491904e-01	   7.3320354583607195e-01	   6.5081080880244901e-01	   6.0920400250570861e-01	   6.5128076842778315e-01	   6.5096020848238767e-01	   6.2943283719844023e-01	   5.1339657772668723e-01	   3.7380220280208631e-01	   4.8790816170353357e-01	   5.4977144393445432e-01	   8.2732868933567183e-02	   4.9970745567398883e-01	   5.0233495352240154e-01	   7.1168034176823214e-01	   4.8758791092346726e-01	   5.1245753700790719e-01	   3.8331239540316120e-01	  -9.2169150572196101e-02	
   6.5933830070620214e-01	   5.3874002808037946e-01	   6.6217089025527165e-01	   8.1092837881624735e-01	   7.8352777813366037e-01	   0.0000000000000000e+00	   8.1476811102751234e-01	   8.5664862062351688e-01	   7.1722483697670669e-01	   9.2448845527243040e-01	   6.2955675483456242e-01	   6.9583481782764800e-01	   7.0054829665385032e-01	   8.1126993371213529e-01	   7.1779781551971700e-01	   6.8997779165774242e-01	   5.6616142460072583e-01	   5.2474404336704850e-01	   6.6151152465485508e-01	   6.1111701151745224e-01	   6.0885272202104557e-01	   7.5841509313137712e-01	   6.1862892635001421e-01	   6.7206045662406988e-01	   6.4547382192084890e-01	   7.6279069221710039e-01	   5.6080419666123882e-01	   9.1324426817714133e-01	   5.7220297908598983e-01	   5.4401754331462904e-01	   6.5650172079102154e-01	   6.8887460939152012e-01	   7.7809170983242348e-01	   7.8359566279514303e-01	   7.7713220832885099e-01	   7.8190167890824180e-01	   5.6845129272537764e-01	   5.7297969617444378e-01	   6.9274374568415209e-01	   5.5708054404374630e-01	   6.7370520245136156e-01	   6.6502267627057876e-01	   4.9320405231700193e-01	   4.9832283496995400e-01	   5.2960338799664364e-01	   4.9315689938101659e-01	   4.7491398120193840e-01	   5.5945221058612127e-01	   4.2453744769686819e-01	   2.6902948196036014e-01	   6.5479692714499871e-01	   5.8580944822171410e-01	   6.3415143544736652e-01	   6.0701961875137922e-01	   6.8790411875079016e-01	   5.1827618306527601e-01	   5.0493298125495945e-01	   5.4818390863941069e-01	   7.8599858215351182e-01	   7.2112135631164154e-01	   7.7365903807504866e-01	   7.9523570573689972e-01	   5.1884438288330115e-01	   5.7160911682417992e-01	   5.1234839165601676e-01	   8.3688017022985384e-01	   7.9397279187684899e-01	   8.2154586314912104e-01	   6.6703104173146555e-01	   6.7403693796325337e-01	   6.9240128837046777e-01	   5.8135075143999404e-01	   5.8159876686842904e-01	   5.6390297276094270e-01	   6.7792659021604551e-01	   5.8445175651980019e-01	   6.4842649561887822e-01	   6.9544381646945352e-01	   5.9852725331863132e-01	   5.8255708949611473e-01	   6.3539142109184599e-01	   6.4950614780442884e-01	   7.1199824331788475e-01	   6.4728671680953531e-01	   7.3312741027644379e-01	   8.1858026723097266e-01	   6.0663048765005656e-01	   5.4852915019154236e-01	   8.4591953328658720e-01	   7.6606938243283862e-01	   7.7781501562784860e-01	   6.1448481638043140e-01	   6.6641207049348217e-01	   5.2849177979726758e-01	   3.7746127253226069e-01	   6.1784514109833710e-01	   6.1695847272735205e-01	   6.1558800397685287e-01	   6.0757533649379314e-01	   5.7232682133811874e-01	   7.1027323015689547e-01	   7.0115775686792081e-01	   7.3841804608310091e-01	   7.2450212422093085e-01	   5.2947211913794912e-01	   4.5109009031659542e-01	   5.2818996391381545e-01	   6.8011092573425092e-01	   2.3052343273015322e-01	   6.2297122217559076e-01	   6.4474171014375325e-01	   7.0001779331978065e-01	   5.0894744797034930e-01	   5.5859320918585398e-01	   3.2086972588273233e-01	  -5.9349702819510304e-02	
   7.8744020035425233e-01	   6.3436931482404380e-01	   8.6727399009645567e-01	   8.9182196104814571e-01	   8.4372327606114461e-01	   8.1476811102751234e-01	   0.0000000000000000e+00	   8.6868158657946859e-01	   8.3900461813976213e-01	   7.9032482221286693e-01	   7.6296105476515275e-01	   7.5262782809741580e-01	   8.1569808771413688e-01	   8.2961122182162195e-01	   8.3437188570324672e-01	   8.0415302067648375e-01	   7.0017167967399907e-01	   6.7166450585020721e-01	   8.1411594271783128e-01	   7.7320556722087930e-01	   4.9189745423368958e-01	   6.5391133572939042e-01	   7.7027358642853549e-01	   7.9606132092481818e-01	   6.6439698769497280e-01	   7.4002379691277764e-01	   5.7376174639412358e-01	   8.1679889154833529e-01	   6.5135274142829047e-01	   6.3851985019046087e-01	   7.1412889566703464e-01	   7.3743853650016422e-01	   8.2400717937284851e-01	   8.3600012416797265e-01	   6.9986989788077381e-01	   7.0121730563050810e-01	   6.7975978921442759e-01	   6.8531701250530808e-01	   6.8388742418890780e-01	   6.0023510913436340e-01	   6.3873013265234158e-01	   6.8715419476869988e-01	   5.4809261791934150e-01	   5.6563116706781602e-01	   5.2451280287689106e-01	   4.8847655950349911e-01	   5.5559506058169583e-01	   6.2821807363337112e-01	   4.5592710405979819e-01	   3.2417620704195627e-01	   6.5733759054937568e-01	   5.9166896684521997e-01	   6.5402676541103211e-01	   6.7104711927470717e-01	   7.2938538463962976e-01	   5.8297097762690886e-01	   5.9840734246669058e-01	   6.2364465520312662e-01	   7.5454299787701773e-01	   5.9015327460244094e-01	   7.5784594414922335e-01	   7.2634695388881343e-01	   5.3618258052097645e-01	   6.3005092234031812e-01	   6.7007330326046155e-01	   7.5173900438835761e-01	   7.3143269110248355e-01	   7.0865511484354615e-01	   6.5388607492629092e-01	   6.1409765149382989e-01	   7.9950585513863093e-01	   6.6769037726774672e-01	   6.8782620491590474e-01	   6.6003614132696031e-01	   7.8111154715319819e-01	   6.8217927781670273e-01	   7.5636185423230851e-01	   8.0301313824074838e-01	   7.0565948461362471e-01	   7.3302041203743684e-01	   7.1846329459755975e-01	   7.9524056359744089e-01	   7.9575186129318121e-01	   7.3770114264562370e-01	   8.4130386062744245e-01	   8.5857224604313020e-01	   7.2891366896732790e-01	   7.2348081027874889e-01	   8.7232562000636316e-01	   8.2719880925509359e-01	   7.5087241296963214e-01	   6.7432542479923108e-01	   5.4992699273856949e-01	   5.8283339256314659e-01	   3.9288988652663609e-01	   6.1101165127174517e-01	   6.7655950846435020e-01	   6.2558230933909353e-01	   6.9573788783724766e-01	   6.7153829602900539e-01	   5.9915054400603318e-01	   6.9054441399567512e-01	   7.4025232616248204e-01	   6.4521152858325803e-01	   4.4937532409067377e-01	   4.0583720974322596e-01	   5.0208177362924866e-01	   5.3630020413718860e-01	   1.3071472438663079e-01	   6.6123425644729772e-01	   6.6638247392022076e-01	   7.7025909468382570e-01	   6.3838219833953125e-01	   5.5985690684632439e-01	   4.2738209090351681e-01	  -6.1281860949790906e-02	
   8.1927239632293558e-01	   7.4733855198185162e-01	   6.7860489329959883e-01	   8.9955999041926304e-01	   7.6665072284416913e-01	   8.5664862062351688e-01	   8.6868158657946859e-01	   0.0000000000000000e+00	   7.1655866215356168e-01	   8.3725277574687551e-01	   8.4847130314286723e-01	   8.6943581088191757e-01	   8.2967246588444488e-01	   8.8262998561646655e-01	   7.7902175491075798e-01	   7.3101236821805415e-01	   7.8477950093091553e-01	   7.3482318583013650e-01	   8.2703258696560733e-01	   7.6463509996756318e-01	   6.1584281919317962e-01	   7.4461898073078403e-01	   6.7366848759462328e-01	   7.0057273418167432e-01	   5.9074674493532620e-01	   7.6879045952304592e-01	   5.7084544329856191e-01	   8.3279605200872464e-01	   7.9176643812644432e-01	   7.6598908891436546e-01	   7.3233800494395984e-01	   7.8502555538563812e-01	   8.7305946870548823e-01	   9.2084321354948373e-01	   6.7387668243516152e-01	   7.4739510199886761e-01	   6.5541662964765768e-01	   7.0199644919923154e-01	   7.4333286294227163e-01	   6.6691086958271162e-01	   7.1433150703147796e-01	   7.3698241668800846e-01	   6.1073194186384860e-01	   6.6730198530320139e-01	   6.7109418931099907e-01	   6.4167160201210272e-01	   6.2197779830778654e-01	   6.8241786523228543e-01	   5.2566337867559931e-01	   3.2924573983207650e-01	   7.2348560400175244e-01	   6.4958689974269357e-01	   7.3050240922810017e-01	   7.3451857084432759e-01	   8.0100491373354887e-01	   6.6825879286800383e-01	   7.2760448142141687e-01	   7.2007700868739033e-01	   8.0417912906176969e-01	   7.4388381975661799e-01	   8.6498534045633990e-01	   8.7927987917091588e-01	   7.1202520104836831e-01	   8.1009621695358325e-01	   5.2379017309205689e-01	   7.8831026003237903e-01	   8.1758550751063486e-01	   8.2394006201315451e-01	   7.3066900554480829e-01	   6.8994568221164543e-01	   7.3371153036345316e-01	   7.1551987996488775e-01	   7.4515218058331867e-01	   7.8333140393882128e-01	   7.7118586847831039e-01	   7.7536386960679526e-01	   8.3114892959527586e-01	   8.5821734546260597e-01	   7.3020682444199492e-01	   7.7003258330024404e-01	   7.9649020848384011e-01	   8.1913495376528545e-01	   8.2318526228924738e-01	   7.0913381246306251e-01	   8.3765538038019260e-01	   8.8815049639016308e-01	   6.3221668761809724e-01	   6.7874702800921882e-01	   8.4005963078022294e-01	   7.7481409376731014e-01	   6.8139220112105825e-01	   5.1860274185196609e-01	   4.5429920113055400e-01	   3.8003710843831107e-01	   3.2337431998781174e-01	   5.9016805724120025e-01	   7.1248905190217804e-01	   7.3730180103674825e-01	   6.7578453067152755e-01	   6.4228901698911456e-01	   6.5211356117566188e-01	   5.8088473310239463e-01	   7.2789241391429571e-01	   6.6173603263538561e-01	   4.1708938727366807e-01	   2.8702276537095400e-01	   5.5241225299589969e-01	   6.5141676650156954e-01	   8.2528970566102061e-02	   7.1401688964065735e-01	   6.6058927865795181e-01	   7.2299543606299543e-01	   5.6782171338097787e-01	   5.1055138188471982e-01	   3.6143300970119652e-01	  -1.3913000845476384e-01	
   7.1079672232566216e-01	   5.3473633969087442e-01	   7.7603788833112874e-01	   7.2439776234128439e-01	   8.0563043902868126e-01	   7.1722483697670669e-01	   8.3900461813976213e-01	   7.1655866215356168e-01	   0.0000000000000000e+00	   7.7021089856920655e-01	   6.2537195193642536e-01	   6.7924234600285827e-01	   7.3818380897503544e-01	   7.0886763962508337e-01	   8.5697049377870183e-01	   7.9901913931459634e-01	   4.4003003575857147e-01	   4.8335032864933547e-01	   6.9899351853158287e-01	   7.2756076112406498e-01	   3.2789597071160714e-01	   5.3473631193419813e-01	   6.4739250997839815e-01	   6.8163638340503274e-01	   5.0615804337220194e-01	   5.4233542573401472e-01	   5.7086597503424752e-01	   7.5924424657265577e-01	   4.4930762368544719e-01	   4.3948115919437536e-01	   5.3497880229522221e-01	   5.2455006741884891e-01	   6.3363610306961760e-01	   6.2875273232360374e-01	   5.8632431236877480e-01	   5.4392039676025639e-01	   5.2855896288036164e-01	   5.4172069771879106e-01	   5.6567027422577587e-01	   4.7096560522490516e-01	   4.1870720163593539e-01	   5.1397532940676283e-01	   5.7231433556091382e-01	   5.6133346967486530e-01	   5.2155233754855435e-01	   5.3603905849688560e-01	   6.1467184728746882e-01	   6.3524572383438138e-01	   5.4290476554214928e-01	   5.0198969341823885e-01	   6.2120267139614427e-01	   6.6206400650167929e-01	   6.4510972148093593e-01	   6.9282266581423879e-01	   6.9935639624480916e-01	   6.2643119973588202e-01	   4.0448686348283347e-01	   4.7746684167681963e-01	   7.0431729962039558e-01	   5.5368306038033221e-01	   6.5708297692441253e-01	   5.9374901999414464e-01	   3.3123627822172746e-01	   4.6117658931325656e-01	   5.7787803944677796e-01	   5.7884692556844708e-01	   5.5290177808281160e-01	   5.1268980980363621e-01	   5.3730417819284604e-01	   5.6653170269238218e-01	   6.8783087240596474e-01	   5.2470418995861479e-01	   4.5195734662118553e-01	   4.3775336195514114e-01	   5.9513960831923285e-01	   5.0541153961185170e-01	   5.8002693770200453e-01	   6.4214901120463219e-01	   4.9830584817994727e-01	   5.2257252801316534e-01	   4.9966729589319719e-01	   6.0530977017933130e-01	   7.0428869671418171e-01	   6.6324190203201394e-01	   6.7083700215939568e-01	   6.7136216993792330e-01	   6.4600802238878430e-01	   6.6316456069654595e-01	   7.9542189783798245e-01	   7.9981324280276112e-01	   7.4663920102323322e-01	   7.0543896322518174e-01	   5.7019763402430612e-01	   5.8086453822708406e-01	   4.6992186130760222e-01	   6.2646298763866581e-01	   6.2184623307828180e-01	   5.5330572583422466e-01	   7.4034556526005835e-01	   6.9807306933729696e-01	   5.3400764871287754e-01	   6.1433268000175223e-01	   6.7760862575705805e-01	   5.6079771282110780e-01	   4.7275417516178275e-01	   3.7997412180425350e-01	   5.2311567048846053e-01	   5.1041494442257607e-01	   1.8499590175592689e-01	   4.5872846286539937e-01	   5.2204244395470867e-01	   6.9946779533531855e-01	   5.2237146719175498e-01	   5.2734713562356705e-01	   5.7911268557577311e-01	   1.1057311040187323e-01	
   5.9621812117648032e-01	   4.8851790435720532e-01	   5.8462411615375887e-01	   7.2723070656534028e-01	   7.5401079308691499e-01	   9.2448845527243040e-01	   7.9032482221286693e-01	   8.3725277574687551e-01	   7.7021089856920655e-01	   0.0000000000000000e+00	   6.0208801622665886e-01	   6.9186325385849468e-01	   7.2796961147341377e-01	   8.1291996676806400e-01	   6.9890363852805626e-01	   6.5845809862062399e-01	   5.2411024716990529e-01	   4.8077230461573689e-01	   5.9307339389258251e-01	   5.6006513201282571e-01	   4.9380160346273816e-01	   6.1241848481416405e-01	   5.1172965911086310e-01	   5.6005984965607780e-01	   4.9050895625895630e-01	   6.5566981265625635e-01	   4.6422299632519393e-01	   8.4283167255146063e-01	   5.4494585025790143e-01	   5.0907451414951355e-01	   5.2607580770301710e-01	   5.5617554357686583e-01	   6.9639026428402384e-01	   7.0842513976784072e-01	   6.4942042630290353e-01	   6.7760586677283552e-01	   4.8490257393225100e-01	   5.0982872689158598e-01	   6.4930399650245185e-01	   5.2600338960555904e-01	   5.8478656031152654e-01	   6.0119011903527397e-01	   4.6333208758894229e-01	   4.9482568879908134e-01	   5.4248036484986228e-01	   5.0988661507823907e-01	   4.7088771609394320e-01	   5.2782655800052170e-01	   4.3909772926476842e-01	   2.6850319480688217e-01	   5.9986507825300794e-01	   5.7620393546149784e-01	   6.1135784524073811e-01	   5.8632233123338695e-01	   6.7683670132221407e-01	   5.0950466090316082e-01	   4.1542481219327765e-01	   4.8558066298373148e-01	   7.5136296081049403e-01	   6.7602798973033629e-01	   7.3539845602736076e-01	   7.9803645136562595e-01	   4.4299985365997741e-01	   5.6553513487483675e-01	   4.3865706472463450e-01	   7.5869499154312336e-01	   7.1276259380906803e-01	   7.3460257269750762e-01	   6.0218635979740753e-01	   6.2494350943846544e-01	   6.2562645209195544e-01	   4.8416304062621718e-01	   5.0351365440404472e-01	   4.9998218623907242e-01	   5.8593372009704481e-01	   5.2876732863976772e-01	   5.8826964592301234e-01	   6.3835344511065417e-01	   4.9100420873342154e-01	   4.9864835384490902e-01	   5.7823966868115884e-01	   5.8042757644196274e-01	   6.7413169473140078e-01	   5.9082671565227785e-01	   6.4993771059934446e-01	   7.4585514413451093e-01	   5.1524544194527222e-01	   4.9376783956482712e-01	   7.8679064465077819e-01	   7.0919259746296492e-01	   7.2951599290080060e-01	   5.6508943416767199e-01	   5.8905430455661612e-01	   4.8375662725863705e-01	   4.1535855704474089e-01	   6.4435651146144457e-01	   6.2161537359174590e-01	   6.0134035499882044e-01	   5.7174373160846037e-01	   5.3715409149682036e-01	   6.6252006941748864e-01	   6.6381880683902816e-01	   7.1065284439129783e-01	   6.6069221666414246e-01	   4.8678806661654483e-01	   4.1790020325399657e-01	   5.4375147839411087e-01	   6.7532913933392091e-01	   2.3353004319036971e-01	   5.8958954605560276e-01	   5.9503297849399539e-01	   6.3038943409406323e-01	   4.2171654954488358e-01	   4.8844990841000380e-01	   3.4509886311493299e-01	  -4.7563343808685432e-02	
   8.2078723892252770e-01	   7.6637733061682756e-01	   6.3853778475426171e-01	   7.7833251004620785e-01	   6.2137376906392672e-01	   6.2955675483456242e-01	   7.6296105476515275e-01	   8.4847130314286723e-01	   6.2537195193642536e-01	   6.0208801622665886e-01	   0.0000000000000000e+00	   8.8992933428298271e-01	   8.7717321326014663e-01	   8.0988187897660791e-01	   7.7879010592235054e-01	   6.9119913987076087e-01	   8.0378405496191552e-01	   7.9905608702713538e-01	   8.0087982300305560e-01	   7.3297562285945472e-01	   5.8962350655724460e-01	   6.9019568235401119e-01	   6.7601157683525170e-01	   6.3703159225863937e-01	   5.1659050853622668e-01	   6.5905429164009544e-01	   4.9482047125860040e-01	   6.4729881934787581e-01	   8.2537557733193889e-01	   8.1158237226252017e-01	   7.2907014964674710e-01	   7.4513479137919947e-01	   7.7419541759775479e-01	   8.2179358840035932e-01	   5.1511422945109653e-01	   5.3352142109027634e-01	   7.3240740629751011e-01	   7.1587615784212089e-01	   7.4708257541176026e-01	   6.4308417541035623e-01	   6.8244392169485080e-01	   7.2035789009792572e-01	   6.4949971071456891e-01	   6.8511907866087340e-01	   6.9504780593645832e-01	   6.7860243610095838e-01	   7.1008392231665685e-01	   7.3539453700972568e-01	   6.1003712585151137e-01	   4.9188708581571616e-01	   7.3046437099203354e-01	   6.7903437926296517e-01	   7.7738217360865713e-01	   7.5400021040369469e-01	   8.3134449013458112e-01	   7.4634820821159642e-01	   7.7424969807843680e-01	   7.3210374728305272e-01	   7.2400446807535634e-01	   6.8679555027764971e-01	   7.9281142553146922e-01	   7.2022396544719769e-01	   7.8108665723467485e-01	   8.4128097294855542e-01	   4.8950856695250161e-01	   5.3022458306475440e-01	   6.7959320065450868e-01	   6.4299799841767502e-01	   6.2003625021331110e-01	   5.6916872236392901e-01	   7.2380457551845989e-01	   7.4356199116318566e-01	   8.0376754429939301e-01	   8.2128198320014212e-01	   8.1425087866977219e-01	   7.9501066003489451e-01	   8.7300845224430712e-01	   8.4441082349405305e-01	   7.6234195070769228e-01	   8.3702131464436691e-01	   8.0736064776595096e-01	   8.6296121056541453e-01	   8.2385853017617849e-01	   6.8670989716313358e-01	   8.3953194552051524e-01	   8.0937301299654363e-01	   6.6236963249896486e-01	   6.5435573339819686e-01	   7.5821578067265882e-01	   7.4642346595171472e-01	   5.6513303244171542e-01	   3.9112727730603464e-01	   1.9791357381131575e-01	   2.2245286085756602e-01	   2.7061083293227428e-01	   4.2928188611112555e-01	   7.4435975400356957e-01	   7.6849816235857493e-01	   7.1626845238801451e-01	   6.3618533229990848e-01	   4.7294376714011538e-01	   3.9628588191320879e-01	   5.9658169310296316e-01	   4.6565539083976493e-01	   2.2690614307166268e-01	   7.8756564505445159e-02	   4.4440696328756435e-01	   4.5561544408826526e-01	  -7.5501785696446722e-02	   7.0180238163477493e-01	   6.6522227456660732e-01	   6.7909603778015715e-01	   5.4710885602890669e-01	   4.4198526727579235e-01	   3.3354352246262714e-01	  -1.4367200329911861e-01	
   8.3016387791756840e-01	   8.0516641138440104e-01	   5.8866211942225832e-01	   8.0111957961337177e-01	   6.0277894972959289e-01	   6.9583481782764800e-01	   7.5262782809741580e-01	   8.6943581088191757e-01	   6.7924234600285827e-01	   6.9186325385849468e-01	   8.8992933428298271e-01	   0.0000000000000000e+00	   8.4672942116872485e-01	   8.8594124282661846e-01	   7.9255236436394827e-01	   7.2374735955655145e-01	   7.2534209160845931e-01	   7.6478370336377810e-01	   7.7444542453129517e-01	   7.7010642654904271e-01	   5.1319643093621370e-01	   6.6876330790119576e-01	   6.1556222365123803e-01	   6.2240106866356415e-01	   4.3030714754535854e-01	   6.0171520253720567e-01	   4.5031972087158517e-01	   7.0564958094455277e-01	   7.5937423131020676e-01	   7.3585992607961770e-01	   6.3414491570623410e-01	   6.7758901735635457e-01	   7.2590027905398757e-01	   7.9176064602625962e-01	   4.8840100790924568e-01	   5.4954618276313405e-01	   6.2669053168437250e-01	   6.5423158241053447e-01	   6.6693967127362574e-01	   6.1384874397934597e-01	   6.0758553820009864e-01	   6.8814184292205371e-01	   5.9064550759343548e-01	   6.4602194408873592e-01	   6.6199681235912866e-01	   6.3432612826662849e-01	   6.5360025955836665e-01	   6.6891170964710489e-01	   5.6472795082542371e-01	   4.5204396217058995e-01	   6.9731427363607823e-01	   6.7571317662131269e-01	   7.6387016213418857e-01	   7.4637379783264590e-01	   7.9952065368387371e-01	   6.8418861180178070e-01	   7.6084526871225744e-01	   7.8410164025023055e-01	   7.1046008236293701e-01	   7.4976798578866832e-01	   8.0194191324563768e-01	   8.0658966947459143e-01	   7.3533287040415019e-01	   8.1938291498768157e-01	   4.7775277235276681e-01	   6.0688370478695020e-01	   6.3130491780823983e-01	   6.3968201864527385e-01	   6.6983048865044448e-01	   6.0721604534026186e-01	   6.4987069306274758e-01	   6.7808360736788975e-01	   7.0141403555457349e-01	   7.4804762939678815e-01	   7.6215325463665962e-01	   7.3632379692901839e-01	   8.2365317676155791e-01	   8.1227071478928647e-01	   7.0293723292861576e-01	   7.6738334812385756e-01	   7.5927600408524554e-01	   8.0034811832891495e-01	   7.5636952796289958e-01	   6.3931288783891227e-01	   7.9592056885855655e-01	   7.8347951630178159e-01	   5.8694042990588979e-01	   6.0741833440944737e-01	   7.5791685691871935e-01	   7.3447681263372566e-01	   5.7644726269441815e-01	   3.8258519012702269e-01	   3.0816697501752538e-01	   2.2889027662391231e-01	   2.6463580251194563e-01	   4.8068872194100631e-01	   6.7344513692734642e-01	   7.1748177589059814e-01	   6.8452088534743893e-01	   6.2027215668849900e-01	   5.5390256283732753e-01	   4.4288744106794392e-01	   6.7297978804149672e-01	   5.1753985564872163e-01	   2.1545955612014681e-01	   1.0546319169739309e-01	   4.9407918303936960e-01	   5.3084449518818988e-01	   5.6969316571109346e-02	   6.2932787873964169e-01	   5.8460724321777724e-01	   6.3025967315273534e-01	   5.8769772539430376e-01	   4.9263250949627546e-01	   3.8031402967488792e-01	  -1.0754799598523268e-01	
   7.8293823460282952e-01	   7.4373876246488702e-01	   6.6699360237306293e-01	   7.6051174269662714e-01	   5.7960984415797889e-01	   7.0054829665385032e-01	   8.1569808771413688e-01	   8.2967246588444488e-01	   7.3818380897503544e-01	   7.2796961147341377e-01	   8.7717321326014663e-01	   8.4672942116872485e-01	   0.0000000000000000e+00	   8.8171041792624893e-01	   8.0423131383279023e-01	   7.2495535931211208e-01	   7.1922207694713780e-01	   7.2897396334377906e-01	   7.6372629989299701e-01	   7.3747580816510627e-01	   4.5187900597935771e-01	   6.3955668449727332e-01	   6.3254883624219649e-01	   6.0886444758418334e-01	   4.7345474545593458e-01	   5.8847143077663544e-01	   3.6482262056348458e-01	   6.5825965084754035e-01	   7.7849598409973653e-01	   7.8231095022755692e-01	   6.5514881306027306e-01	   6.7113812649091509e-01	   7.6998687295685053e-01	   7.9453767970179090e-01	   5.4710353551844726e-01	   5.1228198122844149e-01	   7.1970077418666623e-01	   7.2224623919802178e-01	   7.2284505869861881e-01	   6.5437105366218162e-01	   6.2571572845025702e-01	   7.0137289108100587e-01	   6.0802715535735252e-01	   6.0007053640502706e-01	   6.4702535923019355e-01	   5.9932747427270916e-01	   6.6602089288082955e-01	   6.8287038102925601e-01	   5.6865449692652159e-01	   3.9413182747802478e-01	   7.1530013026893957e-01	   6.2785412528130213e-01	   7.4440945622296883e-01	   7.3659248997487770e-01	   8.0155682914478255e-01	   7.1831223160544477e-01	   6.8498192174919148e-01	   7.0764248408349073e-01	   7.3172320491189058e-01	   6.3328288990320303e-01	   8.1874523859395532e-01	   7.3444632567823043e-01	   6.5568188489645296e-01	   7.8442964271932014e-01	   5.3624503652975164e-01	   6.0054235616916518e-01	   6.5239291978129743e-01	   6.0176126893187143e-01	   6.3825167498901259e-01	   6.1081724531107562e-01	   6.8983194060200670e-01	   6.3898202239371704e-01	   6.9120630280567730e-01	   7.1007880222642061e-01	   7.2661337440445495e-01	   7.1351449076937801e-01	   7.6682919259631199e-01	   7.6860535694714538e-01	   6.7394892471022261e-01	   7.5154884107039843e-01	   7.5205695673672812e-01	   8.0967360374408281e-01	   7.5580657962254061e-01	   5.9190233208830101e-01	   7.7492141438338391e-01	   7.8528871288699853e-01	   5.7742873008712581e-01	   6.1626992187767560e-01	   7.7144195020562678e-01	   7.5755444276600736e-01	   6.2110923120380868e-01	   4.7984076776435658e-01	   3.2214721899480137e-01	   2.9817425975964268e-01	   4.5774949366812417e-01	   5.9827240224440237e-01	   7.9603900357594748e-01	   7.6231467760507798e-01	   6.8084520176180552e-01	   6.6043502349531658e-01	   4.9923045667377441e-01	   5.1023208224253191e-01	   6.7340747483268970e-01	   5.6219284493433430e-01	   3.2009727001464922e-01	   2.8112030744782956e-01	   5.1849163042507929e-01	   4.9433247446139056e-01	   3.4552768592532340e-02	   7.2735391341804556e-01	   7.0818936769637131e-01	   7.0826873693497838e-01	   5.7941441713259467e-01	   4.8541251284988940e-01	   4.5159481085677927e-01	   5.1320083813674977e-02	
