   0.0000000000000000e+00	   8.2451917405779185e-01	   6.0003922005596200e-01	   3.7034334968318761e-01	   3.7617258298285050e-01	   1.6191370169201857e-01	   4.6563052009231010e-01	   3.2057650844746521e-01	   1.4650648123899151e-01	   4.9198719489441281e-02	   4.9051243314738779e-01	   5.6856734223382388e-01	   5.2889866242495831e-01	   6.0435454624940244e-01	   5.5392207505444246e-01	   3.7194845629429640e-01	   5.8327337256457024e-01	   5.3088308475966006e-01	   7.3622739973295692e-01	   6.2401853214033842e-01	   1.7589538270947652e-01	   2.4902481152125214e-01	   4.3079676095781105e-01	   2.7376307752600570e-01	   1.9817605416271025e-01	   1.8576213951317144e-01	   3.8697568728928927e-01	   1.4811476402154561e-01	   6.5187106312253873e-01	   5.6691873249060742e-01	   4.4805515480303931e-01	   4.0769395279841536e-01	   4.5407979260813058e-01	   4.4128731181839387e-01	   1.1541077513837930e-01	   2.0503770462216031e-01	   5.6607675023295234e-01	   6.4165335476744678e-01	   5.1618761036338912e-01	   6.3374711540096929e-01	   4.7791518544954337e-01	   3.4253093170957127e-01	   3.1726297577751206e-01	   3.9474380104432716e-01	   3.9110416303719758e-01	   4.0498228823763366e-01	   3.7853048436150349e-01	   3.6437986288563107e-01	   4.5473050980738383e-01	   4.0079190053357466e-01	   5.0608623560995736e-01	   5.1128283357317550e-01	   4.9215029300344970e-01	   2.9116353808974266e-01	   7.0170734006085766e-01	   5.7236537134053977e-01	   7.4572461467505602e-01	   6.7072748639938473e-01	   7.3912751590312986e-01	   4.5822841069048431e-01	   6.7820092582927716e-01	   3.4267781864396030e-01	   5.8268391056464863e-01	   5.1822992415380398e-01	   3.3045034747747482e-01	   8.6344156889177376e-02	   4.4410793359626372e-01	   2.5146394935306582e-01	   5.5033157996176352e-01	   2.2181943711916735e-01	   5.1954071034417704e-01	   4.5145167425296007e-01	   7.5570101910741760e-01	   6.4769736008293433e-01	   7.6660144006637665e-01	   6.1944520089457855e-01	   7.1807201518090635e-01	   6.4314739838228763e-01	   5.4168920567760814e-01	   5.9045454506949213e-01	   5.7407108854760203e-01	   5.4468363735068082e-01	   5.9853340261432897e-01	   4.8598313100004298e-01	   5.9753110286413669e-01	   6.2010156658714966e-01	   5.9339609576287722e-01	   5.7659853308016729e-01	   6.8613708556839681e-01	   3.9117878952872237e-01	   1.1245563962570862e-01	   1.9742574862746992e-01	   1.3903712877205215e-01	   3.2999916499105592e-01	  -1.2413687517566455e-01	   4.8743933341929641e-01	   5.2695271984172054e-01	   6.7240642331528000e-01	   4.0022847338136996e-01	   4.6447779854884175e-01	   4.1368226982045520e-01	   3.8318791577024119e-01	   5.7816956087339999e-01	   3.9952609315759974e-01	   3.5239486937628883e-01	   9.8250550348655083e-02	   3.9967245776865296e-01	   3.8078002638311215e-01	   7.8471318949873747e-02	   2.4759077489709699e-01	   5.2170340491541212e-01	   4.2462816039912399e-01	   4.2102648591412317e-01	   5.2141035508975941e-01	   3.7506573848191505e-01	   1.9065529186052196e-02	
   8.2451917405779185e-01	   0.0000000000000000e+00	   5.3921208823838618e-01	   4.9733879524259905e-01	   4.3504119568281385e-01	   3.0916837623211152e-01	   5.1455292928453500e-01	   4.4040064974380588e-01	   3.1065443602782283e-01	   1.9502019702952911e-01	   2.2327222582239770e-01	   4.8472290141831176e-01	   3.4617261955025419e-01	   4.7287521501937324e-01	   4.4512217817747868e-01	   3.5304514209243903e-01	   4.3830757365629036e-01	   5.5660666399180814e-01	   6.0062317290969180e-01	   6.4530145721887089e-01	   3.0740469772822421e-01	   3.9737354238780165e-01	   4.1655725345861061e-01	   3.6369043690966463e-01	   3.3871905904472077e-01	   3.4910167672109649e-01	   4.2573405361441491e-01	   2.4821961876604023e-01	   6.3030368650369772e-01	   5.9924459676666131e-01	   5.4410419530804599e-01	   5.2176177782732780e-01	   4.8816122062658607e-01	   4.9666802285520795e-01	   5.3096308983654701e-02	   1.3929858968826969e-01	   5.8495622661051794e-01	   6.9089668593351483e-01	   5.5300183252141810e-01	   5.5216833920549990e-01	   4.0898471154518157e-01	   4.0592933893355487e-01	   3.6600274662242555e-01	   4.9457288412783446e-01	   4.5961844856863576e-01	   5.5252334885997978e-01	   4.7741914816118286e-01	   4.2166645328518421e-01	   5.4621187189764464e-01	   5.4308735377222084e-01	   6.4483096605122814e-01	   5.6922668414016608e-01	   6.4638152782150859e-01	   3.4982751818396396e-01	   7.4015108769381133e-01	   6.3548577997288480e-01	   7.8888644388979312e-01	   8.3311366855296876e-01	   7.3500338803048315e-01	   5.6830407456845455e-01	   6.7423852366064252e-01	   4.8128984705291472e-01	   6.7120036962719742e-01	   6.9850520945916283e-01	   2.9750392572041973e-01	   2.0377770647845450e-01	   4.3329497737914996e-01	   3.3923657928547041e-01	   6.0490869001568726e-01	   2.7353527440132797e-01	   5.0288650672361968e-01	   4.2894401662785114e-01	   7.9387354348425698e-01	   7.7004154482042364e-01	   7.3136515561769666e-01	   7.5553034577185918e-01	   6.5472214890336733e-01	   6.8391638359342011e-01	   5.7570467868324360e-01	   5.7585662108167468e-01	   6.0115028487529121e-01	   6.1819003228992719e-01	   5.0731005399929474e-01	   4.4685973191847217e-01	   5.8312256966269993e-01	   6.4601546269822574e-01	   6.0887946986729169e-01	   6.8384950904111708e-01	   7.2838173109655102e-01	   4.8101241047677695e-01	   1.5324420720288032e-01	   1.2833912703979902e-01	   1.9446187087950403e-01	   2.4232470649513033e-01	  -2.1298096975396569e-01	   3.6049322025810571e-01	   6.0646383958626315e-01	   7.4770632407753956e-01	   5.0674750723435202e-01	   4.9369421388769202e-01	   5.0968347789219337e-01	   3.3692372698414741e-01	   6.5820944995362574e-01	   3.7946713065614313e-01	   4.0967608503795244e-01	   1.0498270000666467e-02	   3.5093473119482105e-01	   4.3427867692898869e-01	   9.2393796507806908e-02	   3.4258495702914099e-01	   5.5841438273642707e-01	   4.8683814556271443e-01	   5.2767682379186343e-01	   5.4034184514362305e-01	   4.5720385577631317e-01	   6.5196711087465498e-02	
   6.0003922005596200e-01	   5.3921208823838618e-01	   0.0000000000000000e+00	   7.9846020897374248e-01	   7.5126398380064785e-01	   6.0596215303980627e-01	   8.4799190075569020e-01	   6.3790522619820134e-01	   6.1801878566858481e-01	   4.5214330299556027e-01	   2.9840147706544684e-01	   6.6498219788976565e-01	   3.4829834913211932e-01	   5.4851116676727607e-01	   7.4412778946405789e-01	   6.4536175778601068e-01	   5.2566669856345349e-01	   4.8708013228263591e-01	   8.3361323319752789e-01	   7.8498190979318894e-01	   2.7748901022854233e-01	   4.5923508663156715e-01	   9.0022467167237963e-01	   7.1785142314520822e-01	   3.5541196620517351e-01	   4.8482855087746130e-01	   4.7754825281118507e-01	   4.4765060443177784e-01	   6.0411942659683038e-01	   5.3897897539517836e-01	   6.9315235477482995e-01	   6.9452985932683675e-01	   6.9340990347079456e-01	   6.7846838893377681e-01	   5.7330128151661774e-01	   5.0183644184605425e-01	   3.5333198469943417e-01	   5.2583039308056445e-01	   4.8331470895175105e-01	   4.6498623475163248e-01	   5.4915665036154238e-01	   4.8480101341099430e-01	   3.6544649725013034e-01	   3.7153737048524299e-01	   4.7808519489105716e-01	   4.0871780614261560e-01	   4.0158660326548257e-01	   4.3466075388105574e-01	   4.8016460510555681e-01	   4.2608762017285151e-01	   6.8155987291457532e-01	   6.1948224798815343e-01	   6.6677923881099876e-01	   6.4100858494208046e-01	   6.9457880100925806e-01	   6.0499912028708636e-01	   5.0306236852350128e-01	   5.0034255058615862e-01	   6.6678230724921039e-01	   6.9226423720215180e-01	   5.8959137247572124e-01	   5.2979695527224624e-01	   3.7368099552488976e-01	   3.8042963909357097e-01	   7.6150097443811271e-01	   5.5818612320027605e-01	   7.4537399781441827e-01	   6.4711567687222127e-01	   3.6469882118655372e-01	   5.5068732105678930e-01	   6.1751477582994274e-01	   6.1921053793727343e-01	   6.5582668054159621e-01	   5.6717729772538938e-01	   6.1307997140471571e-01	   5.1749883543399622e-01	   5.7606961542703905e-01	   5.9247063098610231e-01	   4.0351868882933212e-01	   4.7215634440752274e-01	   5.2252853533635846e-01	   5.6152243713245986e-01	   7.7236288170619782e-01	   7.3376961494283033e-01	   7.7403103173386112e-01	   7.6263937777908652e-01	   4.1151718196475712e-01	   5.8040607775021114e-01	   7.3485132914396289e-01	   7.2711862262269966e-01	   5.2484539856905410e-01	   6.3091332551394197e-01	   5.5082506593932723e-01	   6.8409030954901140e-01	  -8.9769585793787243e-02	   2.2593865865216906e-01	   5.3884915687319968e-01	   6.4071786567780498e-01	   5.9025627806868453e-01	   6.3714455603364950e-01	   6.4179692287457835e-01	   6.6372599615809214e-01	   6.5089380526706808e-01	   5.4344930851378281e-01	   4.7611510178376854e-01	   1.4551234888467576e-01	   3.1519122371514957e-01	   4.0507259248965205e-01	   2.8123115582790637e-01	   1.7776368155380734e-01	   5.0257236641952918e-01	   5.3613293685338270e-01	   5.0612071767091993e-01	   2.7658853145912976e-01	   1.7593400166045242e-01	  -9.4272468776030238e-02	
   3.7034334968318761e-01	   4.9733879524259905e-01	   7.9846020897374248e-01	   0.0000000000000000e+00	   7.4276892318848498e-01	   8.1019193359355146e-01	   8.2974131962918629e-01	   8.7779856602627215e-01	   7.5805214802036036e-01	   7.5551534515226459e-01	   2.0249463681667770e-01	   6.5735551505175005e-01	   2.4603911771941828e-01	   4.9784926135982399e-01	   6.0562033347220900e-01	   7.4689248125570395e-01	   4.4818030504781986e-01	   4.9522962569293705e-01	   6.1018482397839069e-01	   7.3714287867233375e-01	   2.3680317857370767e-01	   6.4157973490351594e-01	   8.3725102649627070e-01	   9.2575477237750947e-01	   4.3742599768518431e-01	   7.0802905139399186e-01	   4.4270804167873462e-01	   6.5383090646474928e-01	   5.6682468190986013e-01	   5.7681580134167976e-01	   7.4735900344676487e-01	   8.3542877047020137e-01	   7.1578061140579652e-01	   7.7764005994006080e-01	   5.0604814432470602e-01	   5.9263880420996151e-01	   2.8003671264537233e-01	   5.6242188783456515e-01	   4.3884515207913194e-01	   4.3766617117722439e-01	   4.5414714283972024e-01	   6.0378874108483793e-01	   4.3720666807576952e-01	   4.8249352090268682e-01	   5.4142474449464051e-01	   5.4960116353709121e-01	   5.0136715274331023e-01	   5.2923583904043214e-01	   4.9553196694152457e-01	   5.1284563483223644e-01	   7.0680356357963381e-01	   5.8301659189290767e-01	   7.0224963418916020e-01	   6.7076014865596056e-01	   6.3843483016102287e-01	   5.8941059875792756e-01	   4.8896271414239539e-01	   4.7134078107476518e-01	   4.7670770568756288e-01	   7.8032951512264359e-01	   5.8490800905109275e-01	   7.5511121897304634e-01	   4.0906938734457032e-01	   4.7516673114112162e-01	   7.3035141051753505e-01	   8.0154142135948914e-01	   7.4938100619218295e-01	   8.2258617201655682e-01	   1.9246752517392834e-01	   5.1141049472543787e-01	   4.8502756027652616e-01	   6.5577923629238244e-01	   6.0634258742515690e-01	   6.1379784206783983e-01	   5.2469392132994641e-01	   6.4193387665989332e-01	   4.4474447445259807e-01	   6.3098597077356045e-01	   4.3151501155937161e-01	   4.4640917025593552e-01	   5.0865158866884141e-01	   5.7251276100881265e-01	   6.3405080381272472e-01	   7.4657307284507479e-01	   5.9850894826626244e-01	   7.4309913149252960e-01	   2.2965446129732681e-01	   5.0974211541339076e-01	   6.3571774086814603e-01	   7.8589701855223226e-01	   7.0254974606922271e-01	   5.6483149595123805e-01	   7.5819355325643878e-01	   5.5579861931403796e-01	  -2.3995447530558545e-01	   1.6648900682284640e-02	   5.5408860335387977e-01	   5.2863930339797194e-01	   7.0441648027905868e-01	   6.0469131805157628e-01	   7.0094680611061522e-01	   5.8106688031990128e-01	   6.2915141517080353e-01	   4.9050918902734836e-01	   4.9483494394250233e-01	   7.7977865867407514e-02	   1.0877584761164283e-01	   4.7219443057610727e-01	   2.3618124898643419e-01	   1.5874154544766594e-01	   4.4977607994659347e-01	   4.9657971124216238e-01	   5.6634096261243194e-01	   3.2560435878142163e-01	   2.6365292751633312e-01	  -1.4056086874915455e-01	
   3.7617258298285050e-01	   4.3504119568281385e-01	   7.5126398380064785e-01	   7.4276892318848498e-01	   0.0000000000000000e+00	   6.0962653110230836e-01	   6.1058225519503695e-01	   5.4469833323791994e-01	   7.0274353560769776e-01	   4.6939432929217650e-01	   1.2604674693433043e-01	   5.3384839842282472e-01	   1.7281079492092555e-01	   4.9761773362881495e-01	   6.5891682630152371e-01	   7.0075579201222338e-01	   2.2332781350255015e-01	   2.5821175235430283e-01	   5.1962662567258555e-01	   5.3425454262804373e-01	   4.0680011868150789e-01	   5.6851329984137666e-01	   7.7665702656638924e-01	   7.1005053585891464e-01	   4.4460204164161710e-01	   6.1346261399599944e-01	   7.0163166569517155e-01	   5.9755020771543355e-01	   3.5636530767445840e-01	   3.9398467438667362e-01	   5.8326521293897760e-01	   6.2810730261154601e-01	   4.7242694695107568e-01	   5.1937371945669886e-01	   5.0167579424397202e-01	   4.0443887593866606e-01	   2.5851580920747752e-01	   4.9933557577352650e-01	   3.2308045355298010e-01	   3.4928422476372317e-01	   2.7069551703859707e-01	   3.4970425714608633e-01	   3.9007530559149278e-01	   4.1338362766884817e-01	   3.5404502020497064e-01	   3.0432637579216282e-01	   4.0086531105795759e-01	   4.0611368488319532e-01	   4.2077021080203514e-01	   4.6783555000954663e-01	   7.3821591176407209e-01	   6.6375054262652200e-01	   6.1773120538988180e-01	   5.1025986224905895e-01	   6.1657244016798507e-01	   5.3223490160593445e-01	   4.0513335178830689e-01	   4.5122282901935507e-01	   5.2543440015010190e-01	   5.8183436179653369e-01	   3.6901173839831602e-01	   4.1356900599997659e-01	   2.0524455960007415e-01	   2.3680507431077430e-01	   5.7859982217961259e-01	   4.9924188621297050e-01	   5.8031770635911617e-01	   5.4564912018681944e-01	   3.8381132975002907e-01	   4.2895427735737346e-01	   6.5220959580012772e-01	   6.0013455237223989e-01	   5.1114107668383568e-01	   4.3530997045514641e-01	   4.7514806513554037e-01	   5.0154983126890074e-01	   3.5767172313075773e-01	   4.4350835435486341e-01	   2.9389425120400853e-01	   2.1940943572738320e-01	   2.7941592171151775e-01	   3.2451149292183462e-01	   6.0763426246495056e-01	   5.2072610251389406e-01	   5.6511047165844930e-01	   6.4775269449159079e-01	   4.1372214297100018e-01	   5.0031511485710722e-01	   5.3997451950065489e-01	   6.1636555892254252e-01	   4.3406278146517363e-01	   4.4749966421228171e-01	   5.3535158234603575e-01	   5.0381640635404024e-01	  -2.7662306723859281e-01	   4.4465528186750126e-02	   3.7681700908308391e-01	   5.3752978192567669e-01	   4.4404072564845720e-01	   4.3145958148385127e-01	   4.8320977576971702e-01	   4.0560909620752916e-01	   4.1759432429937127e-01	   3.3327280148693156e-01	   4.0335736331865440e-01	   1.0533281034489897e-01	   8.8228098375060210e-02	   2.3140106432321456e-01	   1.6415758592794763e-01	   1.6576866792041170e-01	   4.1607237511251194e-01	   3.2406602892097436e-01	   4.3292975342085899e-01	   3.0357161622941770e-01	   3.0380015683361894e-01	   8.0994085672566191e-03	
   1.6191370169201857e-01	   3.0916837623211152e-01	   6.0596215303980627e-01	   8.1019193359355146e-01	   6.0962653110230836e-01	   0.0000000000000000e+00	   8.2417822312150579e-01	   9.0955111463739802e-01	   8.2173159772469284e-01	   8.7319228859630860e-01	   2.5104407344411311e-01	   6.8331986382431154e-01	   3.9140537056333036e-01	   5.6978014407084054e-01	   5.5274390674636109e-01	   7.9383509318443757e-01	   3.9231506037314756e-01	   4.0077804079540280e-01	   4.4539758260947526e-01	   5.6198410666181697e-01	   3.0914967563398194e-01	   7.2306970000981829e-01	   7.0362611293928512e-01	   8.3807395697328313e-01	   3.5542035138293465e-01	   7.1641386848177824e-01	   2.5388920207668059e-01	   7.2861353566341291e-01	   5.6801141224162777e-01	   6.3497360464068653e-01	   7.6186553444350413e-01	   8.2721238318649171e-01	   7.2866042240518880e-01	   7.8620828536912546e-01	   4.5284199523950630e-01	   5.9711309226243237e-01	   2.1543336863677384e-01	   4.7820219778389839e-01	   2.0382276136037533e-01	   2.5244612581929859e-01	   4.4191024845310178e-01	   5.3520831227644861e-01	   5.5004962282108738e-01	   4.9804882931927541e-01	   6.2153953327092581e-01	   6.1033725461647104e-01	   5.7591415317500694e-01	   5.3049447927827775e-01	   5.2236061819428814e-01	   4.8645057888633370e-01	   5.7528764034267399e-01	   4.8993012522008311e-01	   5.5655161303126499e-01	   6.5985053849405673e-01	   4.3646079893815914e-01	   5.3099126843052991e-01	   2.3464697518011546e-01	   1.5240316269943818e-01	   3.0691744988324021e-01	   5.3400927130942266e-01	   5.1363232918063217e-01	   7.4784143366060474e-01	   3.9392537015356116e-01	   3.8481326383900510e-01	   6.6295833609726440e-01	   7.6187219983181464e-01	   6.1286209475729370e-01	   7.4324226823239570e-01	  -4.6885320029780848e-04	   3.5777973133536561e-01	   3.4871843495664345e-01	   5.7812031109898621e-01	   5.1847766842846144e-01	   5.2080647940286418e-01	   4.1655908896491323e-01	   5.7199483126434636e-01	   3.8950306145260422e-01	   5.7118702428228629e-01	   2.8114944519170015e-01	   3.2373034563876568e-01	   3.8494681980850820e-01	   4.1108023943904481e-01	   4.8170622311066202e-01	   6.7439257142097098e-01	   3.0778575503653710e-01	   4.5465473337414253e-01	   1.3265475058216993e-02	   2.5652006574244340e-01	   3.5396293524992156e-01	   5.9323828563492698e-01	   7.6240190521175899e-01	   6.2173867923851733e-01	   7.9871157408279858e-01	   5.4281896437287602e-01	  -1.9669711421614491e-01	  -5.5746315253708191e-02	   4.9234379694058461e-01	   4.2875925149284244e-01	   7.2212848629916859e-01	   6.5097710552590260e-01	   6.7216745094774422e-01	   6.2675826800404200e-01	   5.7044546497398352e-01	   4.7883298670577062e-01	   4.7116487847132044e-01	   8.4612514295761027e-02	   8.8633632721685660e-02	   4.8262069053271117e-01	   3.8113555870808835e-01	   3.4183832804977532e-01	   4.0435957198839156e-01	   5.6479024508342279e-01	   6.3602816198028855e-01	   3.0778156185232519e-01	   3.4669317950185041e-01	  -1.1212069674206299e-01	
   4.6563052009231010e-01	   5.1455292928453500e-01	   8.4799190075569020e-01	   8.2974131962918629e-01	   6.1058225519503695e-01	   8.2417822312150579e-01	   0.0000000000000000e+00	   8.6718281694973065e-01	   7.2600078719553052e-01	   6.8299782693591526e-01	   3.1763144857830600e-01	   7.4748967362532048e-01	   4.7002187714168997e-01	   6.2399043781076902e-01	   6.4167456577947535e-01	   7.3155811758374834e-01	   5.3393743471360389e-01	   5.0983601928282174e-01	   6.9460144399105395e-01	   7.5362667207939227e-01	   3.1368593893275315e-01	   5.8775146176020199e-01	   7.9096057450887214e-01	   7.6873274934429192e-01	   3.2267509176550607e-01	   5.4639837579998263e-01	   2.9808884789014684e-01	   5.9431953939767201e-01	   7.3134339500154244e-01	   7.0414976903262683e-01	   8.0470675546645054e-01	   8.0686683216901856e-01	   8.3625768587719440e-01	   8.4883080366992303e-01	   5.5776075067219977e-01	   6.0030849600027836e-01	   3.2873859855117959e-01	   5.5369022261716871e-01	   3.8128743852162367e-01	   3.6454400658019304e-01	   5.9032876604206730e-01	   5.5249299406453911e-01	   4.7248984964891622e-01	   4.4241690731289407e-01	   6.4405665028487413e-01	   6.1566208684622026e-01	   5.0936796886668556e-01	   4.8680596158467215e-01	   5.5782410056809972e-01	   4.9114028391946979e-01	   6.2608908716784806e-01	   5.7012463062719299e-01	   6.2869848502283598e-01	   6.5924537648522885e-01	   5.9793886175699762e-01	   6.1635812106080390e-01	   3.7718437313480579e-01	   3.1221788233723552e-01	   5.5569689820187840e-01	   6.2899112486204456e-01	   6.8422496089308538e-01	   7.4757901389473136e-01	   5.0326892861685379e-01	   5.2398756209500841e-01	   7.7754618625375604e-01	   7.1185705557612344e-01	   7.6564615467480901e-01	   7.5410715243491033e-01	   1.3054726408941084e-01	   3.9034373363057251e-01	   4.6821102617308785e-01	   6.2556793626077423e-01	   6.8564616576994719e-01	   6.4136729738125486e-01	   5.8280409836721536e-01	   6.2916104461343669e-01	   5.9951263996723059e-01	   6.9305299831584877e-01	   3.5197701290558614e-01	   4.2094134120897264e-01	   5.0575537521792691e-01	   5.1629158849139989e-01	   6.5274871418008473e-01	   7.5574071508796137e-01	   5.6562294953589620e-01	   6.2158714757147793e-01	   2.2264842731892726e-01	   4.2749385088801856e-01	   6.0719123886743720e-01	   6.8316717727999965e-01	   6.8789418951811976e-01	   6.8966007788584227e-01	   7.1394858421948038e-01	   6.8506576336508895e-01	  -6.2327908119279254e-02	   1.4376060216726935e-01	   5.6957748150879328e-01	   5.9617130074874669e-01	   7.2382304447369061e-01	   7.3484801929509058e-01	   7.6748670466336599e-01	   8.1177736529687028e-01	   7.3249650438237135e-01	   6.3490566558813399e-01	   5.3501100410006952e-01	   1.5514916458662875e-01	   2.6367753198281813e-01	   5.8116114850350398e-01	   4.0004815799681648e-01	   3.4788209464545311e-01	   4.9194688011122450e-01	   6.6405403068323121e-01	   6.6398866532451284e-01	   3.4948957843543527e-01	   2.7442811483125673e-01	  -7.8518591943022950e-02	
   3.2057650844746521e-01	   4.4040064974380588e-01	   6.3790522619820134e-01	   8.7779856602627215e-01	   5.4469833323791994e-01	   9.0955111463739802e-01	   8.6718281694973065e-01	   0.0000000000000000e+00	   7.2938111934651662e-01	   8.7042979851074453e-01	   3.5681200290368587e-01	   7.6228072329832364e-01	   4.4547083642394936e-01	   6.0179520606499071e-01	   5.6014146114912666e-01	   7.8926419637987610e-01	   5.4739137333480925e-01	   5.2849831001349812e-01	   5.2353265933465409e-01	   6.5952083901601111e-01	   2.2320249805716977e-01	   6.9674344552466039e-01	   6.5943204844118208e-01	   8.3586653467903560e-01	   3.2381145096706282e-01	   6.7398617499770686e-01	   2.2822777710730235e-01	   7.1700593902919751e-01	   7.0545223667946022e-01	   7.3375211081732983e-01	   7.7884448151271857e-01	   8.5050195175976573e-01	   8.0330425628772317e-01	   8.7088973078421361e-01	   4.3637098976317962e-01	   6.4811845725656836e-01	   2.9592908157566156e-01	   5.8238670656540081e-01	   3.4531019298671484e-01	   4.3934082852727391e-01	   4.8423196515910460e-01	   6.5983671587472348e-01	   5.2410476424327679e-01	   5.2796463641438940e-01	   6.7838385799690692e-01	   7.0368068075752110e-01	   5.9252452370472031e-01	   5.6638193316498830e-01	   5.5613175865562559e-01	   5.1962817070874479e-01	   6.1456155176110205e-01	   5.4261519282810700e-01	   6.0701149077910554e-01	   6.3822932981453440e-01	   5.7006872859251156e-01	   6.3534748419284770e-01	   3.7700132399730957e-01	   2.5702771410498515e-01	   4.1908832622556880e-01	   6.5220605140322629e-01	   7.0500268141335176e-01	   8.8079556135557802e-01	   5.2695011615473963e-01	   5.5607872637751765e-01	   7.1585060298567627e-01	   8.3920432251797750e-01	   7.2636245243195896e-01	   8.4425085201631123e-01	  -1.9858300871436259e-02	   2.9453947175525913e-01	   4.0614561572491592e-01	   6.2218394907550778e-01	   6.4558337354257522e-01	   6.6627819666979327e-01	   5.2208647730279556e-01	   7.1658236086228877e-01	   5.1026181554302641e-01	   6.9790782227479764e-01	   4.1161988913662162e-01	   4.3683317496313112e-01	   5.1818958029328377e-01	   5.1333110966575846e-01	   5.5971058438400001e-01	   7.6154437787657292e-01	   3.7992687754647336e-01	   5.6010499139207126e-01	   7.0868583733974921e-02	   3.4515338658673050e-01	   5.2065463587020067e-01	   6.7158213171205206e-01	   7.5215273467810095e-01	   5.5610586684167085e-01	   7.8704776635857909e-01	   5.1191317927230440e-01	  -1.3762679891957053e-01	   1.4103959466751512e-02	   5.9635459890807396e-01	   4.8199462707119367e-01	   7.6816929093544783e-01	   6.6136656195019028e-01	   7.1368984265694269e-01	   6.5052499805808872e-01	   6.6382515522144570e-01	   5.2752120415180692e-01	   4.9148241145223848e-01	   8.3178729280404026e-02	   1.2056441229764649e-01	   6.0563909769256408e-01	   3.2853614840197948e-01	   2.9615504135591292e-01	   4.3970446094481164e-01	   5.8023023063458190e-01	   6.7273163781342959e-01	   3.7870916529677245e-01	   3.3765642611604851e-01	  -1.0928420465684395e-01	
   1.4650648123899151e-01	   3.1065443602782283e-01	   6.1801878566858481e-01	   7.5805214802036036e-01	   7.0274353560769776e-01	   8.2173159772469284e-01	   7.2600078719553052e-01	   7.2938111934651662e-01	   0.0000000000000000e+00	   7.7054955383967561e-01	   1.0523794746599080e-01	   5.1508365752500129e-01	   3.0107182475896410e-01	   4.4200321301938128e-01	   5.9242701713544199e-01	   7.2607673905202796e-01	   2.7840038212653662e-01	   3.7241431078273524e-01	   3.6856249782168993e-01	   4.9978069256010538e-01	   3.2956248216055423e-01	   5.8045972084895825e-01	   7.0954112966638183e-01	   7.8173720437220595e-01	   4.4196262663764158e-01	   6.8161644009336553e-01	   3.3418748748598676e-01	   6.2509951203625702e-01	   3.7440451021803789e-01	   4.8516308521795681e-01	   6.3978609166819744e-01	   7.1450802826658621e-01	   5.7768860716813542e-01	   6.1378864556826773e-01	   3.7604184487757852e-01	   4.3465489952066294e-01	   2.2889913344313098e-01	   4.3409653732371112e-01	   1.6938273521226938e-01	   1.9953308823776042e-01	   3.5366321013798624e-01	   4.7460133164080653e-01	   4.8034749971624541e-01	   4.0161326027808225e-01	   4.8249909830810045e-01	   4.3485459234352025e-01	   4.4617087776856990e-01	   3.8324036688287738e-01	   4.0295220402860021e-01	   4.4243581631836082e-01	   5.7285931243942501e-01	   4.7045050399070953e-01	   5.3753666803722266e-01	   5.5862216436402035e-01	   3.7600299017825412e-01	   4.1306461306308140e-01	   2.5908151959100800e-01	   2.4712997512278964e-01	   3.0574492960274652e-01	   5.2490559888745225e-01	   4.4154662199416278e-01	   6.3786504941743982e-01	   2.5591439038976421e-01	   2.9140243261580678e-01	   6.3661633422762121e-01	   6.8950579436394999e-01	   5.2434967793989817e-01	   6.0315583605862277e-01	   1.9899158449667653e-01	   4.7894057721726341e-01	   4.1452924247612133e-01	   5.4613029175731431e-01	   3.8840427809837691e-01	   3.9350027773430984e-01	   3.5028285297057571e-01	   4.2701815876505417e-01	   3.1076968273808597e-01	   4.3833019779029292e-01	   3.0015036223788827e-01	   2.9007177337636503e-01	   2.9403964266450200e-01	   3.6771338493889455e-01	   4.3258979623861793e-01	   5.8788740368797443e-01	   3.3581598573416571e-01	   4.9505086781615248e-01	   9.6231101542346958e-02	   2.3868714674502542e-01	   3.5436777216918081e-01	   5.1928332258317589e-01	   6.1007475647283038e-01	   5.7867078759197343e-01	   6.6437684987556112e-01	   5.4145797857230571e-01	  -1.0106632253121148e-01	  -5.2066774003882129e-03	   4.0264621048504157e-01	   3.9401722692236851e-01	   5.8979760787704349e-01	   5.6255624102357171e-01	   5.6770095343377092e-01	   5.4100703888253165e-01	   4.8251596749258530e-01	   4.4431156043998432e-01	   3.8754835439245350e-01	   8.1150635697942758e-02	   9.3961848696110614e-02	   3.5512254987090841e-01	   3.2819418758896501e-01	   2.8649808464419618e-01	   3.7011782349355543e-01	   4.5605297449151411e-01	   4.9771738856745584e-01	   2.6998054075307543e-01	   2.9770619437111112e-01	   1.3315382477987676e-02	
   4.9198719489441281e-02	   1.9502019702952911e-01	   4.5214330299556027e-01	   7.5551534515226459e-01	   4.6939432929217650e-01	   8.7319228859630860e-01	   6.8299782693591526e-01	   8.7042979851074453e-01	   7.7054955383967561e-01	   0.0000000000000000e+00	   2.6052085871503938e-01	   5.9101733287364500e-01	   3.6671449661413952e-01	   4.2727239212866730e-01	   4.5889046898305896e-01	   7.7107206089368885e-01	   3.6210474164373724e-01	   3.4975243243058296e-01	   2.6848240908196458e-01	   4.4101259178472346e-01	   8.2943795697789868e-02	   5.8882743753462097e-01	   5.3138581322440426e-01	   7.8987194013102824e-01	   2.9706122045820110e-01	   6.6996338705738756e-01	   1.0941291888475069e-01	   6.2647846684770270e-01	   4.7686976708979756e-01	   5.5459055613805297e-01	   5.9331480768606748e-01	   6.8429393631892022e-01	   6.0158753694908429e-01	   6.5505870064630600e-01	   3.5134217619136043e-01	   5.8220802758950441e-01	   2.2797883259079521e-01	   4.0146074048375779e-01	   1.8977169824523296e-01	   2.5469856525730405e-01	   3.1859084258360060e-01	   5.0777202378013486e-01	   3.7586141111223270e-01	   3.1848665168416257e-01	   4.4737085343236593e-01	   4.3090437246725982e-01	   3.9221161072208999e-01	   3.3885803389545638e-01	   2.8240697198467923e-01	   2.6926494331801287e-01	   4.1258877100643976e-01	   3.2144573911703617e-01	   3.9648138533271626e-01	   5.1394521628715051e-01	   3.0246887069833817e-01	   3.9258616234951310e-01	   2.1740308167404662e-01	   1.1047722665704582e-01	   1.2771041503627850e-01	   4.3683950883087402e-01	   4.3405636410633719e-01	   7.0083358846181498e-01	   3.0847138958672604e-01	   3.1916954805577091e-01	   5.9672147316928481e-01	   7.7365843663562117e-01	   5.1212946176230345e-01	   6.6726143052461850e-01	  -1.9657310934141598e-02	   3.1887084132320181e-01	   2.4479532657378561e-01	   5.0461366180558209e-01	   4.0855259629870788e-01	   4.3247244171810861e-01	   3.0407181232208536e-01	   5.2286835623533356e-01	   2.4709948027085055e-01	   4.3415429978894404e-01	   3.0029130430617451e-01	   2.9395251575664882e-01	   3.3635254723610108e-01	   3.4669836147475896e-01	   3.5556420028837482e-01	   5.9853572682501988e-01	   1.9210393013771546e-01	   4.3666773296777117e-01	  -1.0264055783852730e-01	   2.0392467369341880e-01	   2.6857118282427872e-01	   5.1441246829502285e-01	   6.6830370275094308e-01	   4.4978094758065335e-01	   7.4684703433745558e-01	   3.5825259570970386e-01	  -1.6530859122259278e-01	  -7.5744721985443145e-02	   3.8504799786005584e-01	   2.6613576503392788e-01	   5.7354771151629402e-01	   4.2098817378522668e-01	   5.6225066619803599e-01	   4.7468190135113786e-01	   4.1017332679897356e-01	   3.4182694462637142e-01	   2.9635763648932500e-01	  -7.9439606582596793e-03	  -3.2613791154736851e-02	   3.9261872001514186e-01	   2.4798299007743480e-01	   2.8399151927623867e-01	   3.0721922925487011e-01	   3.6998414787035916e-01	   4.4816696646553356e-01	   2.7401749719080482e-01	   2.1979103148105228e-01	  -8.7468882570031214e-02	
   4.9051243314738779e-01	   2.2327222582239770e-01	   2.9840147706544684e-01	   2.0249463681667770e-01	   1.2604674693433043e-01	   2.5104407344411311e-01	   3.1763144857830600e-01	   3.5681200290368587e-01	   1.0523794746599080e-01	   2.6052085871503938e-01	   0.0000000000000000e+00	   7.1916955119840509e-01	   8.5800348207274046e-01	   7.5008331558835495e-01	   6.5581334926739654e-01	   5.2034389548483206e-01	   7.3983245389749674e-01	   3.7567085308777726e-01	   2.9415103083234384e-01	   1.9687173690634585e-01	  -1.4422612901379578e-01	   1.0929580613526409e-01	   2.9070696715923616e-01	   2.6912452218002791e-01	  -1.0425607909725768e-01	   1.2253425131512791e-01	  -6.4829641600506624e-02	   2.1870286214567919e-01	   6.1225500801837529e-01	   5.4235831401032364e-01	   2.8049193234954245e-01	   2.7541954251093181e-01	   3.0117370640639263e-01	   3.1198028213658358e-01	   1.3918820255453818e-01	   3.1753349028064443e-01	   3.0525384154133600e-01	   4.5464331358070098e-01	   2.3788302614030532e-01	   4.5459789565901082e-01	   4.3504967143768158e-01	   4.4888439553479365e-01	   3.6436479597397781e-01	   3.3906353873139394e-01	   2.8827517563363475e-01	   2.4269306963796763e-01	   3.0057970338141005e-01	   2.3698262434082262e-01	   2.4619264909123195e-01	   1.4262378845572377e-01	   1.5123078354731123e-01	   2.1319755329303391e-01	   1.7317335154948063e-01	   2.4271496873281323e-01	   3.6014573040881881e-01	   3.7682324191094690e-01	   3.5908186293511868e-01	   8.1052079503329474e-02	   2.4169047187276921e-01	   1.0510035691827441e-01	   4.7521532087030754e-01	   3.1527867702395340e-01	   3.0239957785406280e-01	   1.3230813808829381e-01	   3.4369302850760108e-01	   1.8327522584732134e-01	   2.1729485553395683e-01	   1.2383586431301102e-01	   1.5190092001382297e-01	   1.1591807128964429e-02	   2.3596540505401614e-01	   3.3913152951949510e-01	   4.5331621510707309e-01	   4.0695889444136180e-01	   4.7952021816436019e-01	   3.6119324516111506e-01	   5.7265198355027613e-01	   4.6487763312399710e-01	   3.6066292922049620e-01	   3.9410034341533490e-01	   3.6492540272773960e-01	   2.4031945666657489e-01	   5.0863589420915667e-01	   4.4126370681341059e-01	   1.3106464846271332e-01	   2.4349143504148690e-01	  -3.2910878618745802e-02	   1.5759059415849835e-01	   2.5880917736816794e-01	   1.3112247639860342e-01	   2.0714434185407035e-01	   1.6688134487097109e-01	   2.6732734517583984e-01	   1.2353260386662043e-01	   3.6606300274081363e-02	   2.5017668355675404e-01	   3.5447804734818078e-01	   2.4718148299248635e-01	   2.9931753680126699e-01	   2.9924574365622381e-01	   2.4908355517675382e-01	   2.2765049573702639e-01	   3.1199534871155316e-01	   1.7705374959186249e-01	   1.7224452031977672e-01	   1.1659137972870892e-01	   2.4473915520632800e-01	   3.5626328447893307e-01	   3.4081921528240799e-01	   2.5368082849612139e-01	   3.3533928719577932e-01	   2.6056994579541348e-01	   2.6006336215353842e-01	   4.3765142497311782e-01	   2.7556548899691169e-01	  -4.6438441846485552e-02	
   5.6856734223382388e-01	   4.8472290141831176e-01	   6.6498219788976565e-01	   6.5735551505175005e-01	   5.3384839842282472e-01	   6.8331986382431154e-01	   7.4748967362532048e-01	   7.6228072329832364e-01	   5.1508365752500129e-01	   5.9101733287364500e-01	   7.1916955119840509e-01	   0.0000000000000000e+00	   6.6973976876009322e-01	   8.7777938461193938e-01	   7.0666304432818483e-01	   8.1846998007158267e-01	   7.1254260581257534e-01	   5.6227428075158081e-01	   6.0631303281975124e-01	   6.0057985988420637e-01	   1.4485807216196320e-01	   4.9237811462104353e-01	   6.7332363241641602e-01	   7.0473173666031053e-01	   1.2267354124076846e-01	   4.4304791528178800e-01	   1.8072421515219389e-01	   5.6719436495790110e-01	   7.9851664033277747e-01	   7.7654277498572188e-01	   6.9794649398284869e-01	   7.3575946891771005e-01	   6.7157274263288236e-01	   7.2576589718549711e-01	   3.3197443267741278e-01	   4.6494385638880198e-01	   2.9042111851248364e-01	   6.0780886806998491e-01	   2.9922944245840122e-01	   4.9766987105416821e-01	   5.5942405644405335e-01	   6.0091398192653500e-01	   5.0540017903563239e-01	   4.8819029604621328e-01	   5.6191145067785520e-01	   5.5170679575877157e-01	   5.1486708457199115e-01	   4.4158172745840096e-01	   5.2737091996541507e-01	   4.6471348997433160e-01	   5.5128342124601781e-01	   5.3986557416223047e-01	   5.6481221868239462e-01	   5.5388302523422184e-01	   5.8726573394363935e-01	   6.1367070440520011e-01	   4.5539868270004757e-01	   3.0572292776215793e-01	   5.2089230171421297e-01	   5.7355963782823638e-01	   6.9758200195912579e-01	   7.2457711762450616e-01	   4.8236863656796236e-01	   4.5989931172854537e-01	   6.3294163369285728e-01	   5.8880524145456181e-01	   5.5847699072516610e-01	   5.4685179751028634e-01	   1.3355951048683551e-01	   1.9405521322079272e-01	   4.4745060983421014e-01	   6.1041919494953356e-01	   6.9976505971364644e-01	   6.4028972039609378e-01	   6.3248645957464134e-01	   6.4689540603215279e-01	   6.6128947562987705e-01	   7.2350956223719809e-01	   4.5822147054176188e-01	   5.1125275766427503e-01	   5.2918364205127855e-01	   4.7069980734727079e-01	   7.2524375281250131e-01	   7.2925404885745715e-01	   4.4905613387502297e-01	   5.3379857589341251e-01	   1.4890374613343058e-01	   3.1651406812454330e-01	   5.4678661314185928e-01	   5.6400310400670683e-01	   5.5814377461126052e-01	   4.2160780367777551e-01	   6.0739354344005203e-01	   4.0294948346389270e-01	  -1.6619256684408268e-01	   1.5018551417792830e-01	   4.9539587342527247e-01	   4.5128427013366118e-01	   6.4221284922351607e-01	   5.6969680544870493e-01	   5.7350449386707103e-01	   5.0626229423766611e-01	   5.9964840969386368e-01	   4.1934071405355389e-01	   4.0636269190898155e-01	   6.6828208562794547e-02	   2.7330174582660011e-01	   4.9771206222277831e-01	   3.4800594153685316e-01	   2.3220321911320796e-01	   3.8557225812661056e-01	   5.3145362488108083e-01	   5.1603445548130700e-01	   3.8593187119709366e-01	   2.8410149682573765e-01	  -2.0232069092350008e-01	
   5.2889866242495831e-01	   3.4617261955025419e-01	   3.4829834913211932e-01	   2.4603911771941828e-01	   1.7281079492092555e-01	   3.9140537056333036e-01	   4.7002187714168997e-01	   4.4547083642394936e-01	   3.0107182475896410e-01	   3.6671449661413952e-01	   8.5800348207274046e-01	   6.6973976876009322e-01	   0.0000000000000000e+00	   7.7261735207269544e-01	   6.9579676540937363e-01	   5.1649915649623801e-01	   6.6542250219240739e-01	   3.9230347188607245e-01	   3.0091209649206946e-01	   2.4192181071439811e-01	   5.0713610984906059e-02	   2.3923692573590222e-01	   2.8998185751658423e-01	   2.8392806111751401e-01	   1.1923859393225356e-01	   2.8294268579454879e-01	   4.1570219459057957e-02	   3.2584330690370694e-01	   6.3761211902738590e-01	   6.1030084642610638e-01	   4.0010758921547629e-01	   3.5246967204578450e-01	   4.5788538598742007e-01	   4.2447148583236649e-01	   1.9464907566861742e-01	   3.6046268049548441e-01	   4.6565158669856721e-01	   5.7185061929551062e-01	   2.9299100727150856e-01	   4.5649795285968964e-01	   5.3091923205562508e-01	   4.3171551186650081e-01	   5.1598413124836795e-01	   4.2889090958203757e-01	   4.5559463195804961e-01	   3.9033160009485868e-01	   4.2292871442754343e-01	   3.3528483784786911e-01	   3.6041836937046717e-01	   2.5914410749480915e-01	   2.1598653171789081e-01	   2.9385452430763176e-01	   1.7396089466726744e-01	   2.2985947480009417e-01	   3.6813703113009971e-01	   4.2694497996537012e-01	   3.5825326555006981e-01	   8.3154767950661859e-02	   3.1050057357140326e-01	   5.4527081502897257e-02	   5.6629281786494734e-01	   3.1919465243366596e-01	   4.2179636251111652e-01	   2.2748069880000854e-01	   3.3352355508864018e-01	   1.6991735878511760e-01	   3.3044769419438996e-01	   2.0053889551477097e-01	   2.4977833653666398e-01	   1.0748169689015086e-01	   3.4948752162969521e-01	   4.1640117430465973e-01	   5.5520738911960521e-01	   5.1259772008930138e-01	   5.7998041064038219e-01	   4.4801985973587122e-01	   6.5184957185998416e-01	   5.4220189759255433e-01	   3.3510444167607467e-01	   3.8409680299610172e-01	   3.8580439867477956e-01	   2.5637324567759073e-01	   4.1039852915898944e-01	   4.2554983318875395e-01	   1.3380066634503629e-01	   2.4511113050281430e-01	  -1.7888997912863171e-02	   1.4295591621345374e-01	   3.1616239219738784e-01	   6.8598924074470630e-02	   2.4330974071440981e-01	   2.7977346534483105e-01	   3.4245973873371749e-01	   2.8445448338304463e-01	  -1.1338209090396990e-02	   2.5159307272970016e-01	   4.7638788068483451e-01	   4.2812738447967069e-01	   4.0829043898687267e-01	   4.7276835725255129e-01	   3.7402901395482691e-01	   4.7432820218664762e-01	   4.6918920891678184e-01	   3.6636612607552099e-01	   3.0400636182407326e-01	   2.3530397175476916e-01	   3.2760708088665819e-01	   4.8840486148805190e-01	   3.2159847778033090e-01	   4.1351213198580117e-01	   5.1336250692218033e-01	   4.8415856404270863e-01	   4.5196189771995982e-01	   5.9102824079248006e-01	   4.4186267263792423e-01	   6.6173041358221718e-02	
