   0.0000000000000000e+00	   7.4443235252949969e-01	   6.2914336990217290e-01	   5.3919306802761979e-01	   5.2584987016358042e-01	   4.1493750940971208e-01	   6.0689118377973261e-01	   4.0752181288812439e-01	   5.1539599132482639e-01	   4.2000039207819773e-01	   7.6758592805428771e-01	   8.0604748939234061e-01	   6.6760441702892870e-01	   5.9351332368312881e-01	   5.3105750298886356e-01	   5.9580552601241166e-01	   4.8014870562842887e-01	   4.8476262974860773e-01	   8.7199388893496366e-01	   6.9437735061952999e-01	   3.2819124973004771e-01	   2.2338678029892470e-01	   5.6562038790351421e-01	   4.5969073474367395e-01	   2.2108684121456262e-01	   2.5821570301717461e-01	   4.7058861298287469e-01	   4.6911635690630177e-01	   4.5649073496120673e-01	   3.2372352813129002e-01	   2.5854232008211703e-01	   3.7088338421574829e-01	   4.7966965041051879e-01	   5.0029505774529293e-01	   1.1688774115420217e-01	   6.7744128063858735e-03	   5.8546358482674477e-01	   5.3611738484999472e-01	   6.4829410608520965e-01	   4.6654402954134622e-01	   3.5590828454225415e-01	   3.8935637527506001e-01	   3.2167306977808369e-01	   3.0378563140395459e-01	   2.2352079651884721e-01	   1.6116227660974369e-01	   4.1166345852767361e-01	   4.6525193667311238e-01	   4.9953856976824051e-01	   5.2432531786220360e-01	   5.8098766243577760e-01	   5.5035747049340156e-01	   6.0941448590075475e-01	   5.1278285314004923e-01	   7.2369914788697765e-01	   6.9299554306855626e-01	   7.3624345369670774e-01	   6.4903864344663076e-01	   6.7949509148591458e-01	   6.2732312196801243e-01	   7.8692603150671092e-01	   6.3029999045160290e-01	   5.1464758021702406e-01	   5.1546378755605782e-01	   4.3919800340884541e-01	   5.5171362793295564e-01	   4.1413411529693139e-01	   3.0082667287989556e-01	   7.3893395114589056e-01	   6.7347907840107757e-01	   5.0569864510517948e-01	   5.7224307304451327e-01	   6.7782495903037399e-01	   6.3986400455784032e-01	   5.8793556846846606e-01	   5.2411257702043779e-01	   6.0744047858022387e-01	   7.0180128818201193e-01	   4.8328797094431930e-01	   3.9597892214959279e-01	   5.0149123992143940e-01	   6.2390752416601636e-01	   5.7491905395217491e-01	   5.7432975701784339e-01	   7.5362997798981046e-01	   6.8984191205848655e-01	   6.1197439546249821e-01	   5.8378880811786560e-01	   7.4470810318264902e-01	   6.3510135363662334e-01	   5.5403770436046385e-01	   5.1975710697613620e-01	   3.6537002891470083e-01	   2.6291355669673983e-01	   3.0181024589010952e-01	   3.4219097873859983e-01	   6.6012370509511831e-01	   5.5473701581570967e-01	   6.1256011092794194e-01	   7.6394581935189898e-01	   2.8861052561314637e-01	   6.2625344389145665e-01	   3.7738030251156052e-01	   5.2246014533103668e-01	  -1.4679450072199130e-02	   7.9168037917416584e-02	  -4.4998826863186341e-03	   5.8439381379080246e-01	  -1.8100158855881263e-01	   6.7474788377951400e-01	   5.0913971640544875e-01	   4.7910905471881543e-01	   3.9925504353011509e-01	   2.1633977246074104e-01	  -4.4440889284823828e-02	  -2.9619236979799135e-01	
   7.4443235252949969e-01	   0.0000000000000000e+00	   4.1029186963781017e-01	   4.4302059776287150e-01	   4.7393122257611531e-01	   5.0079320256256465e-01	   3.7852684445419460e-01	   3.1955311797482372e-01	   3.1606434078637735e-01	   2.7459527220544055e-01	   4.1784049886192975e-01	   6.6149243998644014e-01	   3.0878013594051479e-01	   4.9752104435540151e-01	   2.3306848514592748e-01	   4.7456496736793419e-01	   6.8060110929058637e-01	   7.2853867504898284e-01	   6.9930491709271325e-01	   6.5580068564420901e-01	   3.2134215938102961e-01	   3.5295809557496088e-01	   3.8574072601395948e-01	   3.7410513031782067e-01	   2.8246478325203506e-01	   3.8727565048780044e-01	   4.2241983780352954e-01	   5.2155328278194113e-01	   5.9492732262611914e-01	   6.0637252129778574e-01	   3.4431071511859412e-01	   3.7239956565757365e-01	   4.8771679217055486e-01	   4.9764614785552047e-01	  -7.9737633547608024e-03	  -1.5231191888355208e-01	   5.1534469673887218e-01	   6.2927583271481324e-01	   5.2979409910701025e-01	   5.3213223958978884e-01	   3.9892349058805743e-01	   4.1544496197598868e-01	   4.7897723488518362e-01	   4.6696592119326219e-01	   3.9747540323556840e-01	   3.7673053551558355e-01	   5.3044833117868373e-01	   6.0711821644847686e-01	   5.2494308147833502e-01	   5.7230791911058865e-01	   5.6217950114148518e-01	   5.3734518846663126e-01	   5.6361917348494239e-01	   5.3512838901616067e-01	   6.6518297218702571e-01	   6.8263524767841688e-01	   8.6374894468331176e-01	   8.5740788377254629e-01	   4.1986565674986942e-01	   4.8087016418824924e-01	   4.7629602564178591e-01	   3.9344864077249020e-01	   5.9645332984935195e-01	   5.5413585272707133e-01	   1.8064147365061486e-01	   2.7908510592890712e-01	   2.7917860810041700e-01	   1.7416391994804528e-01	   7.4461518917138703e-01	   6.0290209527515126e-01	   3.3503312024508081e-01	   4.3571301771519022e-01	   6.6788339916810224e-01	   7.0543185568800504e-01	   5.0608793515365302e-01	   5.3023872825657659e-01	   5.4908133837884809e-01	   5.6091014154533370e-01	   7.2964824588844923e-01	   6.1255415780056865e-01	   7.3636874696173182e-01	   7.2565637580576869e-01	   5.4990329577566210e-01	   7.1462746455438553e-01	   5.6527914440946347e-01	   5.7797406676928742e-01	   5.6671697180656055e-01	   5.9815874890971510e-01	   4.6805786985460618e-01	   5.5430582699325970e-01	   4.4967427266165078e-01	   2.7139711751950218e-01	   2.6195841416448407e-01	   8.9420052186234111e-02	   2.8657557076621387e-01	   4.2866112983786431e-01	   6.4713387629188468e-01	   6.3060126045917297e-01	   6.5748225455743436e-01	   7.0666818781669183e-01	   3.0662644357400243e-01	   2.6603628790443423e-01	   5.2003756177444616e-01	   5.2961547826891375e-01	  -3.9085957526036885e-02	  -2.1217798314937076e-02	  -3.2173737971239638e-02	   3.6537197642956193e-01	   2.1951301897596791e-02	   6.8850323333984687e-01	   5.7110761078924077e-01	   5.7094814711643349e-01	   4.4805842072653679e-01	   3.1905220972164433e-01	   1.1419629045358906e-02	  -2.2657080849036998e-01	
   6.2914336990217290e-01	   4.1029186963781017e-01	   0.0000000000000000e+00	   8.0008381331573719e-01	   7.6948687827032258e-01	   6.7076475361626442e-01	   8.2330463678063870e-01	   3.1714867251006063e-01	   7.0401097305948135e-01	   4.0851304129494148e-01	   4.4380555920797904e-01	   5.3780173725953162e-01	   2.5980529915246875e-01	   2.1229018694699284e-01	   2.3742360313491936e-01	   3.0493522586272936e-01	   1.4776119668684898e-01	   1.6287983385513222e-01	   6.3736937190126997e-01	   4.9297359254718359e-01	   4.9871662912491288e-01	   4.6252845812304733e-01	   8.3568871235849995e-01	   8.5484487811654897e-01	   7.4166585777269045e-01	   7.1651030612407596e-01	   8.3766981699906151e-01	   7.8414606062028980e-01	   1.6433703827993229e-01	   1.2893407825086259e-01	   5.1070255445486634e-01	   6.1463420321278339e-01	   6.1415026292363861e-01	   5.6069156777750795e-01	   5.7182790868091748e-01	   4.7520789068154579e-01	   5.2935447592186557e-01	   5.5682338446444812e-01	   6.4239102736982234e-01	   3.9523177973734647e-01	   2.7491507786697478e-01	   3.9504239787509632e-01	   3.9419613625808403e-01	   4.4061545498484900e-01	   3.6854010382297375e-01	   2.0721017478720455e-01	   3.8126900707851863e-01	   4.4243853539541944e-01	   5.8484356649961433e-01	   4.8122860320626559e-01	   7.1011310830728058e-01	   6.0611411321964070e-01	   6.3123075066683154e-01	   6.0563914437034727e-01	   6.3664930921225860e-01	   6.5469106839700841e-01	   3.9229581482565939e-01	   3.8741847955632552e-01	   7.4180562189961008e-01	   6.5960940071874141e-01	   6.6228798461613703e-01	   4.9993082078285733e-01	   3.1253891342366569e-01	   2.2749590831246180e-01	   6.1697698856725358e-01	   6.9017337359924458e-01	   7.8189637529120048e-01	   6.8576394757049730e-01	   6.9484557238907196e-01	   6.4811327168295318e-01	   3.3235355239488351e-01	   3.4365436324616494e-01	   3.3984705643201896e-01	   3.7579995573746316e-01	   3.8421206151829923e-01	   1.6465759310721145e-01	   4.0924277298197737e-01	   4.9300422986808079e-01	   3.0344941054742308e-01	   2.7025977652353828e-01	   3.4888911097485581e-01	   5.7059461123097832e-01	   4.2570298502328902e-01	   4.9186545444071239e-01	   7.3306259023329512e-01	   7.9041759621598695e-01	   5.7207692972059310e-01	   6.0058036512427981e-01	   7.0353194647034334e-01	   7.9166824500248145e-01	   4.8268758315508464e-01	   5.9399158527234552e-01	   5.3838245499383164e-01	   3.3340097109303718e-01	   1.5614961405607486e-01	   2.6944894802896929e-01	   6.7086270115162994e-01	   4.7338456572225351e-01	   3.8621867140289678e-01	   5.6553771671891961e-01	   2.4335036578469560e-01	   5.9196958696536772e-01	   2.5158363089303737e-01	   4.6905523585768499e-01	   1.8870609181748893e-01	   2.0339167109139586e-01	  -1.5049664357392663e-02	   5.1935075580739876e-01	  -3.0146185405334741e-01	   4.7615282612312471e-01	   5.5155574933572304e-01	   3.3221252754259423e-01	   2.4266634817253940e-01	   1.3806059269773863e-01	  -3.5466503754077235e-02	  -2.3249649750595713e-01	
   5.3919306802761979e-01	   4.4302059776287150e-01	   8.0008381331573719e-01	   0.0000000000000000e+00	   5.3014531656127994e-01	   7.3143017634456720e-01	   8.5465770496082583e-01	   6.4056973773633941e-01	   5.6354827529325568e-01	   5.1280155914977132e-01	   2.4520229032481194e-01	   6.0333592486090448e-01	   1.3272520896086656e-01	   2.6177163331322695e-01	   3.8281460482391554e-02	   2.9991514363327865e-01	   2.1279763685467668e-01	   1.6938243157631683e-01	   5.0379658805929006e-01	   5.0428676930963023e-01	   3.8582375134809177e-01	   4.7507353249595152e-01	   5.2322347222179955e-01	   7.6573903474664740e-01	   5.5692661135916044e-01	   6.9105808712593220e-01	   6.8714783253948764e-01	   7.3180494964010612e-01	   1.2806656806436659e-01	   1.4690109672632137e-01	   4.3694557982140891e-01	   6.5876243172872362e-01	   6.1377262932548660e-01	   6.3236433714961282e-01	   3.7607395670062305e-01	   3.7583301206618036e-01	   3.7348469305616500e-01	   4.8307297970520224e-01	   5.7169876822510712e-01	   4.0103707354205864e-01	   1.4777644572604448e-01	   3.7398553813819557e-01	   5.2087683267152829e-01	   5.1988687698903913e-01	   3.9210189366033099e-01	   2.4363102130571246e-01	   4.7667999903083724e-01	   5.0991012674897662e-01	   6.3429705475012232e-01	   4.7243280230058937e-01	   5.8669273072925843e-01	   4.8154569857668306e-01	   5.1601055636975579e-01	   3.9783768972984085e-01	   6.1751289429145950e-01	   6.2844004164183298e-01	   4.6212233494124549e-01	   4.0217024154043868e-01	   6.8498162493196857e-01	   5.6708065388679052e-01	   6.7411974341219372e-01	   5.2738944726672465e-01	   4.4792259002745177e-01	   3.3593274328390749e-01	   4.2449839820024254e-01	   6.6900156985532533e-01	   7.5172975641974860e-01	   7.4529691899532213e-01	   5.9978095818434296e-01	   5.6848694289987001e-01	   3.4931771431508735e-01	   5.5730670394255521e-01	   5.3333000015099230e-01	   5.6189563706592649e-01	   5.9824475090228113e-01	   3.7969579134462317e-01	   4.1932432702606998e-01	   5.6361366942642555e-01	   3.7506024535245197e-01	   2.5598517966474077e-01	   4.2399361426017718e-01	   5.5959221869397557e-01	   2.2288217642867336e-01	   3.6057138931932381e-01	   5.5636262021733185e-01	   7.7328999659464859e-01	   4.9310471359485430e-01	   5.2192217492148885e-01	   5.6397568271762744e-01	   6.8481579575185370e-01	   4.6218920000264352e-01	   4.2038583774192539e-01	   5.0568552672951717e-01	   1.8476875860496184e-01	  -5.5640352912100746e-02	   3.8728975264414367e-01	   6.3301825276284673e-01	   5.7130043102027606e-01	   4.5503527655590581e-01	   5.3888181396292911e-01	   2.6152551030656063e-01	   4.0077126399971241e-01	   2.6230395228563486e-01	   4.4114313163405017e-01	   2.3144719517003856e-01	   1.6020407681353355e-01	   1.4574720034278038e-01	   5.6121954321247536e-01	  -3.7622322753899051e-01	   5.2231630673982443e-01	   6.5656553361763148e-01	   3.9618090702906056e-01	   1.7826274349406995e-01	   1.3235120481513205e-01	  -1.5532296201640891e-01	  -3.7186019650876001e-01	
   5.2584987016358042e-01	   4.7393122257611531e-01	   7.6948687827032258e-01	   5.3014531656127994e-01	   0.0000000000000000e+00	   8.4108783124658459e-01	   6.6541964316083557e-01	   2.6491568262992027e-01	   8.0283558128351340e-01	   3.1467566095506350e-01	   2.6080619240602299e-01	   5.1321059299247462e-01	   2.1022255763598813e-01	   3.5880026122788755e-01	  -5.4796054014798840e-02	   1.1387610530785161e-01	   2.9917357408443757e-01	   4.2199051216380495e-01	   5.4037014849932241e-01	   4.9303069649499986e-01	   3.6946190151075414e-01	   3.0426278796216577e-01	   6.4583779258390861e-01	   6.8468985370037061e-01	   6.1939114346175628e-01	   7.9558311612152632e-01	   7.1785804147795362e-01	   8.5451145521760796e-01	   2.2894842712325714e-01	   3.5811209462617011e-01	   3.9319706274915606e-01	   4.1876925156846806e-01	   3.9582464911912019e-01	   3.4378865893506622e-01	   2.2985927162478220e-01	   1.4580937227796550e-01	   3.5497687154175367e-01	   5.8865614245859921e-01	   4.3780728871694363e-01	   3.4084261450846826e-01	   2.6362825632523057e-01	   2.7427938226242299e-01	   4.0751347312605446e-01	   4.6810794474313211e-01	   3.7685307242789107e-01	   2.9173249722905792e-01	   4.7458767402095381e-01	   5.1515059571814525e-01	   5.4659262054158320e-01	   4.6128132677947814e-01	   6.0775809314064222e-01	   6.0789920809322262e-01	   6.5211921095632230e-01	   7.1478970477508619e-01	   5.3322767293143492e-01	   6.3660231711077175e-01	   4.0143541308001157e-01	   3.9649178075531477e-01	   5.9706272271381333e-01	   5.9579305095868962e-01	   4.3865941093216354e-01	   3.0431648634514030e-01	   3.7114372617569635e-01	   3.2480368698738715e-01	   2.3988531187043335e-01	   3.0505491148164798e-01	   4.8837723781975106e-01	   3.9624548825698369e-01	   6.0090505815848250e-01	   5.4795320189046492e-01	   2.0516562753155962e-01	   2.2806588397792429e-01	   1.5911635511735550e-01	   2.8333447271650425e-01	   1.9615340568318673e-01	  -5.6842452445366440e-02	   2.3052385808205617e-01	   3.1461069956428644e-01	   3.4962295648850261e-01	   4.3771272099409292e-01	   3.9713645835447586e-01	   6.5387996714234231e-01	   3.5554353065889505e-01	   5.5805300199631558e-01	   5.3059590875619655e-01	   6.7904712346241825e-01	   3.7533677202084920e-01	   4.9033358920999670e-01	   5.1665017561159843e-01	   7.4737820556349543e-01	   4.9860499463730545e-01	   5.3064899980678815e-01	   4.7519930899132778e-01	   2.4600701939651298e-01	   2.0246363024703945e-01	   2.6110627023446020e-01	   5.3806667503474637e-01	   4.6514459281935311e-01	   4.3539426254327745e-01	   5.4881961512361910e-01	   2.7133486018557079e-01	   4.6179042701472095e-01	   4.3689408238592764e-01	   3.7899637096078231e-01	   1.1702106210121138e-01	   6.7331021210594644e-02	  -2.9654501228535877e-02	   3.9326832850068799e-01	  -8.0231956364364948e-02	   3.1191909980004739e-01	   4.3432010358448092e-01	   4.3337262870952520e-01	   2.9202005960514577e-01	   9.8583461767975444e-02	  -1.0624820217181327e-01	  -2.4035099662037895e-01	
   4.1493750940971208e-01	   5.0079320256256465e-01	   6.7076475361626442e-01	   7.3143017634456720e-01	   8.4108783124658459e-01	   0.0000000000000000e+00	   7.6435465332783981e-01	   5.5652650789034108e-01	   7.0292630684972157e-01	   4.5685473436502899e-01	   5.3058410883816250e-02	   5.7342673796905452e-01	   9.5001438544584996e-02	   3.8483731184999431e-01	  -2.5130307210805169e-01	   9.6976986777672969e-02	   3.2381635131981873e-01	   4.2930460122961628e-01	   4.2956295105907860e-01	   5.5048012810931413e-01	   2.7117103701809925e-01	   3.5435721122411867e-01	   4.0786722132359432e-01	   6.3593656788401653e-01	   5.1958314974471909e-01	   8.6293817124442329e-01	   6.4046650034891817e-01	   9.0970875023407816e-01	   2.2994298142132433e-01	   4.2130309192345716e-01	   3.5944255684968324e-01	   4.8237588241868778e-01	   4.6321724936066466e-01	   4.7448844530216094e-01	   9.6044241565569108e-02	   9.6999268722339313e-02	   2.2187496265750439e-01	   5.3481575005590043e-01	   3.7608533462442567e-01	   3.7726645327588926e-01	   1.7739936156303579e-01	   2.7542076033519919e-01	   5.4653460397845066e-01	   5.9595979365046126e-01	   4.5807904755774354e-01	   3.7798667119305862e-01	   5.9498573787930031e-01	   6.2286054304533389e-01	   6.8109881431370234e-01	   5.4342391551192293e-01	   6.1338903059781613e-01	   5.8350868892762053e-01	   6.1852895220339832e-01	   5.8129133252859833e-01	   5.4186836686843143e-01	   6.5356501547478996e-01	   4.4183544232610472e-01	   3.8238955013619669e-01	   5.8663174202570567e-01	   5.5839034447206704e-01	   4.3725061986446578e-01	   3.0369018076981685e-01	   4.8389243412727034e-01	   4.0878835578767947e-01	   6.9094880357750091e-02	   2.8067517674925513e-01	   5.3281832320496658e-01	   5.1730348140375204e-01	   5.7970319836670292e-01	   5.5815578155034640e-01	   1.5958141167730619e-01	   3.4295111656317334e-01	   2.8802386140313907e-01	   4.4285053961871257e-01	   3.6077242524761050e-01	   7.5573960962051129e-02	   2.1543619192323021e-01	   3.5472024153770820e-01	   4.0028706211872378e-01	   4.5720883177551042e-01	   4.9894696534928068e-01	   7.1930645109408675e-01	   1.9378691280687890e-01	   5.0065808641408072e-01	   4.0112266807571595e-01	   7.0345101881084304e-01	   3.1597224692232107e-01	   4.3509030039850072e-01	   3.9929361387645340e-01	   6.8888751284238681e-01	   4.7761158259623471e-01	   3.7504369964563833e-01	   4.3589025842498391e-01	   7.8248175418458882e-02	  -1.5380394436029596e-03	   4.2023747649744947e-01	   5.2231704069213780e-01	   5.7983810519035994e-01	   5.0010737364920765e-01	   5.0935076145895120e-01	   2.7289006520991183e-01	   2.8545844413374033e-01	   4.7654698778052806e-01	   3.2977667136480360e-01	   6.3779003290387215e-02	  -4.4179709639865151e-02	   4.7401808962181553e-02	   3.5119501051551472e-01	  -1.7483714310298887e-01	   3.9248687207412691e-01	   5.6583776393157414e-01	   4.7772480550483087e-01	   2.3936576108142590e-01	   1.1935183771603496e-01	  -2.3164131317792735e-01	  -4.0094235537503742e-01	
   6.0689118377973261e-01	   3.7852684445419460e-01	   8.2330463678063870e-01	   8.5465770496082583e-01	   6.6541964316083557e-01	   7.6435465332783981e-01	   0.0000000000000000e+00	   7.1469464630805346e-01	   7.2008526221318803e-01	   5.9758496161536412e-01	   3.1644505792910327e-01	   6.8064634832410986e-01	   3.5355207142042960e-01	   4.6682616276418309e-01	   5.1323618617091685e-02	   2.8437698059309441e-01	   1.9681889256791474e-01	   2.3471298604147206e-01	   6.0322929087179611e-01	   6.1043578683125632e-01	   1.6107116575651870e-01	   2.4615065006936321e-01	   4.9843705396492843e-01	   6.4836287892480027e-01	   3.9374838930414807e-01	   6.0922122230758102e-01	   5.7708162095559778e-01	   7.5172870339870868e-01	   2.1149572993652044e-01	   2.2008500566777567e-01	   3.3671764763717432e-01	   5.4859570944542713e-01	   6.0425347067076884e-01	   6.1811859530935820e-01	   2.1748477110152309e-01	   3.0759251130321563e-01	   2.8355268789237242e-01	   3.9280690959108477e-01	   4.8031322370004781e-01	   3.3386354086584902e-01	   1.2745886456776695e-01	   2.2119411954275398e-01	   5.1099654486779578e-01	   5.2068018032687235e-01	   3.8993327389407195e-01	   2.6580489905427634e-01	   5.3420366589038570e-01	   5.3137419103595429e-01	   7.2665722149051337e-01	   5.5621723528050526e-01	   6.0924514345742675e-01	   5.5284471053037776e-01	   5.8278213182507788e-01	   4.2837112883998163e-01	   5.9557815562308847e-01	   6.4762383438193749e-01	   3.9953358198400901e-01	   3.1321932608407371e-01	   7.6058742358143294e-01	   6.5570948649595051e-01	   6.9730350321072077e-01	   5.8535752826477283e-01	   4.9189985064002462e-01	   4.8545518615601091e-01	   2.8379120512576778e-01	   5.3262799104359915e-01	   7.1404457182360925e-01	   6.7963744784412916e-01	   5.8079678701396653e-01	   6.4619143545616575e-01	   3.7089546520761196e-01	   5.5113266818702411e-01	   4.4781455451674679e-01	   5.5920510774856980e-01	   5.5686341969551367e-01	   2.7502088325936203e-01	   3.9350598562671368e-01	   5.5811633192610710e-01	   2.9383025719642908e-01	   2.3977826181244002e-01	   4.2834631506160420e-01	   6.2984633106138355e-01	   2.0019498103119432e-01	   3.6871549420968619e-01	   5.5964944398476124e-01	   7.5428955050721047e-01	   3.8058580431145483e-01	   4.0333909861634631e-01	   6.3134035264991351e-01	   7.0667554176457559e-01	   6.0091543953191184e-01	   5.7396717125989649e-01	   5.3580115589760824e-01	   2.4467145998181944e-01	   7.0062725310164591e-03	   3.3997929757875306e-01	   5.8706555602622379e-01	   5.3911301814161960e-01	   5.5488506292334394e-01	   6.1964990391522190e-01	   3.7779061158033544e-01	   5.6835611778864670e-01	   4.1663938753054097e-01	   4.9859595330115258e-01	   1.0783759603678246e-01	   1.1842843532321534e-01	   4.4808386756951230e-02	   6.0497670232158185e-01	  -3.9365497178710829e-01	   4.5984492976382785e-01	   6.3611111392274666e-01	   4.1093930532365441e-01	   1.8604531730274440e-01	   1.8617690211995758e-01	  -2.1750835543705818e-01	  -4.4323398787312562e-01	
   4.0752181288812439e-01	   3.1955311797482372e-01	   3.1714867251006063e-01	   6.4056973773633941e-01	   2.6491568262992027e-01	   5.5652650789034108e-01	   7.1469464630805346e-01	   0.0000000000000000e+00	   4.7178457224053094e-01	   6.9802324738420007e-01	   1.2959735178859691e-01	   6.1744720220112415e-01	   3.8334209935019337e-01	   6.6083914760577289e-01	  -8.4334353848230431e-02	   2.5334762174955938e-01	   2.7929842227090729e-01	   3.0441712196183973e-01	   3.6886459202501565e-01	   5.1546332658992022e-01	  -2.3557850119942181e-01	  -5.8423675701780378e-02	  -3.6529421316138892e-02	   1.6403505059617762e-01	  -9.0445508141508341e-02	   2.4863988345343419e-01	   9.7405266954169956e-02	   4.2464358296074928e-01	   2.3427676576256723e-01	   3.1059554509115117e-01	   3.0086321850639676e-02	   2.8666949045003198e-01	   3.6627880416630471e-01	   5.3315281281353688e-01	  -1.5245591042461751e-01	   9.6402102477910895e-02	   4.5543219819712447e-02	   1.1126238348858025e-01	   2.3987007979862382e-01	   1.5151338853502963e-01	   7.1998255231360803e-02	  -3.2722276648031730e-03	   5.2189062714130996e-01	   4.6759485415225438e-01	   2.9574063212747514e-01	   2.7776314702857097e-01	   5.6543771935366272e-01	   5.0129111290973372e-01	   5.8893372665451937e-01	   4.1419660675482972e-01	   3.0769619312777519e-01	   2.6880709375491474e-01	   3.1056551107489183e-01	   1.5404658652302172e-01	   4.1343615505887954e-01	   4.4519483383624814e-01	   3.4322499190281497e-01	   1.8841952767811529e-01	   4.2362807938620572e-01	   3.9074116454746394e-01	   5.5816676400382315e-01	   6.5065480077861981e-01	   5.2026445756171524e-01	   6.5893397128532405e-01	  -6.6629985111469323e-02	   3.1273798321050078e-01	   3.1075964645183773e-01	   3.8955188545528568e-01	   2.7444912288510920e-01	   3.5925416676294314e-01	   2.1073159893587168e-01	   5.4922550547707705e-01	   4.9613792076381141e-01	   6.1057860179907264e-01	   5.6650256258847020e-01	   4.1857195632207900e-01	   2.8727010991226293e-01	   4.3292963824076963e-01	   2.8334637852282119e-01	   1.5320690583639210e-01	   4.2010248413822460e-01	   4.4893799792472028e-01	  -5.6427070375031099e-02	   9.8813258885332669e-02	   2.2523504220765606e-01	   4.0207770518219310e-01	   8.4218194465639759e-02	   6.2122774664142712e-02	   3.2619353438843485e-01	   3.1585800047566359e-01	   5.9189555391799742e-01	   3.7305970233187180e-01	   3.6825689233836784e-01	   5.0271644670254238e-02	  -2.0331539262739629e-01	   2.4329863494402557e-01	   3.3337216384929469e-01	   4.3741340610227009e-01	   5.8494275858160005e-01	   4.9642476230935872e-01	   4.4134843038795613e-01	   3.0964984800199313e-01	   4.1379077954088450e-01	   3.6637755901767566e-01	  -7.2977904415844286e-02	   1.9840527315931756e-04	   2.6400987060671810e-01	   5.8864271900784115e-01	  -3.9234584137627970e-01	   2.9721119609099478e-01	   5.8329069785328513e-01	   3.9627482963260596e-01	   1.8568361500357139e-01	   1.6267973644707023e-01	  -2.5094863196660688e-01	  -4.4710492965945681e-01	
   5.1539599132482639e-01	   3.1606434078637735e-01	   7.0401097305948135e-01	   5.6354827529325568e-01	   8.0283558128351340e-01	   7.0292630684972157e-01	   7.2008526221318803e-01	   4.7178457224053094e-01	   0.0000000000000000e+00	   6.1186874077162046e-01	   3.2007562577875726e-01	   6.2502582844726551e-01	   3.9548913123713048e-01	   4.9761946568999493e-01	   4.5914445801321521e-02	   3.0519796510318659e-01	   1.5555686421552345e-01	   2.7909876938438771e-01	   5.6557468614636974e-01	   5.1736402773724988e-01	   2.0071310292005942e-01	   1.7499273833216042e-01	   5.4282152073016354e-01	   5.8772819214028871e-01	   4.3154660289022007e-01	   5.4719058079938843e-01	   5.8894233287129227e-01	   6.8683722523080459e-01	   2.0616735584395743e-01	   2.4265249651055759e-01	   2.7804317732196776e-01	   3.7724959351269816e-01	   4.5987406731607688e-01	   4.7842615511837971e-01	   3.2209243073053584e-01	   3.2873852550343796e-01	   2.4453291917326844e-01	   3.9919407286888076e-01	   3.8676301293534099e-01	   1.9509899741742459e-01	   1.9870470649565891e-01	   1.9842529240405449e-01	   4.7669509014198730e-01	   5.1814298459220598e-01	   4.1477202729041518e-01	   3.8619327953516769e-01	   5.3769255700191010e-01	   5.3713647491426020e-01	   6.1786011200361268e-01	   5.2395516759648220e-01	   5.4915103139195964e-01	   5.3579215301902772e-01	   5.8472357150091714e-01	   5.6402954943791417e-01	   5.0738405763464622e-01	   5.4945101448959044e-01	   2.6011578767372667e-01	   2.1230748487946627e-01	   6.7343986199050021e-01	   6.9313324157547318e-01	   5.8682580902806958e-01	   5.8585262329903320e-01	   3.7199891491655440e-01	   4.0437843264200923e-01	   3.0466419019421331e-01	   5.4928765432327387e-01	   4.7326638413050348e-01	   4.8165720780384780e-01	   4.1168925497408593e-01	   4.2818713123049867e-01	   1.9540666038803997e-01	   2.8624068158091615e-01	   1.1518958994383406e-01	   2.6410917225772024e-01	   2.2080796190420030e-01	   6.2264274245560480e-03	   2.0321138652046075e-01	   2.9714768476965270e-01	   2.1303311915386958e-01	   2.5544465465008570e-01	   2.6936936463000244e-01	   5.2343253473596230e-01	   2.9361049622145735e-01	   4.1674962756158773e-01	   5.0957498193885065e-01	   6.3144708493431967e-01	   3.6688935141484924e-01	   3.6337163954841933e-01	   5.9039174520030446e-01	   6.6292589278820069e-01	   6.1203429716120161e-01	   5.4415743407931305e-01	   5.5233456750180299e-01	   1.8570725150822240e-01	   1.1552208926907120e-01	   1.1109148149808942e-01	   4.5725037002170010e-01	   3.2348476273124582e-01	   5.1236614765412614e-01	   5.5207859366625489e-01	   3.2925212065834875e-01	   5.4846397738366992e-01	   3.8565033104453461e-01	   4.2810704073372136e-01	   9.3659274817022617e-02	   1.8978082277531422e-02	   3.0121982795115014e-02	   5.8052491497000536e-01	  -1.7229781887785983e-01	   2.3441096147406043e-01	   4.3066751076666410e-01	   4.9608591669845187e-01	   3.6187695680537013e-01	   2.3280618529914121e-01	  -1.2158629160671304e-01	  -3.6183581530319608e-01	
   4.2000039207819773e-01	   2.7459527220544055e-01	   4.0851304129494148e-01	   5.1280155914977132e-01	   3.1467566095506350e-01	   4.5685473436502899e-01	   5.9758496161536412e-01	   6.9802324738420007e-01	   6.1186874077162046e-01	   0.0000000000000000e+00	   2.9902877066164713e-01	   5.4107366757795383e-01	   4.1567885357097256e-01	   4.9038175450963506e-01	   1.1078736788138988e-01	   4.7385958960140379e-01	   2.3832830872727490e-01	   2.7274521921564288e-01	   4.6320000720613375e-01	   5.2592294825663610e-01	  -1.5308330570688844e-01	  -6.1492778614512925e-02	   2.0572520323231608e-01	   3.1114809600139881e-01	   1.7154640956654889e-02	   1.6859631159352856e-01	   1.6804315879216597e-01	   3.2765181619079203e-01	   2.1980817772670130e-01	   3.0556109361229988e-01	   1.7779861327487847e-03	   1.8843575229184101e-01	   3.8926705663650396e-01	   4.9665376284015655e-01	   8.6732584611733859e-02	   2.2594239737244254e-01	   1.0480640154116588e-01	   1.0165643745045470e-01	   2.9195172214828485e-01	   5.0016110332655267e-02	   2.4626907279299282e-01	   1.7967588937533008e-01	   4.5293462753816516e-01	   3.7862140651456599e-01	   3.8741920955675191e-01	   4.3474777288392280e-01	   5.0594349348714363e-01	   4.5655464299872539e-01	   5.6062691583230961e-01	   4.4790442488597254e-01	   3.1853760267115655e-01	   2.3602287815595926e-01	   3.3071567749038822e-01	   2.2608907658918409e-01	   3.6431142798158467e-01	   3.6336263508465139e-01	   2.5077788308629639e-01	   8.6424512178006202e-02	   4.5410017653360635e-01	   4.2810237718982658e-01	   5.3740361565889383e-01	   6.9691682969583724e-01	   3.4608317519385112e-01	   4.3325272646706370e-01	   1.1232927671947049e-01	   4.7587376217138688e-01	   2.4928640777410632e-01	   3.3512215535141521e-01	   2.7294032756149195e-01	   3.8803040306459569e-01	   1.1116953243974817e-01	   2.7364100863366608e-01	   2.4591519923675043e-01	   3.1261071249456079e-01	   3.0343979767117696e-01	   2.2132420018005450e-01	   1.5719128632811774e-01	   2.9020395839750446e-01	   2.1678818329142752e-01	   2.4672014115044502e-01	   3.3810249777427720e-01	   4.4242743571169840e-01	   1.2902346916458943e-01	   2.3434923570163380e-01	   3.3673061805513849e-01	   4.3063827171503566e-01	   1.8300725336009674e-01	   1.2945357075558747e-01	   4.5038179153644348e-01	   3.3410523750309534e-01	   6.0598884142127807e-01	   4.4458039886180595e-01	   5.3276131861894893e-01	   1.1726726627198550e-01	  -7.4814767818541239e-02	   1.2889105813679919e-01	   2.5440435107184584e-01	   2.8515474474937413e-01	   5.4434445685126298e-01	   4.5022665030396170e-01	   4.1268079392236501e-01	   3.9725983886868133e-01	   3.1037447158763393e-01	   3.2035224193452827e-01	  -7.2162547890236434e-02	  -1.4630875947064206e-01	  -1.7119284549409568e-02	   4.4439432175070687e-01	  -2.4960433168856977e-01	   1.9930173050460920e-01	   4.6381901610078302e-01	   5.0361178927596661e-01	   3.0535649265354675e-01	   1.9957751937739007e-01	  -1.3274885487217056e-01	  -4.5084539476300489e-01	
   7.6758592805428771e-01	   4.1784049886192975e-01	   4.4380555920797904e-01	   2.4520229032481194e-01	   2.6080619240602299e-01	   5.3058410883816250e-02	   3.1644505792910327e-01	   1.2959735178859691e-01	   3.2007562577875726e-01	   2.9902877066164713e-01	   0.0000000000000000e+00	   6.1873788794462836e-01	   7.7335048597514333e-01	   3.7678535726015228e-01	   7.6365350046216651e-01	   6.5285043180429581e-01	   3.3207629274737832e-01	   2.7390340632232713e-01	   6.5319912475626773e-01	   3.1407868020950630e-01	   2.9277846520157857e-01	   1.4971469675027788e-01	   5.7399629724081347e-01	   3.1070288526151868e-01	   5.9938867137893981e-02	  -4.9833805185486080e-02	   1.9799242165796954e-01	   1.0271590073123113e-01	   4.7523077939524561e-01	   2.3574215933870221e-01	   2.3851156216548075e-01	   3.3387214530274201e-01	   2.6763104585011355e-01	   2.6894484846186184e-01	   2.6900158710769595e-01	   1.5567627772317261e-01	   5.0393556764673864e-01	   4.0726982059423106e-01	   5.2077586044110435e-01	   2.7470178995844474e-01	   4.6855049099282137e-01	   2.2186936891416850e-01	   1.1435613928866400e-01	   1.1225056823547894e-01	   9.6297435888006044e-02	   6.4319837842013033e-02	   1.6964956382301327e-01	   1.7011152709271035e-01	   1.3536837836319740e-01	   2.0044685518464136e-01	   2.9983055394741409e-01	   2.1246539240695012e-01	   2.7377020751718423e-01	   2.4386300395463439e-01	   4.8866737078262334e-01	   3.7666819942264457e-01	   3.7750789385602418e-01	   4.2099699914562616e-01	   3.9402208420344959e-01	   3.2467764858706549e-01	   5.9497396794466673e-01	   5.4559409706326423e-01	   2.0518145598158638e-01	   2.0479353358941715e-01	   6.3896703456224624e-01	   5.4215758524342517e-01	   2.1852755812514360e-01	   1.3215409372045853e-01	   4.3434006201565434e-01	   3.0402701288266876e-01	   4.8367458291039012e-01	   3.7793093086245633e-01	   4.4565990934010713e-01	   3.4794980749135612e-01	   3.3858175952221153e-01	   3.6792602383331491e-01	   5.5423474808998141e-01	   5.4925681755748590e-01	   2.5921212754596334e-01	   2.3312088397537650e-01	   2.0383015697603921e-01	   2.9679136151433816e-01	   6.1939560867097243e-01	   3.3984079947887036e-01	   7.0769863076627748e-01	   4.7374917792931748e-01	   5.4541092243532185e-01	   4.7034401042633039e-01	   6.0104588650755797e-01	   2.9668854715572773e-01	   3.0043417936481898e-01	   3.8756978156347932e-01	   1.9267358106341581e-01	   1.9839995875021210e-01	   2.5729639595552839e-01	   1.4331160919676839e-01	   4.9770543968430569e-01	   3.0704339416638282e-01	   3.8567719875318285e-01	   4.7871602805743552e-01	   9.0822533284229692e-02	   5.4938025565206328e-01	   1.1934729761625176e-01	   2.9540811311818699e-01	   5.0947037651323593e-02	   1.4718777067646799e-01	   7.6538167153617095e-02	   3.2091906977697537e-01	  -1.9830964360649503e-01	   4.9466200594860188e-01	   3.2899881196535585e-01	   2.8908762581286995e-01	   3.6062105477134893e-01	   1.8341441876902315e-01	   2.8349022437216953e-01	   5.7031326222117904e-03	
   8.0604748939234061e-01	   6.6149243998644014e-01	   5.3780173725953162e-01	   6.0333592486090448e-01	   5.1321059299247462e-01	   5.7342673796905452e-01	   6.8064634832410986e-01	   6.1744720220112415e-01	   6.2502582844726551e-01	   5.4107366757795383e-01	   6.1873788794462836e-01	   0.0000000000000000e+00	   6.7117660795602729e-01	   7.3422881632187753e-01	   3.2123143863414821e-01	   5.8661597354211248e-01	   4.4251872158413974e-01	   4.7625170134897099e-01	   6.7283537377686253e-01	   6.0122925053058340e-01	   2.0675083202694122e-01	   2.1678916881685154e-01	   4.1596120775086809e-01	   4.6502093679711298e-01	   1.4744073774793912e-01	   3.0305819333570272e-01	   3.6531027136617111e-01	   5.0572865305962811e-01	   5.3393893776504353e-01	   4.6343400402295370e-01	   3.0678761724099946e-01	   4.8770027499022761e-01	   4.7719688493171331e-01	   5.6386988752323886e-01	   4.7280609588280668e-02	   2.1547231184952897e-02	   3.4956052183665376e-01	   5.3318760312030578e-01	   4.6580250424058162e-01	   4.0382291398544473e-01	   3.0921871244582688e-01	   3.4160065494525266e-01	   4.1659646229703950e-01	   4.3678821016352298e-01	   2.8422131276944312e-01	   2.8112931024700760e-01	   5.3876195773670277e-01	   5.2473745690764018e-01	   5.7211639720300211e-01	   5.7715156659571987e-01	   5.4618420493233910e-01	   5.1890837320663707e-01	   5.8352817734955043e-01	   3.9276696127419297e-01	   6.7456203966174333e-01	   6.7489410904260116e-01	   5.9556599281506162e-01	   5.3392734825958499e-01	   6.6332156285344523e-01	   6.1041189339934832e-01	   7.2642721525989895e-01	   6.9244718169426611e-01	   5.3594702218966817e-01	   5.7622342604392518e-01	   2.8310923834277846e-01	   5.5052454594551137e-01	   3.5440171799241260e-01	   3.4835266497564088e-01	   5.7142863722787696e-01	   4.8139685545866906e-01	   4.4312178159793225e-01	   5.7418993961808895e-01	   5.6307515274675790e-01	   6.2191952149860719e-01	   5.3417000031063411e-01	   4.2731847305921494e-01	   4.8783872457932609e-01	   6.5539642729307679e-01	   4.3224010057778306e-01	   3.5100131889186059e-01	   4.4258276770228855e-01	   6.2670813455013918e-01	   4.1530547455928957e-01	   4.9413345628117195e-01	   6.4385719749656156e-01	   7.2988857851550004e-01	   4.7782730191710054e-01	   4.8810917559293432e-01	   6.1865871988922660e-01	   5.9620851703205580e-01	   5.4765683512836627e-01	   4.3148324197178378e-01	   3.4809981309248356e-01	   1.1525366992355499e-01	   1.6690844251324211e-01	   3.7710760618732175e-01	   5.9098374423764422e-01	   5.6354714059162303e-01	   6.4357971547836157e-01	   6.8007682852997198e-01	   2.5046282198894160e-01	   5.1472315357282750e-01	   3.6847099917460935e-01	   4.2301118586829556e-01	   1.6571540344958443e-02	   2.3821854403904816e-02	   9.9788294266426311e-02	   4.9585277477942769e-01	  -2.6317057994738124e-01	   5.7531247427638521e-01	   5.9382284814241626e-01	   4.7376386551809657e-01	   3.6628948862792110e-01	   2.7538479847432912e-01	  -5.1123595814240912e-02	  -3.1568568830598964e-01	
   6.6760441702892870e-01	   3.0878013594051479e-01	   2.5980529915246875e-01	   1.3272520896086656e-01	   2.1022255763598813e-01	   9.5001438544584996e-02	   3.5355207142042960e-01	   3.8334209935019337e-01	   3.9548913123713048e-01	   4.1567885357097256e-01	   7.7335048597514333e-01	   6.7117660795602729e-01	   0.0000000000000000e+00	   7.1403865756328200e-01	   6.4950817570168473e-01	   5.8100469935866372e-01	   2.4823733038428028e-01	   2.5616636544506927e-01	   5.3730910430528411e-01	   3.4675739330660371e-01	   5.5740488947927644e-02	  -2.8923853521113672e-02	   3.0255015030382604e-01	   7.9813332132559145e-02	  -1.4533637331183921e-01	  -1.5077515804811054e-01	   3.8769980525499077e-02	   1.0052276152709425e-01	   5.0647613336153652e-01	   3.2886981932451387e-01	   1.2963207053604309e-01	   2.1337076539238475e-01	   2.7782096871185696e-01	   3.8288064802047794e-01	   2.3923944105440548e-02	   3.3707251564868354e-02	   3.2894118572360637e-01	   2.4692760944542544e-01	   3.3444514890250093e-01	   2.2336146141339533e-01	   3.6718211610652540e-01	   1.2927597659540607e-01	   1.0814670737085441e-01	   1.3505661363913918e-01	   6.6500520989740741e-02	   1.1257008271492121e-01	   2.4537188410351482e-01	   2.1190741460681028e-01	   2.4231974455195571e-01	   2.9427305741216159e-01	   2.7078171768090842e-01	   2.2966410066136761e-01	   3.5404884684557125e-01	   1.6214331730419862e-01	   4.8385304015078240e-01	   3.6890476777903747e-01	   2.2586923151896077e-01	   1.9583466658754803e-01	   4.0079355589430798e-01	   3.6011708451305557e-01	   6.2198017546170836e-01	   6.5198603994416593e-01	   3.2931821388438931e-01	   4.9244756133888345e-01	   2.9433381001227660e-01	   3.8828385459918124e-01	   9.7302498790014624e-02	   5.6474952245460411e-02	   3.2393326880715401e-01	   2.5754716985803255e-01	   4.1224831117185801e-01	   3.7228367409563073e-01	   3.8004477408267517e-01	   3.9336760362143042e-01	   3.3488789574911937e-01	   3.3247157421751172e-01	   4.3525007444663560e-01	   4.8426908861988516e-01	   1.4738718875853868e-01	   1.5378896629361946e-01	   1.7495050223562347e-01	   2.8723777429774539e-01	   4.0346125102188202e-01	   2.2838726368226892e-01	   5.4904061456470266e-01	   3.3352414866676555e-01	   3.1502200286063209e-01	   2.3645523506800931e-01	   5.5715919721174223e-01	   2.0466953471922200e-01	   3.8169325885907224e-01	   3.2060365631386789e-01	   9.2293661287178891e-02	   5.8726138133582476e-02	   1.5454560617897573e-01	   1.6108808979283512e-01	   3.6947915667374831e-01	   3.1524192072204210e-01	   4.2215431475251181e-01	   4.3205761109771840e-01	   1.2868952621603413e-01	   4.7808319298861063e-01	   1.5693431241943787e-01	   2.1465659027587142e-01	  -1.9804939402435620e-01	   1.1088903420016233e-02	   8.4218772492904312e-02	   3.2574977818963152e-01	  -3.7789157943135832e-01	   3.7173636724173831e-01	   2.9441332224837979e-01	   2.6738068424721562e-01	   3.5679460379962924e-01	   1.9285968618665283e-01	   5.1467667882420111e-02	  -1.9231413235371897e-01	
