   0.0000000000000000e+00	   5.4348878629194564e-01	   5.1452627835155806e-01	   5.5395495857997812e-01	   1.9287849681976788e-01	   6.5475545551309577e-01	   4.8707337769800396e-01	   4.1058803827552542e-01	   8.6356740989157136e-03	   3.0437362897919307e-01	   8.7951014146124085e-01	   7.3259352873722716e-01	   6.4737139198343763e-01	   5.9262977302779374e-01	   5.0266110092436600e-01	   5.7720333263612567e-01	   7.0952094080306960e-01	   5.2900073489239707e-01	   6.8586411421698523e-01	   6.4741286815368781e-01	  -1.4677695302165811e-01	   2.2879631875183704e-01	   2.6783957450850115e-01	   4.4704561901816664e-01	   3.0125763776132575e-01	   3.1730125141009913e-01	   4.3799642451752385e-01	   5.0474979701282208e-01	   3.2192935552335933e-01	   2.3587014243307139e-01	   5.7850589802113266e-02	   9.6349091798092562e-02	   6.7314281375481899e-01	   5.3504627347562372e-01	   2.7031600655000299e-01	   3.1653208387093190e-01	   5.1543449942070318e-01	   4.7952787062534613e-01	   6.5220502817866921e-01	   5.8997173115492496e-01	   4.3187547513965663e-01	   4.7242560919319265e-01	   4.4726203811300513e-01	   4.8302755091817684e-01	   2.3212033044975994e-01	   4.5575152134381636e-01	   5.6579033907205756e-01	   5.1916304632052124e-01	   4.2520458774255887e-01	   4.2562502807514718e-01	   5.6940142810057648e-01	   5.8658835551437449e-01	   5.6591209041414525e-01	   5.3904775249470027e-01	   7.5910061448022026e-01	   7.3160750544290476e-01	   8.3679124462754562e-01	   4.9244971519866965e-01	   8.1999550437424329e-01	   6.5195691084894003e-01	   7.7474732177238526e-01	   3.8017488186200754e-01	   7.3817771897652351e-01	   6.4501636715740007e-01	   3.5043877094716479e-02	   3.5153771511604870e-01	   5.8810194868376575e-01	   5.8402301671540657e-01	   4.2596421492007019e-01	   1.4147005949604294e-01	  -1.2872402504092892e-01	   2.7352062219503326e-01	   6.8081259753278323e-01	   6.4420754317113604e-01	   6.8799381383111946e-01	   6.7223024486069693e-01	   6.6454935994519804e-01	   6.7820045319468447e-01	   4.3108422352759257e-01	   4.2070094389141938e-01	   3.9531788904856330e-01	   5.4955445392632862e-01	   2.7162336426571054e-01	   6.6604754257336796e-01	   4.2665269964349939e-01	   4.4046694772689299e-01	   2.4337364156082658e-01	   3.6884934801325053e-01	   7.5265938305819968e-01	   5.5251639406278286e-01	   4.2514091494302375e-01	   3.3984785242724469e-01	   2.1710908514873412e-01	   2.5414782140740588e-01	   3.6801723264662500e-01	  -1.4318435109107192e-01	   5.7807284372102419e-01	   5.0094833836203811e-01	   5.7524140129136792e-01	   7.0623098031586906e-01	   1.5085852025164279e-01	   4.0621305036912564e-01	   4.5647132375526822e-01	   6.1584312607105440e-01	   2.5699074749784445e-01	   5.3730992236521342e-03	   6.2438243355607263e-02	   1.1355128011059284e-01	  -1.2890928246120639e-01	   4.9962470462322373e-01	   4.5600621873197522e-01	   5.1116040553960429e-01	   4.4263005084298862e-01	   4.4632199956977164e-01	   3.4628021179856355e-01	  -4.4186511604198369e-04	
   5.4348878629194564e-01	   0.0000000000000000e+00	   3.7562974387911863e-01	   5.3324410408398315e-01	   2.9140680258979523e-01	   4.7603277182998199e-01	   2.4352337822152742e-01	   4.2782732596186956e-01	   1.0510412276102368e-01	   3.1735531501428604e-01	   4.7691181862512400e-01	   6.0010816478073725e-01	   1.7586873327869995e-01	   3.6718967006082259e-01	   4.3866822596742594e-01	   3.3617232117672274e-01	   4.6132983658532584e-01	   6.9572892620165205e-01	   4.6765335609901415e-01	   7.0427135002993380e-01	  -8.0026236033882647e-02	   2.0752946582437892e-01	   2.9225437991887449e-01	   2.9417786183623884e-01	   3.3241778975627123e-01	   2.8688090615058781e-01	   2.6460901639422141e-01	   4.4592025981384215e-01	   2.6745055950340563e-01	   1.3480084426143094e-01	   7.5966276270002450e-02	   2.4326550823784310e-01	   4.1794139608420056e-01	   4.5811280088721701e-01	   2.4738973675369480e-01	   2.7671681830760420e-01	   2.3594034802985206e-01	   3.4294201789875522e-01	   4.2423181558359091e-01	   4.3313947046225293e-01	   9.6922249671676466e-02	   2.7159670166167726e-01	   3.1098705720859288e-01	   3.8704739698784968e-01	   3.6819520628685865e-01	   4.6849332748923445e-01	   5.3442768146695774e-01	   5.3087398912243955e-01	   5.7190373843442044e-01	   6.3006219690373466e-01	   5.9304517853273553e-01	   6.2828089673958909e-01	   6.1883831922412180e-01	   5.6833064063242533e-01	   6.8232523802011880e-01	   5.6510572752644317e-01	   7.1419999766304643e-01	   8.5802336878104324e-01	   5.0451384574736458e-01	   5.5685101696072870e-01	   4.2126245247388383e-01	   4.2380856160554381e-01	   4.8327068073529555e-01	   6.4206629484489741e-01	   2.0715237349939736e-01	   2.9383504591945930e-01	   3.5290588311798876e-01	   3.4578435945937391e-01	   4.7438667328497797e-01	   5.2343668197532889e-01	  -1.1763416636677063e-01	   8.1866205498445255e-02	   4.6646057433855193e-01	   4.6357629138788031e-01	   4.7445114286343892e-01	   4.7257444713379038e-01	   2.9251121166689620e-01	   3.9591103174462772e-01	   3.3042821497463698e-01	   3.9344788452600787e-01	   3.7772040565845777e-01	   5.4768618380945155e-01	   2.1628890067949263e-01	   2.1944314276358703e-01	   5.3378906842753615e-01	   3.7475910485352670e-01	   2.5116136993349281e-01	   2.7951788022915403e-01	   6.1923282862215312e-01	   5.0522082340114571e-01	   3.4955143940285976e-01	   1.1220971009179098e-02	   6.5253883006234623e-02	   5.8201994787167893e-02	   4.0623099349808134e-01	  -2.6738993191756538e-01	   6.9392473533575538e-01	   3.9907624784263429e-01	   5.9667037112448995e-01	   3.0146750361280150e-01	   1.9174318335630821e-02	   2.8569185668727853e-01	   3.7071406220392000e-01	   3.0385198405061686e-01	   1.1496310062598344e-01	  -2.0978378745124499e-01	   3.7887358922011241e-02	   9.0013955533076451e-02	   5.6333588834722122e-02	   5.1595941545033730e-01	   3.8157553049215631e-01	   2.9817084408697803e-01	   2.4878986893064767e-01	   4.7271268080687379e-01	   2.5903226667450707e-01	   4.6652296599921400e-02	
   5.1452627835155806e-01	   3.7562974387911863e-01	   0.0000000000000000e+00	   4.3278059013611647e-01	   4.6620502454712620e-01	   2.7627349404267276e-01	   8.2264332869071877e-01	   2.5060639703561327e-01	   3.9443459026280070e-01	   4.7292531938190219e-02	   4.7906156914068332e-01	   1.3417172325947613e-01	   4.9908561016455794e-01	   6.6477752555905809e-02	   7.0830310339349767e-01	   3.4869460847033396e-01	   3.0297404785552717e-01	   1.4352789667719068e-01	   6.2991458518280119e-01	   5.1930460749927931e-01	  -1.4297903129294554e-01	   2.7877587658898656e-01	   7.7628112987209907e-01	   4.2462192141520222e-01	   6.0916606711132637e-01	   5.4125752288267281e-01	   5.6564538706824519e-01	   4.0890832216916978e-01	   1.9460991944947803e-01	   2.2372521207415862e-02	   3.0197213063799011e-01	   1.7126026522604304e-01	   6.7193652367352152e-01	   4.8847053798905182e-01	   7.2855549982324086e-01	   5.2689986124845400e-01	   7.4949418956011360e-01	   4.8348809409119098e-01	   7.0010957932041029e-01	   4.0624215812557196e-01	   2.3923928198839722e-01	   2.8218602324498049e-01	   6.7120751566686931e-01	   5.7399637473475140e-01	   6.3299635848742652e-01	   4.8448370965480408e-01	   5.7932733757283728e-01	   5.1966406029870860e-01	   5.5549273637811825e-01	   4.0828625467405860e-01	   6.0613333643759115e-01	   5.0828573496903418e-01	   6.4728132845854847e-01	   5.7369319437876864e-01	   6.2920370966494965e-01	   6.5399169704023730e-01	   4.9107131685205174e-01	   3.0335080016530269e-01	   6.5020861950166353e-01	   2.9541652342721730e-01	   6.7976733253699717e-01	   2.9604774993489538e-02	   2.5262249031158679e-01	   2.6248872730735529e-01	   5.6568527219246101e-01	   3.0309084785719637e-01	   7.8531999634339844e-01	   5.6798118686126275e-01	   3.7336516531947095e-01	   3.6918221882050772e-01	   1.2003699271107347e-01	   3.6998592468111685e-01	   5.3627117021707060e-01	   3.9270124726774291e-01	   6.1789845953216482e-01	   4.0540684504992297e-01	   5.8543620413567032e-01	   5.5753953226661335e-01	   1.0865404492007941e-01	   2.1957477776838211e-01	   5.8473913842157145e-02	   3.8344888744404915e-01	   2.3931872369328686e-01	   4.1436429222962029e-01	   5.4618835358625217e-01	   4.1990538897089347e-01	   4.0927072687212818e-01	   4.4721558926050375e-01	   6.2463245902873377e-01	   4.9350997837285959e-01	   3.6106071298577525e-01	   6.3622147729627709e-01	   1.6382561158001036e-01	   5.2583126396363711e-01	   2.4108034826505031e-01	  -3.9943690771217738e-01	   3.9293778803158530e-01	   1.8288182049558382e-01	   4.6042162583482393e-01	   5.8268821039277630e-01	  -4.9411325525433994e-02	   4.4263695800635927e-01	   1.5200413448736477e-01	   3.1736722949399421e-01	   2.3744349934673692e-01	   1.0923981816544900e-02	   3.0398128914152045e-01	  -7.2100583100878607e-02	   1.6022049357286472e-01	   4.2646087129339327e-01	   4.9655038625929987e-01	   3.9208455294024053e-01	   3.6705339797420300e-01	   3.3376707918764992e-01	   3.5683929862451491e-01	  -1.4280442002914123e-01	
   5.5395495857997812e-01	   5.3324410408398315e-01	   4.3278059013611647e-01	   0.0000000000000000e+00	   4.9680312820596811e-01	   7.4330114083876719e-01	   4.9461054397080773e-01	   8.9959483790042549e-01	   3.0355439472138690e-01	   7.0861919175935772e-01	   4.7190757038188014e-01	   5.5749786076298591e-01	   2.8148693647958845e-01	   6.0624078518051694e-01	   4.1061449561541075e-01	   5.3896276300603330e-01	   4.8026304272072151e-01	   4.5981585584533086e-01	   6.0186319750209472e-01	   5.8721913635419620e-01	  -1.6481579417095898e-01	   4.1268664769459829e-01	   2.9812274345350975e-01	   5.8709691789389196e-01	   4.5358909236966660e-01	   5.0565868635500233e-01	   3.7368560011327240e-01	   5.8618008564211055e-01	   2.9147464184567234e-01	   1.0777357221886631e-01	   8.7302841534014602e-02	   4.7704282814757837e-01	   6.4272955326547343e-01	   8.0893439426004166e-01	   4.4013136981603473e-01	   5.9942131171353752e-01	   4.0153523499628496e-01	   4.7316968285517119e-01	   3.5968260648137435e-01	   4.4832936229153986e-01	  -7.6294562415189532e-02	   4.7346052003132599e-01	   5.0047129210278685e-01	   5.3093233701160591e-01	   4.6354438498055717e-01	   6.7464933620654000e-01	   6.6060420778956985e-01	   6.4525746053208266e-01	   5.5367933930910429e-01	   5.2365155336668623e-01	   6.4978489877393875e-01	   6.3875089032925658e-01	   6.6065594061044175e-01	   4.9465113115723658e-01	   7.2220136970806614e-01	   6.0138366182683678e-01	   6.0599945087957074e-01	   4.4426960828493373e-01	   6.5512643337469278e-01	   6.9771588581979138e-01	   5.6001356250085577e-01	   6.9761216937195303e-01	   5.0972395880756505e-01	   6.5397943695326777e-01	   2.6515155219532860e-01	   6.3184233922507071e-01	   5.6796279597029986e-01	   7.1283822477574899e-01	   4.0884792445765361e-01	   4.1303397828771760e-01	  -1.6500210285888356e-01	   3.1941041355136357e-01	   4.7646452361362190e-01	   5.5170604653688449e-01	   4.5045678192670213e-01	   5.5281548574287598e-01	   4.6154923633704004e-01	   4.9294601591706771e-01	   2.0844553111985620e-01	   3.4557610517516574e-01	   4.2341426750554845e-01	   4.0786110490466371e-01	   1.4142048165250068e-01	   3.8294551131994903e-01	   6.1483470985617716e-01	   4.5855918774757481e-01	   2.4024296863186576e-01	   3.3326507795296023e-01	   6.4558375438764548e-01	   6.9543949492229129e-01	   6.3227217821393333e-01	   3.6271157967646972e-01	   5.0363357886869076e-01	   2.8232835967960579e-01	   4.3733555565674331e-01	  -2.5980872925454596e-01	   5.7679894894563932e-01	   3.3514856980241137e-01	   7.3139542988903050e-01	   5.6550079571757739e-01	   2.9359116414417630e-01	   3.1738077100605777e-01	   3.9565993476636946e-01	   3.6485199805220847e-01	   3.7541339117008987e-01	  -5.5731215843861204e-02	   1.5796976296792870e-01	   5.3285854772429031e-02	   2.4572268838793790e-01	   4.6386843996386651e-01	   5.8823818569061215e-01	   5.4493765968802821e-01	   4.3514579609329340e-01	   4.8175879235533731e-01	   3.5500476080600490e-01	  -2.6647962855767433e-02	
   1.9287849681976788e-01	   2.9140680258979523e-01	   4.6620502454712620e-01	   4.9680312820596811e-01	   0.0000000000000000e+00	   4.5660345716390111e-01	   5.2675445819478794e-01	   4.8303263792033324e-01	   7.9864541167420966e-01	   4.5337517483075335e-01	   1.5899994244184698e-01	   6.4361483973540176e-02	   1.8193585105417096e-01	   3.0954354033428011e-01	   4.1426800215011006e-01	   2.6374407794255039e-01	   9.5885882443864076e-02	   3.2219500308927319e-02	   3.4426119158198198e-01	   4.2458629496242117e-01	   2.9959095481502038e-02	   3.5061870483210777e-01	   3.1581646293014976e-01	   3.2971549084521834e-01	   3.5700013918882734e-01	   1.7437635172380403e-01	   3.7630030728873043e-01	   6.1748506489874455e-01	  -4.9503273633865454e-02	  -1.8615667527503674e-01	  -1.2013596315551661e-01	   1.0561665498106043e-01	   3.7670554844370580e-01	   4.1517580192395631e-01	   5.0408712485156415e-01	   5.0935452682267413e-01	   3.7820112775739734e-01	   3.8006037784746871e-01	   3.1939714323866986e-01	   2.9711283556968443e-01	  -1.6585505741828946e-01	   7.6713688002010630e-02	   3.7812075073453977e-01	   3.5353657258298565e-01	   4.5812297249845935e-01	   5.0520135809957079e-01	   3.9145514715330165e-01	   4.3256591274534206e-01	   4.4193926078150819e-01	   6.1173500158914873e-01	   4.8348795258586852e-01	   5.1575681684537233e-01	   6.6107926343051260e-01	   5.2967876456959384e-01	   5.0772366976755934e-01	   4.3511349949250666e-01	   2.5016278684991622e-01	   2.5110230248419829e-01	   4.4760042362028712e-01	   4.6710747134962638e-01	   4.8765152190409677e-01	   5.2071769793362854e-01	   1.1881808134882607e-01	   2.9725546139582815e-01	   4.4901217933109533e-01	   5.0101365977379664e-01	   4.2479543240122608e-01	   4.1197320296957074e-01	   3.6266119795958107e-01	   4.5301263791651342e-01	  -1.0415268318826754e-01	   1.4941170873238740e-01	   2.0564949178164760e-01	   2.0509323110365651e-01	   2.0445185519790743e-01	   1.3636062791269121e-01	   1.5687930170456157e-01	   2.8211444918621131e-01	  -6.6206421563564793e-02	   4.7501236372732417e-02	   1.3490160864913035e-02	   1.2211465154700771e-01	   3.4245337182839458e-03	   1.3285058630240246e-01	   4.7658149925521115e-01	   3.9829408836068209e-01	   2.9765502796494347e-01	   2.9692598929167446e-01	   4.4560586528486490e-01	   6.6016817316577869e-01	   5.3186446257214826e-01	   4.3232434181029100e-01	   3.4918808257637723e-01	   4.8145667629852318e-01	   3.0120985650018561e-01	  -1.6242734628131977e-01	   3.0684739199461125e-01	   1.2942167378583941e-01	   4.4974527994806890e-01	   4.2013498685030976e-01	   3.0150149248230632e-02	   4.5527488083217288e-01	   2.9727942014858960e-01	   3.1606317667859207e-01	   5.5213369236522447e-01	   2.2593334260707107e-01	   3.4977553790914251e-01	   2.0659248164775998e-01	   2.0234426588971779e-01	   3.5993369088329163e-01	   5.0674541696025854e-01	   4.4286648662642952e-01	   4.0156463085301447e-01	   2.4600996047787055e-01	   3.2095543547321598e-01	   9.5617395651233450e-02	
   6.5475545551309577e-01	   4.7603277182998199e-01	   2.7627349404267276e-01	   7.4330114083876719e-01	   4.5660345716390111e-01	   0.0000000000000000e+00	   4.3203972868484597e-01	   6.6821241288093358e-01	   2.3338372411044495e-01	   6.7412307001747096e-01	   6.2420484360416228e-01	   7.2876387749690319e-01	   4.8036487927508670e-01	   8.2864793652714996e-01	   3.4352756642483873e-01	   5.8930096231177298e-01	   5.3092596457402319e-01	   4.5333058056897274e-01	   5.3988797446575243e-01	   4.8984404601139031e-01	  -5.6728187202848446e-02	   4.6698122351466431e-01	   1.0873709251270355e-01	   5.3466757002096088e-01	   2.9600208032968850e-01	   4.1245786090050762e-01	   3.6980454672775814e-01	   6.3035363410704592e-01	   2.1807490416293318e-01	   7.3154339450382605e-02	  -6.2989786725062114e-02	   2.7566292672680981e-01	   6.2001001722084936e-01	   6.7190342820846694e-01	   3.0956265509423742e-01	   5.2403188933313427e-01	   4.6379874327778448e-01	   6.1273359194298394e-01	   4.4316411860162497e-01	   5.9281725871052515e-01	  -2.4800258720557716e-02	   4.8540584166107409e-01	   4.9312265253414800e-01	   5.5344495389388726e-01	   3.3107386935475136e-01	   5.6599059419990483e-01	   5.5661098052230062e-01	   5.5644146597651978e-01	   4.1372808936954852e-01	   4.6157416125898498e-01	   5.1612385424865259e-01	   5.7363647599657486e-01	   5.4486164167195084e-01	   4.6947806489951127e-01	   6.8029538648247534e-01	   6.4873800610411991e-01	   5.7315774378559470e-01	   3.6344465837838413e-01	   6.0446832886929935e-01	   6.6531821049054063e-01	   5.5452023377355752e-01	   6.6732373852168902e-01	   5.3683696351779853e-01	   5.8969314938909745e-01	   7.9126243779380351e-02	   6.0999625099258725e-01	   5.3850028196651756e-01	   6.8251088726999887e-01	   2.5331370451177193e-01	   2.0023486582872099e-01	  -1.7325179270946070e-01	   2.6212670622490075e-01	   4.1579571893432415e-01	   5.7103661430991948e-01	   4.1476511380354941e-01	   5.5720427528871208e-01	   4.8758799144664183e-01	   5.5169145306398260e-01	   2.9268369041491082e-01	   4.1263948522759064e-01	   3.8028838718037361e-01	   2.9087547752070381e-01	   8.6706898022784716e-03	   3.4576628563047734e-01	   3.7659912543781038e-01	   3.7849189059910354e-01	   1.6930437199891113e-01	   3.4899591841869815e-01	   6.2242319277587665e-01	   6.7699008043623043e-01	   5.7871973731182602e-01	   2.8688452902758493e-01	   4.8194268712928212e-01	   2.2759179916991318e-01	   4.1849285052032748e-01	  -2.1958669932184904e-01	   5.6434302831913663e-01	   2.5627995481494897e-01	   6.4425217287869718e-01	   5.9451351040853795e-01	   2.8052135973750059e-01	   3.8627884371785554e-01	   4.7200489932849576e-01	   5.1658127723545522e-01	   4.6858369097365343e-01	   9.0569229414150895e-02	   3.2196406038911184e-02	   2.2694438396965327e-01	   1.4305805658359350e-01	   4.3833267868040049e-01	   4.9324946816500781e-01	   5.5035610713016625e-01	   4.5088104320434708e-01	   4.3319447586032322e-01	   3.8582457735462916e-01	   1.6238973933702211e-01	
   4.8707337769800396e-01	   2.4352337822152742e-01	   8.2264332869071877e-01	   4.9461054397080773e-01	   5.2675445819478794e-01	   4.3203972868484597e-01	   0.0000000000000000e+00	   4.8418987464128066e-01	   5.4031015812835881e-01	   3.1629202524412714e-01	   5.2731053039048015e-01	   2.3572549279548113e-01	   6.5689916031623241e-01	   2.6468216598015548e-01	   5.0095560724665045e-01	   3.2483994459623800e-01	   3.7421573844473688e-01	   2.3114912929539116e-01	   6.5490660418179980e-01	   4.0753534386381973e-01	  -2.5508936373083313e-01	   3.1432862462992234e-01	   5.8651445961574189e-01	   3.7070483962652223e-01	   2.9806161967642675e-01	   3.5980541197797389e-01	   3.3299829863714464e-01	   4.0872954991083410e-01	   3.9482285209971757e-01	   2.1315329701612529e-01	   2.8566310896057634e-01	   2.8334893878875761e-01	   7.2472777935156341e-01	   5.9373381407765291e-01	   5.2332646850920506e-01	   4.6537724043066314e-01	   6.2104500040128685e-01	   4.3275179315565682e-01	   5.9935542351417803e-01	   4.0513791829829005e-01	   1.6972684187289083e-01	   2.7571009603596797e-01	   6.0951480395836244e-01	   5.6970769712952218e-01	   5.4521585588152621e-01	   5.0261048566501410e-01	   5.9017002573224731e-01	   5.5150686915888736e-01	   5.2619916443409709e-01	   3.9178018869564996e-01	   5.7980078233067678e-01	   4.5068420453012847e-01	   5.7635141935220457e-01	   5.6182034897775168e-01	   5.6563663494600214e-01	   5.9372727552898208e-01	   4.0748377519599477e-01	   2.2695873971982602e-01	   6.3672921360584112e-01	   3.4340122131718803e-01	   7.1754787768625949e-01	   1.7582454490355398e-01	   3.5853250581622376e-01	   3.8080355815036238e-01	   3.8220279946190172e-01	   2.6281357880652056e-01	   7.2212814300747763e-01	   5.6166166525411376e-01	   1.7993987272489398e-01	   1.8323268045018185e-01	   5.2617175963731631e-02	   4.2503673946597237e-01	   6.0556381724787411e-01	   5.5035276656768528e-01	   6.6330966909317013e-01	   5.3470262255764611e-01	   6.7017434451717739e-01	   6.0884070150103065e-01	   2.2813770688271096e-01	   4.1263146159071651e-01	   1.8586293919381541e-01	   2.3633504950195694e-01	   2.4555201827434467e-02	   4.3953205045869509e-01	   3.4793077363730029e-01	   2.1624537486491560e-01	   1.9701233403780172e-01	   2.1752594203965281e-01	   4.5866794405455125e-01	   4.1997899819317791e-01	   3.8026497644392043e-01	   6.8862395114346453e-01	   2.4786709069913987e-01	   4.6975826560222289e-01	   2.4565847250624501e-01	  -3.8415143366713400e-01	   4.7414284610723589e-01	   2.3905533493169831e-01	   4.8842889300228615e-01	   7.0918507283383669e-01	   1.4100225930018784e-01	   4.5669487673378550e-01	   2.1860001602667281e-01	   2.6606339475249591e-01	   2.5652348340909426e-01	  -3.1575322369403157e-02	   1.3436697752969681e-01	  -1.4892310901102490e-01	   1.2318344172959780e-01	   3.9244718619607699e-01	   5.1794352782801711e-01	   4.6392819156119225e-01	   4.0319534302044679e-01	   3.3492855739030741e-01	   3.3526903592748936e-01	  -4.7120794391738760e-02	
   4.1058803827552542e-01	   4.2782732596186956e-01	   2.5060639703561327e-01	   8.9959483790042549e-01	   4.8303263792033324e-01	   6.6821241288093358e-01	   4.8418987464128066e-01	   0.0000000000000000e+00	   3.6523943336965076e-01	   8.3703291825625969e-01	   3.6673796791499091e-01	   5.1330388845683583e-01	   2.2984800161769503e-01	   5.7047193768987536e-01	   1.8370764535971831e-01	   3.4985596689169701e-01	   4.7845151917817319e-01	   5.2405526179766082e-01	   4.8945033847941749e-01	   4.3380202356789621e-01	  -1.4855289185037523e-01	   4.2204014757057412e-01	   1.0718103762148858e-01	   3.9392310223131138e-01	   1.5339169909451714e-01	   2.6423795713564652e-01	   1.0553245161931360e-01	   5.4158283824594811e-01	   4.0120690689695399e-01	   2.6873661371934959e-01	   1.0292444253971138e-01	   5.4930295245414029e-01	   5.6506612153346025e-01	   7.9488878914251737e-01	   2.3309628202969168e-01	   4.4807190186765367e-01	   1.5745731604787591e-01	   2.7016586110262586e-01	   1.5613583052618885e-01	   3.2742820993604532e-01	  -1.1652042886461951e-01	   4.4914590269895283e-01	   2.9661907918859809e-01	   3.7931623453479213e-01	   3.6790932890578965e-01	   5.9899883709254320e-01	   5.5351784784132030e-01	   5.5844609819914237e-01	   5.3653172308733088e-01	   5.3213226846837491e-01	   5.3670817394288861e-01	   5.2681810085602465e-01	   5.1884614885434077e-01	   4.1681970167758553e-01	   5.5106416035927641e-01	   4.0491972232741330e-01	   4.8600413180645008e-01	   4.3486389176289847e-01	   5.3416008485370814e-01	   6.5896534334539825e-01	   4.9013306794076150e-01	   7.5625093575290370e-01	   5.1996626799224810e-01	   6.9204766183810085e-01	   1.2343622661284491e-01	   4.8353104484793680e-01	   3.7764823912179979e-01	   5.3330260676841035e-01	   2.2574747046981086e-01	   2.9983425788884049e-01	  -2.0937658260593400e-01	   2.7615642338391932e-01	   4.3695431189075229e-01	   5.6660223054321257e-01	   3.6576735575573804e-01	   4.8680996491848932e-01	   3.5407963092664513e-01	   3.9878530829013048e-01	   3.1336171826291842e-01	   4.4160018577228810e-01	   4.9655080810292623e-01	   3.1882087325998043e-01	   4.9151918355798838e-02	   2.7227857215226281e-01	   4.5793040661100876e-01	   2.6123952353940749e-01	   1.0989951582731897e-01	   8.3930231362465468e-02	   4.4103853941938770e-01	   5.3082770900991527e-01	   5.2899712325833814e-01	   2.5205129115777214e-01	   4.1038526801290925e-01	   1.4808871384084976e-01	   4.6442885304083037e-01	  -2.2095172173152944e-01	   5.4603851077010479e-01	   3.4080129620149890e-01	   6.6186263985641225e-01	   5.0780599344674937e-01	   3.8945322334681337e-01	   2.9147824078963452e-01	   3.7752036659788729e-01	   2.5753249195266903e-01	   3.0843075640861273e-01	  -5.2926581204045572e-02	   8.8185200929422891e-02	   9.6823545785438368e-03	   2.6022968346076897e-01	   4.6373696570930961e-01	   5.0480393387021560e-01	   4.6861675346651993e-01	   3.5335040358129066e-01	   4.4316900655945013e-01	   3.0760427020831699e-01	   8.3802575799948445e-02	
   8.6356740989157136e-03	   1.0510412276102368e-01	   3.9443459026280070e-01	   3.0355439472138690e-01	   7.9864541167420966e-01	   2.3338372411044495e-01	   5.4031015812835881e-01	   3.6523943336965076e-01	   0.0000000000000000e+00	   3.7183101403417956e-01	   3.1512461386894841e-02	  -8.6341272573313532e-02	   2.1768573535790944e-01	   1.4990164715077681e-01	   2.4703123657705023e-01	   5.4408672135610577e-02	   5.4988033695845692e-02	  -1.1340357705848219e-02	   2.5297087285125092e-01	   2.1434136041781227e-01	  -1.0412773482969903e-01	   2.4650963346013482e-01	   2.4850526377700810e-01	   1.3365770199613181e-01	   9.4747470947687373e-02	   9.8776987596288866e-03	   8.9797065134940846e-02	   3.8396823726222140e-01	   2.5820634194756262e-02	  -6.1578494060903932e-02	  -4.2124815424161152e-03	   1.6013116214510287e-01	   2.6509651636923548e-01	   3.0298040903312845e-01	   3.7287690449019734e-01	   3.8463361026244008e-01	   2.2570334345090964e-01	   1.4925931100143799e-01	   1.9684855443918703e-01	   1.3395693304390457e-01	  -2.4733273108188150e-01	  -1.6302988841896646e-01	   2.8158471730204515e-01	   2.5527864099356995e-01	   3.8606279274908417e-01	   3.6212662386067884e-01	   2.3331527256458495e-01	   3.4288955002037164e-01	   2.6527604964757273e-01	   4.3566726159814390e-01	   2.3509404796101024e-01	   2.1626233970490955e-01	   3.9013613202085790e-01	   3.5732907409700115e-01	   2.4971626019811732e-01	   2.2829365334608753e-01	   4.9502516725991395e-02	   9.3212181957665272e-02	   2.5649827628186234e-01	   2.0878909730297235e-01	   3.6303975066335092e-01	   3.6204590567122485e-01	  -3.6844646157823201e-02	   1.5042420160669367e-01	   3.7639854264507461e-01	   2.6947096879136934e-01	   2.6662705382454754e-01	   2.4345705046016880e-01	   2.2883392180591999e-01	   2.5072511888142951e-01	  -1.4348952265514272e-02	   1.2265896656472021e-01	   1.9104027768807447e-01	   2.0253954581351793e-01	   2.0871838573179530e-01	   1.7684937760630220e-01	   1.0759762527996883e-01	   1.0493273082002241e-01	   3.2995065279175703e-04	   6.0683005554325001e-02	   8.9331185657374208e-03	  -5.3530265650848036e-02	  -2.2471988926943426e-01	   4.6088059948746041e-02	   2.5124747361801142e-01	   1.2512306487887759e-01	   1.2652661932307080e-01	   3.9051565644478189e-02	   1.9039108572050295e-01	   3.3951390888762817e-01	   3.2258831232947793e-01	   3.2699004966444195e-01	   2.3812074780922579e-01	   4.0408224365247580e-01	   7.8665982147583274e-02	  -3.3740312468553947e-02	   1.5114030784256571e-01	   5.7312017715127055e-02	   2.1622369661562552e-01	   3.2906869398999128e-01	   1.9062452089695349e-02	   3.3825407177008082e-01	   2.1090730547005873e-01	   1.3507911233314795e-01	   3.6757829712254719e-01	   1.4504107958059931e-01	   1.9579177731292310e-01	  -5.1995016183446506e-02	  -1.3294433732660628e-02	   1.5020751205252567e-01	   2.9883701264484525e-01	   3.2247635704024724e-01	   2.5694752461412051e-01	   6.2285721547895120e-02	   5.6916813242701862e-02	  -1.5506582423772765e-02	
   3.0437362897919307e-01	   3.1735531501428604e-01	   4.7292531938190219e-02	   7.0861919175935772e-01	   4.5337517483075335e-01	   6.7412307001747096e-01	   3.1629202524412714e-01	   8.3703291825625969e-01	   3.7183101403417956e-01	   0.0000000000000000e+00	   2.6391657388118317e-01	   4.8176430111661950e-01	   1.4589601914521363e-01	   5.3478900196011192e-01	  -5.6227264087724133e-02	   1.5043270927017438e-01	   3.8866076588260062e-01	   4.2153765579446878e-01	   3.6820466641064542e-01	   2.9325486387122218e-01	  -2.1297883172557930e-01	   2.7730187112776566e-01	  -1.3126302822615493e-01	   1.6812948392680688e-01	  -6.1393820031583432e-02	   8.3250146337419048e-02	  -8.8716827573852991e-02	   3.7545024514562791e-01	   2.4193217618455165e-01	   1.5773920988800766e-01	  -8.1125909095607407e-05	   4.7898836842302478e-01	   4.3010793830734367e-01	   6.7108340511730202e-01	   8.7470276604147537e-02	   3.2124614870048973e-01	   1.3181909559240078e-02	   1.7387801051754750e-01	  -3.6724450614754753e-02	   2.0444019264825708e-01	  -2.1021440356252363e-01	   2.8881910841816627e-01	   1.5281350350510087e-01	   1.8299464980703137e-01	   2.6271639184911855e-01	   4.4515745659687000e-01	   3.8299039436589283e-01	   4.7109378581374545e-01	   4.0504178879994279e-01	   4.5746042301851475e-01	   2.4206327935390456e-01	   3.4656547315284303e-01	   3.2485124281080208e-01	   3.0897442357506810e-01	   3.6365649904628267e-01	   2.7439751384852756e-01	   3.0265674038811102e-01	   2.7349198553694054e-01	   3.1803364999306083e-01	   5.8456731530987660e-01	   2.5469868328094036e-01	   7.2525693237642574e-01	   3.0896458657281761e-01	   5.2019959079995393e-01	  -7.3102487743966965e-02	   3.1557011348644998e-01	   1.5446373395679139e-01	   3.6985451845805850e-01	   1.0003826848817396e-01	   1.7471241023803791e-01	  -3.2106248941508225e-01	   1.0551574489835944e-01	   2.4332825264235342e-01	   4.5589975549171952e-01	   1.8202205382244002e-01	   4.0382580223497527e-01	   2.3191135547234379e-01	   1.9297938678961662e-01	   2.7594478297395181e-01	   3.2949270747916987e-01	   4.1548273364900878e-01	   1.1585110283716023e-01	  -1.6828068883964212e-01	   5.2296508289402313e-02	   2.2525725630842708e-01	   1.9109836368181879e-02	  -8.5110237582183501e-02	  -5.9430549129570777e-02	   3.1666987556794868e-01	   4.2805878876598086e-01	   5.2810842299473504e-01	   1.5772530805430307e-01	   4.0302913826456555e-01	   1.7181484566408617e-01	   4.2400369871920313e-01	  -1.3655584111294861e-01	   3.9983198149126531e-01	   2.7467005370158570e-01	   5.6964149064463010e-01	   4.2713166047410200e-01	   4.6331564048968032e-01	   2.8391789755666791e-01	   4.4814712124995970e-01	   2.5177608902988208e-01	   3.0856757256623546e-01	   2.3123979254794709e-02	  -3.4955153912995328e-02	   2.2999928026687162e-02	   1.8343091930565064e-01	   3.5394738624073330e-01	   3.4130384901506861e-01	   4.4904569370112002e-01	   2.3368648480514204e-01	   2.4687800919829422e-01	   2.1887427119368463e-01	   1.4174087137569105e-01	
   8.7951014146124085e-01	   4.7691181862512400e-01	   4.7906156914068332e-01	   4.7190757038188014e-01	   1.5899994244184698e-01	   6.2420484360416228e-01	   5.2731053039048015e-01	   3.6673796791499091e-01	   3.1512461386894841e-02	   2.6391657388118317e-01	   0.0000000000000000e+00	   7.5383497957736911e-01	   8.2236120189342965e-01	   6.4467712468846006e-01	   5.7931938750650036e-01	   6.1184979974784071e-01	   7.4690458853239361e-01	   5.5921717926917081e-01	   6.2118649484685318e-01	   5.8276949719244309e-01	  -1.1369080541899153e-01	   3.4463480722685547e-01	   3.9222868739420730e-01	   5.4953715523560265e-01	   3.1211137657554655e-01	   3.6131285632481519e-01	   4.2090312139452668e-01	   5.0603597431789071e-01	   4.7000981434375411e-01	   3.9601287364046345e-01	   2.4113735240449358e-01	   1.9615358333993674e-01	   6.6637119207887441e-01	   5.0792564182339606e-01	   2.3670262307495993e-01	   2.8966451030258422e-01	   5.5068429750558689e-01	   5.2453779615261553e-01	   6.8778642323711003e-01	   6.5338190999630896e-01	   4.6818580776147134e-01	   4.7700051440244773e-01	   4.1620570248635447e-01	   5.1983142620671852e-01	   1.8017226396340866e-01	   4.1958030449190831e-01	   5.6785802122647067e-01	   5.0741270011192696e-01	   3.6305684050025416e-01	   3.3474525316915693e-01	   5.3870777568161943e-01	   5.2259624472961230e-01	   4.7260504434348627e-01	   4.6922177894130057e-01	   6.6582845222892773e-01	   6.9462604797090532e-01	   7.1746314219623475e-01	   4.5293065448048031e-01	   7.2694700618455277e-01	   5.6115214737160390e-01	   7.6684026286672902e-01	   2.7530559063571736e-01	   7.5525174884845736e-01	   5.9631913367388611e-01	   1.0350210248109350e-01	   2.8004327803900914e-01	   5.8459107992305315e-01	   5.6081868296842785e-01	   3.0037625250550531e-01	   1.8552014413192795e-02	   6.2679501296882253e-02	   3.6417090079181746e-01	   7.3009011161846793e-01	   7.1987675878695845e-01	   7.3607788579418676e-01	   6.6597232688073693e-01	   6.8362581026502023e-01	   6.7813041741829450e-01	   4.8536634385267008e-01	   4.9717194898509420e-01	   4.1626412916830524e-01	   5.5331373492589431e-01	   2.8729078633382199e-01	   6.4123531714611826e-01	   4.1844282135856153e-01	   4.3379087371034253e-01	   2.4067712242773109e-01	   3.2615230683946361e-01	   6.1881386394271343e-01	   4.9358919604560425e-01	   3.5015874301975880e-01	   3.0470641154147809e-01	   1.9017826733995036e-01	   1.1612520677467028e-01	   3.1580250311402969e-01	  -1.0227669567337724e-01	   5.8642351761000056e-01	   5.0382500736426528e-01	   4.8473635620330524e-01	   6.5765126111300898e-01	   3.5349052515046261e-02	   2.8013213823221494e-01	   3.2964473897526447e-01	   4.3666636396924391e-01	   2.2557404915679302e-01	  -1.1694772053984934e-01	  -5.0946217078751844e-03	   7.3423448630698274e-02	  -7.0754220968632278e-02	   4.5884503403425470e-01	   4.4664759771468771e-01	   4.5705825014633017e-01	   3.6272458097462595e-01	   3.7092672674531413e-01	   3.1238835244935736e-01	  -8.5269043916903084e-02	
   7.3259352873722716e-01	   6.0010816478073725e-01	   1.3417172325947613e-01	   5.5749786076298591e-01	   6.4361483973540176e-02	   7.2876387749690319e-01	   2.3572549279548113e-01	   5.1330388845683583e-01	  -8.6341272573313532e-02	   4.8176430111661950e-01	   7.5383497957736911e-01	   0.0000000000000000e+00	   5.6200567056501705e-01	   7.8288894661065278e-01	   3.1691713494336338e-01	   5.1876928783504295e-01	   6.7034368680233947e-01	   7.3013467353220651e-01	   5.1566931541043581e-01	   5.5635279312896768e-01	  -3.8731205610554841e-02	   4.0602540885293714e-01	   8.0523620410506466e-02	   4.5182961813880773e-01	   1.3147565551335430e-01	   2.4049798492511973e-01	   1.7245242442435513e-01	   3.7561544055019436e-01	   4.9613492215074301e-01	   4.2770297827203030e-01	   1.1137960138269629e-01	   2.6452876609244103e-01	   5.4521629742170274e-01	   5.4982336684553901e-01	   1.3297093178170615e-02	   2.3142127746451591e-01	   2.9892016846171421e-01	   4.6862036801294943e-01	   3.8751242354940130e-01	   6.7576730212593072e-01	   2.8137895458048839e-01	   5.7892828874294666e-01	   3.1701982621181179e-01	   4.6952398507975351e-01	   1.1404413247483088e-01	   4.2465688965096465e-01	   5.5236497668356654e-01	   5.0698989637326086e-01	   3.5739331728700391e-01	   3.9753290453978929e-01	   4.5071158219512114e-01	   5.3192615865887749e-01	   4.0654330325995081e-01	   4.1444081551473322e-01	   6.3681608601910256e-01	   6.1026127375442663e-01	   6.7364440599168351e-01	   5.7099993272697680e-01	   5.3797281137799213e-01	   6.5334650592053745e-01	   4.7547758347701086e-01	   5.0066745542668989e-01	   7.0288903509767975e-01	   6.7348038772165975e-01	  -1.9270307545644125e-01	   2.9281861780193452e-01	   2.9844027739700391e-01	   4.5492486782302466e-01	   1.8444753318061011e-01	   9.0781825601403604e-02	  -7.4283978572548259e-02	   2.7471970261595180e-01	   5.0148693884742845e-01	   6.8057678809760414e-01	   4.5923416894484426e-01	   6.0620271532615277e-01	   5.6703152641434240e-01	   5.8634792506562949e-01	   5.5613581265845280e-01	   5.7443709860492387e-01	   6.0099677447635425e-01	   4.7233085628723243e-01	   2.1518739310173801e-01	   4.5967093083124855e-01	   2.6183469232455114e-01	   2.8692697145318713e-01	   9.5342183066819242e-02	   1.8415590439554202e-01	   4.9756058282588966e-01	   4.7227720371115089e-01	   4.3172865595532106e-01	   1.0529429604619060e-01	   3.0042650872472937e-01	  -3.6254276894894244e-02	   3.4654001256142436e-01	  -5.2957865315644795e-02	   5.9591624242910501e-01	   5.2554977324232266e-01	   6.0767088403732772e-01	   5.6315535227334379e-01	   2.5414582883703885e-01	   2.3475693156171729e-01	   4.6400225083593433e-01	   3.5894380407109583e-01	   2.6949685415804725e-01	  -1.1874752599655228e-01	  -7.0977863279826608e-02	   6.4140441615484725e-02	   5.1886279850748479e-02	   4.6473333525210381e-01	   4.1836255301136216e-01	   4.9380646139094087e-01	   3.5565995490864444e-01	   3.8082965672192592e-01	   1.8819337274049952e-01	  -2.0325454758493854e-02	
   6.4737139198343763e-01	   1.7586873327869995e-01	   4.9908561016455794e-01	   2.8148693647958845e-01	   1.8193585105417096e-01	   4.8036487927508670e-01	   6.5689916031623241e-01	   2.2984800161769503e-01	   2.1768573535790944e-01	   1.4589601914521363e-01	   8.2236120189342965e-01	   5.6200567056501705e-01	   0.0000000000000000e+00	   5.3186024020622225e-01	   5.3276551040484255e-01	   4.8386702713777008e-01	   5.5548585340818746e-01	   3.4084603849146511e-01	   4.9509814616744946e-01	   3.4761793453038148e-01	  -8.0573793305219285e-02	   4.4287053071768978e-01	   3.9689983016460262e-01	   4.4397440715527564e-01	   1.8194464179286951e-01	   3.1319126142521575e-01	   3.1000224737035875e-01	   3.7986792115900903e-01	   5.2622662255460217e-01	   4.7708756687775439e-01	   3.1922368507577725e-01	   1.8742809175460845e-01	   6.4981871825249515e-01	   3.9455754306109275e-01	   2.1726045324650478e-01	   2.5883314684112996e-01	   5.7292947626458379e-01	   5.0056789686717673e-01	   6.1289894295089764e-01	   5.6100671631260735e-01	   3.1224247074433237e-01	   4.4412166172289769e-01	   4.3212816814626642e-01	   5.1423609041143981e-01	   1.6760865993550839e-01	   3.1035980345250891e-01	   5.0329191281161123e-01	   4.1308355634341543e-01	   2.4119630342950282e-01	   1.5529199827564541e-01	   3.4991573645307866e-01	   3.5956696089493223e-01	   3.2669385854564525e-01	   3.8415173651522572e-01	   4.6589452357612537e-01	   5.8697476439024832e-01	   4.3653968133555110e-01	   2.1849721451877843e-01	   6.0565781498161586e-01	   3.5828093335429567e-01	   6.8875185454188304e-01	   7.0659946061521234e-02	   5.6693035970330508e-01	   3.4102860377243993e-01	   3.6695454238703712e-02	   1.1271515493736797e-01	   5.3807495143850115e-01	   4.6407097171285006e-01	   6.3750312568972303e-02	  -9.5054262478604379e-02	   2.5858371581356776e-01	   4.8967619930589029e-01	   6.4748812451081594e-01	   6.8690842793059492e-01	   6.5242115045905302e-01	   5.9499891169351016e-01	   6.9150781313241627e-01	   6.0517424557754218e-01	   3.8861317805530632e-01	   4.8766655552814719e-01	   3.0099243751977001e-01	   2.8651658794961310e-01	   1.7390313819805686e-01	   5.6088500003116704e-01	   1.3685093913452537e-01	   1.8204887743604092e-01	   8.3541523423108430e-02	   1.5465060750178028e-01	   3.7854752164203964e-01	   3.0967038566420996e-01	   1.9271800748769752e-01	   4.0078717973190586e-01	   1.5050231706469266e-01	   1.5575548307675127e-01	   1.2581232968153394e-01	  -7.7747266436240026e-02	   3.7129561680727519e-01	   3.6404899980154215e-01	   3.1163666454693950e-01	   6.2040280025289463e-01	  -3.7662485777658808e-02	   1.9430884807942939e-01	   1.5089805406397444e-01	   2.1095000656559765e-01	   2.2113596514322342e-01	  -1.1841667241570419e-01	   1.9332062103011131e-02	  -8.2431667060054697e-02	   3.2038274207212857e-02	   2.9868493958096742e-01	   4.1662545606526680e-01	   4.2758645928604189e-01	   3.4097429176534477e-01	   2.1050738099959559e-01	   1.5740296904539602e-01	  -2.1132229874587855e-01	
