   0.0000000000000000e+00	   8.2853435572592837e-01	   6.2807113626393352e-01	   5.5563161020357055e-01	   5.8298238640033839e-01	   4.2575112734072035e-01	   4.5049963642514579e-01	   2.9213992468379574e-01	   4.3392473083403971e-01	   2.6454043417027606e-01	   5.8691175469894152e-01	   6.5024321446957556e-01	   4.9504458275426833e-01	   5.7847505065087323e-01	   6.5624847124750674e-01	   5.5086354824285366e-01	   5.4986102999921682e-01	   6.0174107487649042e-01	   6.8328766948818154e-01	   8.2492103715812437e-01	   4.9905836890465438e-01	   4.7896688183279218e-01	   5.2439872284598854e-01	   3.9472918392491341e-01	   4.7356253526295289e-01	   3.7134232873509510e-01	   5.3601979195574045e-01	   4.9977741151603761e-01	   4.2689241534133021e-01	   5.3090339594753722e-01	   3.3589771665313034e-01	   1.0865974156410524e-01	   4.7219094164698183e-01	   4.0546259880683899e-01	   3.8750368168346344e-01	   3.1530894765095269e-01	   6.7376277471805368e-01	   5.8068749432516131e-01	   6.6656850847672344e-01	   7.3114140605860656e-01	   6.1759839355836466e-01	   7.2360263803455904e-01	   6.4883115602914854e-01	   6.4521853564046183e-01	   6.8287770805422832e-01	   6.8586675331271918e-01	   7.2118520814524090e-01	   6.4626294651664007e-01	   6.6960573953079860e-01	   7.0776009195760214e-01	   6.9695986578533142e-01	   6.5832816172001229e-01	   7.0411535277127901e-01	   5.8511162799572769e-01	   6.7198574654854626e-01	   6.5750562464576090e-01	   8.1658333852147846e-01	   8.1398041839839541e-01	   7.3859568185835567e-01	   5.8257832172116397e-01	   7.3312245463901760e-01	   4.8886798260734687e-01	   5.0502532577539871e-01	   6.7802675129917134e-01	   5.7426197627812658e-01	   5.3773576178543703e-01	   5.6912533189435011e-01	   5.2649034859100663e-01	   8.1107718324384892e-01	   7.9410005634289660e-01	   3.3292166467330758e-01	   2.2628605062955504e-01	   2.8287816895405188e-01	   3.7074882169610957e-01	   2.4456670138344760e-01	   2.3330070149980084e-01	   2.2106711148387748e-01	   2.2321967701490919e-01	   2.8960295384383661e-01	   4.3514472345788890e-01	   6.5538001574617444e-01	   6.8136631149677540e-01	   6.6560953811879953e-01	   6.6271949948501074e-01	   6.9098342458241202e-01	   7.1859263908895421e-01	   5.4421330289038850e-01	   6.1496245013245709e-01	   7.1105573936772504e-01	   6.6032964690729012e-01	   4.6744531862734079e-01	   4.8120044287772051e-01	   5.1345060899004813e-01	   5.2060137254046102e-01	   2.9883812492621159e-01	   2.2625880659697570e-01	   6.2419254400507962e-01	   5.9638645396192291e-01	   5.8849685753344694e-01	   5.5587944271231404e-01	   5.9589092227615592e-01	   5.4239333498947728e-01	   6.5273413690384530e-01	   5.6942852498655361e-01	   3.9329220842069840e-01	   6.1695721929977931e-01	   1.7933546972404230e-01	   2.1522661914955779e-01	   2.0480445853875573e-01	   5.2500500498870806e-01	   5.4086382980493541e-01	   5.2728786595188681e-01	   2.9045406424807518e-01	   4.5666988282638010e-01	   4.4189969442680499e-01	   1.3011710848782981e-01	
   8.2853435572592837e-01	   0.0000000000000000e+00	   5.2574641598247562e-01	   5.0300725130686885e-01	   5.0408871887701212e-01	   3.4825603176015474e-01	   3.7119255492751635e-01	   2.0843453216099994e-01	   4.8762122982316941e-01	   3.0535922141029076e-01	   3.5002141734553605e-01	   3.6791855483860303e-01	   2.8825768369324534e-01	   2.8692012229895886e-01	   5.3685829072158042e-01	   3.6253275647379835e-01	   4.1621505944493131e-01	   5.3253363303426737e-01	   5.6379798536146175e-01	   7.5779226862687188e-01	   3.5108534950981835e-01	   3.6239421072083255e-01	   4.3316193055211188e-01	   2.9578862574147474e-01	   4.2739427249926282e-01	   3.1582992683082656e-01	   3.7665277650372020e-01	   3.8645960401064927e-01	   2.9561127310526214e-01	   3.8361829147660165e-01	   2.8929871998174356e-01	   5.3196613051267147e-02	   4.3040562534411786e-01	   3.5630874467818596e-01	   2.9343125389980607e-01	   1.9797100775888726e-01	   5.4003864841079086e-01	   4.2799120296905369e-01	   5.1802137978405205e-01	   5.9923985365950139e-01	   3.9757828810631513e-01	   6.5790740324625263e-01	   6.1292678002345968e-01	   6.5411252029227063e-01	   6.6583811404889737e-01	   6.5190780849048635e-01	   6.8108930611369889e-01	   6.1278618970128418e-01	   6.3401257281730761e-01	   6.5985137139946415e-01	   6.6079522920850264e-01	   7.0129873514327956e-01	   6.0157497499564117e-01	   7.1211305849892514e-01	   5.5933447651994117e-01	   6.2153621942769721e-01	   8.7474306786952349e-01	   9.0284896917383606e-01	   5.2066167696325594e-01	   4.2577509787771878e-01	   5.0648250475213363e-01	   2.8802665848864051e-01	   4.3430504155222305e-01	   5.2288868827895951e-01	   4.7730312817700471e-01	   4.2813961467271133e-01	   4.2606992514617237e-01	   3.7157839257262171e-01	   8.3806284279265075e-01	   7.5402754479651168e-01	   1.7739061089319638e-01	   1.1997878791045150e-01	   1.9525189787477709e-01	   2.6869888282854609e-01	   1.9276620367982911e-01	   1.8606915644459965e-01	   1.8178090147004744e-01	   2.1417041839504480e-01	   3.0404808023964225e-01	   4.0636735511899236e-01	   5.4450375440246812e-01	   5.6030219050554597e-01	   4.6087981910333231e-01	   4.6511984560515485e-01	   5.3210773164046365e-01	   5.9970817897701889e-01	   4.3168822121139039e-01	   5.4014621754047087e-01	   5.0250406583454732e-01	   5.4724934204674291e-01	   3.6151734948771891e-01	   3.1976058419556597e-01	   3.3008316365268425e-01	   3.3822829343257843e-01	   3.7197858893110880e-01	   8.9259098652953131e-02	   5.6866973413186628e-01	   4.4888314040265420e-01	   4.8760272166827739e-01	   3.4414694856067324e-01	   4.2475726685778237e-01	   3.3005220743207719e-01	   5.4648934003382998e-01	   3.4289372500727328e-01	   3.9203074098579777e-01	   5.1198471572057702e-01	   1.2172983987271559e-01	   5.4735159051889679e-02	   1.6880925672636257e-01	   4.0617544884252754e-01	   3.6101403484190053e-01	   3.8036842253006348e-01	   8.4815127642688559e-02	   2.2015456761112084e-01	   3.6412129723752129e-01	   7.8425047548992793e-02	
   6.2807113626393352e-01	   5.2574641598247562e-01	   0.0000000000000000e+00	   7.5337473625540619e-01	   8.7937871233525744e-01	   6.1993257654067446e-01	   6.6791655213254342e-01	   4.5450853286892390e-01	   6.6039230285863160e-01	   3.5605325448075509e-01	   5.7959173153924637e-01	   4.5952307589770469e-01	   3.8774271167232732e-01	   5.0180394729233280e-01	   7.6532912845615220e-01	   6.6275605286419181e-01	   3.6105180514799373e-01	   3.7904550277419402e-01	   6.0196424073687094e-01	   6.3566936857866141e-01	   8.2240507002811714e-01	   7.7472791478884906e-01	   8.9715694923756439e-01	   7.9522706886630412e-01	   8.0993700387060596e-01	   7.3248982808156482e-01	   8.3951942991526440e-01	   8.4841748468961109e-01	   3.2660025734177439e-01	   4.5687673055510042e-01	   7.1320481415726034e-01	   5.3430353033971634e-01	   7.9321638336226963e-01	   7.1539395785981008e-01	   8.2041164874594585e-01	   7.3178785288256898e-01	   5.9356768177436370e-01	   4.7771214211308877e-01	   6.8367131126580505e-01	   7.1352831717507481e-01	   5.9812742014657982e-01	   5.0886630173496261e-01	   7.1679162427208110e-01	   5.4078119080941855e-01	   6.3035648285641299e-01	   5.8751369984428625e-01	   6.7907451731987345e-01	   5.6052469368955293e-01	   5.2542245654475317e-01	   5.6917523270744130e-01	   6.8163405495607265e-01	   6.0420605540035854e-01	   6.5157053872118376e-01	   5.6322919674154881e-01	   6.6998526345078524e-01	   7.8242682747696068e-01	   5.3959837444554626e-01	   6.1817331909446049e-01	   6.4796784402255658e-01	   4.9444381084808076e-01	   6.2392133366757019e-01	   4.3467854379877596e-01	   3.5992728116555556e-01	   5.8569386533071099e-01	   8.4231898329442756e-01	   7.6481474289494500e-01	   8.1226800007464361e-01	   7.5290616853501213e-01	   6.2927294715300908e-01	   7.3540693780428468e-01	   4.7524007177216243e-01	   3.6892396617299156e-01	   3.4316336186337293e-01	   3.2281458846379757e-01	   3.5455158623769334e-01	   3.9962814795998125e-01	   4.4188752372937135e-01	   4.0588757632915906e-01	   2.4222137503901892e-01	   3.1814282675329281e-01	   5.1029307960346948e-01	   5.9350358274712267e-01	   7.1488634976860699e-01	   7.2227333767525104e-01	   7.8431508147875406e-01	   7.7674678257153085e-01	   6.1934083671686435e-01	   7.0297457602214264e-01	   7.5770861626025332e-01	   7.9276387928437453e-01	   6.5461272856350639e-01	   7.7686542529387359e-01	   6.6502595583364943e-01	   8.0247370953608554e-01	   2.4706116479760809e-01	   1.6654298770511408e-01	   6.7329088416373495e-01	   6.1439957649182664e-01	   6.3305781748676937e-01	   6.2522730906190238e-01	   5.6498496513336227e-01	   6.5026405142108423e-01	   7.5211807497874794e-01	   6.8230673019697108e-01	   4.9011261500680459e-01	   4.4620864517664915e-01	   2.8547163932236680e-01	   2.3542502957618400e-01	   2.2569304126256029e-01	   5.1695308722204814e-01	   7.7540187553892026e-01	   5.8218023964150378e-01	   3.6607585635709083e-01	   5.6378167342789209e-01	   4.6303217475368480e-01	   1.5980127759298002e-01	
   5.5563161020357055e-01	   5.0300725130686885e-01	   7.5337473625540619e-01	   0.0000000000000000e+00	   7.2085199223104424e-01	   7.7838749842024357e-01	   6.4747806278607434e-01	   7.4105805752197040e-01	   6.7012065164603141e-01	   6.1798819987524622e-01	   3.1203534321497051e-01	   4.0885641539596101e-01	   1.8824800348591952e-01	   3.8439768141889202e-01	   6.2303423727925566e-01	   6.2746992571264670e-01	   8.8393977103061766e-02	   8.3115931210941185e-02	   3.2693061368824083e-01	   5.2349416860293518e-01	   5.7533411284706715e-01	   6.2561355516034123e-01	   7.2621358171719275e-01	   8.4324775336962454e-01	   6.0031740020498148e-01	   7.0978540854114069e-01	   5.7702896157217809e-01	   6.9395681362843453e-01	   1.1714113776672599e-01	   2.7876124797676277e-01	   6.1100541920531692e-01	   6.1226217161224161e-01	   5.1474764801238759e-01	   5.8374423040979173e-01	   5.9000021889326226e-01	   5.6694953421624394e-01	   4.2911210076898387e-01	   4.2125108738547312e-01	   4.9425302367059076e-01	   6.9731282786304560e-01	   5.1753710334382341e-01	   4.2785289952653738e-01	   5.6370512524229965e-01	   3.9096416598516570e-01	   5.5684720708293556e-01	   4.8102926307283106e-01	   6.1044244023212468e-01	   3.9465672305922694e-01	   5.4348047040905179e-01	   5.4274966776693889e-01	   7.0325848485933007e-01	   5.8791626985735024e-01	   6.3030382102929949e-01	   5.0983275121640148e-01	   6.6114721842454094e-01	   6.4518558933471204e-01	   3.9226393195541387e-01	   5.8635198081458295e-01	   6.2644384418102184e-01	   7.4122416531103763e-01	   5.7414708557902638e-01	   7.0683555773406570e-01	   9.2073940467216106e-02	   3.9939427885134976e-01	   7.0443105476384404e-01	   8.0458756091155359e-01	   6.1800741827257388e-01	   5.9594921415466895e-01	   5.4961249275063495e-01	   6.9162344567654910e-01	   4.1699056250303945e-01	   4.6364069926715190e-01	   3.3727661766710787e-01	   3.5859722315565706e-01	   3.9028120619249790e-01	   4.5417997813706118e-01	   3.1935406799944233e-01	   3.8272884940849305e-01	   3.1979811826098076e-02	   5.5771046967077839e-02	   2.9639513604165546e-01	   3.3760680179405850e-01	   5.5886362046298244e-01	   5.5354569473204007e-01	   6.2290734585490026e-01	   7.6544938924057160e-01	   5.6741417627799640e-01	   5.7414576733530143e-01	   6.8869575511643699e-01	   7.6483702308224222e-01	   8.2879625083214292e-01	   7.1333227500157814e-01	   8.3976934489609434e-01	   6.6201470788205619e-01	   1.2960339931441600e-01	   4.3152891913316771e-01	   6.7957927797177731e-01	   5.6232398921538296e-01	   6.9320149631900885e-01	   5.3986279211375876e-01	   6.9522367119248840e-01	   5.8593872672548442e-01	   7.4935148316533429e-01	   6.4189899042628862e-01	   5.7697753669705709e-01	   4.4481921461439600e-01	   4.0467728931715108e-01	   2.8843801135939495e-01	   1.9182629589314742e-01	   5.2120241272995438e-01	   6.0007675292666984e-01	   6.0341003027053275e-01	   4.8193795162207748e-01	   5.1365920771202900e-01	   4.3569827071923728e-01	   2.2870693536889039e-01	
   5.8298238640033839e-01	   5.0408871887701212e-01	   8.7937871233525744e-01	   7.2085199223104424e-01	   0.0000000000000000e+00	   7.6737354401131652e-01	   6.8548605113641514e-01	   4.5821700242223534e-01	   8.4515386557977523e-01	   5.4361634996331021e-01	   5.4909226909375897e-01	   3.7242535042191605e-01	   4.8742865230339261e-01	   5.0710797212360326e-01	   8.2086867909958172e-01	   7.1184428437305636e-01	   1.8746209903270869e-01	   2.3526568227174233e-01	   4.2661416294418442e-01	   4.8466039845047093e-01	   7.8639975651126215e-01	   7.8191076915926150e-01	   7.8929513666453088e-01	   7.0261024171720088e-01	   7.4887068057580497e-01	   7.5700402433468228e-01	   7.5340404918004000e-01	   8.5555909355981841e-01	   1.9154076536508263e-01	   3.3420412490843265e-01	   6.3283772882390132e-01	   4.6237363533967152e-01	   6.1523185293046390e-01	   5.4895597819249953e-01	   6.8282449002000400e-01	   5.7040371618470276e-01	   4.7512678500767491e-01	   4.8337205974726838e-01	   6.4206231045826523e-01	   6.1945520894009642e-01	   4.8772397720574934e-01	   4.5389192229428432e-01	   6.0303428073189624e-01	   4.3480515919527851e-01	   5.6020272890828537e-01	   5.1063144198440624e-01	   5.9964062481638536e-01	   4.5658825972251194e-01	   4.9051682741250757e-01	   5.3902719666028276e-01	   6.3072335041800953e-01	   5.8652945806947510e-01	   6.2948457196216823e-01	   5.9505542463351979e-01	   5.8496262469119853e-01	   7.6021769044862575e-01	   4.4694710244751340e-01	   5.5395279782504403e-01	   6.0350355033879399e-01	   5.0666262577467092e-01	   5.7125718424849681e-01	   4.9613565579224250e-01	   2.1805612839957703e-01	   4.0020545925124018e-01	   8.2687503877743795e-01	   7.2414769264190704e-01	   6.5199605534571492e-01	   5.8753110627863903e-01	   5.6186468371922249e-01	   6.7473995712534840e-01	   3.0153873508054507e-01	   1.6302914672407218e-01	   1.9134825117299348e-01	   1.9008398521798189e-01	   2.5247111785576526e-01	   2.3586096277056717e-01	   3.2435186542408539e-01	   2.6013671499055441e-01	   7.3128592015290650e-02	   1.9480128595408014e-01	   3.9629247362276721e-01	   5.4349569683065624e-01	   6.6027076375927485e-01	   6.8203283863810393e-01	   7.6876077806969900e-01	   7.8556010425557443e-01	   5.5548924368629993e-01	   6.4942713211595104e-01	   7.5322261100495291e-01	   7.6152329834129528e-01	   5.9737961592119881e-01	   7.4242419761805478e-01	   5.9869737815813551e-01	   7.1832701550497258e-01	   3.5663046000197007e-01	   1.9321129051190483e-01	   6.3153398233699110e-01	   6.3553130031917848e-01	   5.3411314825945300e-01	   5.5427207351062613e-01	   5.1864351448275370e-01	   5.8163737226840351e-01	   6.9941596557351937e-01	   5.6004012896508348e-01	   5.8492165312271716e-01	   5.4133120649103672e-01	   3.0962149663577015e-01	   2.1904531204999173e-01	   2.5085313147798494e-01	   5.1552094532379478e-01	   6.4611620058635177e-01	   4.1942320300048913e-01	   2.7590440211482142e-01	   4.6936957013858993e-01	   4.5601336302995882e-01	   2.2143291972422247e-01	
   4.2575112734072035e-01	   3.4825603176015474e-01	   6.1993257654067446e-01	   7.7838749842024357e-01	   7.6737354401131652e-01	   0.0000000000000000e+00	   6.3186884926395959e-01	   7.1982538481472624e-01	   7.8029738149724825e-01	   8.1113461561176459e-01	   3.0875339839340488e-01	   3.4659278994893272e-01	   3.4200610941191056e-01	   4.0220792406904227e-01	   6.3450140120516285e-01	   7.2435922220791893e-01	  -9.4569819281111588e-03	  -6.6804583156524844e-03	   2.0895369109538300e-01	   3.0459941962069037e-01	   5.6786339656496121e-01	   6.9005392928173026e-01	   6.1342804097623849e-01	   7.0763851767252772e-01	   4.5834021473349007e-01	   6.5744137666102209e-01	   5.2149974110299413e-01	   7.6524101570855341e-01	   9.8152562242964259e-02	   2.2869851787681561e-01	   4.9859630166622437e-01	   5.2249260430545941e-01	   4.2292230556038213e-01	   4.6136557504665499e-01	   4.0944947918788338e-01	   3.8837824992702330e-01	   3.4223323779340314e-01	   3.5602041781617422e-01	   4.2046467419149314e-01	   4.8981780233671202e-01	   4.4061930479729872e-01	   3.1488188457173938e-01	   3.2572961609997264e-01	   1.5415211645621951e-01	   3.2035241628654293e-01	   2.4788280694674933e-01	   3.5633263555392292e-01	   1.2961396261583669e-01	   3.1469484187283731e-01	   3.1759616132946300e-01	   5.1298337175428566e-01	   3.9370174361273846e-01	   5.2355507224395104e-01	   4.9161930753995053e-01	   4.6137594365316825e-01	   5.4353964979435587e-01	   2.4855615966529457e-01	   3.6649831414425599e-01	   4.6760184587174802e-01	   5.3898830673249332e-01	   4.9369870340101552e-01	   6.5115545182066636e-01	   9.7741831583311900e-02	   2.1646332920902461e-01	   6.5987656371317693e-01	   7.4622453341924311e-01	   3.9612062699102096e-01	   3.5637000099163252e-01	   4.1286159197038941e-01	   5.3130142785030821e-01	   3.5696680808911319e-01	   3.0376165013423689e-01	   3.0592605716702559e-01	   2.9151611074846345e-01	   3.4983376097001395e-01	   3.3166070644443491e-01	   2.9825212087498160e-01	   3.0624939181732924e-01	  -2.9658138291804484e-02	   5.7822807448535712e-02	   2.7752286228285528e-01	   3.5271508100325799e-01	   5.3094747315909929e-01	   4.5696382766234644e-01	   6.2288441054795984e-01	   7.3477675253789976e-01	   4.3717341057626402e-01	   4.5719805191222446e-01	   6.7479680437065515e-01	   6.8031841665476334e-01	   6.4859897794763499e-01	   6.8246573023206591e-01	   6.9784246769531422e-01	   6.3307855927084211e-01	   2.5222390386372728e-01	   4.0098297589457199e-01	   5.1573494458028157e-01	   4.5879325122250814e-01	   4.1889402025149308e-01	   4.1773334577802046e-01	   6.2690232449497407e-01	   5.6095726202476737e-01	   6.1637242408387216e-01	   4.5237253946664169e-01	   5.7343089243028311e-01	   4.3755610076886792e-01	   3.2256119524512411e-01	   1.8955154237195371e-01	   2.7907988823178798e-01	   5.2091936205155298e-01	   4.1200012204455450e-01	   3.6914487059038681e-01	   3.3674535038934073e-01	   3.7976433861130182e-01	   3.3104650127149199e-01	   2.5689729586029481e-01	
   4.5049963642514579e-01	   3.7119255492751635e-01	   6.6791655213254342e-01	   6.4747806278607434e-01	   6.8548605113641514e-01	   6.3186884926395959e-01	   0.0000000000000000e+00	   7.7361846822884806e-01	   6.4766878858060195e-01	   5.7680429642513142e-01	   5.4584737611259726e-01	   4.2402062454024736e-01	   5.7471443284518031e-01	   4.6825535826208209e-01	   7.0540140728364986e-01	   5.1219829569239084e-01	   1.9285478574492812e-01	   1.1358713747912794e-01	   4.8217167479608536e-01	   4.3197968957576188e-01	   3.9711630635510053e-01	   4.5614920696742683e-01	   5.3765888128578720e-01	   5.7344427123672292e-01	   2.9691106796418842e-01	   3.4891424329890131e-01	   3.1111824340257527e-01	   5.3872737934539738e-01	   3.7838633968716734e-01	   3.8524667702330317e-01	   3.6727829553634650e-01	   4.5077652611214819e-01	   5.6457901202564442e-01	   6.3841932904532317e-01	   3.9921714713687928e-01	   2.9968805636229040e-01	   2.2677810105436888e-01	   3.1361489325851050e-01	   3.5249970964125754e-01	   5.1385047292574570e-01	   3.8503051043526682e-01	   2.9481972703721088e-01	   2.6056082432292837e-01	   1.4207567394190412e-01	   2.4762430903594451e-01	   2.0274495526524799e-01	   2.8200177553776462e-01	   1.8979275811939122e-01	   1.8871297202726001e-01	   2.5291001401110136e-01	   3.6587686125538849e-01	   3.1459863593642545e-01	   2.8156771287816329e-01	   3.4351055734751529e-01	   3.8977596553755833e-01	   4.5736637262636437e-01	   2.0223881409863700e-01	   3.0368448053505614e-01	   4.5547516480272354e-01	   3.7807003057675104e-01	   5.7243003780647550e-01	   5.8652700869467767e-01	   1.1849802676656457e-01	   3.2927585334867554e-01	   6.4034560958641407e-01	   7.2156029519313625e-01	   4.2738360111144125e-01	   3.9741772727171198e-01	   3.4238763012713702e-01	   4.5431223615528132e-01	   4.6168614918796447e-01	   4.3650190252175247e-01	   4.1989453204149985e-01	   4.1580040445494054e-01	   4.8968473528693546e-01	   4.6293848414771888e-01	   3.2436738494089867e-01	   2.9903557265642638e-01	   1.4289428223918524e-03	   1.1714065388349829e-01	   2.9590332338708991e-01	   3.5481017941690307e-01	   5.9261206532784150e-01	   4.0102528515804148e-01	   6.0443779473786596e-01	   6.0669604186944037e-01	   4.7262267499510430e-01	   3.8988710821833811e-01	   5.5006630928913558e-01	   6.6351551108357132e-01	   5.7131310979679994e-01	   5.8417631699869377e-01	   5.7066889222254535e-01	   6.8098752416954533e-01	  -4.1912063725483992e-02	   2.0372341574284869e-01	   4.1021270512985308e-01	   4.5815656401837113e-01	   3.6930478458092120e-01	   4.2495378476750423e-01	   4.4488105340731110e-01	   7.0990206411108114e-01	   6.3732260750321512e-01	   6.1689105403002087e-01	   4.8913905359918897e-01	   3.6525357132795616e-01	   1.8825034937314830e-01	   3.1430401177906031e-01	   2.1370518073587993e-01	   4.7764652202434510e-01	   4.3754000971789808e-01	   4.7637515477281867e-01	   4.1640041136891426e-01	   4.0653124652325900e-01	   2.4427400376591396e-01	   2.5046280007098293e-01	
   2.9213992468379574e-01	   2.0843453216099994e-01	   4.5450853286892390e-01	   7.4105805752197040e-01	   4.5821700242223534e-01	   7.1982538481472624e-01	   7.7361846822884806e-01	   0.0000000000000000e+00	   5.4760741778286059e-01	   7.2513008836501203e-01	   3.6480821459657259e-01	   4.3368394215542089e-01	   3.5841694932259699e-01	   4.1838271487115397e-01	   5.3767909620990206e-01	   5.7800509012602608e-01	   6.5452372770451697e-02	  -3.9279217995270253e-02	   1.9390749469780205e-01	   2.6336351075200520e-01	   2.7400284486052123e-01	   3.7953000727133268e-01	   4.5008602166439837e-01	   6.3836652796443982e-01	   1.4698109581472629e-01	   3.5170598404150510e-01	   1.8611111911897432e-01	   4.7027051312972989e-01	   2.5151780614476937e-01	   3.4106820513429781e-01	   3.5310955294815149e-01	   5.7459978396313516e-01	   3.5568447029823347e-01	   5.0309686169390300e-01	   2.3780122556029093e-01	   2.3395269953965886e-01	   1.6360604548078878e-01	   2.4393885416085817e-01	   2.3918773569533985e-01	   4.5166859109255164e-01	   4.1841902280094834e-01	   2.5046609537041542e-01	   1.5437493850462081e-01	  -4.0092249804468821e-03	   1.9580534885057238e-01	   6.4651537847759705e-02	   2.2510793165299836e-01	   3.3161594864296706e-02	   1.9390539676934482e-01	   1.4366594865497098e-01	   3.8013609471141308e-01	   2.6417962266381284e-01	   3.2109293527007449e-01	   3.2537888706359158e-01	   4.4716327298720010e-01	   3.5324487269566374e-01	   3.1829057475830369e-02	   1.4532597121707236e-01	   3.4794421559257549e-01	   4.3712942139895639e-01	   4.8977157090992446e-01	   6.7223050795076311e-01	   4.9399022023302666e-02	   1.9421735658087991e-01	   4.9161616402663810e-01	   7.1126124828727821e-01	   2.6674230288420392e-01	   2.6065539959062428e-01	   1.9337793374674700e-01	   3.6115353916970749e-01	   4.7878174724266959e-01	   5.4714367442354384e-01	   4.9342879345130319e-01	   4.8350859542357594e-01	   5.2869308247752511e-01	   5.3882194648102077e-01	   3.4034757450434117e-01	   4.2215393142164137e-01	  -3.7476532983220863e-03	   1.5152087637945105e-02	   1.9748047759220919e-01	   1.9206256837680044e-01	   5.3977036310800153e-01	   3.2461062450147821e-01	   4.5383749062824830e-01	   5.7277816327927045e-01	   4.8474761567412672e-01	   3.2253165521012261e-01	   5.3308611885264667e-01	   5.5633337660638937e-01	   6.8582497182973334e-01	   5.9511357222026906e-01	   6.9269777260279630e-01	   5.8512393691180942e-01	  -1.0268956750067358e-01	   4.9806708285772472e-01	   3.9914648401158598e-01	   3.3187507561071894e-01	   4.0946851643015147e-01	   4.0051026103402954e-01	   5.6456687258325267e-01	   5.4859649681184830e-01	   5.6359969265045828e-01	   4.6471635861651184e-01	   4.4756788901205813e-01	   2.0594063563717588e-01	   2.5763696190299390e-01	   2.0897730460432323e-01	   1.7956433042158604e-01	   4.1063593619812949e-01	   2.9791224903467883e-01	   4.5746310918519800e-01	   4.2060148878184300e-01	   3.9650008794615788e-01	   2.7636683236351250e-01	   2.8808904947342118e-01	
   4.3392473083403971e-01	   4.8762122982316941e-01	   6.6039230285863160e-01	   6.7012065164603141e-01	   8.4515386557977523e-01	   7.8029738149724825e-01	   6.4766878858060195e-01	   5.4760741778286059e-01	   0.0000000000000000e+00	   6.9714922396179535e-01	   4.2887920201691621e-01	   3.1964205985388228e-01	   4.1234187234936892e-01	   3.7248186024575480e-01	   7.5574903446255892e-01	   6.4580448229886489e-01	   8.8236781152074673e-02	   1.3836976371566562e-01	   2.7494899367197101e-01	   3.8275702694302249e-01	   5.6823722529540655e-01	   5.5706659492586408e-01	   6.2935905011593385e-01	   6.1479526111080773e-01	   5.1956526338762443e-01	   6.0418816519311391e-01	   5.1242782254982733e-01	   7.3539074884242905e-01	   1.0495566715563839e-01	   2.7005074258874773e-01	   4.5257410826146344e-01	   3.6259290809656031e-01	   4.1222123420908013e-01	   3.6547515901160332e-01	   4.0813752715575147e-01	   2.9300946871432004e-01	   3.6430879269078081e-01	   3.9461584280315798e-01	   4.9634520602206672e-01	   4.8870422875054831e-01	   3.7252063567213467e-01	   3.8929982175464817e-01	   4.4761010901287590e-01	   2.9438511017893354e-01	   3.8729893661697751e-01	   2.9446723166125915e-01	   4.5988429733386044e-01	   2.9242431322604312e-01	   3.3666314984655005e-01	   3.5946538261141370e-01	   5.1749999960546811e-01	   4.9462054140739048e-01	   5.3506367213143746e-01	   6.1570540823421838e-01	   4.7134259285527003e-01	   6.1832124883977557e-01	   3.4806648419511726e-01	   4.7087264076462731e-01	   4.2694304527956184e-01	   4.0869665810606631e-01	   4.9763888770427139e-01	   5.1352426696092912e-01	   1.9520612812535054e-01	   3.1830609240136604e-01	   7.5180536375370188e-01	   6.7230522916388402e-01	   3.3926405653435526e-01	   2.8656846356667243e-01	   4.7274009834891667e-01	   5.6983531380003427e-01	   2.4148493420803441e-01	   1.6093772189389927e-01	   2.0021727021099023e-01	   2.3345534799092441e-01	   2.2977550743759947e-01	   2.8775547999304063e-01	   2.2122961305864403e-01	   1.9143935401126369e-01	   4.2565497433254287e-02	   1.6684116153503276e-01	   3.7909606027138432e-01	   4.9124999956560073e-01	   5.4792361339814377e-01	   4.8453561661315081e-01	   7.0464523024828452e-01	   7.1689719741176927e-01	   4.0481531950275873e-01	   4.8573090684109921e-01	   6.3008939802669472e-01	   6.6156073949189298e-01	   5.4158196716302154e-01	   6.0112913624503073e-01	   4.8642597908989993e-01	   5.9146963586265966e-01	   3.3510191352358476e-01	   2.3666866008059839e-01	   5.4255683930625209e-01	   4.8977642789191628e-01	   4.1696606167876832e-01	   3.9669038417870600e-01	   4.5193188919522448e-01	   4.2320263354300036e-01	   6.0674453550800356e-01	   3.6477059423806124e-01	   3.9910723564437633e-01	   3.3730354852679767e-01	   2.2930419273648631e-01	   7.0816652216988726e-02	   2.0385837478852717e-01	   3.7479683622606236e-01	   3.8091629744435013e-01	   2.9068136427916658e-01	   1.2851582641961778e-01	   2.2163078435875155e-01	   3.9854115330913054e-01	   2.6189714896574068e-01	
   2.6454043417027606e-01	   3.0535922141029076e-01	   3.5605325448075509e-01	   6.1798819987524622e-01	   5.4361634996331021e-01	   8.1113461561176459e-01	   5.7680429642513142e-01	   7.2513008836501203e-01	   6.9714922396179535e-01	   0.0000000000000000e+00	   1.8140895704715138e-01	   2.0904393131027291e-01	   3.0631147092073735e-01	   2.7917694540063442e-01	   5.2844213748503077e-01	   5.7881121649303657e-01	  -9.3421610832085444e-02	  -4.4769027007195331e-02	   2.8923830420211346e-02	   1.5864634250476001e-01	   3.0141241431816967e-01	   3.6508129792447763e-01	   3.6214176028211847e-01	   5.1721697665766353e-01	   1.9122351533072079e-01	   4.1791974517955927e-01	   2.1321717013294139e-01	   5.1746965098279696e-01	   5.0871877426952469e-02	   1.3477322730402447e-01	   2.8297566676273622e-01	   3.8282923957844983e-01	   1.9648932809230357e-01	   2.4895014981602315e-01	   1.0106996609131969e-01	   4.0988242407401787e-02	   7.9599681157211749e-02	   2.3521870396824690e-01	   2.2591214119137637e-01	   3.0910029618472934e-01	   1.6972593981585196e-01	   1.6913753335876613e-01	   1.3338608850361280e-01	   3.5524750152750625e-02	   1.7103243763749618e-01	   6.6232965764078833e-02	   1.9296018607631496e-01	   2.8078541714154040e-02	   1.3523396494492756e-01	   1.0307024476446244e-01	   2.6641292834591912e-01	   2.2945715527303789e-01	   2.5029023216543045e-01	   4.1068363224469762e-01	   3.1104092458188959e-01	   3.1663827303827474e-01	   1.3665554457257467e-01	   2.5477225330024988e-01	   1.8435962270090508e-01	   3.0261524452345201e-01	   3.1945159854279581e-01	   4.8761167416065798e-01	   1.1613422220200589e-02	   3.1722066176721686e-02	   4.9155533477906110e-01	   5.7664801692210643e-01	   4.9789645900185878e-02	  -1.8576212810067494e-03	   3.0077979233151331e-01	   3.3474042174191909e-01	   2.3932431834482809e-01	   2.4766712760342474e-01	   1.8984133204833797e-01	   2.5236400615017851e-01	   2.3170555020830191e-01	   1.9183132029618524e-01	   1.3796855543388492e-01	   1.1643782357349106e-01	   3.3005136373336331e-02	   4.1155448206156971e-02	   1.6588316078026794e-01	   2.3567831634128888e-01	   3.6514791997241847e-01	   1.8411883830237452e-01	   4.6164071970916754e-01	   5.4555917787987585e-01	   2.9466942915898303e-01	   2.1380370723720846e-01	   4.7617044027588845e-01	   4.9250413107870639e-01	   4.6679280126698486e-01	   4.0985966989643863e-01	   4.9014392325334966e-01	   3.6672512399310653e-01	   1.7865496376680948e-01	   3.7278160034158780e-01	   3.4103132471648206e-01	   3.0946153929315007e-01	   1.9845031732644308e-01	   2.0044934999766106e-01	   4.1385063008834205e-01	   3.0318243229241987e-01	   4.1709057727935384e-01	   2.3109642382210077e-01	   4.3003949443630052e-01	   2.3246959662633115e-01	   7.8580520117135649e-02	   6.0618790897115180e-02	   1.6476698072419341e-01	   2.6436957648027082e-01	   1.0098576572756837e-01	   1.6390174411266259e-01	   1.9140183677763115e-01	   1.2921248266008070e-01	   2.1903690777526058e-01	   3.7313695704775190e-01	
   5.8691175469894152e-01	   3.5002141734553605e-01	   5.7959173153924637e-01	   3.1203534321497051e-01	   5.4909226909375897e-01	   3.0875339839340488e-01	   5.4584737611259726e-01	   3.6480821459657259e-01	   4.2887920201691621e-01	   1.8140895704715138e-01	   0.0000000000000000e+00	   6.8071054674022802e-01	   7.7671827640978452e-01	   7.5966444460682392e-01	   7.8825187087528370e-01	   6.4157557618785199e-01	   5.2786635920837077e-01	   4.6956563041200639e-01	   6.4161016523204162e-01	   5.4370980224298826e-01	   4.3572938724808274e-01	   3.6629244650785747e-01	   5.6444600465103645e-01	   4.1555657562722337e-01	   2.5008820372960955e-01	   1.6528622024463915e-01	   4.2264209515759926e-01	   5.0720584217730669e-01	   5.8882155738859199e-01	   6.4986754557298720e-01	   3.4346559613708272e-01	   2.6221055775492752e-01	   4.3188263728970827e-01	   4.0012910922379630e-01	   3.1502193823778346e-01	   2.1214265595613954e-01	   3.2178928923666794e-01	   3.0997493987781843e-01	   4.0676123684167731e-01	   4.4843513525631701e-01	   4.1767550251413743e-01	   4.0347905514598020e-01	   3.1086642776399454e-01	   2.3724271602784855e-01	   3.0243414283835723e-01	   2.0451012844132196e-01	   3.7795067042470021e-01	   2.8564277368641428e-01	   2.8492134193421864e-01	   2.2276655686826119e-01	   3.9269265728113595e-01	   2.8093956729459307e-01	   4.2393008433418256e-01	   3.4960742355069296e-01	   4.2794763311576905e-01	   4.9510721138190661e-01	   3.2510791991684240e-01	   3.1089432505339465e-01	   4.0015609885883147e-01	   1.9670033988812391e-01	   5.4463897133756234e-01	   3.1983846608086303e-01	   4.9841121952173206e-01	   5.9694811535639947e-01	   5.5970352015291347e-01	   4.6419305534796573e-01	   3.8308652956411027e-01	   3.4384492224234509e-01	   3.3638760326295369e-01	   4.1339610698831519e-01	   3.5389856859793911e-01	   1.6162810766785635e-01	   2.9922644644869467e-01	   3.0406892287456849e-01	   2.5643091561230613e-01	   2.4594964582141349e-01	   1.8176261583346676e-01	   1.9754512126140983e-01	   2.9401232084452755e-01	   4.0945979927151566e-01	   5.3927141721850824e-01	   6.0657490191399621e-01	   7.8065099941764571e-01	   6.8750011074524475e-01	   6.8777330944589177e-01	   5.6329509640299880e-01	   4.8033214196925056e-01	   5.9541912906054761e-01	   6.4107025547337337e-01	   5.5348424129214524e-01	   3.3827494720797580e-01	   4.8583104464590909e-01	   3.3939559938008035e-01	   5.6351362397695637e-01	   1.1956888426955425e-01	   1.0181000223019358e-01	   2.9893388252576364e-01	   2.9673931008398219e-01	   3.5455695625674066e-01	   4.1323392261440239e-01	   4.4949980560505687e-01	   5.1159639149528147e-01	   5.2815978026660215e-01	   4.3847214118554012e-01	   1.3791600293643350e-01	   2.5708835178157569e-01	   5.3878471802282196e-02	   1.3705175814443066e-01	   4.2960277674087839e-02	   2.7707188195631322e-01	   3.2305909484621864e-01	   2.4664881382709763e-01	   9.0628726886594818e-02	   3.5882587591143050e-01	   3.6071412359172650e-01	   2.2250216728513617e-01	
   6.5024321446957556e-01	   3.6791855483860303e-01	   4.5952307589770469e-01	   4.0885641539596101e-01	   3.7242535042191605e-01	   3.4659278994893272e-01	   4.2402062454024736e-01	   4.3368394215542089e-01	   3.1964205985388228e-01	   2.0904393131027291e-01	   6.8071054674022802e-01	   0.0000000000000000e+00	   6.2771744292321663e-01	   7.9388779283391420e-01	   5.6854795908713196e-01	   6.0482895339878628e-01	   5.5335927751809266e-01	   5.7197008151028661e-01	   5.3404928843056976e-01	   5.5073265860102150e-01	   2.9103601787028444e-01	   2.1788157188205420e-01	   4.0777255503793736e-01	   3.6187287959753367e-01	   1.8931950199661379e-01	   1.2811967718574790e-01	   3.8920152262029178e-01	   3.9003352012187631e-01	   5.8408391382254610e-01	   6.3761884955944237e-01	   1.4688510525478296e-01	   1.1281248885773754e-01	   2.2951319330759867e-01	   2.3248344582962643e-01	   2.0801878989002107e-01	   1.6138560667595733e-01	   5.8879890324908901e-01	   5.7983092085278287e-01	   5.1466456042787745e-01	   6.6653508208028989e-01	   7.2057480117536654e-01	   5.6131119206882141e-01	   4.6867927213024729e-01	   4.3743291513623239e-01	   4.5074851116990750e-01	   3.9102731034398691e-01	   5.2933890346289392e-01	   4.6373646097390681e-01	   4.5959198296485371e-01	   4.1846596031180411e-01	   5.3053682005217895e-01	   3.8876862443533633e-01	   5.3624384138586290e-01	   3.1967089110578228e-01	   5.7950198975032896e-01	   5.0240988600869596e-01	   3.6963388484686011e-01	   3.8033352990681113e-01	   6.4923279318809934e-01	   5.0215798398931744e-01	   7.0568368282858018e-01	   5.4493617963557794e-01	   4.9323903341212716e-01	   6.4693015764972450e-01	   5.1843284987320903e-01	   5.0070035979018468e-01	   3.7817864908176035e-01	   3.3638130390728627e-01	   3.3582227585721008e-01	   4.0336055086346506e-01	   3.7015217719246329e-01	   3.4597369141278378e-01	   4.0782957025175393e-01	   5.1966502552588434e-01	   3.2108495528223246e-01	   3.5725001081766156e-01	   7.0830541487900481e-02	   4.4468993105557117e-02	   3.8866158226957387e-01	   4.3667370268061489e-01	   6.3726357361762687e-01	   6.8015782192207663e-01	   7.0852684393417564e-01	   6.5010133099210710e-01	   7.1433039828489220e-01	   7.1400174746051215e-01	   5.6469511149076268e-01	   5.5002704916933431e-01	   7.4248920047958344e-01	   6.5807138906871643e-01	   3.4989054147338394e-01	   4.2965735835579671e-01	   3.8647391139830978e-01	   5.3162930072176551e-01	   8.3010228667150781e-03	   3.0203346915662843e-01	   4.3026648866022121e-01	   4.6340283621423939e-01	   4.6806980303974927e-01	   5.1268929488542025e-01	   6.3977116913909815e-01	   4.8581032772775756e-01	   5.1496612266697084e-01	   4.8993297348883591e-01	   7.3685074108225085e-02	   2.4845007768743249e-01	  -5.0683103114384093e-03	   2.0561839324600351e-01	  -1.3103458290049869e-01	   2.4999429989435834e-01	   3.8368268220105800e-01	   4.3677750423328349e-01	   2.2521672609848947e-01	   3.8992592348882871e-01	   3.6706502021927356e-01	   1.2556544790012478e-01	
   4.9504458275426833e-01	   2.8825768369324534e-01	   3.8774271167232732e-01	   1.8824800348591952e-01	   4.8742865230339261e-01	   3.4200610941191056e-01	   5.7471443284518031e-01	   3.5841694932259699e-01	   4.1234187234936892e-01	   3.0631147092073735e-01	   7.7671827640978452e-01	   6.2771744292321663e-01	   0.0000000000000000e+00	   8.1533844837522151e-01	   7.5605316298253222e-01	   5.9873967489168423e-01	   2.9062668264145969e-01	   2.7469874874838518e-01	   4.6763094623489476e-01	   3.3027109912784014e-01	   2.8866043501821853e-01	   2.7833554603189764e-01	   3.2959586154471965e-01	   2.6100245962739166e-01	   1.1226452616250135e-01	   9.4148869163986099e-02	   2.5960269886078080e-01	   3.7839843029476294e-01	   5.1647224238923228e-01	   4.9302242559342530e-01	   1.7169536227612392e-01	   1.3585949642445558e-01	   1.7562596916480047e-01	   1.5626528830213865e-01	   5.4767906061356897e-02	  -5.2989950433749981e-02	   2.4825290989529192e-01	   3.5855989279104622e-01	   3.8280393298315973e-01	   3.9039457745314993e-01	   3.1747045023449549e-01	   3.5477537920212965e-01	   1.7283868456955290e-01	   1.4962913524725030e-01	   2.6247947563933910e-01	   1.7064426547783587e-01	   2.7410710137344807e-01	   2.3878712602114477e-01	   2.9425930690983820e-01	   1.8767735035439434e-01	   3.0783731724043584e-01	   2.2086555653103018e-01	   3.1942081055025456e-01	   2.9579299317069985e-01	   3.2704600908495457e-01	   4.3044514394022892e-01	   2.0368638190962490e-01	   1.8561913021192536e-01	   3.7809294824118184e-01	   1.7783857797160765e-01	   4.7267251742923955e-01	   2.8462290465036094e-01	   3.0229740732133642e-01	   2.8340288681713133e-01	   3.7905321795802949e-01	   3.3423485464933533e-01	   1.7382390531583899e-01	   7.4340084584312918e-02	   2.3434879211297049e-01	   2.6765177021569975e-01	   2.4606022475790104e-01	   1.4965219378925815e-01	   1.6341416484137289e-01	   2.0334281563137413e-01	   2.4331772040677063e-01	   5.5665255062229885e-02	   9.4711886124982964e-02	   2.3994001073396758e-02	   1.1995803321732935e-01	   2.3425799575380674e-01	   3.7033208382467947e-01	   5.1824809777554959e-01	   7.1119551318877150e-01	   4.8094225511729843e-01	   5.6885628728230886e-01	   5.1326425769706674e-01	   4.5605762980504166e-01	   4.5111457032055213e-01	   5.2320463140446472e-01	   5.2724205579852501e-01	   1.6468579865965266e-01	   3.0877674173887121e-01	   2.1864102130544322e-01	   4.4175922980438942e-01	   2.1126444228305291e-01	   1.7545872004466992e-01	   3.1279719976306969e-01	   3.7644341735166142e-01	   1.7491320021675019e-01	   3.6745125839886406e-01	   3.2746225787471950e-01	   4.5457324624632289e-01	   3.7545710928632070e-01	   3.6178663791983112e-01	   2.4165746520481096e-01	   2.7911444647553280e-01	   2.8875599344981451e-03	   2.5119724132254428e-01	  -8.6661771998710994e-03	   2.9169390386711191e-01	   1.7001212754427919e-01	   1.7012108460740047e-01	   1.2083439703299140e-01	   2.8160119469325606e-01	   3.6166718131459008e-01	   2.4213286374366971e-01	
