   0.0000000000000000e+00	   7.5746529993853740e-01	   3.7230978406110971e-01	   3.7455435009551397e-01	   2.2666736032166929e-01	   1.6602514892751130e-01	   4.7781942180408465e-01	   2.5346702209134114e-01	   3.7269046925757698e-01	   6.1746495795918913e-02	   4.0675542596576236e-01	   3.6809705987422831e-01	   5.1719078605221724e-01	   1.8053334641128982e-01	   4.3608566095884926e-01	   2.2568685069184813e-01	   3.4315613416008284e-01	   4.2018515797107425e-01	   6.2552889284277624e-01	   5.6304842950438105e-01	   1.0851545354621887e-01	  -4.7881049020209586e-02	   2.9817465048761599e-01	   2.4756634469330816e-03	   2.0082327451122034e-01	   1.6925025469678134e-01	   3.6115469865295922e-02	   2.0241775611897361e-01	   4.5892032234813529e-01	   4.3272608390923684e-01	   3.5479280928060775e-01	   2.7325482655933697e-01	   6.1549958818027073e-01	   5.0250722926659164e-01	   8.6074843857504038e-02	  -9.0691164459162893e-02	   2.8201608946768442e-01	   3.1733737169750087e-01	   1.8813966564599915e-01	   1.0835979433722949e-01	   1.9473727050106854e-01	   2.3282815547411584e-01	   3.0938612923913084e-01	   4.2071251219362743e-01	   2.4468560267838035e-01	   2.5883990561348391e-01	   3.3349540720688020e-01	   3.0124758813558011e-01	   3.5474803857489146e-01	   3.5903003895546626e-01	   4.6071560604619144e-01	   2.6957641220559875e-01	   2.7599629527247582e-01	   1.8235159952433588e-01	   3.6429415149392458e-01	   3.4333635302161125e-01	   6.7871405735355728e-01	   7.6580493637184355e-01	   4.7546085556654916e-01	   2.5930723810113976e-01	   5.3310103201365155e-01	   7.4648587553335699e-02	   5.0778023466976441e-01	   2.9299775231712000e-01	   1.2894724320905138e-01	  -1.7343897663987687e-01	   3.0037815615869934e-01	   9.6959862525406906e-02	   5.6433719950104322e-01	   5.3684415726706325e-01	   5.2472820421638092e-04	  -5.9074702547855393e-02	   5.4470787559651690e-01	   5.5739785369324890e-01	   5.0246874826890886e-01	   4.2966728258957287e-01	   3.8051861287455468e-01	   3.9314182958420357e-01	   3.0594374020365422e-01	   5.5051400360624103e-01	   3.8953361423713928e-01	   5.3733714757903972e-01	   2.5563712022274671e-01	   7.5448651949792611e-02	   4.0026969540844637e-01	   4.1810592883899644e-01	   3.5030771145522033e-01	   2.7970807915749524e-01	   4.1354211891362941e-01	   3.5711286863523528e-01	   1.4785756255832456e-03	   4.1834276813411814e-02	   1.4723278969234383e-02	   1.8900281091828414e-01	   4.7895731448727086e-01	   1.1243201346332496e-01	   4.3515217420267510e-01	   3.6398354696286273e-01	   3.5457313016444703e-01	   4.7225448541479526e-01	   1.9597485429878658e-01	   2.0621675425343328e-01	   3.8867783132256395e-01	   2.9044566482961809e-01	   1.6093167611598425e-01	   4.7925173373252000e-02	   1.6020756077958259e-01	   2.5187303248552040e-01	   3.9486107960851818e-01	   4.3347198116423402e-01	   3.2473774894884527e-01	   4.1582147054486562e-01	   3.9597757081665530e-01	   1.3312659296545765e-01	   1.9433734718818940e-01	   3.5032961888865705e-01	
   7.5746529993853740e-01	   0.0000000000000000e+00	   3.2114101656335792e-01	   5.1899047877402493e-01	   1.9811073150487366e-01	   2.5251173404126992e-01	   3.5623244257459025e-01	   3.3552153598385714e-01	   1.4829222719416119e-01	   1.7368668340371779e-01	   1.0362016916665903e-01	   4.6859323253877738e-01	   3.0271403477004494e-01	   1.7085332828671432e-01	   2.6459171579569762e-01	   3.9306340560641850e-01	   3.6432051297096507e-01	   5.3121821113597834e-01	   5.2567933902530828e-01	   6.9762492916767183e-01	   1.6099090807757571e-01	   4.7689130119810380e-02	   2.3080793860618129e-01	   1.6430165688939144e-01	   1.3213261718608638e-01	   1.5801248591889466e-01	   1.3964752695758459e-01	   3.7644812275796102e-01	   6.1179015542555337e-01	   6.2159721910199695e-01	   5.0845937911847994e-01	   5.0172957840756738e-01	   7.7619814299390888e-01	   7.0470694734836647e-01	   6.2495665449707125e-02	  -1.4018216135968389e-01	   4.0980171491993089e-01	   3.7928198887468056e-01	   2.6674110220636182e-01	   9.6708200540264452e-02	   2.5246673284286864e-01	   2.7972108473914037e-01	   3.7582936186766780e-01	   5.3879498054782415e-01	   5.0157096523368105e-01	   4.9452089306773556e-01	   4.7991135612306124e-01	   4.0720247703938695e-01	   5.3809625296658614e-01	   4.0837372900264857e-01	   4.5398787677199220e-01	   2.3090423645413188e-01	   3.9289500557068002e-01	   7.1476030918217942e-02	   4.4353592828703114e-01	   3.2630440836539759e-01	   7.2119069430389848e-01	   7.7983793684020086e-01	   2.2914191807099432e-01	   2.6423505333243302e-01	   2.2618375515823319e-01	   1.3453391877601184e-01	   5.3327108700100179e-01	   4.2984393414674127e-01	  -1.0008640004502987e-02	  -1.8801795339278646e-01	   3.3418299359829695e-01	   2.1894937904266901e-01	   4.8134332559988074e-01	   4.8451465564492052e-01	  -1.2808558635722389e-01	  -1.2922614088322756e-01	   5.0545661769169259e-01	   5.8805902439910451e-01	   3.7881221922675129e-01	   4.2014211804398727e-01	   4.2567990740686817e-01	   4.7940003676171078e-01	   3.9218610145366184e-01	   5.4179496274400751e-01	   4.9650677727061832e-01	   5.5616427815029557e-01	   3.2129454621144266e-01	   1.1235743173765420e-01	   4.0810724312343100e-01	   5.1708068256143092e-01	   3.5292710467690391e-01	   2.2585655993456122e-01	   3.6568752152961592e-01	   3.1190505073799835e-01	   9.4081612522779468e-02	  -5.6075576102147015e-02	   4.7416464178970968e-02	   6.8506184026798145e-02	   5.3954034006774676e-01	   3.0562514227420963e-02	   4.8295863968531361e-01	   4.4723611635523985e-01	   5.4353282804587011e-01	   4.1788754071960044e-01	   2.0979520022947437e-01	  -3.0831115449494302e-02	   4.1707478364712108e-01	   2.3103292089282623e-01	   1.9316196769479405e-01	   4.1447525800480306e-02	   9.0798697140913681e-02	   1.5969397989727052e-01	   3.3194016134392235e-01	   5.0522079110473350e-01	   4.2463778360600601e-01	   6.0048908395516043e-01	   4.0187237313907098e-01	   2.2577784225272274e-01	   2.5319196674253047e-01	   4.2671701213727065e-01	
   3.7230978406110971e-01	   3.2114101656335792e-01	   0.0000000000000000e+00	   5.8240360510567446e-01	   6.5034659628010660e-01	   1.4807033831587674e-01	   8.0673846316852071e-01	   4.9895421196749457e-01	   5.3838608458317472e-01	   5.3356000270580864e-02	   2.8832125605911052e-01	   1.3951122096926719e-01	   4.3062036033096029e-01	   4.6900613511528223e-02	   4.1330869491421024e-01	   2.4341862727066921e-01	   9.9606362157630163e-02	   1.7772291048282113e-01	   5.5767301969512517e-01	   5.1772142737187155e-01	   1.4256675588738119e-01	   1.1934345904254134e-02	   7.8573690429235143e-01	   5.0748419835981728e-01	   4.6645498143197400e-01	   3.3275905755804375e-01	   3.3467492997148240e-01	   3.9697039152154928e-01	   2.0244171266103742e-01	   1.3860303774131899e-01	   5.2516088654293103e-01	   4.8697395060600435e-01	   4.9144544735059037e-01	   4.5672990619515907e-01	   4.9966782500485352e-01	   2.2783468626844877e-01	   2.8535011575746760e-01	   3.0139109402282427e-01	   3.1378006213189169e-01	   1.1227208394517364e-02	   7.7051853717935381e-02	   9.6299938345215511e-02	   2.8872864416035948e-01	   2.7242596308248157e-01	   1.7782171045744510e-01	   2.0780229624558161e-01	   5.5382571230355435e-02	   1.0930643642550521e-01	   2.8385003300747091e-01	   3.9167635265290301e-01	   6.0244119755709857e-01	   5.9756895774856855e-01	   3.9107953209500546e-01	   5.5270323548193523e-01	   4.9737786653850702e-01	   2.7725234581719571e-01	   3.4868758683707357e-01	   3.3409892962444071e-01	   4.9505750037056662e-01	   1.6254244931650561e-01	   4.7924991332782207e-01	   3.2389561204957179e-01	   4.3417142394809527e-01	   3.4346560990648312e-01	   6.1684527888881424e-01	   3.5556919326897174e-01	   6.2160476700226763e-01	   4.1987636707980830e-01	   2.8899961002169128e-01	   5.2124965699622039e-01	   3.7669609787299219e-01	  -6.5605846001201396e-02	   2.4822769503218889e-01	   6.3590571784749705e-03	   8.4331257439263813e-02	  -1.5634567671075131e-02	   3.1499845898396656e-01	   3.1861279023027300e-01	   1.1887869341418364e-01	   2.5889121346040578e-01	   1.5673796102162962e-01	   3.8075435021183723e-01	   1.2257339101392040e-01	   5.3638963553032729e-02	   3.2263487129688895e-01	   5.0644168053605709e-01	   2.6586926271982175e-01	   3.9849832852651912e-01	   4.7608677796356380e-01	   5.9263013474775295e-01	   5.3861094319397262e-01	   7.0883813546913033e-01	   5.5070225712234255e-01	   7.6502661311154752e-01	   4.2915167331011106e-01	  -3.2329287747388018e-02	   3.0057429799631952e-01	   3.0285163020196004e-01	   3.0594468779516015e-01	   6.2367158070834083e-01	   5.0485963961086777e-01	   5.6567457466803328e-01	   4.7825049523937918e-01	   4.8648323419509892e-01	   5.6295698325430288e-01	   4.6891443460344540e-01	   4.1920846786690313e-01	   4.5495893438441570e-01	   3.5865575814574163e-01	   4.7384794829867649e-01	   5.0800478282905503e-01	   4.2059714928553149e-01	   7.2141954360450322e-01	   1.6117568114358838e-01	   7.1391565959866871e-02	   3.0316609876126654e-01	
   3.7455435009551397e-01	   5.1899047877402493e-01	   5.8240360510567446e-01	   0.0000000000000000e+00	   4.1635476548469741e-01	   4.5585277409919794e-01	   3.7484501139386722e-01	   6.9092234966530630e-01	   2.5654149928468220e-02	   3.6624768920915629e-01	   1.7718143735254149e-01	   4.4217477214141326e-01	   2.1276716181436367e-01	   2.5999381100461472e-01	   2.4790800967105092e-01	   5.6136194675844386e-01	   2.5504718759958012e-01	   1.5640307400029027e-01	   5.7592208439888248e-01	   7.2455796058197364e-01	   9.4547099325542644e-02	   1.6607737863665095e-01	   4.0872014032117199e-01	   5.5233491843896076e-01	   3.6123449764052662e-01	   4.1746825764872042e-01	   2.4617489677219495e-01	   5.0840492514499114e-01	   3.5382142410830381e-01	   2.8701408661636041e-01	   5.8761229314515495e-01	   6.6958150125453741e-01	   5.6349436846239320e-01	   5.2919713427727744e-01	   4.0084203160407073e-01	   1.4928889819764526e-01	   2.6672238598440723e-01	   1.9758996898767128e-01	   6.7533285944368221e-02	  -1.5033559429522397e-01	   8.3198145926976386e-02	   1.0739994022946897e-01	   2.6065018701012571e-01	   3.0527474525259057e-01	   3.3161700559332064e-01	   3.8374393739625823e-01	   2.5779173558094604e-01	   2.0837902728764668e-01	   4.2166452028899970e-01	   2.2629341261061031e-01	   4.7480084930937960e-01	   3.7728881776058398e-01	   4.0986007720030110e-01	   2.0360586877416442e-01	   4.2375360734713718e-01	   3.3108521409812314e-01	   3.8111600514779254e-01	   4.2324529907171071e-01	   7.3120372234955308e-02	   3.4091331714493400e-01	   1.3644044212228984e-01	   4.2257527297444064e-01	   5.3773547170432556e-01	   6.3950201311468735e-01	   2.1570741596971543e-01	   3.0345893306158955e-01	   4.8400263477597211e-01	   5.0122367016397562e-01	   3.3219654537537424e-01	   5.8451576250297155e-01	   2.9997411355731868e-01	   9.7622293946819039e-02	   4.9017993537263427e-01	   3.6315836002805157e-01	   3.3894643087027915e-01	   3.5144368126401831e-01	   5.4324265539221606e-01	   5.8508251262172728e-01	   1.3193330349615867e-01	   2.6250939050275124e-01	   3.5188939270511566e-01	   3.7507649079929939e-01	   2.7260624354392682e-01	  -9.1098830060177827e-03	   4.9126180564881550e-01	   5.9221887986675292e-01	   3.5972374190658307e-01	   3.2315019401435419e-01	   3.6106388092642139e-01	   5.1596662476367472e-01	   5.6144040324422040e-01	   3.6962711562066491e-01	   5.1448069995559187e-01	   4.0768446723287877e-01	   4.2369006242851748e-01	  -1.3899539537268565e-01	   3.6712370230912494e-01	   3.5472777916495402e-01	   5.3459730804030414e-01	   5.5023004241495233e-01	   5.7909510492407357e-01	   3.5163963641297380e-01	   5.9543872422170496e-01	   3.2941116592037123e-01	   6.1822036243638445e-01	   2.9320304693016047e-01	   3.3265513373068367e-01	   3.9640046471319978e-01	   2.8030901986762707e-01	   5.9750014809807206e-01	   4.7362258137197605e-01	   5.8765148137836198e-01	   6.4933731568215070e-01	   3.5688992174420003e-01	   1.0653269851998853e-01	   3.7028767743655899e-01	
   2.2666736032166929e-01	   1.9811073150487366e-01	   6.5034659628010660e-01	   4.1635476548469741e-01	   0.0000000000000000e+00	   2.7022498059204969e-01	   5.5550826804577991e-01	   3.8691590511931589e-01	   6.7281788148105826e-01	   3.0003695938475949e-01	   2.1586117099162921e-01	   1.3123815626804486e-01	   4.2613348541802315e-01	   1.7240513778746058e-01	   4.9560077672670372e-01	   2.4602555728707717e-01	  -1.4868860113929078e-01	  -1.7164831742280416e-02	   3.8382404492444477e-01	   3.1815971463540449e-01	   6.0562100466818425e-02	  -1.4544163654482741e-02	   6.9913812167710354e-01	   6.1222988376396770e-01	   3.6750773774599560e-01	   2.2220755159076067e-01	   3.4501380928234121e-01	   3.7504032988363739e-01	  -6.6515460732260487e-02	  -5.3509884336327668e-02	   1.7345202834370885e-01	   2.6154010748508644e-01	   2.3511991606542959e-01	   1.8486845612277630e-01	   3.1358073189035468e-01	   6.5108935692051145e-02	   3.0226722091612412e-01	   1.0684162223080364e-01	   2.8572427495298791e-01	   6.1213768454840251e-02	   2.0440372805553500e-01	   1.3690006148600153e-01	   2.0826134066888038e-01	   2.4225492349775674e-01	   2.0783313170662754e-01	   1.8293478325736914e-01	   3.5349685920857865e-03	   1.1649758901852603e-01	   2.2425416324286088e-01	   3.4272892974076846e-01	   3.9860616243258562e-01	   4.5744428497632367e-01	   2.5045008636830940e-01	   5.0385041264823871e-01	   4.4823312129899495e-01	   3.3605225366297470e-01	   7.9363253908738288e-02	   1.4276345749294070e-01	   3.7752782577915556e-01	   1.2026184503031151e-01	   4.0125975848920359e-01	   3.1221180735158710e-01	   3.4655171018850250e-01	   2.3289146961937382e-01	   5.7519044948887310e-01	   4.0793604638146180e-01	   4.5178879682711770e-01	   2.5474079966052460e-01	   1.5341796658325230e-01	   2.7713883699735109e-01	   2.6616540790816118e-01	  -2.6919821807538120e-02	   1.1951462874267285e-01	  -1.4742891374989464e-02	  -2.3045234080089523e-02	  -1.8519592446562821e-01	   2.5298140212954223e-01	   2.2138712100150565e-01	  -6.4859151156997613e-02	   6.3741850500450836e-02	  -1.9779522900768461e-02	   1.7796205528486539e-01	   1.6434531904664922e-02	  -2.4305256525262307e-02	   2.5757700301476266e-01	   3.0057632381727273e-01	   1.9748561188340702e-01	   9.0672604212641270e-02	   4.8188481690742835e-01	   4.9579720189053178e-01	   5.2390102766614999e-01	   5.3770405052269010e-01	   5.0257903503691903e-01	   6.0850150916393209e-01	   1.6978983255992114e-01	   3.6192796777761410e-02	   8.8083109250881336e-02	   1.5508529267518706e-01	   1.7474780664264852e-01	   5.0616132816136628e-01	   3.1591165017021777e-01	   4.1710936707453167e-01	   2.7374782533878972e-01	   2.2476387482968785e-01	   4.2503547055273094e-01	   3.0238413380422713e-01	   2.4663103885408028e-01	   2.0362213005352953e-01	   1.0927749665540892e-01	   1.6798585579756839e-01	   2.8710630128619186e-01	   2.6627760509130383e-01	   4.9526823901590400e-01	   3.8763278168136336e-02	  -9.8249119007098838e-03	   3.1538984940515297e-02	
   1.6602514892751130e-01	   2.5251173404126992e-01	   1.4807033831587674e-01	   4.5585277409919794e-01	   2.7022498059204969e-01	   0.0000000000000000e+00	   3.0694153733328838e-01	   6.7007696121153848e-01	   2.0544317586590841e-01	   7.9421582380551647e-01	   2.8243911121561915e-01	   6.8649346051076410e-01	   4.6277927367261584e-01	   7.3153514855713131e-01	   2.8110131839560293e-01	   6.4575324131243961e-01	   7.7099377486680276e-02	   2.8109458374294120e-02	   1.7983321617212294e-01	   2.4510092524744870e-01	   1.0083489046261104e-01	   1.7796897503195633e-01	   2.4049026438515372e-01	   3.6489761260290632e-01	   1.9026358763936269e-01	   3.7173653571959725e-01	   1.7530230835643301e-01	   5.6793380956595196e-01	   2.0626229390420253e-01	   2.3797002708178991e-01	   2.9950979818000134e-01	   3.9504937513554184e-01	   2.5422215863347319e-01	   3.2116891504823242e-01	   1.6384132874511720e-01	   8.7939484200620453e-03	   1.3829266130413922e-01	   4.7532901023663768e-02	   3.3686648637664435e-02	   5.6664497392705106e-02	   4.0019287889039371e-02	   2.5888307362101842e-01	   2.6142735981981663e-01	   2.7428613100717214e-01	   2.8665918489864428e-01	   2.6814149095848516e-01	   2.7272182237460812e-01	   3.2976042234525416e-01	   3.7947720802587870e-01	   1.8823569625189990e-01	   3.5380396112741858e-01	   3.2695180938157509e-01	   4.5386738542377431e-01	   3.9472524204664725e-02	   4.1183520455775591e-01	   4.6015209896400727e-01	   5.9889373920438124e-02	   3.3366730179104453e-01	   2.8092050926065815e-01	   5.3829680729949492e-01	   3.0356078746874904e-01	   4.9949410926769577e-01	   2.6416043940321132e-01	   4.6600268668417788e-01	   6.9242501359147002e-02	   2.9580943795478254e-01	   3.2946440098506030e-01	   2.4224370201852974e-01	   1.0328892569276116e-01	   2.1186412147839689e-01	   2.0331483536963171e-01	   1.8206439746983205e-01	   4.0253538032100106e-01	   3.9690730816386199e-01	   3.4145122627611280e-01	   4.4206341103697433e-01	   3.6350695266277139e-01	   4.5607992511655920e-01	  -6.1422472189372551e-02	   5.8245134247605579e-02	   1.3423113015100147e-01	   1.3714636152659310e-01	   1.2572543552483936e-01	  -4.3125210414347290e-02	   1.8887602130012188e-01	   2.8210382363636843e-01	   2.4584636899871420e-02	  -5.4111805633401310e-02	   1.8651720424644053e-01	   4.3935084116904149e-01	   4.7572672728006343e-01	   1.2715148914333413e-01	   3.8655726199431939e-01	   2.5073014151379053e-01	   2.6831376815005059e-01	  -7.7944246249158272e-02	   3.8265859450953665e-01	   3.6583530776964895e-01	   6.1049438411347268e-01	   4.6535779201396965e-01	   4.6693277142550449e-01	   3.0397951487549135e-01	   5.0364367899463613e-01	   3.2775774680000935e-01	   4.7391548611539658e-01	   2.5320274179222990e-01	   2.3912585852216917e-01	   2.2072455371926197e-01	  -6.8754987771611389e-02	   3.7497433108094791e-01	   4.0046005017538000e-01	   4.7374465184263226e-01	   4.2141913874054326e-01	   5.9976338343897440e-01	   3.1699776223727744e-01	   2.3056889747967957e-01	
   4.7781942180408465e-01	   3.5623244257459025e-01	   8.0673846316852071e-01	   3.7484501139386722e-01	   5.5550826804577991e-01	   3.0694153733328838e-01	   0.0000000000000000e+00	   6.1324140146664985e-01	   7.3030075928214488e-01	   2.3587161432514880e-01	   4.5475554938948043e-01	   3.2197397389712645e-01	   6.8990419355080190e-01	   2.2781736733201666e-01	   4.6659352855780611e-01	   2.8861305966647377e-01	   8.4657305420423101e-02	   2.4582228558632854e-01	   5.2587055397641791e-01	   4.8196788456489681e-01	   1.6325635225189102e-02	  -2.5959811793623618e-02	   6.2062272529723617e-01	   2.5649253144231365e-01	   1.7117153823521278e-01	   8.4924407954615616e-02	   7.2616735820456801e-02	   2.5903024684929032e-01	   2.4531507921209167e-01	   2.0318672718285186e-01	   2.7792925321896961e-01	   2.5353203743215980e-01	   5.1868073203468157e-01	   4.9997501178594717e-01	   1.9829525011914592e-01	   1.2604638783846349e-02	   2.1203627103348727e-01	   1.2580257079340332e-01	   1.6033345300493768e-01	  -1.9451080040982532e-02	  -1.2940646113612450e-03	   1.9205845725970463e-01	   1.7324944481926061e-01	   2.1961810430763212e-01	   1.4151708909111491e-01	   1.3869313426551788e-01	   3.3496028377684638e-02	   1.1097756759299801e-01	   3.1283206902403715e-01	   3.1694696897949931e-01	   5.5641368094654586e-01	   4.8405613794044100e-01	   3.6070672641263662e-01	   4.4982331644813706e-01	   4.8692187332606135e-01	   3.4589152140442353e-01	   4.1168722350169240e-01	   5.3130662405378160e-01	   6.5180932660772017e-01	   2.4999617156475723e-01	   6.9450199726990780e-01	   4.7155965670670008e-01	   5.1119649474232420e-01	   4.2437303581353075e-01	   4.1471902657625326e-01	   2.2383831322161893e-01	   4.8412839961081094e-01	   1.7233713520951477e-01	   3.3750184378283182e-01	   5.2443721622237749e-01	   3.5950013389854429e-01	   1.0685811832951797e-01	   4.0051106479965853e-01	   1.9579774751712192e-01	   3.0524410147255365e-01	   2.4357787719483137e-01	   3.5051082361167640e-01	   3.7807807485286588e-01	  -7.4858000359911085e-03	   2.1451751421624882e-01	   1.0376318775847618e-01	   3.7393791837299561e-01	   6.3086323953255113e-02	  -3.3905841083484807e-03	   2.3105943000045784e-01	   3.8874357820744065e-01	   1.0099152611509465e-01	   1.9596238367699823e-01	   5.0305604942207993e-01	   5.1914704874765194e-01	   4.7777943607221263e-01	   6.4048540889486993e-01	   4.8528481932327938e-01	   7.2430968388355665e-01	   4.1020490500889650e-01	  -1.2351108267318649e-02	   2.8347176920096778e-01	   2.8032654793974937e-01	   3.6360307776524886e-01	   6.6510733779598163e-01	   4.9376512893673896e-01	   5.6994336572806159e-01	   4.8332884915936336e-01	   5.5214843491745136e-01	   4.4496338802310853e-01	   3.6925529293414910e-01	   3.8987215583870882e-01	   4.4373023533734857e-01	   2.6265752860492292e-01	   5.0917800248809242e-01	   4.2571336208280369e-01	   4.4383912656062707e-01	   7.1043374960275008e-01	   2.8270459047172691e-01	   2.1869392222054951e-01	   3.4412929160387196e-01	
   2.5346702209134114e-01	   3.3552153598385714e-01	   4.9895421196749457e-01	   6.9092234966530630e-01	   3.8691590511931589e-01	   6.7007696121153848e-01	   6.1324140146664985e-01	   0.0000000000000000e+00	   2.4260459347641439e-01	   5.4424629882718234e-01	   2.9947873523547541e-01	   6.1932138371377166e-01	   4.6026787694440496e-01	   4.6356065281022174e-01	   2.4028287264763498e-01	   6.2316549813949074e-01	   3.4839097871449780e-02	   8.7206569988812210e-02	   4.5413250973062969e-01	   5.3027237721364495e-01	   7.6125706485376102e-02	   2.3422468114039516e-01	   2.5458698837950255e-01	   3.0312279213601584e-01	   1.0003692913714060e-01	   1.5841034290929618e-01	   5.7924981731997029e-03	   5.0156099661679421e-01	   2.6261992639453746e-01	   2.7518667213495973e-01	   3.2674658011057189e-01	   4.2827277310390494e-01	   4.3517151228064477e-01	   4.8911362551462279e-01	   2.6622487867803180e-01	   1.6672207540233350e-01	   1.7432184025586694e-01	   8.0889249320741013e-02	  -1.1202182705592220e-01	  -9.7432831437805234e-02	   2.1528429470829849e-02	   2.9844748672968457e-01	   2.8181780662992262e-01	   3.1132753607673058e-01	   4.6757256282394044e-01	   4.8875368765715060e-01	   3.1046359334288526e-01	   2.5474584406522466e-01	   5.1777756125679686e-01	   2.7130908041502144e-01	   5.3461611204944692e-01	   4.4107612599536838e-01	   4.6525653736838635e-01	   1.8163341107308517e-01	   5.1187624295009226e-01	   4.8533449849955629e-01	   2.0507953500027457e-01	   4.3464388111120061e-01	   2.7284183005533158e-01	   5.5655580061099075e-01	   3.7179126229800752e-01	   6.7041882223296145e-01	   5.2272364078011757e-01	   7.3273727543881728e-01	   8.0507138575465709e-02	   1.5262814351081860e-01	   5.0640656292985065e-01	   4.6223576431696556e-01	   6.4614461480964350e-02	   4.6829135652937687e-01	   4.1232363595878685e-01	   4.1516011474511921e-01	   5.2332803101232817e-01	   4.0243363496992723e-01	   3.8584601875153279e-01	   5.3698682011857901e-01	   5.5513009852880180e-01	   6.3209189702292501e-01	  -1.4198360377523767e-01	  -1.6023342008792352e-02	   9.8332843323652830e-02	   2.5047276887533376e-01	   1.5216999610388154e-01	  -2.5089845315403213e-02	   3.4408076865930814e-01	   5.0378556534720476e-01	   1.8722470041137529e-01	   1.5918935137002788e-01	   3.8126569680849753e-01	   5.1648211866003157e-01	   7.4630121518997405e-01	   4.5249973183144726e-01	   6.6118547453200882e-01	   5.3504347218926329e-01	   3.0386111173612729e-01	  -1.9099790185786727e-01	   2.9625437122157500e-01	   3.0156871787413497e-01	   6.7686824162550041e-01	   7.0550775775564500e-01	   7.3465708138583830e-01	   4.5467041362102101e-01	   6.3617647175449432e-01	   4.7284048013976449e-01	   5.6940319790785088e-01	   3.7362607680943555e-01	   3.4471354545770860e-01	   3.4390735462202082e-01	   6.0531464918506535e-02	   5.3074379423043272e-01	   4.4090649579120789e-01	   6.2669077323246225e-01	   6.6439198691181822e-01	   4.3545639354229254e-01	   1.7585881977490569e-01	   3.1595287769633862e-01	
   3.7269046925757698e-01	   1.4829222719416119e-01	   5.3838608458317472e-01	   2.5654149928468220e-02	   6.7281788148105826e-01	   2.0544317586590841e-01	   7.3030075928214488e-01	   2.4260459347641439e-01	   0.0000000000000000e+00	   3.1545494823025305e-01	   4.1590328032311619e-01	   1.3734873566583936e-01	   7.2281050471175623e-01	   2.6580227891481456e-01	   6.0369850827915617e-01	   1.3992237656579812e-01	  -9.8347234089295341e-02	   9.7461894641685087e-02	   3.8777544325679614e-01	   1.7940985484032093e-01	   5.3658605050463846e-02	  -2.0501489786849000e-01	   6.7012119845296703e-01	   3.1511673515869459e-01	   1.4469961444382332e-01	   1.5356687175705281e-02	   8.7012188778466226e-02	   1.4987794308782881e-01	   1.8671928644801036e-02	   1.8655962959809813e-02	   4.3571195724602066e-02	   1.3982350236963620e-02	   2.7724844821262823e-01	   2.3172825944838690e-01	   6.9070279560816739e-02	  -1.0620446926844546e-01	   1.8529402700085984e-01	   2.1308363314743912e-02	   2.9753854528625034e-01	   6.3072743678306759e-02	   9.9860508620794139e-02	   6.0171898294956741e-02	   1.6808079103712104e-01	   1.7634059955021147e-01	   1.0354027121623050e-01	   4.4029223138636706e-02	  -5.0050287264690768e-02	   7.8059162722116951e-02	   2.1105991490038184e-01	   3.6569676443380156e-01	   4.3597803367349730e-01	   4.2679919883241552e-01	   2.3034031971763641e-01	   5.1673400437692241e-01	   4.1265267370820991e-01	   3.0690479579463870e-01	   1.4722382651819227e-01	   2.4637142787541166e-01	   6.6748928129280616e-01	   1.4156616382811130e-01	   7.1182053211834651e-01	   2.5970428553701774e-01	   3.0550097789074671e-01	   1.0523171062355946e-01	   5.2747998643780525e-01	   2.6117441772102684e-01	   3.2368603784571554e-01	  -2.8052537651152572e-02	   2.3211839692762412e-01	   1.9821921511204862e-01	   2.1897823769290761e-01	  -5.9726744277996804e-02	   1.2859372285875126e-01	   2.4867427521770017e-02	   7.6521044242377129e-02	  -6.9323627112156616e-02	  -9.9087805213354530e-03	   4.6865232195954565e-02	  -4.3696919117229161e-03	   1.5621840155997971e-01	  -1.1945944084201016e-02	   1.9253095304516465e-01	  -4.4427312043965134e-02	  -5.6721591634253818e-02	   1.1407522643288892e-01	   1.9536724328297117e-01	   1.3330350463318947e-02	   2.8879694971022680e-02	   4.2319383020603418e-01	   4.1706614748570892e-01	   2.6962200892857208e-01	   4.7830889494506412e-01	   2.6123432953049641e-01	   5.3120126230268050e-01	   2.1536638436474029e-01	   1.0815432009382805e-01	   9.7008943888994476e-02	   1.6046418392224987e-01	   6.6424582867106050e-02	   4.5630811195556414e-01	   1.3903707643414431e-01	   4.2998631036402646e-01	   1.8434323731152785e-01	   2.7310238147169297e-01	   2.0630463029955212e-01	   2.0203556404441433e-01	   2.8725977049001744e-01	   2.6671670602003222e-01	   1.9458848298266007e-01	   2.2222704138555449e-01	   1.9241812521351026e-01	   1.2621415624179208e-01	   4.3952847276267826e-01	   2.6779825520299984e-02	   8.1085731290225661e-03	   1.8237046850734900e-01	
   6.1746495795918913e-02	   1.7368668340371779e-01	   5.3356000270580864e-02	   3.6624768920915629e-01	   3.0003695938475949e-01	   7.9421582380551647e-01	   2.3587161432514880e-01	   5.4424629882718234e-01	   3.1545494823025305e-01	   0.0000000000000000e+00	   2.9133354118410504e-01	   6.4405027695656758e-01	   4.6257232554011207e-01	   7.7047231229379354e-01	   2.8656783066062297e-01	   6.1757547567254933e-01	   6.0645120584464668e-02	   4.1310578336176094e-02	   1.5270405029223560e-01	   2.0493266027726212e-01	   6.8921458184757048e-02	   8.2175534686686189e-02	   2.0078655129830711e-01	   4.2088020806322657e-01	  -6.3910201563311925e-02	   8.6887707943970036e-02	  -8.0460248795528655e-02	   2.7715456989613940e-01	   1.8745250284865456e-01	   2.0784550625700082e-01	   2.1347956526546497e-01	   3.6970602389809504e-01	   2.6227461564284804e-01	   3.4212193382338552e-01	   2.7786427523585289e-02	  -7.7812032548633503e-02	   2.1350614977750931e-01	  -1.3968307097264959e-01	   5.6288535544267604e-02	  -7.3835573631293727e-02	   4.7712692802773626e-02	   1.2322733788598540e-01	   1.2817599837786597e-01	   1.6028708476847459e-01	   2.8399569647359280e-01	   1.9727233700759725e-01	   1.5617634469717367e-01	   1.9648446679415760e-01	   3.1155278745436132e-01	   5.6496060516413558e-02	   2.3441311048687943e-01	   1.2987038183209262e-01	   2.9101196373604110e-01	  -7.4076637057329447e-02	   3.3585389860615755e-01	   3.4365521216755873e-01	   7.1731024695477333e-02	   2.3216824565143138e-01	   2.5985516906065825e-01	   4.8613525562397153e-01	   4.0099017627390698e-01	   6.4495713643224217e-01	   4.1268234317946972e-01	   4.6510144638668460e-01	   7.7318551180260792e-02	   3.2789171810199114e-01	   2.0816371528958638e-01	   1.2425814439873431e-01	   8.4636415899776468e-02	   7.7627847451864185e-02	   1.4082738412900139e-01	   1.9380633665207128e-01	   2.3305994393725848e-01	   2.7380589249602866e-01	   2.4030051273684866e-01	   2.5003810821878325e-01	   1.8956823740172804e-01	   3.5704403604116075e-01	  -4.3307698784441420e-02	   5.5623701415911310e-02	   1.3710593364542775e-01	   1.0337771822765464e-01	   5.7475648421777763e-02	  -1.2934842510300215e-01	   1.8319082191896557e-01	   1.9731368471740257e-01	   2.3682966267695171e-02	  -1.9282411682889658e-01	   2.0757457416659780e-01	   3.1877382763593565e-01	   3.7287566732716404e-01	   3.5802351016270356e-02	   3.0897163161463537e-01	   1.4242070614368740e-01	   1.8107436348017200e-01	  -4.7742895633823432e-02	   1.7301268899902700e-01	   3.1813880114503312e-01	   3.7861633376864223e-01	   2.9956572863511383e-01	   2.9983272090927360e-01	   1.7757465044163245e-01	   3.0166700290339787e-01	   1.7274631841406604e-01	   2.6226500449146095e-01	   4.2500680980799684e-02	   2.2948413867709366e-01	   2.0778910174986281e-01	  -1.0189469413759791e-01	   3.6735915066320685e-01	   2.5803953974064364e-01	   2.8851107194768855e-01	   2.5524969084427523e-01	   3.1117069735490738e-01	   1.2249681840091636e-01	   2.4593211402514367e-01	
   4.0675542596576236e-01	   1.0362016916665903e-01	   2.8832125605911052e-01	   1.7718143735254149e-01	   2.1586117099162921e-01	   2.8243911121561915e-01	   4.5475554938948043e-01	   2.9947873523547541e-01	   4.1590328032311619e-01	   2.9133354118410504e-01	   0.0000000000000000e+00	   5.5168982141997658e-01	   7.7008238949299745e-01	   5.8098043376313901e-01	   6.8619346962414807e-01	   3.6380549303520265e-01	   4.6653252499689624e-01	   3.4417818432136082e-01	   2.3076610634217370e-01	   5.0071663001524325e-02	   1.3222248043571461e-01	  -9.7161464867802805e-02	   3.6059575886535533e-01	   1.7335539363583671e-01	   1.1324312177521480e-01	   6.9360087330402387e-02	  -2.0386676915777749e-01	  -1.3274878346673746e-01	   2.7727755295817003e-01	   1.6787921799156386e-01	   1.1223728062561077e-01	   9.1544696924715119e-02	   2.0116778108073302e-01	   1.5454527926723050e-01	   9.7721719270326773e-02	   5.2831761012903322e-02	  -7.0958762703261000e-02	  -4.4319969021148639e-02	   5.0528488142574067e-03	  -1.2380965163158819e-01	   4.2003564273901436e-02	   7.4389183870765430e-02	   1.7435443337845666e-01	   2.6107843079378623e-01	   8.3192076036155638e-02	   1.2186176501157514e-01	   1.2776746077001011e-01	   2.0482610193214831e-01	   1.6885019177173921e-01	   2.1384731596252143e-01	   3.3781969801674711e-01	   3.1138994201510639e-01	   1.2859106112896621e-01	   5.4989735347337275e-02	   2.2135821488688751e-01	   3.0601012529487681e-01	   2.2731248354497902e-01	   4.0637675284834673e-01	   5.0828343702770706e-01	   4.5737709830373641e-01	   7.0554616006579884e-01	   4.4059843681119365e-01	   5.9662922314632194e-01	   4.5259602012493061e-01	   4.5599785980444602e-01	   2.7123893697663043e-01	   2.2580060741147151e-01	   6.6517349273449392e-02	   1.7604387483994693e-01	   2.3516143817407570e-01	   3.3510286941893855e-02	   4.0291417088514428e-02	   2.1848389914488336e-01	   1.2639204987882308e-01	   2.8180025163212952e-01	   2.2462228244893517e-01	   2.4722707090061646e-01	   2.0869822704611743e-01	   1.8472194561902744e-01	   3.2735043675547759e-01	   3.4562366855970006e-01	   5.0189432850167492e-01	   3.7116598214222646e-01	   2.4441513301807055e-01	   6.3462381234489218e-01	   3.8891564733763262e-01	   1.9114343454291244e-01	   1.9829153430652940e-01	   5.6158685835245825e-01	   3.5849719454274004e-01	   1.9340933863809900e-01	   2.5518549113746225e-01	   2.3035252862769323e-01	   3.1677063554913093e-01	   2.1475327088244281e-01	   2.6086844173447826e-01	   9.1126195253077732e-02	   1.2632481017589145e-01	   8.5834570573336461e-02	   2.8066599826683836e-01	   2.1322401586714512e-01	   3.5053150436014013e-01	   2.2920883224806321e-01	   3.4585219636660786e-01	   9.3829076595262351e-02	  -1.4056804461409386e-01	   4.8101133919365069e-01	   3.5834144457347006e-01	   1.8226313406427536e-01	   1.7018533147978782e-01	  -7.9156215320010832e-03	  -6.5896544738176877e-03	   3.7579195228640316e-01	   2.0430823911992854e-01	   9.9025979848200968e-02	   9.5225549952762695e-02	
   3.6809705987422831e-01	   4.6859323253877738e-01	   1.3951122096926719e-01	   4.4217477214141326e-01	   1.3123815626804486e-01	   6.8649346051076410e-01	   3.2197397389712645e-01	   6.1932138371377166e-01	   1.3734873566583936e-01	   6.4405027695656758e-01	   5.5168982141997658e-01	   0.0000000000000000e+00	   5.5264976565149793e-01	   8.2139940719526583e-01	   3.9944276576256271e-01	   7.3160171570188703e-01	   3.7638739803126831e-01	   3.2431979933036870e-01	   3.1511189543764495e-01	   3.0338500195683260e-01	   1.0136801891747857e-01	   1.6473373329194091e-01	   1.1214586309308494e-01	   2.2187142427003739e-01	  -8.5157561419433356e-02	   8.4304805727851595e-02	  -1.9039260971281941e-01	   2.3161247500972282e-01	   5.2002367551984752e-01	   4.7591872851193240e-01	   3.4361462867942016e-01	   4.5536163139628821e-01	   4.1437634675625901e-01	   4.0244924429616802e-01	  -1.8080045718142895e-02	  -6.1556574201759487e-02	   1.7259618518647254e-01	   9.7041478411336146e-02	   1.1805073971216634e-02	  -7.9426261843106208e-02	   1.3298517148248540e-01	   2.2685050188053824e-01	   3.9955428904125123e-01	   5.3488576242658792e-01	   5.2061832696581878e-01	   4.9761000271783429e-01	   5.1117668373856229e-01	   5.2845408503895952e-01	   5.5589323863070239e-01	   3.6657196542861786e-01	   4.3668310180063408e-01	   3.4610551410488227e-01	   3.8475186148855178e-01	  -7.7810860142295699e-02	   4.5103845742257392e-01	   4.7555767162593732e-01	   2.7848929059273991e-01	   5.2671187865011626e-01	   2.7092381984675590e-01	   7.0734653403375947e-01	   4.7544664399367931e-01	   5.8351240889116773e-01	   6.2965219698484975e-01	   6.5583201018100734e-01	   6.7501614320602962e-02	   1.1327427255561899e-01	   2.6223238308171087e-01	   2.4089150141875026e-01	   8.8814192156867006e-02	   2.1447448397775148e-01	   5.4808714710498196e-02	   2.2569487117224696e-01	   4.0025448438478206e-01	   4.4733200551623969e-01	   3.6892925000293070e-01	   4.9993937578267456e-01	   4.9488299672611724e-01	   5.7442460966873687e-01	   1.6631234909859866e-01	   2.3982667523380913e-01	   3.9662474956067467e-01	   4.1886132405075760e-01	   3.7567450695717741e-01	   1.2341814505161036e-01	   5.5822879814253090e-01	   5.0383231859425170e-01	   2.8396143971476195e-01	   1.7876348594166466e-01	   4.4937851418057939e-01	   4.5643313881933922e-01	   3.5147150304175978e-01	   1.0469770025464557e-02	   2.7812067778356619e-01	   1.2112534049185053e-01	   3.5672237449255040e-01	   1.3281658970511212e-01	   3.0275043755617542e-01	   3.9123240093793699e-01	   5.6938860939972691e-01	   3.6641246344595613e-01	   4.0853268658808872e-01	   1.7314157468882932e-01	   4.2449879176966032e-01	   3.1975466655687740e-01	   2.6920254053548542e-01	   1.5117213653963320e-02	   3.4065739218578012e-01	   2.2779177680798882e-01	   5.0733283924906149e-02	   3.8706463236584043e-01	   2.8546507363355722e-01	   4.3948746439459752e-01	   4.3468877026364994e-01	   4.8742189204474801e-01	   2.9387450474296883e-01	   2.7493419422695348e-01	
   5.1719078605221724e-01	   3.0271403477004494e-01	   4.3062036033096029e-01	   2.1276716181436367e-01	   4.2613348541802315e-01	   4.6277927367261584e-01	   6.8990419355080190e-01	   4.6026787694440496e-01	   7.2281050471175623e-01	   4.6257232554011207e-01	   7.7008238949299745e-01	   5.5264976565149793e-01	   0.0000000000000000e+00	   6.3031077247419709e-01	   7.1770408998309954e-01	   3.9898742464678655e-01	   3.0679150630764634e-01	   3.4536981197446931e-01	   3.8699091093091764e-01	   1.9409801375306676e-01	   1.0446973097955384e-01	  -2.6796507064794406e-01	   5.6821475638295926e-01	   3.1155578430822689e-01	   1.5857108335909090e-01	   1.6751565125931445e-01	  -7.3434580232344032e-02	   1.1411073680007458e-01	   3.2848996867331004e-01	   2.6824147873743021e-01	   2.4552412583229805e-01	   1.9190825698841021e-01	   4.3495034563673696e-01	   4.1021150799381700e-01	   7.4332237944758711e-02	  -7.0678306329243434e-02	   7.9180706017503988e-02	  -7.2273061489546949e-04	   1.4408593651401455e-01	  -3.9038847143874039e-02	   9.2020279936291777e-02	   7.8340322297060130e-02	   2.3761316501195562e-01	   3.3247483919473669e-01	   1.8689582317158471e-01	   1.7485029963511872e-01	   1.1844036474960971e-01	   2.0158831947184047e-01	   3.0274222958889291e-01	   3.2609010644438596e-01	   5.0921527708223613e-01	   4.4062843590400674e-01	   2.8316288637093090e-01	   1.7777298565426072e-01	   3.7424242332626922e-01	   3.4833761619893761e-01	   3.4347543364500915e-01	   4.9832510309673794e-01	   6.2699068717386996e-01	   4.2096404691137268e-01	   7.6296241746502325e-01	   4.3578323853510653e-01	   5.3951463655283427e-01	   4.3618353760926937e-01	   4.7157519274427967e-01	   2.7543275422550700e-01	   3.4870463798172496e-01	   9.5039271915810186e-02	   3.0033890396530488e-01	   2.8957013714505253e-01	   1.1755970746621093e-01	   1.6502680381987683e-02	   3.4785887538811178e-01	   2.5117170770580266e-01	   3.2536849958588632e-01	   2.7217608093723977e-01	   2.2680921533318107e-01	   2.5374207781318980e-01	   2.2220065607159684e-01	   3.9554596915662754e-01	   3.3416450971886141e-01	   4.5891167824798568e-01	   1.5097257355763932e-01	   7.8451835526589006e-02	   4.4913280291154312e-01	   4.2381608601129517e-01	   1.5039525821410771e-01	   1.1471039814945885e-01	   4.9765963469265467e-01	   3.9805713128719394e-01	   2.9304774243189968e-01	   3.4090594500911331e-01	   2.8442948548168367e-01	   4.6727920952512858e-01	   3.7882887154975786e-01	   1.7772096726934236e-01	   2.9468018902956183e-01	   3.2899069287654126e-01	   2.2930616488985109e-01	   4.6691585608393016e-01	   2.6806038009007899e-01	   4.2262483167434700e-01	   3.5751652210787377e-01	   4.0046516834950663e-01	   2.2279255602957379e-01	  -2.6491221907075778e-02	   3.4666357241871693e-01	   5.1057865096776500e-01	   2.3014643166166593e-01	   3.8769850476616619e-01	   2.2459461395959379e-01	   1.9242437296459330e-01	   4.7994704716970060e-01	   3.2987382145476529e-01	   8.4051483166964744e-02	   2.5010540112560448e-01	
