   0.0000000000000000e+00	   8.5358876525358252e-01	   4.6544708563679327e-01	   2.0242007552060048e-01	   2.9420169085020131e-01	   4.6924653936973049e-01	   4.9233168039037989e-01	   3.2481637604995611e-01	   5.5408078713526976e-01	   5.2462601049318458e-01	   8.0038341249871015e-01	   5.8363888924973661e-01	   7.6133633861797700e-01	   7.1062311191270855e-01	   7.2864743416395661e-01	   7.7098170807611699e-01	   6.5054931142932648e-01	   5.0307321952059358e-01	   8.1561498352989736e-01	   7.5152130095851577e-01	   4.0447852107779486e-02	   1.7600653817443895e-01	   1.5281177817788649e-01	   1.1016125560787327e-01	   2.2723400031594690e-02	   1.5322020735738406e-02	   3.6635236862461076e-02	   8.0278109884280496e-02	   5.7372631369229243e-01	   4.8915771570834088e-01	   2.4431838942235146e-01	   2.4140228685856890e-01	   4.9800706275652551e-01	   5.2649241047237005e-01	   6.1506833750021278e-02	   1.1786177152947784e-01	   2.2658699132364249e-01	   2.0654015306365109e-01	   2.0976810454920577e-01	   2.4013135996000196e-01	   2.5525530773976063e-01	   4.0646646647428852e-01	   4.7068351809092968e-01	   4.2061567567937808e-01	   3.1976544906579052e-01	   5.1250623989045274e-01	   5.6082862960810898e-01	   4.7128955378908222e-01	   4.9206843776527009e-01	   4.0059442241021676e-01	   4.0783735706839980e-01	   3.7179971675198942e-01	   4.9956158695877007e-01	   4.2182679152001523e-01	   4.5666577361994493e-01	   5.0716369997572541e-01	   6.8861975449269119e-01	   5.6827195358182148e-01	   5.0958523680202694e-01	   4.7187227500112172e-01	   6.6699434165130844e-01	   5.8517226834476244e-01	   6.3051546202718289e-01	   6.3066374374245560e-01	  -9.0524546107223769e-03	   6.6553606977419646e-02	   2.7112996453004667e-01	   1.8612304501473498e-01	   6.4928123670074978e-01	   5.1694895118062845e-01	   4.0575945384745005e-01	   3.0206712106001132e-01	   5.4148834646251376e-01	   4.7942041888669207e-01	   5.2165448880895149e-01	   4.2838138950815374e-01	   6.8404283770806384e-01	   5.9345495800652059e-01	   5.7141899348998382e-01	   5.2993383287496221e-01	   6.2750548547759621e-01	   6.9140690402052618e-01	   6.6347913133764591e-01	   6.8057761108525661e-01	   4.9809865632903383e-01	   5.8033756385875890e-01	   3.2523560912276767e-01	   3.8167294729680584e-01	   6.1964525169116502e-01	   6.5983427907213721e-01	   5.3304979384845619e-01	   5.4586562449711096e-01	   1.3518347420360277e-01	   2.7839996556352337e-01	   3.4095260564151925e-01	   1.9306355141635589e-01	   4.7854831939392356e-01	   5.2532770244234583e-01	   6.1210135390509357e-01	   6.4492542406869868e-01	   2.6281704902244368e-01	   2.4484508824833578e-01	   2.9745004282917453e-01	   4.2654925043840830e-01	  -6.4034443343552627e-02	  -4.4585811526507146e-01	   1.9126116399904938e-01	   3.3804777858048157e-01	  -1.4076151604259970e-01	   2.5374760416774428e-01	   4.5243208957645448e-01	   6.2692074337701009e-01	   5.5571027045006960e-01	   4.1522405029625198e-01	  -1.1464850690616821e-02	  -4.4052009845544204e-01	
   8.5358876525358252e-01	   0.0000000000000000e+00	   4.1388515384842828e-01	   3.1295776636234474e-01	   1.6657960230115146e-01	   3.6218324098351795e-01	   3.3155546354508569e-01	   2.4177860968335146e-01	   3.4972256797640872e-01	   3.9844572294990305e-01	   6.8127232773839752e-01	   6.2655596266772351e-01	   6.2690979068303565e-01	   6.4281550065782112e-01	   6.4490438543105943e-01	   7.8228153259487909e-01	   5.9307425846220707e-01	   4.3155569984545056e-01	   7.3686052251085732e-01	   7.9153374711714108e-01	   1.7364072090034494e-01	   3.0712218441969241e-01	   1.8664269567241051e-01	   1.9412185603437954e-01	   1.4303128176920873e-01	   1.1300902817924147e-01	   1.2119139412492860e-01	   1.4076076061509946e-01	   4.7030658343535098e-01	   4.2423282170235987e-01	   2.8795124421216761e-01	   2.6988631129121154e-01	   3.7056697216510326e-01	   4.7475388737864277e-01	   4.5709834992572800e-02	   1.2650088060931622e-01	   2.5189464824943986e-01	   2.4150337752834558e-01	   1.8416174657113785e-01	   1.9655689379063798e-01	   3.3838119172236558e-01	   4.3063414917836462e-01	   4.2758832205946135e-01	   3.8077350513068264e-01	   3.1798907195239040e-01	   5.0438847931063946e-01	   5.3293084417987291e-01	   4.8351642283378538e-01	   4.6479942401229851e-01	   3.5545754398859752e-01	   3.6310732446500060e-01	   3.0967230108993316e-01	   4.6191922294528137e-01	   4.3146778763930388e-01	   4.7331810443325928e-01	   5.0289402575339182e-01	   6.5539612260964497e-01	   6.5986592617939288e-01	   4.7731800513422451e-01	   5.2577166735739433e-01	   4.7706962569944517e-01	   5.5664243489365173e-01	   4.8359314896531086e-01	   5.7835888130016067e-01	  -3.0220855160744325e-02	   8.1573190926796268e-02	   2.5461983919921594e-01	   2.4744180146646616e-01	   7.0913291581946680e-01	   5.9513723938698959e-01	   5.2743321146870481e-01	   3.9477468523173087e-01	   5.6884659770432566e-01	   5.4551405991316060e-01	   5.2741828268453272e-01	   5.5917062695827391e-01	   6.8494399012555585e-01	   6.7289639165391557e-01	   5.7468485300555350e-01	   5.3553641074671399e-01	   6.7425840754068800e-01	   7.2598294801944518e-01	   6.6247520786058911e-01	   6.5798066075311834e-01	   5.7379136427304933e-01	   6.4673349840251748e-01	   4.2281424165348080e-01	   5.1393006062512159e-01	   6.3011980774358189e-01	   6.7358184945356636e-01	   5.4766109721736456e-01	   4.9139730443850860e-01	   1.4589480752979272e-01	   2.4114320911828985e-01	   2.0163132708499146e-01	   1.8136838254267898e-01	   5.2424911168506760e-01	   5.6315511392094497e-01	   6.4349002812660594e-01	   6.1978182885109678e-01	   2.7606830843808144e-01	   1.4754318829636637e-01	   3.6365554600361838e-01	   3.7571906748884787e-01	  -4.7859579323042599e-02	  -3.0968483168102223e-01	   2.9175331582310859e-01	   3.4836743504469408e-01	  -2.7608256723035196e-01	   1.6395842046450604e-01	   5.0995964783682479e-01	   6.3261479149972910e-01	   5.1385747491214495e-01	   4.5650670018723993e-01	  -1.8869114316743971e-02	  -4.5630753540931340e-01	
   4.6544708563679327e-01	   4.1388515384842828e-01	   0.0000000000000000e+00	   5.8200543860975140e-01	   6.6524903570993787e-01	   4.8291042866022044e-01	   6.1806841323325479e-01	   5.2339623907139843e-01	   5.1958120142804198e-01	   4.9731761338373665e-01	   3.2128206335860643e-01	   9.9094009286305407e-02	   2.1287365119064394e-01	   1.5447410156251937e-01	   6.3732773607914783e-01	   3.9393103147363867e-01	   4.3871056289376081e-01	   4.4834152367747104e-01	   6.3545072232866029e-01	   5.0688892013721865e-01	   2.6904310607774268e-01	   4.1954379010983367e-01	   6.5531525904194399e-01	   4.7477106820859383e-01	   3.2798597292647602e-01	   4.3412263299158760e-01	   1.9144381167329755e-01	   2.7834730150240422e-01	   4.7207526784313170e-01	   4.3415884724636378e-01	   5.3526976175947283e-01	   4.5244391516108384e-01	   6.7167894988650989e-01	   6.4521246495771500e-01	   3.9933821295164562e-01	   4.2560600269704585e-01	   4.3468866917202909e-01	   3.1648646031022243e-01	   4.7357815295762984e-01	   3.3372281393652625e-01	   4.2453248935172083e-01	   4.4387899465226821e-01	   5.8615745689249432e-01	   5.4732165217192175e-01	   5.0710364654546325e-01	   5.3364827731121178e-01	   5.8278359667452651e-01	   6.0549275143945891e-01	   3.6017828955479081e-01	   3.4943076229486736e-01	   3.8481152036550964e-01	   4.3274755513149910e-01	   4.2733814777751900e-01	   5.5543668734106200e-01	   3.7931930564722505e-01	   5.1772001732632456e-01	   5.7091862225960299e-01	   6.6317760765347811e-01	   6.1886932798001038e-01	   6.6795298733195385e-01	   4.3198224193637624e-01	   3.8917458855452802e-01	   5.5404612524841057e-01	   6.0317317267822446e-01	   4.9687810005642491e-01	   2.3663905423036055e-01	   7.4783676365499363e-01	   6.1293344569746766e-01	   4.7672923318781779e-01	   6.7046851580044786e-01	   3.0062176156340664e-01	   7.9420807848479130e-02	   4.6585651328640754e-01	   3.5836506347058417e-01	   5.1027852432052401e-01	   2.4124116426683123e-01	   5.6510362699739292e-01	   4.7536823757488272e-01	   3.9249791684904756e-01	   4.5460360411194201e-01	   4.1046365387108563e-01	   3.4784938895455614e-01	   6.5400282413469923e-01	   4.5851093573007384e-01	   7.5903021784777147e-01	   4.9361965991786383e-01	   6.2940930339934931e-01	   4.0991772054033254e-01	   6.4827687910306431e-01	   6.8316429504863041e-01	   5.8690630673858957e-01	   7.1614550121352893e-01	   3.6703605159436475e-01	   6.3273692485285360e-01	   1.9541224460012291e-01	   2.5612866821434438e-01	   4.7616482939922122e-01	   4.8868729808410383e-01	   5.8682328946464790e-01	   6.9768521330102162e-01	   3.4045779163045536e-01	   4.2509425723433925e-01	   4.9363163297580892e-01	   5.8746954985438504e-01	   3.0633492862561340e-01	  -2.2357223109840027e-01	   5.1748622170898784e-01	   1.4586104439605083e-01	  -6.4374382321742044e-02	   2.5693886861311777e-01	   5.2726801108922061e-01	   5.3436829930506258e-01	   3.8809274763644830e-01	   3.6694358314025272e-01	   1.8673992845927775e-01	  -4.6360767620311216e-01	
   2.0242007552060048e-01	   3.1295776636234474e-01	   5.8200543860975140e-01	   0.0000000000000000e+00	   2.1038032516443961e-01	   1.3869852990947193e-01	   4.1995274779429133e-03	   3.2984801125016672e-01	  -1.2792187200109201e-01	   1.1480955267633121e-01	   6.0293471782025473e-02	   2.1415292011869341e-01	  -1.4289526117011980e-01	  -1.9297232490371027e-01	   2.8908508948111761e-01	   2.7746821789483012e-01	   3.8564513947928891e-01	   2.0169193876922206e-01	   3.5446000008430006e-01	   4.4244404799479548e-01	   3.3818288383508904e-01	   5.6325699369497151e-01	   5.5973760989288146e-01	   7.9499362151710118e-01	   5.4779123018025644e-01	   6.1217050241809323e-01	   4.9666966802865459e-01	   2.6248883832012065e-01	   1.6913545382723488e-01	   3.2751105084467708e-01	   5.2301666629510324e-01	   5.4936248621341033e-01	   3.0316062278111222e-01	   4.2066543506135196e-01	   4.1762959468287120e-01	   4.7966986235295561e-01	   3.4598592656708205e-01	   3.8249132785773238e-01	   3.0683152568284799e-01	   2.9145260195758116e-01	   3.1583221567651010e-01	   3.2801617440086606e-01	   3.5054270004699506e-01	   3.8227763051083113e-01	   3.7406935170629718e-01	   3.8350014777909036e-01	   3.3981022343132072e-01	   3.7651340572281644e-01	   3.2140815397922246e-01	   3.0532085933164393e-01	   4.3458717226541532e-01	   4.0868881209493291e-01	   3.9664364549418502e-01	   3.3526297453490139e-01	   2.8498299427864404e-01	   2.9991539253225430e-01	   3.4388534201808807e-01	   3.1293598775520659e-01	   4.0621426637843699e-01	   3.6065378483070598e-01	  -8.3990652207237879e-02	   1.0199161971342327e-01	   1.4783877853740338e-01	   2.3277399384363318e-01	   2.7785098208145848e-01	   3.8858420557271545e-01	   4.4705233843342129e-01	   5.8395043246400724e-01	   3.2815985089693256e-01	   4.0088033287919389e-01	   2.5460692427081028e-01	   2.8424024148092569e-01	   2.5400717010788831e-01	   2.1823009811201410e-01	   3.2574511264564832e-01	   2.6858241064680477e-01	   3.6298286075977704e-01	   4.9393903749664381e-01	   3.7039661979989680e-01	   2.3379886917826259e-01	   3.2565762378284191e-01	   3.0744190415492473e-01	   4.6346327226132722e-01	   3.1697948652198166e-01	   5.7227278073278898e-01	   6.1100644677421467e-01	   5.0919401481504389e-01	   5.4091285459101568e-01	   3.8116834582674780e-01	   4.7581104723746870e-01	   5.1941458160749543e-01	   4.9225855646348615e-01	   5.3283994714051985e-01	   6.0438975355244984e-01	   1.9916472751187170e-01	   2.9477936435465507e-01	   3.8495479112721059e-01	   3.8225915098349306e-01	   3.9459381943968797e-01	   4.4630190981088697e-01	   4.0813176755908542e-01	   2.3038077031054363e-01	   3.8296471941776244e-01	   3.4269440100152088e-01	   3.1287569215206001e-01	  -2.2280328880605024e-01	   4.5215518624946127e-01	   8.5691089025311798e-04	  -1.4717886291066207e-01	   8.8411308387511517e-02	   4.7609333116211849e-01	   4.2637316497245781e-01	   1.8380572006057599e-01	   3.1474810129067765e-01	   2.6340571949477648e-01	  -4.8081374573216096e-01	
   2.9420169085020131e-01	   1.6657960230115146e-01	   6.6524903570993787e-01	   2.1038032516443961e-01	   0.0000000000000000e+00	   5.5832847506575389e-01	   5.0974347001493236e-01	   3.4926520199824423e-01	   5.8190503427583951e-01	   4.0895935592057853e-01	   1.4417479130714123e-01	  -1.3812583238033088e-02	   1.6045234564951788e-01	   1.5661526036022072e-01	   5.5274088911466235e-01	   3.1823916950625980e-01	   3.2997935554452573e-01	   4.3201640501084199e-01	   4.0813390734787514e-01	   2.7618066246379502e-01	   3.2279985493901292e-01	   2.8246083449678111e-01	   4.1943608989564085e-01	   1.9368156457786828e-01	   3.1526608580631565e-01	   3.8579237135548478e-01	   4.0674140079818843e-01	   4.5171052852709159e-01	   3.6359935944503130e-01	   3.4436121766401318e-01	   3.1070500699743292e-01	   1.7878756045393704e-01	   4.5942166856163680e-01	   3.7567826766816420e-01	   2.0654521278548843e-01	   1.8905296187823578e-01	   2.3343903997327453e-01	   1.2796833542854272e-01	   3.9400446830790392e-01	   2.1168775952348101e-01	   5.1196930635412352e-01	   3.4625582691089435e-01	   4.4391496551323728e-01	   3.8695488927532995e-01	   3.0830923952871664e-01	   3.5414147007321101e-01	   4.5101203904610238e-01	   4.3017558079893525e-01	   2.9784039451898453e-01	   2.7629008836269919e-01	   2.7451880756033109e-01	   3.6591446881635170e-01	   3.5525841023487070e-01	   4.1455720105845428e-01	   3.3000903619226801e-01	   3.5292628718452085e-01	   4.8016665747019288e-01	   5.3294637999527483e-01	   3.9448663757493918e-01	   4.9187964473987339e-01	   3.8564705955632900e-01	   2.9750952526868535e-01	   4.8825051111929152e-01	   4.5588222687641972e-01	   3.6767469983501744e-01	   1.2600984224786793e-01	   5.0434672064788166e-01	   3.3763961478004484e-01	   4.2015679034276687e-01	   5.5919144516687258e-01	   2.4431375613170619e-01	  -1.0200781008279515e-02	   3.0655933369100902e-01	   2.2018314893460850e-01	   3.8952785862814687e-01	   6.6798784437965053e-02	   2.3998690227544969e-01	   2.8691174155883276e-01	   3.0165393154752829e-01	   4.1039194935833068e-01	   2.7969044994411657e-01	   2.3017461123441244e-01	   5.0578464266610634e-01	   3.2418472376750368e-01	   4.5394495527845757e-01	   2.7494058837914864e-01	   4.3542623927135560e-01	   2.7077664853516770e-01	   4.3507488042891984e-01	   5.1817362100812991e-01	   4.9474654422294939e-01	   4.4529904549764732e-01	   3.5499076450058992e-01	   5.0900535328631880e-01	   1.9462247953887696e-01	   1.3653244207930945e-01	   3.8748534818037161e-01	   4.3298077840898225e-01	   4.4167112622516974e-01	   5.2981475120277632e-01	   4.3393697273824017e-01	   4.6408710989698443e-01	   4.8434845550774330e-01	   4.8458700531496768e-01	   3.2372939351319058e-01	  -6.2412163329849543e-02	   2.8937236346113704e-01	   1.9526187888540103e-01	  -8.6438578295420246e-02	   1.5452523144196137e-01	   3.7304758947985800e-01	   4.3234229377873878e-01	   3.5688660582932669e-01	   3.9871422957653291e-01	   1.9897334131290312e-01	  -3.4398310524521047e-01	
   4.6924653936973049e-01	   3.6218324098351795e-01	   4.8291042866022044e-01	   1.3869852990947193e-01	   5.5832847506575389e-01	   0.0000000000000000e+00	   6.8272585249356255e-01	   7.8640529996289232e-01	   6.6324145578259386e-01	   8.1424923787948755e-01	   3.3279185371133591e-01	   3.9455746383529700e-01	   4.5276984350081773e-01	   6.1712941446219505e-01	   4.6199896193261925e-01	   5.0127950578680924e-01	   3.8468232587318540e-01	   4.6259452625841357e-01	   5.6912098668687205e-01	   5.3100243971769223e-01	   2.2493330201425632e-01	   3.5481464912863703e-01	   5.3689055192401303e-02	  -6.9052624243038704e-03	  -1.2212406592499416e-02	   2.6159441702215580e-01	   3.6261617355872772e-02	   3.6591160003847240e-01	   4.3211566654667788e-01	   4.4377964154120042e-01	   2.9314814813983203e-01	   2.5091006787606424e-01	   5.9591033091510071e-01	   6.0644498394147928e-01	   2.2581571496583924e-01	   2.8814998507279205e-01	   2.2212686168977819e-01	   1.9336408059280447e-01	   4.5598847491646599e-01	   2.5400047718624952e-01	   4.8244560636921124e-01	   3.9180108887771392e-01	   5.4515278844117732e-01	   4.4614455420480437e-01	   4.9804816885438469e-01	   4.5550783406684070e-01	   5.9311132998906713e-01	   5.1560938696187986e-01	   3.9197138703674295e-01	   2.4279230112899142e-01	   2.4046297907097319e-01	   1.9289940058400071e-01	   1.9148738249512157e-01	   2.9206126231896490e-01	   3.0266767774052539e-01	   3.2941080504774156e-01	   4.4894701782446372e-01	   3.5196518637754115e-01	   3.0319812489858605e-01	   3.8292008358658136e-01	   5.6305585636602073e-01	   6.5676623503664300e-01	   5.0642123660601623e-01	   5.9495597013216073e-01	   2.2725092019788240e-01	   2.0190724264310794e-01	   5.6559559545963345e-01	   4.9247035793278771e-01	   3.8174817476559952e-01	   5.6111098168236206e-01	   2.2529918303979801e-01	   1.3945987345897398e-01	   3.8180447165034620e-01	   3.4492016393698616e-01	   4.0635066145616117e-01	   2.9509384901182112e-01	   3.2566898568875169e-01	   4.3539952761389106e-01	   4.0774940124656306e-01	   3.0716327614628802e-01	   3.5460814488726805e-01	   3.0230891773159618e-01	   4.5354711342983706e-01	   4.0836913872187863e-01	   3.2333169477479284e-01	   3.4957416822132270e-01	   1.7472315777618752e-01	   2.1584366538640945e-01	   4.1515371117885214e-01	   5.4247170925074595e-01	   6.4894182184180915e-01	   4.8190202768484630e-01	   4.6671044592538413e-01	   4.4079219244974399e-01	   2.8561172913316363e-01	   2.3120888927859137e-01	   5.2124552149027548e-01	   5.5309137046132029e-01	   6.1510894572330421e-01	   5.8024525056550047e-01	   5.9460494841148714e-01	   3.9051056418229868e-01	   5.6890333403509485e-01	   4.9723346311304939e-01	   2.5543380734561988e-01	  -2.7581820801806722e-01	   4.7645931850442363e-01	   1.1239196825784170e-01	  -2.8614730260980298e-01	   9.2798481566292196e-02	   5.0168212407636203e-01	   6.0495258597760815e-01	   5.4944676026408112e-01	   5.1479881424152762e-01	   5.8861079823742335e-02	  -4.1058687156807794e-01	
   4.9233168039037989e-01	   3.3155546354508569e-01	   6.1806841323325479e-01	   4.1995274779429133e-03	   5.0974347001493236e-01	   6.8272585249356255e-01	   0.0000000000000000e+00	   7.7134268006480067e-01	   8.7342367762194917e-01	   7.4247434478846874e-01	   5.2467292233986451e-01	   3.1035874301027921e-01	   6.1479217818855236e-01	   6.2098463774531187e-01	   5.5611841329173617e-01	   3.5492836348378531e-01	   3.0898779091758727e-01	   3.9089612412710473e-01	   6.2308066682358432e-01	   4.5592713885833486e-01	   9.7227799885774929e-02	   1.4733791294647675e-01	   6.0418643231664446e-02	  -1.7555391440792265e-01	  -2.6696780702984813e-01	  -1.0076863765006897e-02	  -2.9497051018057485e-01	   6.1543431188609735e-02	   5.8720497178936970e-01	   4.1897739738193285e-01	   2.2453435288420928e-01	   2.3401353256845314e-01	   6.8519019052737151e-01	   6.5037406643222739e-01	   1.3476992203014049e-01	   1.3050651204499547e-01	   9.6175835190591391e-02	   3.8445948762053830e-02	   2.5345434826302016e-01	   5.4059295888633022e-02	   1.9763353510098319e-01	   1.4894462691916113e-01	   4.2434456903853118e-01	   3.7769114692793160e-01	   3.7818931097617414e-01	   3.6793105591360681e-01	   4.8917593320768271e-01	   4.1404967546355131e-01	   2.9953182654862387e-01	   1.0263321897099467e-01	   7.9099587967333185e-02	   7.2349135094418232e-02	   1.0805432159388353e-01	   2.2113381948033095e-01	   1.2997887713161810e-01	   2.9994429649323151e-01	   3.0821985488662673e-01	   3.5824469286753458e-01	   2.3103736536082417e-01	   3.1410790989556325e-01	   7.9185097793214387e-01	   6.4538756324311342e-01	   6.9424055760989023e-01	   7.3256962230076605e-01	   3.9194187253686474e-01	   1.2364169659780604e-01	   5.3520257328937926e-01	   3.2575013588770929e-01	   2.5556197932682623e-01	   4.1110253385463247e-01	   2.5581932234240812e-01	  -1.9873738217246188e-02	   4.1051817512038402e-01	   3.5573062820840162e-01	   4.3058569785954826e-01	   2.5141365249737901e-01	   4.3355599915004928e-01	   2.9757579604447759e-01	   2.5228004855911440e-01	   2.8636859062578618e-01	   3.0269023547678503e-01	   2.7408202851422198e-01	   3.4709549067911566e-01	   3.3809631103743443e-01	   3.9865839806034775e-01	   2.8658970607676182e-01	   9.1799023402402008e-02	  -5.7285172062283951e-02	   4.3795249313589596e-01	   4.2283525678652600e-01	   4.3443870532205064e-01	   5.1153107498963934e-01	   2.1791115520987864e-01	   3.3122143622467759e-01	   1.0753458398279016e-01	   7.5766596402213837e-02	   2.9749976283206442e-01	   2.8346625644109957e-01	   4.2002213136178945e-01	   4.7195624836944339e-01	   2.8011110721527199e-01	   3.4683058653800469e-01	   3.3058476382574925e-01	   3.0843554125035266e-01	   3.9384702641697147e-02	  -2.4558627102431124e-01	   2.2222426439730650e-01	   6.2621573327665436e-02	  -9.8188528202613506e-02	   1.2321478801421507e-01	   2.5387909087191463e-01	   3.3205974260689275e-01	   5.5453874169076645e-01	   2.8417099935178580e-01	  -1.0946982115728046e-01	  -2.8197723195449642e-01	
   3.2481637604995611e-01	   2.4177860968335146e-01	   5.2339623907139843e-01	   3.2984801125016672e-01	   3.4926520199824423e-01	   7.8640529996289232e-01	   7.7134268006480067e-01	   0.0000000000000000e+00	   5.6303575636049752e-01	   7.2109715905225347e-01	   3.1719599913297275e-01	   3.8186947054638981e-01	   3.4363638030531041e-01	   4.7759420154731608e-01	   3.3362670771864200e-01	   3.2062149807359047e-01	   3.4437858377870267e-01	   3.2692534554156155e-01	   5.2251452942978260e-01	   4.6537799984429218e-01	   1.7645176083347405e-01	   4.1080198268631363e-01	   7.7358782271745086e-02	   1.0090044355210055e-01	  -3.9830231122496326e-02	   3.0800498731346992e-01	  -7.9808192829716740e-02	   1.9425351284584197e-01	   4.5421305470754209e-01	   4.3570509977742594e-01	   3.5394623771625860e-01	   4.2379303276619240e-01	   6.5458182092988082e-01	   7.1401763805600749e-01	   3.3763301360289155e-01	   3.8242285493236433e-01	   1.7940163644941365e-01	   1.9392676092831446e-01	   3.8838702273616688e-01	   1.4482384640161833e-01	   3.0521774497884963e-01	   2.0321534393956642e-01	   4.7691815837833884e-01	   4.3030207375962404e-01	   5.2616177538644249e-01	   4.1342872113094054e-01	   4.8549385117558641e-01	   4.2173911855091883e-01	   3.0621324918797704e-01	   6.7009473976634759e-02	   8.2648390498190782e-02	   7.3018040560532725e-03	  -9.3774472148616967e-03	   1.1836733485801031e-01	   1.0438852138345803e-01	   2.0570498503639625e-01	   2.5875789767278029e-01	   1.6994023527103386e-01	   1.0746325106324484e-01	   1.8384016464663891e-01	   4.8357810737379658e-01	   6.3802016626508240e-01	   4.6968974424403598e-01	   6.0083375074571932e-01	   3.9472771006526552e-01	   4.0158831223671676e-01	   6.2287139850329454e-01	   5.9107101744911006e-01	   2.6728640733640596e-01	   4.2219233485903784e-01	   2.3110347802182790e-01	   1.1259084584231002e-01	   3.4647525694420045e-01	   3.1563503388687036e-01	   3.8486552870840246e-01	   2.6237865337624505e-01	   3.5060675224490090e-01	   3.9592545575534455e-01	   3.4953834021773078e-01	   2.1305989386029428e-01	   3.2942240026297526e-01	   2.5933449137709724e-01	   3.3742634652805426e-01	   2.8820033909905862e-01	   3.7653304159625722e-01	   4.3066626499660676e-01	   1.2927194397114081e-01	   1.2496653442546363e-01	   3.4467644642027606e-01	   3.6252018676873027e-01	   5.2598705795520739e-01	   4.6273839591636379e-01	   4.6573843078302501e-01	   4.0185058038645705e-01	   1.8780217630058976e-01	   1.8721115993435367e-01	   3.8991133027987263e-01	   3.5787523528844700e-01	   4.0745719703978278e-01	   4.3936360694635374e-01	   5.1727805761800183e-01	   2.1561134094190612e-01	   4.4027408382201461e-01	   2.2582733928823640e-01	   2.2286030614488128e-01	  -3.0090411091378966e-01	   4.0632954739587002e-01	  -1.1053850901259563e-01	  -2.1660565363053930e-01	  -1.2443404733663295e-02	   3.8462545093217260e-01	   3.8492403102685024e-01	   4.5290476823704656e-01	   3.2113385027648422e-01	   7.7716318205862459e-03	  -3.7583066396124448e-01	
   5.5408078713526976e-01	   3.4972256797640872e-01	   5.1958120142804198e-01	  -1.2792187200109201e-01	   5.8190503427583951e-01	   6.6324145578259386e-01	   8.7342367762194917e-01	   5.6303575636049752e-01	   0.0000000000000000e+00	   7.7708643152509849e-01	   4.8439371098291401e-01	   2.3541096818514778e-01	   6.5404032474877860e-01	   6.4271171598248888e-01	   6.3825400632781781e-01	   5.0171002611676663e-01	   2.4795921651113539e-01	   3.1640177428627608e-01	   5.4936992821951047e-01	   4.2087641783768737e-01	  -3.5586874687810202e-02	  -8.2835707447102447e-02	   9.9074348650704899e-02	  -2.1339305632058925e-01	  -2.5824217137815797e-01	  -9.6945521764017176e-02	  -2.6038068748123377e-01	   1.6276616262818139e-02	   4.3540993470231781e-01	   3.0049403139250591e-01	   7.7175732257184007e-02	   6.0577598992522443e-02	   5.2507311510966137e-01	   4.6065354264640845e-01	   4.8260972191193990e-02	  -1.2081932687495395e-03	  -2.2715122017483401e-02	  -1.2596654033408461e-01	   1.3996007736069804e-01	   1.5103849293217127e-02	   1.1742018140721730e-01	   4.7496359423913469e-02	   4.1001474300305574e-01	   3.5609761006600660e-01	   2.6891346810851724e-01	   3.6761126232449487e-01	   4.6020956989792761e-01	   3.7363774769076996e-01	   2.6838707119798755e-01	   2.0185962923311437e-01	   1.0941753548197293e-01	   1.2926548947019584e-01	   1.8148115299967371e-01	   2.4711852261185774e-01	   1.5169082115669830e-01	   2.7390743464256867e-01	   3.3469257801822760e-01	   3.9359158771520797e-01	   2.9346401887994866e-01	   3.4743880776699448e-01	   8.4450221348853627e-01	   6.5058929528159515e-01	   5.9401648920135652e-01	   5.9325509510710894e-01	   3.7647799952664773e-01	   8.6507230042120228e-02	   4.3167059291928461e-01	   1.6472176673633712e-01	   3.5268388136155776e-01	   4.3245680278197185e-01	   8.8210787041074809e-02	  -1.9805363452630503e-01	   2.4397745603000515e-01	   1.6616100711042761e-01	   2.5875024204696917e-01	   4.3672059765145724e-02	   2.6616479349331068e-01	   1.4666411664137341e-01	   1.9855518111671006e-01	   2.5201603325161170e-01	   2.5673790411929442e-01	   2.1154188384966022e-01	   3.3063272960166279e-01	   3.1599584474447923e-01	   3.5707448751060050e-01	   1.7822554653883352e-01	   7.9568266335326793e-02	   1.5923639826657690e-02	   4.4868721820719437e-01	   4.2305004321220735e-01	   4.3613911328535637e-01	   5.4531786892632217e-01	   2.3156840323031122e-01	   3.8359488522507434e-01	   1.1475961966646372e-01	   4.0720965773294746e-02	   2.2305055967573634e-01	   2.6544577180604090e-01	   3.7808292552575551e-01	   4.3018802132537870e-01	   2.2172086061267990e-01	   4.2151090112726131e-01	   2.1861758888186369e-01	   3.4916946097677898e-01	   4.0457385361399225e-03	  -1.9565533145147834e-01	   7.4416368897282453e-02	   1.8643055134681993e-01	  -6.1493696727795376e-04	   1.7063648924768554e-01	   1.7830880744504388e-01	   3.2611558607559071e-01	   5.6391549077313685e-01	   2.6451419296210271e-01	  -1.4700456095515199e-01	  -1.7317801337356989e-01	
   5.2462601049318458e-01	   3.9844572294990305e-01	   4.9731761338373665e-01	   1.1480955267633121e-01	   4.0895935592057853e-01	   8.1424923787948755e-01	   7.4247434478846874e-01	   7.2109715905225347e-01	   7.7708643152509849e-01	   0.0000000000000000e+00	   3.8051895494450261e-01	   3.8516800948850749e-01	   5.4020719335520850e-01	   6.6608405071489751e-01	   6.1222514973530706e-01	   6.0051920379392643e-01	   2.7949582705928311e-01	   3.0138422998670894e-01	   5.0501485122263534e-01	   4.7962993710019619e-01	   1.0801441444753199e-01	   1.0609686648921490e-01	   1.1622080826421774e-01	  -5.0661855700356931e-03	  -8.6317755098500010e-02	   5.0337064765995893e-02	  -7.5798473154272739e-02	   1.7305393881797249e-01	   2.8142488778573255e-01	   2.3429719781298297e-01	   1.4193489201535633e-01	   9.8007085490060819e-02	   5.2343851223632265e-01	   5.1160424642490976e-01	   2.8606755517950405e-01	   2.7297340331091446e-01	   1.1570114554092403e-01	   8.5857121591081498e-02	   2.4982830938711803e-01	   1.3490755733003412e-01	   2.4470656258603812e-01	   1.8684130878933097e-01	   4.4064651890203060e-01	   3.8154193091419275e-01	   4.3570289335674034e-01	   4.0842757618266090e-01	   4.9008923659460141e-01	   4.2177912830427011e-01	   3.1408429425750783e-01	   2.2007954985978129e-01	   2.2348267256420895e-01	   1.7662419345597985e-01	   2.1816867146181357e-01	   3.0349713901876330e-01	   2.0774188697048179e-01	   3.0337945562309687e-01	   3.4541595525463303e-01	   3.1736611172585655e-01	   3.3069186314706056e-01	   3.4577225469993766e-01	   7.0191134773241604e-01	   7.4852664251349021e-01	   4.3564175196954441e-01	   5.1012474282236675e-01	   3.8290461005281562e-01	   3.6801278394037057e-01	   5.9825937874494572e-01	   4.5707191850578754e-01	   3.8849871660602830e-01	   5.1881129072977195e-01	   1.4239711250177917e-01	   1.0049614262817839e-02	   2.5285723768603052e-01	   2.0189243152221348e-01	   3.0948595288481445e-01	   1.4528181793466338e-01	   2.7999828310398245e-01	   3.0597115975901967e-01	   2.8774068757543592e-01	   1.7942981937315311e-01	   2.5320629554237972e-01	   2.2677684187697955e-01	   3.5764605480700296e-01	   2.9872050009416817e-01	   4.1062978194821598e-01	   3.2042385118097583e-01	   2.1305575744912925e-01	   2.1335313582735932e-01	   5.2159382350083927e-01	   5.2729584630788340e-01	   6.1310197119748677e-01	   5.9115164021069189e-01	   5.1243520229395667e-01	   5.0214340899912946e-01	   1.7501189221259611e-01	   2.2850191190138902e-01	   3.8025742702801046e-01	   3.8702139902653421e-01	   4.5568113063065036e-01	   5.1023995492809882e-01	   4.9374493158465793e-01	   3.7875095942084347e-01	   3.6163682943154091e-01	   4.0776401896617809e-01	   1.2016731985030420e-01	  -3.7150323950024861e-01	   2.9585054250026283e-01	   8.3969672319343963e-02	  -1.2294037515600861e-01	   1.1642859910774542e-01	   3.6947540167119375e-01	   5.0593948537401812e-01	   5.9942188541350006e-01	   3.8974149296281074e-01	  -5.4039744880276040e-02	  -2.7202588655298487e-01	
   8.0038341249871015e-01	   6.8127232773839752e-01	   3.2128206335860643e-01	   6.0293471782025473e-02	   1.4417479130714123e-01	   3.3279185371133591e-01	   5.2467292233986451e-01	   3.1719599913297275e-01	   4.8439371098291401e-01	   3.8051895494450261e-01	   0.0000000000000000e+00	   7.6705240588489021e-01	   8.3596911079805114e-01	   7.2269540176802560e-01	   6.9789776025288175e-01	   6.3175413301214567e-01	   5.2059724928576923e-01	   3.4192890021831934e-01	   8.0562824065042360e-01	   7.6700269758335837e-01	  -2.6830163239212265e-02	   1.0342751184805597e-01	  -9.1424579490367849e-02	  -8.7312568222823281e-02	  -1.9190235431850194e-01	  -1.7053086159116512e-01	  -1.2755375772979632e-01	  -8.6038894813623826e-02	   6.4680124547931295e-01	   4.9184138234590269e-01	   1.8854993431458497e-01	   2.7816204322736710e-01	   4.0778772533544166e-01	   4.8504979068352705e-01	  -1.3238978764840717e-01	  -2.1394127937431975e-02	   2.1690034416004533e-02	   4.9787682462810748e-02	  -1.5148083979768683e-02	  -3.5637912634541415e-04	   9.9322766249129391e-02	   2.4200151927828029e-01	   3.3471689317422981e-01	   3.0095850935842067e-01	   1.8689627696123992e-01	   3.5477268310772886e-01	   4.6743079851599695e-01	   3.8157678839075038e-01	   4.0394277456471195e-01	   2.5836111471061080e-01	   2.5734491675522980e-01	   1.9438559659125534e-01	   3.7978921601571974e-01	   2.2998423928097234e-01	   3.1403528764232591e-01	   4.0082676576533427e-01	   3.1030483888944327e-01	   2.6243459881216430e-01	   3.0693497595398250e-01	   2.4354915134454333e-01	   5.9164210332259803e-01	   4.2713212421936242e-01	   5.9891328713074743e-01	   5.7348084002275179e-01	  -1.0818176723298137e-01	  -4.1661981090439566e-02	   1.1740413980699130e-01	   5.8965178264402514e-02	   4.8210797021650820e-01	   3.3937722997194569e-01	   4.0968084958063594e-01	   2.9669737699748372e-01	   5.3381929171629294e-01	   4.7509555516805069e-01	   4.8120388719860663e-01	   4.7482618152598532e-01	   6.1529873872700280e-01	   5.1770521960482718e-01	   4.1859843222443782e-01	   3.6333381590588654e-01	   5.6683939206362255e-01	   6.6633946855345649e-01	   5.9096525480652640e-01	   7.0633021365788728e-01	   3.7340830123252344e-01	   5.3068570576764951e-01	   1.3703144040807633e-01	   1.8661731271150248e-01	   4.4584274339447888e-01	   4.5262000837597161e-01	   4.3307311507720059e-01	   5.0962169717018635e-01	   2.4934913157930942e-02	   1.5386751194469217e-01	   2.2327846685622554e-01	  -5.2079885723245092e-03	   2.7954632178244831e-01	   2.7884125476316801e-01	   4.3692335585256026e-01	   5.0539643344085206e-01	   1.0785368929899083e-01	   1.4727113844571776e-01	   2.4371478455216317e-01	   2.4118104756337905e-01	  -2.3767231068306133e-01	  -3.4398686548325730e-01	   2.3134366361502328e-02	   3.4356897419352872e-01	  -8.0182214737514398e-02	   2.6933103046323470e-01	   2.9503544613497218e-01	   4.5677417136747883e-01	   3.7541218840229679e-01	   2.4425369108030162e-01	  -1.1467645872315649e-01	  -3.0848029050984649e-01	
   5.8363888924973661e-01	   6.2655596266772351e-01	   9.9094009286305407e-02	   2.1415292011869341e-01	  -1.3812583238033088e-02	   3.9455746383529700e-01	   3.1035874301027921e-01	   3.8186947054638981e-01	   2.3541096818514778e-01	   3.8516800948850749e-01	   7.6705240588489021e-01	   0.0000000000000000e+00	   6.2631695544163080e-01	   7.1208633360775131e-01	   5.0823624774158171e-01	   6.4081298282966370e-01	   3.9240695650048119e-01	   1.9442774633708149e-01	   6.3687220986924231e-01	   7.7049553129170867e-01	   1.2748007714068624e-01	   2.0773718845268643e-01	  -2.5962424586622346e-01	  -4.6217135266368108e-02	  -1.4397038003356397e-01	  -1.0168983048064648e-01	   6.1478666495907754e-03	   3.9547977471442015e-02	   4.0895381809318271e-01	   4.0272456378774651e-01	   1.1013609892838293e-01	   2.2044412604418073e-01	   2.2767287331727371e-01	   4.1029798875161200e-01	  -7.6525308532360378e-02	   5.2144759832587942e-02	  -9.4309805811505817e-02	   4.9510698662438346e-02	  -7.9797343738053264e-02	  -1.0515801050521278e-01	   1.7354196592740009e-01	   1.3471640627523873e-01	   2.5603600867267773e-01	   2.4126747134134083e-01	   1.9630391617800214e-01	   2.9197450712717754e-01	   4.0123591440099104e-01	   3.2254567497576281e-01	   4.2303981513118588e-01	   2.0950748119150536e-01	   2.1558446034010423e-01	   1.0918776356601645e-01	   2.8897729379668996e-01	   1.0344019508585965e-01	   2.3581481474129076e-01	   2.6280709527128238e-01	   1.3217627985912406e-01	   6.6649084770285250e-02	   1.8061672324345435e-01	   1.2596031625430990e-01	   3.4302866713212915e-01	   4.4818160188289702e-01	   3.2170294206308980e-01	   4.3196870339192328e-01	  -1.9471734975143529e-01	   1.5232864221085893e-01	   9.2543402162681213e-02	   1.6271480532526544e-01	   4.4009352594450968e-01	   2.9181273608303943e-01	   4.7904389733506925e-01	   4.4420365421664698e-01	   4.4765165813680918e-01	   4.5463918546379345e-01	   4.3547943977139059e-01	   5.5268750519161836e-01	   4.1277119801382556e-01	   5.2864526809605905e-01	   3.0881930693542414e-01	   1.5735949276620781e-01	   4.5065809805079676e-01	   5.9247193117482400e-01	   4.7092834875836143e-01	   6.1809559465855446e-01	   2.5027452873780948e-01	   5.9396888254184599e-01	   7.9447033832875755e-02	   2.9515975342848094e-01	   3.3686264465309923e-01	   4.1502649757657950e-01	   5.8253216665309748e-01	   4.3362632460698491e-01	   3.3796194662842494e-01	   2.8764561499869923e-01	   8.8166986172000680e-02	   8.5077423501543056e-02	   2.7481905254318895e-01	   2.6074311856634591e-01	   4.3644849448017908e-01	   4.1006869283339131e-01	   3.5274470069367070e-01	   2.4880601323556983e-01	   3.5963707176347365e-01	   2.6484926207249759e-01	  -1.7669260216698662e-01	  -3.1013785735189359e-01	   1.1961264998778152e-01	   2.9355728024166572e-01	  -1.9329067119737742e-01	   1.2533798095108140e-01	   3.0058969437337263e-01	   5.0116406101041489e-01	   4.1621257597399480e-01	   3.2995731082513857e-01	  -1.5316035696803992e-01	  -3.3474619537183292e-01	
   7.6133633861797700e-01	   6.2690979068303565e-01	   2.1287365119064394e-01	  -1.4289526117011980e-01	   1.6045234564951788e-01	   4.5276984350081773e-01	   6.1479217818855236e-01	   3.4363638030531041e-01	   6.5404032474877860e-01	   5.4020719335520850e-01	   8.3596911079805114e-01	   6.2631695544163080e-01	   0.0000000000000000e+00	   8.6097786061029191e-01	   6.7542404174933057e-01	   6.0016832308114454e-01	   3.9035973897256970e-01	   3.3025746641579773e-01	   6.6975039115560930e-01	   6.4178153110371461e-01	  -2.5074913503086396e-02	  -2.2061928291621929e-03	  -1.4602712984814592e-01	  -2.4364276307108951e-01	  -2.7483679959634988e-01	  -2.4466156989274179e-01	  -2.4457175035314369e-01	  -7.6176601043569908e-02	   5.6037488110129907e-01	   3.8489679091125684e-01	   5.9828451918547174e-02	   1.0400534649729817e-01	   4.3508013118050815e-01	   4.4987643633993935e-01	  -8.4455831542823850e-02	  -4.0006224252788197e-03	   9.0014387708421628e-02	   1.0821040287162415e-01	   1.3326943423517812e-01	   1.6554488437189749e-01	   9.9718006392384012e-02	   1.9389918736321449e-01	   3.7032594008856645e-01	   3.4036261138541413e-01	   2.4273125098823822e-01	   4.4134752608611655e-01	   5.1994755816662552e-01	   4.2272505313443437e-01	   4.3229452946867891e-01	   3.1425273352682687e-01	   2.3208110099443424e-01	   2.0413628914981846e-01	   3.0318917909884091e-01	   1.9064108050945466e-01	   4.1654182287523950e-01	   4.8086844042162363e-01	   2.5579330267758532e-01	   2.3089876811031368e-01	   3.0647490543579980e-01	   2.6084426064192145e-01	   8.1894003872199983e-01	   5.6306890319947089e-01	   6.0420462165897693e-01	   5.4894025964704596e-01	  -7.0228817231064222e-02	  -4.4720138210758799e-02	   1.8370875475283518e-01	   8.6034153364745625e-02	   3.7855027364464550e-01	   3.2404801506856440e-01	   2.3195919048891211e-01	   4.7679076937501771e-02	   4.1103961469098793e-01	   3.8426422071377137e-01	   3.7583457119344399e-01	   3.6200657421588839e-01	   4.9022423304419899e-01	   3.9318527137753090e-01	   3.2209818740296531e-01	   2.9605686646318807e-01	   4.1035066832559619e-01	   4.8821210357971101e-01	   4.2277515255173925e-01	   4.8535195864109099e-01	   2.6625460855841182e-01	   3.1014798860913778e-01	  -2.8736664358482468e-03	   8.1298097049426511e-03	   4.7487301204747068e-01	   4.4147799634634566e-01	   3.4374271191399286e-01	   4.1772191006427195e-01	  -6.6051184756475867e-02	   7.0754550822133527e-02	   1.6431780206085542e-01	   5.9340602940703036e-02	   3.4838853144143267e-01	   3.0519073737122360e-01	   3.8704415400685821e-01	   4.4546595767134689e-01	   5.1377260201760304e-02	   1.9653532980180491e-01	   6.1432800775414922e-02	   1.8256950197521113e-01	  -3.1400562302404367e-01	  -3.5189896172212454e-01	   1.6564868263929299e-02	   3.4111144159478118e-01	  -1.2988210545217699e-01	   1.7336535900532990e-01	   2.8413313411229463e-01	   3.9244495208100583e-01	   5.3268602634835360e-01	   2.3259363080310599e-01	  -1.7926167023808540e-01	  -2.7080035993724388e-01	
