   0.0000000000000000e+00	   8.5101961041654373e-01	   2.4151460063659766e-01	  -6.3971578193990700e-02	   1.9186727113557545e-01	   3.7391149652989475e-01	   2.9299426926343508e-01	   2.8959574825303541e-01	   3.7323565279250187e-01	   4.4916121327137437e-01	   6.0663217720329965e-01	   7.5310345062808559e-01	   4.0038580482347708e-01	   2.9168581158634210e-01	   2.1434097177120651e-01	   1.6377038515228270e-02	   5.3422361312024835e-01	   5.6628436686437322e-01	   5.5625829715466757e-01	   6.0260292219496714e-01	   2.5371895151324081e-01	   2.4372022543389554e-01	  -9.8942367689138444e-02	  -1.9654450162007575e-01	  -2.0039839263029505e-01	  -3.2222831253690498e-01	  -1.6008976454478221e-01	   2.6678481288995491e-02	   4.5642154956419101e-01	   4.3934154138972681e-01	  -6.4883485057465509e-02	  -1.5223498729035312e-01	   2.6911917139890629e-01	   1.6463535769732404e-01	  -2.3620006811151001e-01	  -2.8634941333658032e-01	   3.3773198652489256e-01	   4.0529103914315640e-01	   1.9172152737586973e-01	   2.1422854818054865e-01	   2.1624044302765616e-01	   3.9908384354484305e-01	   3.2628505412993947e-01	   3.6459209981093149e-01	   2.5469677686505687e-01	   2.9006517736823056e-01	   4.2935693605738467e-01	   4.7358673651060412e-01	   2.7194444666584905e-01	   5.7452928917412005e-01	   1.5931683744832986e-01	   2.1655680422460444e-01	   3.8556525683177345e-01	   4.3142148066598107e-01	   1.9803683629667926e-01	   3.2772967340057912e-01	   7.9072415822320186e-01	   7.8550964999439377e-01	   4.4843177751101071e-01	   4.3949580265275134e-01	   7.3687131552582563e-01	   4.3030142389080173e-01	   1.1168536159038595e-01	   7.1362795476489910e-02	  -1.0228768568198167e-01	  -1.9768030551975455e-01	  -1.1867340321239972e-01	  -8.9079275666284513e-02	   5.7256749971371490e-01	   5.9990900619041510e-01	   4.2824463127061818e-01	   2.5483078610756971e-01	   1.3944751735242050e-01	   2.4247522907458852e-01	   3.3831001234437230e-01	   1.9636728967024342e-01	   3.5961944140834273e-01	   2.6472483141206737e-01	   3.3908988053818656e-01	   4.0754599894718313e-01	   3.5519849049551011e-01	   4.5680013788145746e-01	   3.5380245369201069e-01	   4.6593478774166053e-01	   1.0549064994948523e-01	   1.5275400910182452e-01	   3.6687953376578541e-01	   4.2185322134758008e-01	   2.8252148959337031e-01	   3.9557106080130366e-01	   1.2690174324162143e-01	   2.2565770836147964e-01	  -1.4129807889530556e-02	   1.6644161725737272e-01	   1.3416198899498058e-01	   6.0356020856034150e-02	   2.8241767480075092e-01	   5.0297410865529535e-01	   3.6064898696766162e-01	   4.1610468470259854e-01	  -9.9483972288883851e-02	   1.6139746198254601e-01	   2.0461149994935551e-01	   3.6290430047509925e-01	   9.0040479835406209e-02	  -1.7760225590820682e-02	   1.8318544029790498e-01	   2.9944507855991526e-01	   7.8045750773708247e-02	   1.9654424131752934e-01	   3.3585967349289697e-01	   4.9937549789305824e-01	   4.3015606031677439e-01	   2.1195255355611226e-01	   1.6525345374385669e-01	   1.9829648911373932e-01	
   8.5101961041654373e-01	   0.0000000000000000e+00	   2.5924873124038911e-01	   1.4674446734035013e-01	   1.3946368293653683e-01	   3.3065044661065757e-01	   2.5843835497201667e-01	   2.8245395796072731e-01	   1.8660360658101222e-01	   3.6872305778643882e-01	   4.5667013145165247e-01	   6.4014227524248546e-01	   3.6547533820300859e-01	   4.1730921525736864e-01	   3.3038432906007803e-01	   2.1079818669482203e-01	   6.1821157539367344e-01	   7.1710957956793475e-01	   6.6101450051009147e-01	   7.3593357982106800e-01	   3.1648003579508410e-01	   2.9730377956477999e-01	   1.2931867872771152e-01	   7.6656542821467777e-02	  -1.4328560778090624e-02	  -2.2520896326586787e-01	   1.1530820144905174e-01	   2.8468707477730942e-01	   5.6484118004375261e-01	   6.0548424463519668e-01	   1.3992796160148421e-01	   6.3793820579526261e-02	   5.0998448723367185e-01	   4.2296284277206930e-01	  -2.5180243021818163e-02	  -9.5769744223684922e-02	   4.3869187100920271e-01	   5.6189898407019245e-01	   2.5953792438642231e-01	   3.0411734946213320e-01	   3.5259049098401701e-01	   5.6225339263223717e-01	   5.0981684882909750e-01	   4.9502042031740040e-01	   4.8585913535505598e-01	   5.0862254134770279e-01	   6.0182229949785326e-01	   6.2151126718510930e-01	   5.1382285806184991e-01	   6.7191614150017198e-01	   4.1323833004372823e-01	   4.6231608358765153e-01	   4.8143215638420611e-01	   4.9569144606326065e-01	   3.9740271368861119e-01	   5.2895757203298466e-01	   8.9475352779732809e-01	   9.2811401525499215e-01	   4.8093396329643612e-01	   5.9445187807023114e-01	   6.3191890051695143e-01	   3.5141161358080641e-01	   3.9442801584543952e-01	   3.6412996238574452e-01	  -6.5141017185430070e-02	  -1.0252119175755661e-01	   8.1624991892306709e-02	   1.1425431639575183e-01	   7.4964911501842701e-01	   7.7768492381459897e-01	   4.5317095775798066e-01	   3.0702218146557114e-01	   2.2329880952544706e-01	   3.5257131209456904e-01	   3.4811561742976932e-01	   2.5508787195190735e-01	   4.7233547850608759e-01	   4.0139027907515779e-01	   5.2919739337905791e-01	   5.8574472251376142e-01	   5.7059004069042230e-01	   6.3791681619944740e-01	   5.7959138551650236e-01	   6.2639219848581984e-01	   3.9659741260511905e-01	   3.1911997660844194e-01	   4.3212698138064309e-01	   6.3791608213264284e-01	   4.5558241326370619e-01	   4.9478608479971498e-01	   2.5059677757619381e-01	   1.7465234846207273e-01	   9.3911403649791614e-02	   1.0553489187904150e-01	  -5.7139155804671077e-02	   9.7852225296007650e-02	   3.6592669744141632e-01	   5.7797941048113233e-01	   5.2975155121349338e-01	   4.8790878475727661e-01	   2.8091433003799477e-02	   2.5683690483632471e-01	   3.1597231774014772e-01	   5.1196384123525895e-01	   2.3777750595885083e-01	   1.6811209363067636e-01	   1.6033240593721923e-01	   4.0094777403115806e-01	  -1.3874411960189053e-02	   2.5716164777366091e-01	   4.8002958023270503e-01	   6.0748064492311005e-01	   4.4076556849599335e-01	   3.5323476992121938e-01	   2.8914533960343053e-01	   3.4356840540920214e-01	
   2.4151460063659766e-01	   2.5924873124038911e-01	   0.0000000000000000e+00	   4.9337564361810565e-01	   5.4974474206969259e-01	   2.9878701107660244e-01	   8.3122047562594203e-01	   3.1376772832317790e-01	   5.1896673217302969e-01	   1.7023993448922720e-01	   4.8157074445833392e-01	   9.3362140681743477e-02	   5.7249972590967690e-01	   3.3875959439689207e-01	   7.3288781274543413e-01	   3.9932866220989549e-01	   9.3215190482198007e-02	   2.1992948646754396e-01	   5.0267481740048692e-01	   4.0282028546541016e-01	   3.6756251055819206e-01	   3.6665227117839583e-01	   7.3296637606690318e-01	   4.7208523233360028e-01	   5.8161453613452507e-01	   2.2456191232615653e-02	   5.2622351245354515e-01	   5.8606316872816377e-01	   2.2267907144654911e-01	   1.1229505731776339e-01	   4.3971076221597560e-01	   1.8705033770394885e-01	   2.4617217000294739e-01	   7.4563205111297742e-02	   4.7190926391075605e-01	   1.2875912211069787e-01	   4.0737427356239375e-01	   3.6894955575577071e-01	   4.3022303191045508e-01	   1.4040610743745971e-01	   1.7555205270217528e-01	   1.3685638457831956e-01	   2.2401015714180467e-01	   1.8726081187619811e-01	   8.8473162833677732e-02	   1.1907527794257607e-01	   1.5740060245161797e-01	   1.7885479502859217e-01	   2.8849552283189250e-01	   2.9792565032748686e-01	   5.8925922758510774e-01	   5.7967004308081094e-01	   7.3241474046308408e-01	   5.1286489575437177e-01	   6.2760361183537827e-01	   4.2780877578105703e-01	   1.0436667171446828e-01	   2.4874971181123612e-01	   6.1829926199316598e-01	   5.9777308404211249e-01	   3.9056347502294830e-01	   7.4891014721264526e-02	   2.1635560635226170e-01	   2.0797563073656197e-01	   7.1065209070979396e-01	   3.0954178934544935e-01	   4.4673046808369699e-01	   2.6963714935000377e-01	   4.1261738735190279e-01	   3.6186739025295295e-01	   6.0128564340131208e-01	   5.1341303791583592e-01	   2.8770157393821655e-01	   1.3927314336585522e-01	   3.2410780757820518e-01	   2.0339947165639591e-01	   4.0947755872148672e-01	   3.7226644348657911e-01	   1.6125249169883876e-01	   3.3930559633894009e-01	   7.5489416407911764e-02	   3.5676071473883586e-01	   5.5039792277862531e-01	   7.2687681443891053e-02	   5.7640771697794935e-01	   4.9140231466795486e-01	   4.6054159441029752e-01	   3.1033641690504332e-01	   6.8476288175637545e-01	   5.8716875084544085e-01	   5.4978105500434760e-01	   6.2964179172702128e-01	   4.0862609400172301e-01	   7.3402215351220934e-01	  -1.6630250620030851e-01	  -3.9966090318408842e-01	   3.8161972823093882e-01	   2.3186950648718202e-01	   4.7114729890566498e-01	   4.3832339516298585e-01	   3.5448173213643541e-01	   7.5793967131845352e-01	   4.0923975687229563e-01	   6.7500299425778032e-01	   5.8750791509719258e-01	   5.7481319092792305e-01	   3.6336194853946230e-01	   5.7961715583031714e-01	  -3.0502142497973772e-01	   2.6501525094758144e-01	   5.6836000124685615e-01	   2.8926397722134078e-01	   2.5825097087528082e-01	   4.2607283413222297e-01	   6.0912151709400830e-01	   5.1186379614758637e-01	
  -6.3971578193990700e-02	   1.4674446734035013e-01	   4.9337564361810565e-01	   0.0000000000000000e+00	   2.2736437153329125e-01	   4.5542691742817631e-01	   5.8713521788337975e-01	   7.0791859657711287e-01	  -1.2919519408873090e-01	   3.7744562686374668e-02	  -3.8317994577357059e-02	  -1.5852811190681027e-01	   7.3399811293814288e-02	   4.9437470764820535e-01	   2.7402484375942615e-01	   6.4739656557372838e-01	   2.5613994508271831e-01	   2.3789709053201624e-01	   4.5517438699550655e-01	   5.1456061010922671e-01	   4.2115452363738337e-01	   4.7124940785092001e-01	   6.8360764691289067e-01	   9.0470874043951555e-01	   6.4116476090477614e-01	   6.1413358435838217e-01	   5.2806701829757408e-01	   5.6914032225512812e-01	   3.3259583755344208e-01	   3.8178799652947171e-01	   7.6827832971703680e-01	   8.1968888540281515e-01	   7.2937603704676301e-01	   7.0254659752507032e-01	   7.8829604774804374e-01	   7.7364773622175376e-01	   3.9960976821446881e-01	   5.1919715786687437e-01	   4.4662067022499158e-01	   5.5468547373120058e-01	   2.2020389793565281e-01	   2.0299105136348541e-01	   3.6164647683352502e-01	   3.0952327673263974e-01	   4.3231295588253982e-01	   4.1786607310230728e-01	   2.6228177650884793e-01	   3.2458286451549290e-01	   2.7542909665191351e-01	   1.5034184257701982e-01	   5.1423060988004521e-01	   5.8094280220289973e-01	   4.2772996592312845e-01	   3.5880000455754557e-01	   6.5274919628522299e-01	   6.1926138040852241e-01	   1.2140113604811861e-01	   1.8993619797244199e-01	   4.8591731580145531e-01	   6.2923925741090936e-01	   1.4518485877668438e-01	   3.2490638025480290e-01	   5.1622235710107645e-01	   5.7007325397899933e-01	   5.2001821298150819e-01	   7.7054411988774629e-01	   8.9524909427722887e-01	   8.8857301047920145e-01	   4.8014666967180097e-01	   4.1970753191943894e-01	   5.3242442141919066e-01	   5.8964763527803599e-01	   4.3350494526856209e-01	   4.7278581693830668e-01	   3.5503312342620647e-01	   3.9618769064666925e-01	   7.0154334737821333e-01	   7.7293129289474793e-01	   4.4541957977858793e-01	   4.7596108151608291e-01	   4.1955509014440640e-01	   3.7120145096039964e-01	   5.3800753545290925e-01	   1.7858801563505478e-01	   6.6953781204573415e-01	   7.9121674386888008e-01	   4.4581482815304152e-01	   4.4692867605701442e-01	   5.8908640781117294e-01	   6.4707635647852202e-01	   5.2697880703791922e-01	   2.2334566855511254e-01	   7.0616300925397435e-01	   2.1083922507133038e-01	  -3.1589030546357300e-01	   2.4408203860752407e-02	   3.8320152538379998e-01	   3.6274517969162046e-01	   3.9722455113580935e-01	   2.6589002626646846e-01	   5.7588709741385991e-01	   4.0254963423970763e-01	   4.6856573976698335e-01	   4.3328007705909038e-01	   5.8152296176610718e-01	   4.2953967324178444e-01	   1.8483756800504217e-01	   3.9006013066665868e-01	  -1.3581589510682951e-01	   2.7639798500893914e-01	   5.3765915875710113e-01	   1.2797595416896917e-01	   2.1405166831317429e-01	   4.5696430796859444e-01	   7.1391015352276610e-01	   4.8717576412961855e-01	
   1.9186727113557545e-01	   1.3946368293653683e-01	   5.4974474206969259e-01	   2.2736437153329125e-01	   0.0000000000000000e+00	   3.4199939443755489e-01	   5.7857427123578775e-01	   2.6503389664654042e-01	   4.9931151287585240e-01	   1.7920499096288847e-01	   3.9400511074034084e-01	   2.1684766045859302e-01	   1.6574515306836934e-01	   1.5468608012473289e-01	   3.9800033949898667e-01	   2.6824073290082066e-02	   3.4389012380800048e-02	   1.3363459557587973e-01	   4.1474585956286159e-01	   3.4410238923948733e-01	  -8.8808177039797542e-02	   7.3813904675267744e-02	   3.5241362672737619e-01	   1.2950538362637254e-01	   3.1807342914064196e-01	  -3.4316882866065865e-02	   2.1707322107736018e-01	   2.2908147609339530e-01	   1.3009799206513320e-01	   3.8080783987543915e-02	   1.3721501972238526e-01	  -2.4001971275714920e-02	   3.2943991878401468e-02	  -4.4221906036232578e-02	  -3.0078551150353253e-03	  -8.8929388451129160e-02	   1.3349662746315225e-01	   8.1782156007881857e-02	   1.7008937479221595e-01	  -3.3627797943672030e-02	  -1.7575100056487936e-01	   1.3784656238308249e-01	   2.9185222522389942e-01	   2.4562043601531919e-01	   1.2059883038356881e-01	   1.0376515904224143e-01	   1.6008616705189455e-01	   2.1247571994921591e-01	   2.2513654506851011e-01	   2.7140359799406605e-01	   3.1527465813095479e-01	   3.7486691712556591e-01	   3.8588896464009581e-01	   3.7209943307108351e-01	   2.9464083907611671e-01	   2.5221860925077311e-01	   2.6022048522217171e-02	   1.4246313182241460e-01	   2.2430434829029061e-01	   3.5352030999776307e-01	   9.3547999213581812e-02	   1.8792742643775999e-02	  -8.2855493367410549e-02	   9.0480208801251114e-02	   3.3588592745338502e-01	   1.1951244507532569e-01	   2.3017868716572526e-01	   9.1030210295151431e-02	   2.1695691605951206e-01	   2.5206543210120042e-01	   3.2204078430395516e-01	   1.9584241186740950e-01	   2.6196597137524269e-01	   2.2971876862033180e-01	   2.9059955357085909e-01	   1.7524616135267118e-01	   1.4536355815907848e-01	   1.7749821176808697e-01	  -1.5554135943784610e-02	   1.9077128799366966e-01	   6.7643149274883740e-02	   3.5916942708727395e-01	   2.9261608247268045e-01	  -4.7261414333771540e-02	   2.5359794016870413e-01	   2.8656722567184517e-01	   3.9940847900495036e-01	  -5.1679420054110872e-02	   3.2198389179959469e-01	   2.5760105330986094e-01	   6.1287995632288528e-01	   6.5872233668109437e-01	   4.9308265523067552e-01	   5.6631235613317166e-01	   2.0929823866382274e-01	  -2.9789467693693970e-02	   4.0207648938105023e-01	   2.6215772161555501e-01	   4.6839126107836648e-01	   5.2786211822146112e-01	   4.7046135680597256e-01	   6.0098761418125435e-01	   4.2992053509762740e-01	   5.1450782241562232e-01	   3.0325983436070769e-01	   4.5366836719868620e-01	   4.8513550973410763e-01	   3.5462419592189248e-01	   2.1417118905105607e-02	   2.6104884929113303e-01	   2.9424731407982874e-01	   4.2581404317106131e-01	   4.1757246160816819e-01	   4.6294686397633583e-01	   4.1887752178056448e-01	   2.5638239625325759e-01	
   3.7391149652989475e-01	   3.3065044661065757e-01	   2.9878701107660244e-01	   4.5542691742817631e-01	   3.4199939443755489e-01	   0.0000000000000000e+00	   5.3471643092795951e-01	   7.8582432338360453e-01	   1.6622057218744207e-01	   6.6444567982772018e-01	   3.0606024509539898e-01	   3.2834288518618082e-01	   1.1321042710406751e-01	   4.2482621869574932e-01	   1.5956741625168233e-01	   3.6619241099545508e-01	   3.3226667666219090e-01	   3.1091814461210832e-01	   3.8618319153361647e-01	   4.3562237913437069e-01	   1.8218905327273346e-01	   4.1065864295109966e-01	   2.5976717798995785e-01	   3.5197133744296705e-01	   1.8100296006967581e-01	   3.3158770313269265e-01	  -1.0971962901348322e-02	   3.0212100103987072e-01	   2.9885629507031886e-01	   3.1108894700289436e-01	   3.6116524199258881e-01	   3.6697486551888114e-01	   3.7823103753013065e-01	   3.3773079319704924e-01	   2.2828993510663881e-01	   3.0266139620467514e-01	   1.5417056564175108e-01	   4.5761464247788619e-01	   2.9928944149819570e-01	   4.4147019321821668e-01	  -1.6205500258689776e-01	   3.2567351930282412e-01	   2.1158137930657595e-01	   2.4267628925599810e-01	   2.4214992404215524e-01	   2.5809941026012218e-01	   1.1801872452778711e-01	   2.3798470633253627e-01	   9.2804499849507754e-02	   2.2923200165348967e-01	   1.7820342535280889e-01	   3.0341167363473476e-01	   2.5623299596721749e-01	   5.4277505045882268e-01	   2.5437457128234597e-01	   3.0727302861173100e-01	   2.6881002369589563e-01	   2.9627818854326454e-01	   2.3865766579648900e-01	   4.2547419391769992e-01	   3.4146322637585480e-01	   5.8173499212670476e-01	   3.7298832390375819e-02	   1.8664814818472961e-01	   3.4207101436774323e-01	   5.5504613006702908e-01	   3.4109927334899459e-01	   3.5891295319113431e-01	   2.4247624783124805e-01	   3.1455582166874463e-01	   3.4056788363080615e-01	   2.2699666106380273e-01	   2.8633708893755877e-01	   4.6288033299858911e-01	   2.4697179773743461e-01	   3.7252631906780187e-01	   4.3812912916692603e-01	   5.8101209514557017e-01	   2.7262065465232788e-01	   3.0312145897638920e-01	   3.1402845884329278e-01	   3.0474608438062328e-01	   2.5366556408355623e-01	   1.1645376850726352e-01	   2.9461319858039453e-01	   4.2040352749533177e-01	   2.0507237150654700e-01	   2.5385755862073472e-01	   4.5121229082404662e-01	   6.0752993079861328e-01	   5.1724807568492914e-01	   3.8781991693163254e-01	   6.6393880193917698e-01	   1.6688128710409847e-01	  -2.7123497782434993e-03	  -1.1825120754909142e-01	   2.6700395843480451e-01	   2.4919129012680311e-01	   3.1727676583541164e-01	   3.9212371500625448e-01	   5.5547068858435711e-01	   3.0308694187582802e-01	   4.7565110908904340e-01	   2.5321621726382870e-01	   3.1664214946638358e-01	   9.5902379291400941e-02	   2.9705064935314840e-01	   1.9624502485488804e-01	  -6.9109725181877482e-02	  -5.6522977774201080e-03	   2.6891371994013530e-01	   2.3907439318958290e-01	   4.6480905678146345e-01	   3.7279854375092808e-01	   3.7053105908098877e-01	   2.3942564952015532e-02	
   2.9299426926343508e-01	   2.5843835497201667e-01	   8.3122047562594203e-01	   5.8713521788337975e-01	   5.7857427123578775e-01	   5.3471643092795951e-01	   0.0000000000000000e+00	   5.9761377690186102e-01	   5.7209653988907494e-01	   3.4826934934092157e-01	   5.4075838422530320e-01	   2.3585902863369707e-01	   5.7333640327863633e-01	   5.4208546274994673e-01	   6.6176899465576078e-01	   4.7473956903502884e-01	   3.5350153266614687e-01	   3.4453966911729178e-01	   5.3401848404329599e-01	   5.2387345956433284e-01	   2.8133080813880412e-01	   4.0427762003079104e-01	   6.0914725060997277e-01	   4.5745550464990420e-01	   4.0518270190647399e-01	   5.8744970281480235e-02	   2.9862172775838974e-01	   5.0582921897424249e-01	   4.7151827006697311e-01	   3.2009528551720978e-01	   5.3752941813792832e-01	   3.9392989679603541e-01	   4.2670762062493356e-01	   2.7704144233968259e-01	   3.9508973560343924e-01	   1.9548228002609375e-01	   3.4731328307154219e-01	   3.9823824582491385e-01	   4.3007227651707836e-01	   2.3825117763683362e-01	   1.4782053230702230e-01	   2.6121974200747783e-01	   2.3693765892347238e-01	   2.3392949360515819e-01	   9.9216590422877282e-02	   1.6062882703607248e-01	   1.3619316560824113e-01	   2.0342611799428340e-01	   1.2790750875454035e-01	   1.8234035768470369e-01	   4.3620865685235666e-01	   5.3305379312457668e-01	   6.4132741498331869e-01	   5.3325977071667197e-01	   5.4556406066732377e-01	   4.3957669887665890e-01	   8.4429523506937165e-02	   2.1538349316915995e-01	   5.6266085463210203e-01	   5.6609313757184165e-01	   4.3794605936653386e-01	   2.6332375994269186e-01	   3.6547742006966449e-01	   4.3696881907153656e-01	   6.4528339897441345e-01	   4.5270315167129405e-01	   5.4375876484648977e-01	   3.8831213706761791e-01	   3.4892260447152945e-01	   3.3714820117412009e-01	   6.3616393104403379e-01	   5.5534109987518609e-01	   4.9652308427196823e-01	   4.2219071488142146e-01	   4.5223805411711382e-01	   4.1059966271876563e-01	   5.9913607563480609e-01	   5.7282752792560121e-01	   2.7577288761610996e-01	   4.3304485664010739e-01	   2.6687107833665696e-01	   4.2608211315546013e-01	   5.3700019462285253e-01	   1.4012423916666730e-01	   5.5227192521482604e-01	   6.3476315972248210e-01	   4.5777207377372181e-01	   2.5991574223248620e-01	   6.0180586045174334e-01	   5.6667729849230453e-01	   5.7333979595149054e-01	   6.9215192200874665e-01	   5.6184009129051260e-01	   6.4397465953683797e-01	  -1.8054456122832635e-01	  -3.0273744132286207e-01	   3.0270014707275633e-01	   2.6686172898144978e-01	   4.9795621649930522e-01	   5.2985633967545009e-01	   5.0958016607367729e-01	   6.7968410158784009e-01	   5.3686315365980242e-01	   6.3366768436566923e-01	   4.5493949771542869e-01	   5.1588834994821231e-01	   2.8408846436076196e-01	   3.6510429203661182e-01	  -2.7933877220655151e-01	   1.6505448411535573e-01	   4.5911330301786468e-01	   2.4464322085309442e-01	   3.1307668164676755e-01	   4.4529569761445564e-01	   6.6322839360094443e-01	   3.2443997837823407e-01	
   2.8959574825303541e-01	   2.8245395796072731e-01	   3.1376772832317790e-01	   7.0791859657711287e-01	   2.6503389664654042e-01	   7.8582432338360453e-01	   5.9761377690186102e-01	   0.0000000000000000e+00	   9.6713654383828673e-02	   5.2435061290020779e-01	   1.6916225984167615e-01	   3.1156541857095621e-01	   3.2988445714177458e-02	   5.2091429457083760e-01	   1.1348361042594723e-01	   4.3312119317774178e-01	   3.9361006584540736e-01	   3.0345532412721565e-01	   5.0612235544855155e-01	   5.5775082393903108e-01	   2.8686436347788508e-01	   4.0128756012026212e-01	   3.1945009791560786e-01	   4.9733509279481969e-01	   1.9658400922717656e-01	   4.1993017503290259e-01	   2.5458746819866790e-02	   2.5996639931112608e-01	   4.3768421430572618e-01	   4.9581177372420743e-01	   5.6132630988909027e-01	   6.5244059017843226e-01	   6.0765557404001469e-01	   6.4162637406727197e-01	   3.9903562946684318e-01	   4.7730859349611499e-01	   2.3581990129091240e-01	   4.8985652003080171e-01	   3.3427950144251389e-01	   5.2569738811125344e-01	   4.5538159132412187e-02	   2.5513401057591439e-01	   2.9135276743967242e-01	   2.7750471269863947e-01	   2.9852458185719899e-01	   3.0649568461742077e-01	   2.0456416217107937e-01	   2.7258282272817558e-01	   9.1414833097764728e-02	   1.7115872747584934e-01	   2.1531497880633901e-01	   3.2273866315940014e-01	   2.8943504395003905e-01	   3.7523350931273497e-01	   3.2880883010216422e-01	   3.8037240871234829e-01	   2.1168471054202498e-01	   2.4726649940769091e-01	   4.0768275269606957e-01	   5.2187739078187501e-01	   3.9465248669351960e-01	   7.7356378977384721e-01	   2.0778173052217697e-01	   4.4855434664046823e-01	   3.9910604228291902e-01	   6.9054388465633831e-01	   5.6196408186316904e-01	   6.1480480104414026e-01	   3.6689471343763946e-01	   3.6132449720655035e-01	   5.1142884101008790e-01	   5.2412167411148469e-01	   4.8235623844433057e-01	   6.5063716085450085e-01	   4.0978335066138627e-01	   4.7900957362069585e-01	   6.7600135384966076e-01	   7.7134695619865323e-01	   4.1570881297104578e-01	   4.0637727357494186e-01	   4.1925486954735425e-01	   3.2962765870899968e-01	   3.9104414481125671e-01	   1.9887504973879735e-01	   3.6454437734876199e-01	   5.7192176599692757e-01	   3.7808345538936305e-01	   3.0210396381167609e-01	   4.2622494691614660e-01	   5.6245933712165974e-01	   5.1114247618555653e-01	   2.9384581942825710e-01	   6.9540805992726551e-01	   1.1428047947367936e-01	  -1.1606342464426973e-01	   3.6504661406550148e-02	   2.7719109876889436e-01	   3.4335149328619635e-01	   3.1410395766746307e-01	   2.9337323938615534e-01	   6.1089905668180566e-01	   2.2818272757641120e-01	   4.9238719555524968e-01	   3.2544763283359190e-01	   3.1253503816318268e-01	   1.0249439202680613e-01	   1.9048924067759199e-01	   1.7636642641234956e-01	  -6.8892094156409497e-02	   1.6422078162446024e-01	   3.4268950019249389e-01	   1.0465064295927784e-01	   3.1029511025476259e-01	   3.2405276225899876e-01	   5.6115568966123319e-01	   2.0752606964430986e-01	
   3.7323565279250187e-01	   1.8660360658101222e-01	   5.1896673217302969e-01	  -1.2919519408873090e-01	   4.9931151287585240e-01	   1.6622057218744207e-01	   5.7209653988907494e-01	   9.6713654383828673e-02	   0.0000000000000000e+00	   4.0844993897776266e-01	   5.3685760304810914e-01	   3.6216405281245523e-01	   5.8614797205872438e-01	   2.1567779368034082e-01	   5.7753416979209238e-01	   4.6163286092044675e-02	   1.5044355219694622e-01	   2.1961024082420649e-01	   1.0429393444084280e-01	   1.4779973738998162e-01	  -2.4519142447225202e-02	  -1.5425836545735731e-02	   4.3710765191907419e-02	  -2.2678763020142945e-01	  -1.4360182093653898e-01	  -4.7616208676825017e-01	  -8.7295466592943516e-02	  -2.5313655528079139e-03	   2.3929948850798380e-01	   8.4363482142689822e-02	  -1.7270990225486027e-01	  -2.8490541277484854e-01	  -1.1481613251525281e-01	  -2.0561054036465612e-01	  -1.3500525754574175e-01	  -3.5680117246937526e-01	   8.9769352304330113e-02	   2.7074459241437678e-02	   1.3963276655595516e-01	  -1.3925190028262052e-01	  -4.6229712362368336e-02	   1.3575447624786893e-01	  -5.3196859201297353e-02	  -6.3947408253480581e-02	  -3.0879607853334967e-01	  -2.5296636234126729e-01	  -1.2915546330140054e-01	  -7.5472844248823057e-02	  -1.3853056576362413e-01	  -1.5049083066945452e-02	  -2.8843394772313504e-03	   4.5226772046236451e-02	   3.4139453713323098e-01	   1.2920296941581266e-01	   2.6994255349528928e-02	  -7.4561152704760533e-02	   1.6219843548384617e-02	   1.1842762763276615e-01	   3.1880016751030121e-01	   2.1141099301135863e-01	   3.7691965219053752e-01	   1.1785511893932644e-01	  -6.0716337620633339e-02	   7.1241033480344856e-02	   4.0721032847388550e-01	  -7.2246060088265313e-02	  -1.1281563193877717e-01	  -2.7996916423691970e-01	   6.9403673733926960e-02	   7.2984513044449528e-02	   2.7386089405189962e-01	   1.0664863085825457e-01	   1.6408530340550564e-02	  -5.2590952457100763e-02	   1.6285967184919370e-01	  -8.4865958483810594e-02	   1.3626689893084398e-01	   1.5873088900179116e-02	   7.0898386301734187e-02	   1.6076652671413991e-01	   9.2971936749910999e-03	   1.7086264821126185e-01	   1.1717341239165266e-01	  -6.0943344486109070e-03	   6.2696112549825614e-02	   1.1896614148499961e-01	   1.5703497849234854e-01	  -1.1151776639749103e-01	   2.7477218346171883e-01	   1.4591935593888855e-01	   2.6254247748573184e-01	   5.9270471483865128e-01	   1.2335702387178954e-01	   6.0128007459688937e-01	   1.7855961736533743e-01	  -3.2327212363142210e-01	   1.0644094589528358e-01	   1.9271446741060256e-02	   1.9076566013271473e-01	   3.0945119927494275e-01	   9.0061529065612295e-02	   4.7195602295793232e-01	   3.2596979018830935e-01	   3.8707262332665504e-01	   3.9888575396749962e-02	   2.5095313496291571e-01	   1.4794210923024481e-01	   3.5270632631152730e-02	  -9.9901934137242784e-02	   2.2710864701597801e-02	   1.2902980690388013e-01	   1.6765807931470550e-01	   1.8015280694511004e-01	   1.5759589528812570e-01	   2.2170343578295323e-01	   1.3116474637809444e-01	
   4.4916121327137437e-01	   3.6872305778643882e-01	   1.7023993448922720e-01	   3.7744562686374668e-02	   1.7920499096288847e-01	   6.6444567982772018e-01	   3.4826934934092157e-01	   5.2435061290020779e-01	   4.0844993897776266e-01	   0.0000000000000000e+00	   3.7736680373258713e-01	   4.9322001760738887e-01	   2.1583995233607836e-01	   3.3684409176522140e-01	   1.9740751401317225e-01	   3.0370609156692979e-01	   3.0930247193773197e-01	   2.7076012400915211e-01	   2.7716033765538128e-01	   2.8294100068452821e-01	  -4.5187893848281459e-02	   2.3682017659817858e-01	  -2.5088719640495121e-02	  -2.1463195862497828e-02	  -2.5489507047831272e-01	  -1.7391707005643353e-01	  -2.7143317682248019e-01	  -5.8800075926665252e-02	   2.8545410800417925e-01	   2.7313256849919770e-01	  -1.1948482214802891e-02	   3.9491347430218808e-02	   9.9786789291350181e-02	   1.1289240272997922e-01	  -8.4313946233574230e-02	  -1.2735639530031173e-01	   4.0856507946487208e-02	   2.3969334063611070e-01	   1.1554094141389752e-01	   8.2299444002666228e-02	  -1.8293051785861766e-01	   2.3452092367765187e-01	   2.7092041620250876e-03	   2.3971900660906794e-03	  -9.2559099219280613e-02	  -3.4537435662721536e-02	  -1.9226675355619227e-02	  -1.0520488278527288e-02	  -3.7013953289353592e-02	   1.3756829789358163e-01	   1.6266831851662121e-03	   1.3587205885546299e-02	   1.5771546683093618e-01	   3.1955546213990305e-01	  -4.3747107504733970e-02	  -2.4352487770701130e-02	   2.5510704626967923e-01	   2.7089731165713959e-01	   2.0644763488479007e-01	   2.7672441910882861e-01	   4.2346769907719517e-01	   6.3934831278847759e-01	  -1.0333405331797085e-01	   1.6872229430668240e-01	   2.9852189877195345e-01	   1.9539581743138557e-01	  -1.0349959300357600e-01	  -1.1541466536172718e-01	   1.8145293325272285e-01	   2.1188573410327807e-01	   2.0790864090072805e-01	   8.2127655433237967e-02	   1.5557917152335551e-01	   2.5274442714268724e-01	   1.8365764409529589e-01	   1.4724075011251594e-01	   2.6423846361009878e-01	   2.3608659275868016e-01	   1.6248951832059222e-01	   1.6427429489611062e-01	   1.7800545565676240e-01	   1.4629700178243948e-01	   1.0374815789771766e-01	   1.2603518670048355e-01	   6.1467002778822138e-02	   9.9841467188437255e-02	   6.3280076714053524e-03	   1.3931729259507031e-01	   3.3026540150983275e-01	   3.5145863261609350e-01	   2.4331976862481375e-01	   2.0683519847633969e-01	   3.2727997082633975e-01	   6.2650650374292769e-03	   2.9088183357022821e-02	  -2.8215683775638423e-01	   5.3042255661935128e-02	  -7.3517646536101116e-03	   1.2069117938363677e-01	   1.7960717113866559e-01	   3.2017551086153584e-01	   1.6665998807896626e-02	   2.5803218286269342e-01	   1.4145991412289788e-01	   4.0895145839461742e-03	  -3.5584787853770658e-02	   9.3991657297912770e-02	   6.8816565077061104e-02	  -1.2559333718584381e-01	  -5.6117026573686071e-02	  -9.6959573018670763e-03	   9.6270306764681873e-02	   2.8115032481539909e-01	   1.6240776782702043e-01	   1.0024128550369224e-01	  -4.8705105421749197e-02	
   6.0663217720329965e-01	   4.5667013145165247e-01	   4.8157074445833392e-01	  -3.8317994577357059e-02	   3.9400511074034084e-01	   3.0606024509539898e-01	   5.4075838422530320e-01	   1.6916225984167615e-01	   5.3685760304810914e-01	   3.7736680373258713e-01	   0.0000000000000000e+00	   6.9042605299202564e-01	   7.2160587880671123e-01	   5.1208637746655261e-01	   5.6856289100442692e-01	   2.7102900018534304e-01	   3.3928588772900087e-01	   3.4040771444149132e-01	   5.6760912291591181e-01	   4.6820045158380164e-01	   2.0930287504367470e-01	   2.8250297233212784e-01	   3.0634826727023468e-01	  -3.9623764386633689e-02	   4.9315172688908213e-02	  -3.3447577473189405e-01	   1.4621053466143383e-02	   2.5196790193556684e-01	   4.0054390194090006e-01	   2.2793814459243589e-01	   1.2753483018066558e-01	  -3.5481384233706670e-02	   9.5534181949633784e-02	  -8.0386184594911800e-02	  -1.6841497920836174e-01	  -2.8835322984474832e-01	   3.1215995786167428e-01	   3.8117543641074647e-01	   2.5128567651750522e-01	   1.2668138710673832e-01	   1.8171683803007407e-01	   3.6763432707247168e-01	   1.4703207567319154e-01	   1.9650956737659847e-01	  -1.2806147299723352e-02	   8.0155945608644863e-02	   1.8784812809319235e-01	   1.9143587822658145e-01	   9.0671730750510909e-02	   3.4392863589097145e-01	   1.8625209852130484e-01	   2.1775884057325096e-01	   3.8565528015996048e-01	   4.8257446365187173e-01	   2.3081615615957746e-01	   2.3700729460075723e-01	   2.9992988993086617e-01	   3.7155876709446367e-01	   3.2038356254918265e-01	   2.8997179062209882e-01	   4.2130378015133696e-01	   1.3540612138887598e-01	   1.0947652079564243e-01	   3.4982205687446893e-02	   2.2040399497836355e-01	  -9.1635383647280869e-02	  -6.6672838440927973e-02	  -1.4196272802107912e-01	   2.4744694587085508e-01	   2.1958521878275253e-01	   4.8158726961122034e-01	   3.6904737123987674e-01	   2.7866487080395630e-01	   1.9808108627915028e-01	   3.7344332566991451e-01	   3.2557785458342259e-01	   3.3659915154714559e-01	   1.9992158899071666e-01	   1.2431649452916405e-01	   2.8457835283766508e-01	   1.3510469111079254e-01	   3.6412557248431338e-01	   4.2062905448297994e-01	   3.4275353539997361e-01	   2.9909691869206523e-01	   2.1424355818677790e-01	   3.3828029681333921e-01	   2.4392699275262325e-01	   3.4657813720522029e-01	   3.3101263845119644e-01	   2.7472613897265169e-01	   5.5034079671362923e-01	   1.4249717110491550e-01	   4.3997363468074824e-01	   2.3642558928573393e-02	  -2.6988190596171968e-01	   2.2358178056791406e-01	   2.1873217794355232e-01	   3.2701222959420634e-01	   4.5312854971117772e-01	   1.0662897868854991e-01	   3.3646111156772951e-01	   1.8498853138347260e-01	   3.5354983225854214e-01	   2.8561778219748302e-01	   3.2892645746737792e-01	   2.6278913303843426e-01	   2.1945084006458299e-01	  -1.8320593399686297e-01	   1.5390926205091311e-02	   1.7941312571868126e-01	   2.4541958032769701e-01	   2.5522544643495026e-01	   1.6255492867087173e-01	   2.7871201248695820e-01	   1.7892568645277263e-01	
   7.5310345062808559e-01	   6.4014227524248546e-01	   9.3362140681743477e-02	  -1.5852811190681027e-01	   2.1684766045859302e-01	   3.2834288518618082e-01	   2.3585902863369707e-01	   3.1156541857095621e-01	   3.6216405281245523e-01	   4.9322001760738887e-01	   6.9042605299202564e-01	   0.0000000000000000e+00	   3.3954432001106588e-01	   4.6060748816433705e-01	   2.3086435831075924e-01	   3.5663099952171026e-02	   5.5148109684026114e-01	   4.8766601605002818e-01	   6.0948491457945730e-01	   5.9908220654079625e-01	   1.3886909222961830e-01	   2.3090996187591734e-01	  -7.0650470000986745e-02	  -2.6018212223877168e-01	  -2.6054890695245497e-01	  -3.1518908032386828e-01	  -2.7791516089743296e-01	   4.3755871272338778e-02	   5.5816328740932020e-01	   5.2716252805451191e-01	   1.5874967660952768e-02	  -2.0750151888215156e-02	   2.1504239948358342e-01	   1.7083516607423643e-01	  -3.6921028770350939e-01	  -3.4718969298335239e-01	   2.1661200916926057e-01	   3.9392222677535915e-01	   9.7402931653075300e-02	   1.6904787814156153e-01	   2.6091447937708928e-01	   5.1920693651752536e-01	   2.4162178554350039e-01	   2.6381664680610761e-01	   1.6044750508978697e-01	   2.1367256146841246e-01	   3.2092070615676965e-01	   3.2006151740649147e-01	   1.8345849002240866e-01	   4.6932924337280690e-01	   8.8216734109305972e-02	   1.2658518179013142e-01	   2.2708063761023545e-01	   3.9661116939210900e-01	   6.3818476085429121e-02	   1.8501156637971872e-01	   5.3665977966208600e-01	   5.5832137402864135e-01	   3.1842642463532150e-01	   3.1686109397761764e-01	   5.2914085541821099e-01	   4.5610252189188505e-01	   5.3884029101100864e-02	   1.7805172964802601e-01	  -1.4391096762863936e-01	  -2.0797396540217761e-01	  -2.1120830301489685e-01	  -1.6843879481552126e-01	   3.3517785246460041e-01	   3.2569161329746010e-01	   3.8575746690650259e-01	   3.0458048490371081e-01	   3.4549504565908284e-01	   4.3912958196528229e-01	   4.5550111152794032e-01	   3.5210094724281021e-01	   3.0286610319529472e-01	   2.3413545174503342e-01	   2.9482321000189132e-01	   3.3692745807427649e-01	   3.5007715472545708e-01	   4.2087850181831099e-01	   3.5014024381293296e-01	   5.1009133834159293e-01	   1.0579391597472305e-01	   8.0775776584726677e-02	   2.2358405507372678e-01	   2.8723750144095955e-01	   1.7207891415853821e-01	   2.4127210316465825e-01	   2.1282919598209524e-01	   2.9363624868256588e-01	   5.6970156038432029e-02	   1.0443260117758196e-01	   2.2380330228217932e-01	   7.5176123142694451e-02	   2.0003093105049347e-01	   2.9985896768803583e-01	   3.4618331418747195e-01	   3.8628259751884553e-01	   1.0446159829188485e-01	   8.9531565101624966e-02	   2.2668591759048162e-01	   2.8498732957180972e-01	   4.2383599416715864e-02	  -1.5232896056471160e-02	   1.1211892672674070e-01	   4.8413334016813490e-02	   6.3657975655026205e-02	   3.1189651982952614e-02	   5.0066581063062068e-02	   3.2971986563479022e-01	   3.2571059134332087e-01	   9.4008562836163961e-02	   1.0327365325207248e-01	   6.1187807906103328e-02	
   4.0038580482347708e-01	   3.6547533820300859e-01	   5.7249972590967690e-01	   7.3399811293814288e-02	   1.6574515306836934e-01	   1.1321042710406751e-01	   5.7333640327863633e-01	   3.2988445714177458e-02	   5.8614797205872438e-01	   2.1583995233607836e-01	   7.2160587880671123e-01	   3.3954432001106588e-01	   0.0000000000000000e+00	   5.5851596215609334e-01	   7.1758006945930841e-01	   4.6679935265975370e-01	   3.0973695688943625e-01	   4.0246447757752768e-01	   2.5079269383235969e-01	   2.9304920825107528e-01	   2.8067084764588363e-01	   2.4962924743253306e-01	   3.3301938607498227e-01	   1.1241364548296739e-01	   6.4616322825252315e-02	  -4.0185062146803158e-01	   2.4461689950387941e-01	   3.2746397430321328e-01	   3.6172276529237918e-01	   2.3184223130566162e-01	   1.1798907039493620e-01	  -3.2939283786171843e-02	   1.7597869932763358e-01	  -2.8933255791375765e-02	   1.1681428105581584e-01	  -1.0384645549192927e-01	   2.4688593623872657e-01	   2.6804103274810459e-01	   2.9678705202201994e-01	   3.7127476500473010e-02	   1.8826842292841722e-01	   2.0894519308878726e-01	   8.5974123091035914e-02	   1.4106384921568937e-01	  -4.0528405752555022e-02	   6.5913206320779655e-02	   1.0664784830612058e-01	   1.3048890408453970e-01	   8.2542451611199552e-02	   1.7568226036885515e-01	   3.0525773425320180e-01	   3.0478140114155866e-01	   5.5058576466817011e-01	   3.7677713926390843e-01	   3.2424065687887804e-01	   2.6026159095818335e-01	   1.8320780828906252e-01	   2.9722382323272523e-01	   4.8393067882057050e-01	   3.5160970333901737e-01	   5.3203932118997677e-01	  -3.6395660311423772e-02	   4.0030841029965747e-01	   2.4685833792747769e-01	   3.8491761470438079e-01	   1.4599470493495310e-03	   1.1709726436511797e-01	  -2.4678231057661780e-02	   2.3454413555803666e-01	   2.3044864246256666e-01	   3.8123800334240288e-01	   2.4921002957071703e-01	   4.1089322897217825e-02	  -7.1243946691594243e-02	   1.0037780960848784e-01	   9.1267338973246986e-02	   3.1030551840633086e-01	   1.8567689029537687e-01	   2.3819818000106957e-01	   3.5496047046733842e-01	   2.3118108903299459e-01	   3.6590431487922409e-01	   4.0828877332111829e-01	   2.8991565932162960e-01	   3.8140972168036680e-01	   3.2492457010984599e-01	   3.2080269538553935e-01	   2.0168877695040197e-01	   4.1529306788574838e-01	   2.9673513743080693e-01	   2.0147645432536304e-01	   4.0101980654904329e-01	   7.8283664874269798e-02	   4.4345981880933777e-01	  -1.5377702731143089e-01	  -2.7621793819749529e-01	   1.7529650940889940e-01	   2.1080797444562435e-01	   2.8621933916548337e-01	   3.3987762575260272e-01	   1.3837060260610887e-02	   3.7644562353989403e-01	   2.5423095753831310e-01	   4.1310958702344835e-01	   3.2039476645773207e-01	   3.4018178849918429e-01	   8.5814596895653461e-02	   2.4344082701768627e-01	  -2.1197265590315534e-01	   9.0310930804979553e-02	   3.3295599576064028e-01	   1.7025871848647034e-01	   1.3474518434384805e-01	   1.7095411944623470e-01	   2.8987122439216773e-01	   3.0616697886356153e-01	
