   0.0000000000000000e+00	   6.6850107909654022e-01	   3.4461633240443379e-01	   5.7937129137411092e-01	   3.2851916370497480e-01	   3.4385916798741067e-01	   2.3557098732967496e-01	   2.7439719369320353e-01	   1.0580246823396258e-01	   2.8828419827593926e-01	   6.0521211002289843e-01	   3.7298952846873601e-01	   3.9871786948617094e-01	   3.8043355570027987e-01	   1.4842474395158062e-01	   1.8316955791934392e-01	   8.0215084105968837e-02	  -7.5220523043619120e-02	   6.5020201100652686e-01	   6.1591895354469806e-01	   9.9022674679263040e-02	   5.3764484747547338e-02	   2.5483379285059671e-01	   2.1918535022909527e-01	   1.5443544050494884e-01	   1.2232334626430463e-01	   3.6146114290069298e-01	   3.7699117337052790e-01	   5.0366268185561384e-02	  -8.1749719033659268e-02	   1.9833287056207982e-01	   2.7313503934148431e-01	   1.2319499823716118e-01	   1.3787021956372991e-01	  -2.5409542152739006e-01	  -3.1187073568943330e-01	   1.3448913676615201e-01	   6.9994212416455648e-02	  -4.1272672703241635e-02	  -1.4592672540384630e-02	   3.4951734762178603e-02	  -6.0882520636374775e-02	   1.5847039912393790e-01	   2.1992490305080357e-02	  -8.7269893681948679e-02	   3.8106343904444819e-02	   2.4464219621428013e-01	   1.5145597508855052e-01	   3.8943643603290723e-01	   3.2958513027281561e-01	   3.4402450682988706e-01	   3.4448277647569714e-01	   4.1205079034563563e-01	   3.9205262787713163e-01	   3.6452327676789742e-01	   2.7625052572819386e-01	   5.6795312923907670e-01	   4.8933862414982982e-01	   5.9174929633762552e-01	   3.9966774011034689e-01	   4.0373029932627214e-01	   3.5799148418333737e-01	  -1.8315779151686931e-01	  -5.8162588206860120e-02	   4.3670985470258515e-03	   1.5489348849612855e-01	  -7.4859270794352332e-04	  -6.3225014728306786e-02	   4.8866612315710495e-01	   4.7136902922742696e-01	   3.4689819979969505e-01	   2.4249950842333098e-01	   2.1664518449664777e-01	   1.1569625106381588e-01	   1.5642536195781465e-01	   9.0503019790486944e-02	   3.9868198850180747e-01	   1.9932949675470746e-01	  -1.3263210656516539e-01	  -1.0266795465489177e-01	   8.8583257327760914e-02	  -3.3213406704778889e-02	   2.9778263466796484e-01	  -3.4343548383896583e-02	   2.1902137940058897e-01	   3.4532143074659172e-01	   3.9638782875911223e-02	   2.5421424764730238e-01	   3.8399525221721614e-01	   5.4629562451472435e-01	   5.8278267123114813e-01	   5.7404900037349038e-01	   4.8353137643833255e-01	   5.6161441411697244e-01	   1.0784743495179763e-01	   2.1379102845517368e-02	   3.2526117697465579e-01	  -4.3519018808095881e-02	   4.5954608017287096e-01	   4.2940286760028323e-01	   4.4233725589518891e-01	   5.7216389352099406e-01	   3.5660541986999111e-01	   4.9111461147147029e-01	   2.8966586219584645e-01	   3.4527623990180917e-01	   4.8740290437734046e-01	   1.4064601940326835e-01	   1.3755373869223780e-01	   1.4148094508551917e-01	   2.8365522314693786e-01	   4.3971034918583590e-01	   4.2000707279702643e-01	   3.3109817002125996e-01	   3.8043603610677679e-01	   2.0811645077141705e-01	
   6.6850107909654022e-01	   0.0000000000000000e+00	   1.8757003683671981e-02	   4.0814185083397525e-01	  -5.8598478955214764e-02	  -5.4664981976995804e-04	  -2.1816900651603038e-01	  -5.9848950329772305e-02	  -2.6985865444087209e-01	   1.6600611786060766e-02	   2.3706453933307450e-01	   6.6680514300119328e-02	  -6.3155672007465325e-03	   1.6204148509437269e-01	   1.9526760822145675e-02	   5.0424888637690499e-02	   9.8688993840230971e-02	  -1.4685408157229365e-01	   2.9237546617968391e-01	   4.6541264512414338e-01	   4.3863281682926400e-02	  -3.8349725280854327e-02	   2.0391143986223864e-01	   3.2541519529564783e-01	   3.4068863407575589e-01	   2.3088038676211603e-01	   3.8896893850013109e-01	   1.8264665152248041e-01	  -2.1003552165603398e-01	  -2.4353164116473203e-01	   5.4037132690103601e-02	   1.4998379841356851e-01	   6.1421910045808938e-03	   3.2587489012563364e-02	  -7.6214825613480947e-02	  -1.5363848346685482e-01	   1.4111703063449493e-01	   1.0823146901440564e-01	  -5.8667746404429573e-03	  -1.5481545506314278e-02	   7.0340763554236907e-03	  -4.8958988701260156e-03	   3.3256532520678161e-01	   2.6117135881649711e-01	   8.0203456263446327e-02	   1.7142276447577587e-01	   2.8229995059733037e-01	   3.2625049681201029e-01	   1.3586460954232010e-01	   4.7712272319217951e-02	   2.7300557217047300e-01	   3.6061840453456862e-01	   3.4286598625540904e-01	   3.0366553325898676e-01	   2.3235602377483369e-01	   8.3130402046177415e-02	   6.9942369557357487e-01	   5.9808716558800856e-01	   7.1999124890324492e-02	   6.7127753413045027e-03	  -1.0017076175916162e-01	  -5.0905351530900894e-02	  -3.7229390399865869e-01	  -2.9936997906016422e-01	  -4.5459716790593553e-02	   7.9528629134772183e-02	  -1.4944228557918471e-01	  -1.8010058522712610e-01	   5.0097430664570441e-01	   4.3129723601881609e-01	  -5.0243042418821895e-02	  -3.3426438485299838e-02	   1.0449531584500540e-01	  -1.4193186928756898e-02	  -3.9654885631581024e-02	   3.2322555190458652e-03	   2.5483104554377239e-01	   1.1173961078363362e-01	  -4.5879925431973140e-02	  -1.7152230009025068e-01	   1.4411485718351280e-01	  -9.9321501421155867e-02	  -4.4210648409857251e-02	  -1.8558192955629266e-01	   1.1911916704146286e-01	   1.2177086722860744e-01	   2.1052096068517193e-01	   2.2518703981134430e-01	   1.3897791225798314e-01	   2.9074644353315049e-01	   2.9564444159529968e-01	   1.2138788334101362e-01	   1.9663635741561736e-01	   2.1058513282413199e-01	   3.2704004719171710e-02	  -1.1796305003255710e-01	   2.3163647255026359e-01	  -1.1621248298821921e-01	   2.5415710726864288e-01	   2.0762694032130186e-01	   1.0194853759311165e-01	   1.9064088337072999e-01	   1.1277580318834599e-01	   2.1493949787363159e-01	   1.9245634061443151e-01	   2.3378548746021902e-01	   1.4130654937825921e-01	   3.7385586104714858e-03	   8.1484245973684977e-02	  -1.2009795189714609e-02	   1.6110958035772421e-01	   3.0918371681013412e-01	   2.3395996156291227e-01	   1.4323473686432292e-01	   1.2940235203003442e-01	   2.2905050292210216e-01	
   3.4461633240443379e-01	   1.8757003683671981e-02	   0.0000000000000000e+00	   4.9056387558264025e-01	   7.8022967759887074e-01	   3.3293075328036909e-01	   6.8864716624642264e-01	   3.2268150387156469e-01	   5.0148829335939604e-01	   2.6295810931695396e-01	   3.6299743612616547e-01	   9.1628789389844492e-02	   4.6851258844378285e-01	   2.6400205505687147e-01	   5.2063138532102071e-01	   3.5560158593101532e-01	  -2.4717008464658585e-01	  -1.8578192512360558e-01	   4.6209968062830103e-01	   3.3886412296081614e-01	  -3.6635738153092644e-02	   4.8313597548785753e-02	   7.1451089043498217e-01	   4.2461375374252641e-01	   4.8728366135480239e-01	   5.0903249186928456e-01	   6.3281680100136528e-01	   4.6795976814481627e-01	   1.2529135941162778e-01	   1.4875736281668279e-02	   6.8813372652413141e-01	   5.6196161815205703e-01	   4.0017479110908405e-01	   3.7734688552767243e-01	   3.6727335180307735e-01	   3.2021807518352707e-01	   2.4878330349560518e-01	   2.9832386399540994e-01	   3.5400641546275413e-01	   3.5777985123614531e-01	   2.1029510658882195e-01	   2.5443887223918576e-01	   7.1325660890341494e-02	   9.5975966517367600e-03	   5.4640634462512779e-02	   3.2703730304265433e-02	   1.5161835821644382e-01	   1.3884110116363527e-01	   3.3847373666542868e-01	   7.1395650496971261e-02	   3.4783719780754851e-01	   1.0032889266262653e-01	   2.4604481086537072e-01	   2.0994284676250788e-01	   4.9093547168915630e-01	   3.1520237343914181e-01	  -4.6439268330251027e-02	  -5.1723710066059893e-02	   3.7315884548913059e-01	   1.3817397369560325e-01	   4.4784993657969319e-01	   2.3343351879305052e-01	  -9.9875212212910229e-03	  -2.1904133902096237e-02	   6.8253867371663857e-01	   3.6294843410219502e-01	   5.1402643183361696e-01	   3.6958331589450855e-01	   3.1006645512932385e-01	   2.0780324165225364e-01	   2.9522520659882512e-01	   1.7563745089603311e-01	   5.1730265462585676e-02	   6.3911595320061652e-03	   2.1146033935942687e-01	   8.0190566802238530e-03	   3.8212391899223896e-01	   2.7638640334084541e-01	  -1.2615803318015206e-01	  -7.5313140072829826e-02	  -2.1741792220443998e-01	   5.1942805539658798e-02	   3.3354340319173981e-01	   6.0378445736492113e-02	   5.5266419640555120e-01	   5.1041664422411870e-01	   2.1258772966242101e-01	   2.7179959387403563e-01	   4.2544190167758345e-01	   5.9684405668945040e-01	   4.0910691643193492e-01	   6.5162394721540229e-01	   4.5667593453945110e-01	   6.9973350074187768e-01	   1.2731370353633997e-01	   9.6166499054636354e-02	   2.9779785754781196e-01	   1.5021748448495015e-01	   1.6819778792899065e-01	   2.7684529145843340e-01	   2.8453182082464706e-01	   4.3715472985064724e-01	   2.9216103303392943e-01	   3.4625535429953164e-01	   2.1074727697588919e-01	   5.0389097251461690e-01	   3.4042449141708320e-01	   8.0462094943993034e-02	   1.4379650076768252e-01	   2.9787755067458110e-01	   4.4860379904480152e-01	   3.6065384708364312e-01	   1.7689609096296000e-01	   7.3667179425630017e-02	   2.2305841819075506e-01	  -5.7273381638615686e-02	
   5.7937129137411092e-01	   4.0814185083397525e-01	   4.9056387558264025e-01	   0.0000000000000000e+00	   5.4415570990873474e-01	   6.1420808369693636e-01	   2.8444407766393770e-01	   5.9244016899441176e-01	   3.0761820779006210e-01	   6.2800888456873982e-01	   2.3323249114413522e-01	   3.2352925124180543e-01	   2.2985747849354743e-01	   5.6245513632472410e-01	   1.4570265138372201e-01	   2.6755722237563467e-01	  -3.2207281224867856e-01	  -3.9528719764069165e-01	   4.1441554523206714e-01	   5.1740814160579740e-01	  -7.2588543581634329e-02	   1.5563872494022654e-01	   3.5945889951269439e-01	   4.6096142498086867e-01	   2.6275009613605788e-01	   4.4752506901347078e-01	   4.7189249759775037e-01	   5.7757183736369733e-01	  -4.3154096700924981e-02	  -1.3337998349887564e-01	   2.5908838879953061e-01	   4.9378419327670842e-01	   2.5182605608610248e-01	   4.2001705301452591e-01	   1.4850805151625188e-01	   1.1949488959797953e-01	   2.6166927337741364e-01	   2.3999913221777325e-01	   2.7130282071472955e-01	   3.1872934057166213e-01	   1.8588159603916754e-01	   1.5176076366525332e-01	   2.7316003549791951e-01	   1.5510187923171842e-01	   1.8367479917646323e-01	   3.2898020698611419e-01	   3.2016754860860386e-01	   2.7666430551061949e-01	   6.0895765522576362e-01	   3.7930863207121313e-01	   5.0766250979738359e-01	   4.4688792857842891e-01	   3.0760815826503674e-01	   3.4042518511449960e-01	   5.4131050113913093e-01	   4.4481241774690849e-01	   2.2623116717772768e-01	   3.1163003009358842e-02	   4.1447666106368208e-01	   3.7886161933633095e-01	   3.1242730634510707e-01	   4.4443240489582037e-01	  -2.4907870659857931e-01	  -1.2486468280113841e-01	   3.7336516370470979e-01	   6.9596315680283327e-01	   4.1883158434500839e-01	   4.6355870845102409e-01	   4.6901023793977437e-01	   4.5058519597891467e-01	   6.5496889065580793e-02	   1.5664071369615123e-01	  -1.3620944341262396e-02	  -6.7663000497043990e-02	   1.4174231621171374e-02	  -1.6265952427187997e-02	   3.4878305504021956e-01	   3.6700432650698278e-01	  -2.6755726747043873e-01	  -2.1198891406996972e-01	  -6.2510341463818259e-02	  -5.5178027376647475e-02	   2.3827009035217941e-01	   4.2881762854348249e-02	   4.5674066639186262e-01	   5.3414819985679629e-01	   1.3263449353383755e-01	   2.9944034669442693e-01	   5.6463351970394804e-01	   5.7723957029850603e-01	   6.0600589705568186e-01	   5.6341536769864331e-01	   6.8021390256087666e-01	   5.2925863985564747e-01	   2.6499192058602905e-02	   1.0983055238682835e-01	   4.3064798307920249e-01	   1.5851089124875017e-01	   4.1648795337673999e-01	   4.5553200881163464e-01	   5.0132940372615409e-01	   5.0783063015081842e-01	   3.6734995479022858e-01	   4.0528354479855000e-01	   3.1809728930303616e-01	   4.7033606787288795e-01	   3.5491207428836419e-01	   2.3531408515681562e-01	  -1.1827418366096402e-03	   9.8871651616996153e-02	   5.0889824607095058e-01	   4.9766766829797826e-01	   3.0548217183424420e-01	   2.1330864549267931e-01	   3.2117483841537553e-01	   1.1039892365336992e-01	
   3.2851916370497480e-01	  -5.8598478955214764e-02	   7.8022967759887074e-01	   5.4415570990873474e-01	   0.0000000000000000e+00	   5.4589091754483543e-01	   7.2402870490266658e-01	   5.9521004395016508e-01	   5.8309121377275930e-01	   4.4858355149485596e-01	   2.1554517367997655e-01	   1.8212569229905767e-01	   3.8876247158225274e-01	   2.9029154877800500e-01	   3.5295670142663249e-01	   3.0986040987236951e-01	  -2.0840863342148469e-01	  -1.3871643238319933e-01	   3.5298211235862387e-01	   2.9620483098941580e-01	   2.5997389842442133e-02	   3.2256148402796780e-01	   4.1277122786279041e-01	   2.7610665097325376e-01	   2.3304418901903945e-01	   4.2862571209922129e-01	   5.6481709667085189e-01	   5.3787496005578839e-01	   1.6165955848437183e-01	   4.4571942719680006e-02	   5.5013189749739699e-01	   5.2766103149708921e-01	   4.2566188528754467e-01	   4.9028121052153451e-01	   3.6337857322927503e-01	   3.1491733392770482e-01	   8.8837347113415177e-02	   1.0829011676842268e-01	   2.0145439110232966e-01	   1.7780161096775965e-01	   1.9925700699224898e-02	   7.4029089179710156e-02	   6.5007934057389498e-03	  -1.1712991188422925e-01	   1.1770594880468729e-01	   7.6912015893715435e-02	   8.8415799638674242e-02	   5.3633742956401283e-02	   4.4480518775016420e-01	   2.3677260078257412e-01	   4.2437468378320448e-01	   1.2072651197237855e-01	   2.2979537474389300e-01	   1.5389121405362899e-01	   4.5221038903201716e-01	   3.0741969934837704e-01	  -5.8582887476744373e-02	  -8.4307634864968520e-02	   4.6013201733678588e-01	   3.1957902944909333e-01	   5.9045786852679238e-01	   5.0599444220329193e-01	   1.0535989314682362e-01	   2.1453310255610569e-01	   6.0447290795824526e-01	   4.8562593444937829e-01	   5.2480552005978742e-01	   4.6227456228331248e-01	   2.3446953857767577e-01	   1.7191441101643590e-01	   4.0902415023282490e-01	   3.4924020291028784e-01	   2.9830100305235620e-02	   1.3483708726169892e-02	   2.0342202818887112e-01	  -3.9520934384832826e-02	   4.5369662961283214e-01	   4.2546748181385036e-01	  -7.3747771793859995e-02	  -5.0918280336929342e-02	  -1.4152196097900785e-01	   5.1374958387048475e-02	   3.4579503610739970e-01	   1.4129072953936422e-01	   5.3361116914414197e-01	   5.7041567773419277e-01	   3.4881173463341700e-02	   2.4450098634336503e-01	   5.2595692031858965e-01	   6.4860387575112943e-01	   3.9154004085103766e-01	   6.3640698193643064e-01	   5.6270008934570137e-01	   5.9677019294078137e-01	  -1.0970848640361307e-02	   6.9524362000793122e-02	   3.2015370869922266e-01	   2.7999407050272901e-02	   2.0313617370353190e-01	   2.6838963941014338e-01	   4.7258182944838145e-01	   4.0362631552736344e-01	   3.9299036059706438e-01	   4.0502579180240794e-01	   2.3767204953214238e-01	   5.0164227730537958e-01	   4.2080204538242955e-01	   4.1012125882996235e-02	   1.8057568913654490e-01	   2.7428276465736823e-01	   4.4247062551550914e-01	   4.0618808119376049e-01	   3.3594882028040646e-01	   2.5355467665845544e-01	   3.1314231536525677e-01	   9.6993079928820836e-02	
   3.4385916798741067e-01	  -5.4664981976995804e-04	   3.3293075328036909e-01	   6.1420808369693636e-01	   5.4589091754483543e-01	   0.0000000000000000e+00	   5.2423722201094070e-01	   8.3095037858919196e-01	   5.0548369271938820e-01	   8.1663048167832430e-01	   2.3225543860417810e-01	   5.1165232534173821e-01	   3.6814332653646153e-01	   5.3626404339894007e-01	  -1.7834305395727119e-02	   1.4699793353485849e-01	  -2.8328144293761119e-02	  -3.1525389307863270e-02	   2.5992697703790435e-01	   2.4464044416979311e-01	   1.9687717556759646e-01	   3.4091658324969409e-01	  -3.6689894612626631e-02	  -4.5126170649970224e-02	  -2.0520694306389933e-01	   1.1400419819815188e-01	   1.0470110655409035e-01	   6.0732154742841482e-01	   3.0279585277571308e-01	   1.7031462729861535e-01	   1.8729039523114990e-01	   3.7015660287413477e-01	   3.5428499874918451e-01	   4.8623148037084640e-01	  -7.2856691544802579e-02	  -3.5403376278935847e-02	   1.3324500487632135e-01	   9.7975190903950404e-02	   1.4952568277299833e-01	   1.0548669822610117e-01	   8.2949825770796057e-02	   1.7913774254494527e-02	   2.9831912760503048e-02	  -9.4123594704640046e-02	  -1.3210683373849851e-02	   1.2115465789858018e-01	   1.8952398309487598e-01	   4.9683732679073375e-02	   5.3774231459679123e-01	   5.1784041860207752e-01	   4.3440993384942228e-01	   1.6929367721871286e-01	   1.6574440715100769e-01	   1.1535123311318163e-01	   5.3762682253556415e-01	   3.4960843437298589e-01	   1.7064662049404034e-01	   5.3011489853160461e-03	   6.2473931437912722e-01	   6.5235408361138014e-01	   6.6088563612262852e-01	   7.6373893747424737e-01	   2.4593772852231557e-01	   3.1865204104448724e-01	   1.6769457565571083e-01	   5.1249198478105396e-01	   3.9821696299240222e-01	   4.9065877339841951e-01	   2.4895025603678839e-01	   2.4934246126007523e-01	   2.9371045010904551e-01	   3.9215241947579205e-01	   1.7096243773045228e-01	   7.4803206139474152e-02	   1.9907895480636834e-01	   1.8793572384147639e-01	   4.1788398405102389e-01	   4.1121862762250516e-01	  -6.1927243875324375e-02	  -1.6049585330867287e-02	   1.3732113768801585e-01	   3.9384324325577313e-02	   2.5730219478669664e-01	   6.4754251655541425e-02	   2.3736290337037608e-01	   3.3227799254638429e-01	  -1.1367594648659501e-01	   1.0554497683181163e-01	   6.3573435299561287e-01	   4.5398724373640476e-01	   4.1585377421663827e-01	   3.9986933356383902e-01	   4.9485442657729450e-01	   3.3460184776884572e-01	   1.4899883274052039e-01	   1.0860955906453551e-01	   3.0826217824415841e-01	   1.7425126511685790e-01	   2.8165125718317924e-01	   2.9864955921864078e-01	   5.6521564791509460e-01	   4.5071869981299978e-01	   3.7962096642301013e-01	   4.3437594268328850e-01	   1.5590746941332248e-01	   2.4073995106038565e-01	   2.6980145591703619e-01	   3.4912010240492175e-01	   1.3944439383229928e-01	   1.2714459675192824e-01	   2.1837718154211491e-01	   3.0043740563407051e-01	   2.4112218334295807e-01	   2.0818901991306840e-01	   3.0754657190161061e-01	   2.2245024729167762e-01	
   2.3557098732967496e-01	  -2.1816900651603038e-01	   6.8864716624642264e-01	   2.8444407766393770e-01	   7.2402870490266658e-01	   5.2423722201094070e-01	   0.0000000000000000e+00	   6.6331630300001976e-01	   5.8809960729381716e-01	   3.9523291643820013e-01	   3.2628438144348348e-01	   4.2669074840549148e-01	   6.0340651714323557e-01	   3.5218274166116093e-01	   4.7485531342634812e-01	   4.4544257321127545e-01	   5.0199333427658248e-02	   1.0842973198571357e-01	   5.0995446569331615e-01	   4.0451237219618047e-01	   2.0926612066329156e-01	   1.6907299330879272e-01	   2.5594061989795375e-01	   6.2615008021886270e-02	  -1.4987259454995550e-01	   9.1210588984346232e-03	   1.7681441436770501e-01	   4.6622817429553698e-01	   5.0815456515053936e-01	   3.7732943532044844e-01	   5.7953970397511245e-01	   5.3119269187239360e-01	   5.6370430163743535e-01	   5.1986206980619587e-01	   2.5743509247909312e-02	   8.1582682757487344e-03	  -1.1404835608646091e-01	  -4.9562723847137460e-02	   4.3436810650016193e-02	   1.1946481846062458e-02	  -6.5061388336678221e-03	   4.4884979049714280e-02	  -1.8178797696178170e-01	  -2.8863361438017443e-01	  -1.3342215328624563e-01	  -7.2573951814918741e-02	   1.2128678647205385e-01	  -7.2023282047416148e-02	   4.2432957551219841e-01	   3.5078999450930781e-01	   2.4749471704769860e-01	  -1.7744418394078025e-02	   5.3055684205737683e-02	  -2.6861623663928792e-02	   3.2501299636696579e-01	   2.9657333129418972e-01	  -2.4092105543536790e-01	  -2.8168594521941481e-01	   4.7118372817623583e-01	   3.7355662542517254e-01	   6.2664519292648824e-01	   5.7413448610264561e-01	   4.4931541145730691e-01	   4.7680303686369535e-01	   2.8385731033950840e-01	   1.6099998584008390e-01	   4.1235384527980418e-01	   3.6570795659998945e-01	   3.6049859124636999e-02	   6.5491365903358370e-02	   5.4536632563493459e-01	   4.9500148233097852e-01	   3.6889329357419148e-01	   3.0674070677393384e-01	   4.9631717705527312e-01	   3.5563663133771367e-01	   4.6733952276838375e-01	   4.0642742444299101e-01	   1.2430818384605691e-02	   6.5875688779250430e-02	  -5.8296460702395921e-02	   8.3124267551924536e-02	   4.8956047986082152e-01	   2.4868497145163365e-01	   2.4539127774224095e-01	   3.2179794055407207e-01	  -1.5007104471359373e-01	  -5.0020892773508401e-02	   3.5118124021413777e-01	   4.4612178812608072e-01	   4.0847220811636886e-01	   6.6637569145428588e-01	   5.2061858716683773e-01	   5.4274058916639489e-01	   2.0332005661267855e-01	   1.4266236098748297e-01	   2.3276980792534677e-01	   1.1685520101035587e-01	   3.0069944920329694e-01	   3.3929228612065832e-01	   4.8368191219648460e-01	   4.0143028556102334e-01	   4.2621569086329625e-01	   5.6382345874533935e-01	   8.8988182604513216e-02	   3.2119128689519344e-01	   3.0323035086278377e-01	   3.3290459001805578e-01	   9.4408666885959364e-02	   2.3968201237013215e-01	   2.2056538534357512e-01	   3.4430361401417559e-01	   3.1248215987955930e-01	   2.4911342802245046e-01	   3.5740985399663133e-01	   1.5555031592587226e-01	
   2.7439719369320353e-01	  -5.9848950329772305e-02	   3.2268150387156469e-01	   5.9244016899441176e-01	   5.9521004395016508e-01	   8.3095037858919196e-01	   6.6331630300001976e-01	   0.0000000000000000e+00	   5.4831441990822816e-01	   7.7781725331968232e-01	   1.8739215842919502e-01	   6.3971027659718716e-01	   3.9779423331029773e-01	   5.6992506466186554e-01	   1.2007714101042083e-01	   3.5750568788098364e-01	   5.1013901183489654e-02	   7.8230391374753530e-02	   3.5482738163661154e-01	   3.9280074315233510e-01	   2.2848630871585079e-01	   3.5251898394047543e-01	  -6.4186664197944721e-02	   2.2449931107694526e-02	  -3.5873442281992035e-01	  -4.5011885536110796e-02	  -8.0129042553709340e-03	   5.0994568797127948e-01	   4.7288911226510905e-01	   3.6259360355337839e-01	   2.9806989213159374e-01	   5.0299006683083836e-01	   4.7665888682387170e-01	   6.2086472282160865e-01	  -1.0975400867294516e-01	  -1.2666409754985133e-01	  -3.9050764402369459e-02	   3.9818548464847281e-02	   4.9677953943149042e-02	   1.0868756393221297e-01	  -1.5364495145340277e-02	   5.0903758942199881e-02	   2.2168253099448827e-02	  -1.4788600115055017e-01	  -1.9963855262375860e-02	   1.5450355108595043e-01	   2.6861558870470331e-01	   5.4142997105286216e-02	   5.9722840805493571e-01	   6.0420192514250393e-01	   4.1367212225980332e-01	   1.4349442197430606e-01	   3.9446683328062095e-02	  -4.0023366234190123e-02	   4.3122018861864542e-01	   3.8689017441220375e-01	  -4.2754383050062857e-02	  -1.8313760928117340e-01	   5.4947315525568907e-01	   6.4125455480372051e-01	   5.8015584676733456e-01	   8.3595251487558042e-01	   3.7290066957259083e-01	   5.4626721138275958e-01	   7.4020117862520163e-02	   4.1479944691863530e-01	   3.5319586967527161e-01	   4.8609877223125963e-01	   7.3263920369087646e-02	   2.0873925446594194e-01	   2.9809289958614449e-01	   4.7115539178538968e-01	   3.2394492444735007e-01	   2.4508057698093730e-01	   4.0229358078505140e-01	   4.1458912743505749e-01	   4.5361861616264465e-01	   4.8299721715166644e-01	   1.6158538510004311e-03	   1.2103392780808356e-02	   7.4208995223866328e-02	   2.2245990025012045e-02	   4.2886500684240397e-01	   2.1241465238322338e-01	   1.2028555982398434e-01	   2.4664644370412692e-01	  -2.3524712329433548e-01	  -3.8677512330368730e-02	   5.6707099330688870e-01	   4.1755654572146733e-01	   4.8228691172494953e-01	   5.0087296605053055e-01	   5.6764188703061347e-01	   3.4089619090949308e-01	   1.1125888939923352e-01	   1.0236149570858233e-01	   2.8821746910890372e-01	   1.2462855971221713e-01	   4.6812819948154272e-01	   4.3176070275242606e-01	   6.2693965827705844e-01	   3.9467305256219154e-01	   4.8951631015206465e-01	   5.3670546211140857e-01	   7.8947443662892414e-02	   1.7678807532178353e-01	   2.2028531712522420e-01	   4.8253857107445364e-01	  -2.6780203700307557e-03	   5.7295313675265400e-02	   1.7991393495201230e-01	   3.9891337683139261e-01	   3.9065362914628154e-01	   3.0991213054367561e-01	   3.3906742909557863e-01	   2.3731405126505500e-01	
   1.0580246823396258e-01	  -2.6985865444087209e-01	   5.0148829335939604e-01	   3.0761820779006210e-01	   5.8309121377275930e-01	   5.0548369271938820e-01	   5.8809960729381716e-01	   5.4831441990822816e-01	   0.0000000000000000e+00	   5.2217048362878637e-01	   2.8943944792859150e-01	   3.3793060573574041e-01	   5.0191902459038984e-01	   3.8778679889424650e-01	   4.3864663211076504e-01	   3.4686149390919407e-01	  -3.1809111778930095e-02	   7.4602506998663970e-02	   3.2349204311594271e-01	   1.8529993490225796e-01	  -3.4740818179339196e-02	   2.2723355495592312e-01	   3.2503970039540386e-01	   2.8097034622125161e-01	  -8.8867429053642200e-02	   1.3202014467965653e-01	   1.1099481427532495e-01	   2.3456514406892257e-01	   3.6031929261729112e-01	   2.7394028045588531e-01	   4.5296120591603195e-01	   4.4824722390189126e-01	   3.5207506990055837e-01	   4.8615989882754584e-01	   4.6248725300963550e-02	   7.5099616941553898e-02	   3.1311710452584157e-02	   1.2271789483642198e-01	  -5.5715510311299926e-02	  -8.2516835955827733e-03	   3.0308165303548876e-03	   2.5979985522372392e-02	   2.8991506769276580e-02	   4.7565694790677786e-02	  -6.3414544247991020e-02	  -3.8619819966955585e-02	   2.0069699506777047e-01	  -1.6119282849722701e-02	   2.3097891735284432e-01	   4.5709482141278103e-02	   2.6357287367726001e-01	   5.0601675641689742e-02	   1.1617147299397679e-01	   1.2531486960197757e-01	   3.2446094712891793e-01	   1.8395350982709865e-01	  -2.4707832826585319e-01	  -3.2651997552375506e-01	   2.5681741225035110e-01	   1.2788505218677299e-01	   4.6914500225561651e-01	   3.7488875156597340e-01	   2.2091672355045539e-01	   3.2276554302215976e-01	   3.2637996847282269e-01	   2.3892751073439400e-01	   1.8359170831450516e-01	   1.9948731667778097e-01	  -1.4214916880401657e-01	  -1.7053454113443742e-01	   3.5206895397705146e-01	   5.1905599420465587e-01	   1.7866687868225872e-01	   3.3939530333233858e-01	   3.5805330156901849e-01	   2.8999126779989642e-01	   3.1840350981961446e-01	   2.9967824966043366e-01	  -5.9401614900806116e-02	   3.0277274576346266e-02	  -2.3262354397176029e-03	   1.7541173357297862e-01	   2.3374667435953184e-01	   9.4473733333205662e-02	   1.8853943327066866e-01	   2.2472509897325732e-01	  -2.6893958741912471e-01	  -1.1205413026485693e-02	   2.0992778482807098e-01	   2.0442739465048146e-01	   3.1761926234712445e-01	   4.8982383144325431e-01	   3.6992363913583010e-01	   5.2571403193769450e-01	   1.3676642378173112e-01	   3.8306738175915393e-02	   1.1376930485812112e-01	   2.2659306602001122e-01	   2.8872876158756727e-01	   3.0052006040324380e-01	   2.3265768418332206e-01	   3.2006209320440521e-01	   2.7625068031938171e-01	   2.5519448653747406e-01	   3.8100680963136298e-02	   2.7201385772678122e-01	   1.0364204646143930e-01	   1.3202847459964970e-01	   2.2212293164809097e-01	   2.4253704371900203e-01	   3.1381487333787933e-01	   2.8045770640992596e-01	   3.1632769620770940e-01	   3.1036175817350775e-01	   3.0336604072581852e-01	   1.8254799581709077e-01	
   2.8828419827593926e-01	   1.6600611786060766e-02	   2.6295810931695396e-01	   6.2800888456873982e-01	   4.4858355149485596e-01	   8.1663048167832430e-01	   3.9523291643820013e-01	   7.7781725331968232e-01	   5.2217048362878637e-01	   0.0000000000000000e+00	   3.1242570926577057e-01	   5.8878119867431788e-01	   4.6200598348301086e-01	   6.5472832272215409e-01	   1.1288377116973018e-01	   3.3703021645245240e-01	  -7.1357188963566756e-02	  -1.2160870819083172e-01	   2.0205568824905445e-01	   2.0868254270372988e-01	   4.4194602493184014e-02	   2.3922561918881391e-01	   9.9528762675107851e-02	   1.4036335471469225e-01	  -1.0559108979572474e-01	   1.6843663085863492e-01	   1.7451697355338269e-01	   4.3422893682007546e-01	   2.4819104384340612e-01	   1.4135878755725018e-01	   1.7802113882923365e-01	   3.9135255675003267e-01	   2.1312496776869735e-01	   4.4626184640368743e-01	  -1.0771556030985903e-01	  -1.2625457428356607e-01	   1.9027224505168572e-01	   1.4500262693239582e-01	   1.8177588141793943e-01	   1.4166826423929429e-01	   8.0684317057015398e-02	   1.1309013119988458e-02	  -9.6448432186584943e-03	  -3.3698808015743584e-02	  -1.5336331884240312e-01	  -1.7431792655768715e-02	   1.5651459296575176e-01	   2.8206643204948229e-02	   3.9690989246925396e-01	   4.3727076202473336e-01	   3.6494981372125124e-01	   3.0170600746692589e-01	   1.9229852805456854e-01	   2.1655451098387118e-01	   4.3316813032869528e-01	   3.4068990605234878e-01	   4.5436968039702791e-02	   8.2153360250235459e-03	   5.5336000443886579e-01	   5.3478965453068972e-01	   5.8238223696577640e-01	   7.0185207580094899e-01	   8.8112529037557008e-02	   3.1702337081099913e-01	   1.0791240390839246e-01	   4.6657628235549031e-01	   2.2682297434788617e-01	   3.3351394466778578e-01	   7.6927890380751429e-02	   1.5536481540140445e-01	   2.1366525429387337e-01	   3.8632618193811419e-01	   9.4349692531388557e-02	   1.0434658506113033e-01	   2.2405692886172549e-01	   1.9807610326643349e-01	   3.6656335199623558e-01	   3.9417457172915571e-01	  -4.7269881333151895e-02	  -1.1784621026071090e-01	   6.5966587495424802e-03	  -4.9795598071802200e-02	   2.4705468964877014e-01	   8.5233350964162204e-03	   1.8249089948985142e-01	   1.9721345078520575e-01	  -4.1918612653355086e-02	   1.8385480111750813e-01	   6.0681983781941795e-01	   4.1917047041422617e-01	   4.0128778993344016e-01	   3.7053872285852985e-01	   4.6509325620762837e-01	   3.0281472501988310e-01	   4.6623746863589166e-02	   1.1268724124874252e-01	   1.8436126843044226e-01	   1.5203161678140442e-01	   3.1684368329709467e-01	   2.6403112493655706e-01	   4.3565655039650097e-01	   3.1024293169084577e-01	   2.4008581779571755e-01	   2.6828189142712439e-01	   7.2566612214099782e-02	   2.4412121100260353e-01	   1.6755397130046451e-01	   3.1100114523759698e-01	   6.0496275229091068e-02	   5.3731470175477435e-02	   2.1232799399630792e-01	   2.9623039592709066e-01	   2.9708761448015714e-01	   1.6431391385325228e-01	   2.3098955004349137e-01	   1.9524273853909513e-01	
   6.0521211002289843e-01	   2.3706453933307450e-01	   3.6299743612616547e-01	   2.3323249114413522e-01	   2.1554517367997655e-01	   2.3225543860417810e-01	   3.2628438144348348e-01	   1.8739215842919502e-01	   2.8943944792859150e-01	   3.1242570926577057e-01	   0.0000000000000000e+00	   6.5168940935873287e-01	   8.4677601787735890e-01	   5.8358850410042329e-01	   5.4014454378794541e-01	   4.3274004492815871e-01	   1.8798944245519139e-01	   1.3983322120568667e-01	   6.3700011435646908e-01	   3.6646119526834120e-01	   2.1663635859019936e-01	   1.6668007675139734e-01	   4.8936796087234180e-01	   3.1556143461404224e-01	   1.2996568302130668e-01	   7.5727702345935760e-02	   1.4746249523793634e-01	   8.2011871448968682e-02	   3.0425576283898248e-01	   1.7754745324591215e-01	   3.8670300985421380e-01	   3.7242023684155762e-01	   6.8340374490128253e-02	   5.5920601854089050e-02	  -3.1474495489176524e-01	  -3.7843650348064084e-01	   3.4354195143149907e-01	   2.5168417035775065e-01	   1.9768078453805166e-01	   1.1167334946615526e-01	   3.2554469677856046e-01	   1.8755868608643828e-01	  -1.9124081124977624e-01	  -1.2546861153597275e-01	  -5.2675653127158240e-01	  -3.4566296359786836e-01	   3.4717770147722218e-02	  -1.5585603336492099e-01	  -1.3259130284062729e-02	   1.0731612981666384e-01	  -2.6303071965623648e-02	   1.8483321021287863e-01	   3.2616221118825539e-01	   3.7292183043430105e-01	   1.9721667193171366e-01	   1.0788448790924632e-01	   5.6415324921272936e-02	   1.4009781644722091e-01	   5.3265484915636974e-01	   2.9622001328830821e-01	   5.3103283532820567e-01	   2.7912829665678174e-01	   5.0038869410696837e-02	   1.1811296310385369e-01	   3.9614890805563997e-02	  -6.7708653462391077e-03	  -2.0697306586918923e-01	  -2.6122377700614630e-01	   1.2588081961138298e-01	  -5.4006331533013853e-02	   5.5345635195947329e-01	   4.1103323557707905e-01	   3.1936389797336551e-01	   3.1039120805759612e-01	   3.9135996523852679e-01	   2.6953140322184266e-01	   3.5698448550863021e-01	   2.3461077135413966e-01	   3.3162051391017147e-02	  -1.7328585791088130e-02	  -1.3968068388172682e-02	   7.3931102093680701e-02	   4.8748972667793788e-01	   1.9287141736561089e-01	   3.2960206103586703e-01	   3.2754925386378547e-01	   2.4944986257012852e-01	   2.9586384998085391e-01	   2.9382929702023791e-01	   4.2695270832169269e-01	   3.4274658827590737e-01	   5.0255971200411398e-01	   3.8871540756205014e-01	   5.3643275260845202e-01	   2.3419031650602790e-01	   1.4449312698953545e-01	   1.9584911890170148e-01	  -1.3117021311090125e-02	   2.2500567352851830e-01	   2.1162056371130472e-01	   3.4786127011989265e-01	   4.1776843998106056e-01	   1.5420676456896207e-01	   3.3588323666531733e-01	   1.0693962957792980e-02	   2.1306355570271812e-01	   2.7780850281091618e-01	   6.4772931102918929e-02	   1.4832835513205054e-02	   2.5831829794950123e-01	   1.6551768052514826e-01	   2.5782855088619666e-01	   3.5164343731259340e-01	   2.0756701436640621e-01	   3.2112049079355520e-01	   6.3409017300689624e-02	
   3.7298952846873601e-01	   6.6680514300119328e-02	   9.1628789389844492e-02	   3.2352925124180543e-01	   1.8212569229905767e-01	   5.1165232534173821e-01	   4.2669074840549148e-01	   6.3971027659718716e-01	   3.3793060573574041e-01	   5.8878119867431788e-01	   6.5168940935873287e-01	   0.0000000000000000e+00	   7.2894169175069390e-01	   7.6198032851726571e-01	   3.3132661653311768e-01	   5.3861131891598291e-01	   2.0860784967324472e-01	   2.2793017260322437e-01	   5.1514146863316557e-01	   4.4658488394645379e-01	   2.9001740664921127e-01	   3.0585094309736149e-01	   7.2835968180610125e-02	   1.4343360496984803e-01	  -3.2826503956409708e-01	  -1.6508293016233536e-01	  -2.1514188032714540e-01	   1.3176970731316467e-01	   5.5932871058362033e-01	   4.4443115513722631e-01	   2.6008489958320374e-01	   4.3519434726340767e-01	   1.9226760771850288e-01	   2.8481439918708296e-01	  -4.8225029282578091e-01	  -5.2242683644955235e-01	   6.6898474595549665e-02	   8.3278345483290370e-02	   4.6635825106976808e-02	   1.0476974693856897e-01	   2.3540530184057123e-01	   1.9258809009636424e-01	  -2.4715459280973279e-01	  -2.4214561621384628e-01	  -4.5103777366139525e-01	  -1.9376433222156278e-01	   1.2814835471921729e-01	  -1.6498820872240336e-01	   1.7695329891223827e-01	   4.0519933558607635e-01	   9.8961394697480123e-02	   2.3833865477711766e-01	   2.2884510974535135e-01	   1.8992170387079141e-01	   2.5165296258453629e-01	   2.4741246244264400e-01	  -8.4449893273636278e-02	  -1.5769538660229812e-01	   4.7669114908977178e-01	   5.2763503310734883e-01	   5.4792135467834169e-01	   6.4866227775701712e-01	   2.5848430081829354e-01	   4.4407996054801591e-01	  -2.1017997119809279e-01	   8.2506459215487632e-02	  -1.9684279558558868e-01	  -5.7624730467324276e-02	  -1.1196738325535499e-02	   2.5304301111888382e-02	   4.0145236465146705e-01	   5.1118654692128618e-01	   4.9910814358636169e-01	   4.8000599769927355e-01	   5.0075912973282821e-01	   5.4668545168097138e-01	   3.5139359387382685e-01	   3.2414536259048354e-01	  -1.4173702803977797e-02	   1.0830706745181901e-02	   7.4831601778409862e-02	   6.6909499168180328e-02	   5.3115694591639007e-01	   3.6502775514493735e-01	   5.2735255179073848e-02	   2.4433127396809015e-01	  -1.0049028958972202e-01	   2.5329789274963703e-02	   4.0058355372278942e-01	   3.3472809765589445e-01	   4.4396336206156295e-01	   4.8737252046326612e-01	   5.4053358170753296e-01	   3.5124974840317036e-01	   3.5564837548480877e-01	   2.6937317480793005e-01	   2.7327080857511293e-01	   1.1240696926653329e-01	   4.4859802647797747e-01	   3.6495738513961734e-01	   6.3404466355921540e-01	   3.4706332491338632e-01	   3.8522438187544494e-01	   4.7988714484667078e-01	  -4.3077732469597986e-02	   9.1306642984030822e-02	   1.9470930812471005e-01	   4.5231244884959654e-01	  -1.5940391811899707e-01	   1.5910097181031119e-01	   1.2143886202238617e-01	   3.5945677971158668e-01	   5.1889344212284128e-01	   3.5815201717316442e-01	   4.2231107556528430e-01	   2.1650257423733907e-01	
   3.9871786948617094e-01	  -6.3155672007465325e-03	   4.6851258844378285e-01	   2.2985747849354743e-01	   3.8876247158225274e-01	   3.6814332653646153e-01	   6.0340651714323557e-01	   3.9779423331029773e-01	   5.0191902459038984e-01	   4.6200598348301086e-01	   8.4677601787735890e-01	   7.2894169175069390e-01	   0.0000000000000000e+00	   6.7907151457688153e-01	   7.0855803732116585e-01	   5.5837864763408740e-01	   1.4780351685762216e-01	   1.6453416181646491e-01	   6.3200147588094757e-01	   4.0129791181038299e-01	   1.8437445621762602e-01	   1.6207906808216205e-01	   5.2604192381468973e-01	   3.2549909464374244e-01	   4.0187487543237546e-02	   1.0085971450798070e-01	   1.3550023261495647e-01	   1.1143663441052448e-01	   4.8285520509382340e-01	   3.5994222664902914e-01	   5.3931166795505570e-01	   5.3729615423901267e-01	   2.9652990325687556e-01	   3.2865288100726636e-01	  -2.1887070685269772e-01	  -2.8351785044375111e-01	   2.1228287621089414e-01	   1.9122282219115960e-01	   1.3972966741906195e-01	   8.9780263102517938e-02	   2.5804255593276004e-01	   1.7183276564512073e-01	  -2.8750633228716360e-01	  -2.5974560729871327e-01	  -5.2693560859471722e-01	  -3.3984865468216763e-01	   5.1476375926815636e-02	  -1.8483347479985474e-01	   6.3884345536270135e-02	   1.1340475615497095e-01	   2.0556448358756092e-02	   1.0804393280815104e-01	   2.1668618266924969e-01	   2.3668323279073483e-01	   2.8692985768505685e-01	   2.2951190039179611e-01	  -1.9291576621244205e-01	  -1.2871825223933503e-01	   4.5273669873156858e-01	   2.5419665495312777e-01	   6.0926918824473919e-01	   3.7382634362989819e-01	   2.3706944323940726e-01	   2.7731153383037749e-01	   1.4383112620011079e-01	   2.7655924581118773e-02	  -5.7667030265374800e-02	  -8.5992345258284031e-02	   1.8848089105868625e-02	  -9.0265245937095395e-02	   5.7406167786526618e-01	   5.4246326728313587e-01	   3.6410394586174077e-01	   4.4155535688162101e-01	   5.1140691846345920e-01	   4.1086883938491064e-01	   4.6960897863124423e-01	   3.2527292878433645e-01	   1.1944518546442625e-03	   6.1412782602665819e-02	  -1.8973327030803452e-02	   1.7861187358604330e-01	   5.3124294698038899e-01	   2.6699647955432809e-01	   3.2822698587640126e-01	   3.5347636105359692e-01	   5.9680468724240168e-02	   2.1829471250501753e-01	   3.0336955059316484e-01	   4.2172958075417571e-01	   4.1621029905691220e-01	   6.2943742298241201e-01	   5.0910468707239942e-01	   6.1561056039781714e-01	   3.3562846835250376e-01	   2.4111830215085198e-01	   1.9211671336352421e-01	   1.2551497126887445e-01	   2.9914679465624161e-01	   3.0650466382932273e-01	   4.2056559732627802e-01	   3.9933899001792339e-01	   2.1285619420678473e-01	   3.9432942452314707e-01	  -2.4323554608218122e-02	   2.6191364272551726e-01	   2.3234658276368575e-01	   1.8196918494240771e-01	   1.5723228402832454e-02	   2.7603970185219656e-01	   2.4082414338954483e-01	   3.2055023016650858e-01	   4.3004296612743875e-01	   2.5657953761985153e-01	   3.7895534427195043e-01	   1.0659377486866610e-01	
