   0.0000000000000000e+00	   7.8966601666880976e-01	   5.4667527581140618e-01	   6.5694560704967553e-01	   5.1361736797990720e-01	   6.0398025113901543e-01	   5.7459471180099575e-01	   6.2271654816026067e-01	   5.3533756375198172e-01	   5.3443969199615560e-01	   7.0171328368228858e-01	   7.2866618334458788e-01	   7.9178747648178127e-01	   7.4259267171066812e-01	   6.5197996659986968e-01	   7.3394794691422294e-01	   1.7446542767410600e-01	   1.2304286439489470e-01	   6.7156503996021610e-01	   5.3659261395054436e-01	   2.9663050068177088e-01	   4.6265884819041925e-01	   6.0251875937596555e-01	   6.4160420050305456e-01	   3.7764948678764187e-01	   4.8422212525659031e-01	   5.4813812163706233e-01	   6.0613839404051495e-01	   2.0355610955441797e-01	   1.5369796036252825e-01	   5.2601865984183394e-01	   5.0125857858670775e-01	   4.2610533837455228e-01	   4.6143519183900039e-01	   3.4786469803968423e-01	   4.2905963180245055e-01	   2.6841821244409841e-01	   4.4239195997102410e-01	   2.3948504031218595e-01	   3.4212966407305528e-01	   2.5677134444710992e-01	   3.9951243796133634e-01	   4.4569828314306581e-01	   4.5719803064628434e-01	   4.2497729502701387e-01	   5.0850496511325938e-01	   5.3920826579266445e-01	   4.5914894894986225e-01	   6.3297994844377414e-01	   5.2829745179411780e-01	   7.2583683874301863e-01	   6.3299385053795665e-01	   7.7312698664794033e-01	   5.3754752015795615e-01	   7.4344181738669246e-01	   6.3916714334857205e-01	   6.2427952160579048e-01	   2.3170718477633712e-01	   5.5404561685565767e-01	   3.8644600233872417e-01	   7.1699083501137595e-01	   6.9878279646926966e-01	   1.3725873370921340e-01	   1.6123172952990220e-01	   4.0460932678717765e-01	   6.1774257469773686e-01	   4.2691113146164700e-01	   4.3245973988488506e-01	   3.4577572327231565e-01	   1.4633213163987863e-01	   5.4660056726813644e-01	   4.7945321276129665e-01	   7.1268530319179924e-01	   7.7019579446167141e-01	   5.8975547529534067e-01	   6.9434707204290114e-01	   7.1569086274547178e-01	   6.7482893519312837e-01	   2.3519901210589483e-01	   1.3072095004347312e-01	   3.9473361472138369e-01	   5.9906916185342496e-01	   4.9769564441463976e-01	   3.9345858171231646e-01	   4.6013250879301326e-01	   6.2202854448720379e-01	   4.4093203169559581e-01	   5.5060960814307625e-01	   6.8367421550915886e-01	   7.5020281651431731e-01	   5.4027470290388580e-01	   4.2513266202931588e-01	   5.2929450363255981e-01	   4.5332655999742266e-01	   8.6658036412439826e-02	   5.6589865739654840e-02	   3.1400103193751144e-01	   4.1945787463855994e-01	   5.5677114120755355e-01	   5.5923730716405695e-01	   6.4585630273258920e-01	   5.5200643392790993e-01	   5.2984204248908717e-01	   2.8485057954223075e-01	  -1.9071354490616996e-01	  -2.2634233908367640e-01	   2.5064505664772158e-01	   1.3631700221780163e-01	  -1.8417945585492604e-01	   1.5815195281681965e-01	   2.0090301011367367e-01	   2.9033123348258516e-01	   4.7146475029276302e-01	   3.0259082953384997e-01	   2.8608515235787929e-01	  -2.7865355741114539e-01	
   7.8966601666880976e-01	   0.0000000000000000e+00	   3.2963959379739077e-01	   5.0813317670332747e-01	   2.4805908571878538e-01	   2.7921061954135062e-01	   3.1479683366392841e-01	   4.3451855592178990e-01	   1.3476217515076361e-01	   1.8568247469246713e-01	   4.2415738587527796e-01	   6.1939615029928630e-01	   4.5147371434497685e-01	   4.9683224393920578e-01	   2.9826098935185241e-01	   5.2250346081721866e-01	   3.4385657248273988e-01	   4.1350859588983724e-01	   7.9985840987395940e-01	   7.6637741727586861e-01	   4.2712841707467662e-02	   1.5694034427921738e-01	   2.9744769131273147e-01	   4.1490177804971828e-01	   2.5775191583990331e-01	   2.3569016058253447e-01	   3.4255955646005753e-01	   3.8694486266770795e-01	   2.9620049047978070e-01	   3.7329975940721360e-01	   3.7256273781048121e-01	   3.4913100943433195e-01	   5.3679544113968336e-01	   5.7942912326913021e-01	   1.7071405260529535e-01	   1.8355880522312773e-01	   1.5226320642632754e-01	   4.0266313857092517e-01	   1.5061727100738709e-01	   3.1933901791350888e-01	   3.0616015404661667e-01	   5.4599411921494334e-01	   3.2855981654148525e-01	   3.2350314851323758e-01	   1.5750418074895906e-01	   2.6885175233614972e-01	   3.3975149076019628e-01	   3.0721832944297911e-01	   4.5655852435755573e-01	   4.4145164942840537e-01	   5.1139905316933432e-01	   5.0174088097860225e-01	   6.4803321450401374e-01	   5.0104962471417624e-01	   5.2087669142020998e-01	   5.3316372898615594e-01	   7.8016093738381942e-01	   5.8607741273520375e-01	   3.6925477218104108e-01	   2.7207673566799295e-01	   3.9099665840279718e-01	   4.3840947254431151e-01	   2.6584211388155859e-01	   3.8367716944633223e-01	   3.7500238351408491e-02	   2.7084394617757895e-01	   1.2091146348509225e-01	   1.2588629248780980e-01	   5.8514081242821980e-01	   5.1051094942404018e-01	   2.9941925594956481e-01	   3.4209675600018313e-01	   5.7311156667663832e-01	   7.3284522122349938e-01	   4.8851091364389809e-01	   6.8486730567774234e-01	   6.0012102800877765e-01	   6.1834646271889337e-01	   1.7417770888634479e-01	   3.3995546391928078e-01	   4.9913022795537704e-01	   5.7974345848885078e-01	   3.6437812852749873e-01	   5.1996432968486150e-01	   1.2267752575973957e-01	   3.9834349095704358e-01	   2.1269165502678350e-01	   3.7678745764163696e-01	   3.9304576296752525e-01	   5.9673116385884895e-01	   4.3302713227328765e-01	   3.4433405864919364e-01	   2.7639625450467009e-01	   1.0536989510988512e-01	   5.6000983448768721e-02	   1.7284352870781339e-02	   2.9277202819553039e-01	   2.4750837010080670e-01	   5.1924283729898413e-01	   4.2551614032417484e-01	   4.2811495522085374e-01	   2.8707144698420506e-01	   5.9467193866856394e-01	   2.4465112557443891e-01	  -1.8146978119807522e-01	  -3.1359196986038074e-01	   1.6034157472618049e-01	   8.8367908894543837e-02	  -1.6877121400587938e-01	  -5.5046756021173870e-02	   2.2273164288460722e-02	   2.9867405184144669e-01	   3.4152420954452850e-01	   3.5751573417644311e-01	   8.0016764053631798e-02	  -2.1767616974820414e-01	
   5.4667527581140618e-01	   3.2963959379739077e-01	   0.0000000000000000e+00	   6.4743218597108332e-01	   7.9051835585123853e-01	   4.2484232184106085e-01	   7.9640899159462197e-01	   4.6088507305334891e-01	   7.2852341332504211e-01	   4.0170949620824403e-01	   4.1246128087998324e-01	   2.1912410885288908e-01	   4.9446059429484596e-01	   3.7077558531450339e-01	   6.7223462072152784e-01	   4.8679114238491472e-01	  -3.8408955765151365e-01	  -3.5341068739247938e-01	   3.2125715604905658e-01	   2.2072785438798398e-01	   5.7182197341449770e-01	   4.5880907967157197e-01	   8.7988121722441059e-01	   7.8320083582707301e-01	   8.1072283684776325e-01	   7.5713185476939127e-01	   5.9333016393104321e-01	   3.6920358736905673e-01	  -2.3366504462991147e-01	  -3.6056290045730044e-01	   6.4624059791631605e-01	   6.0468421488895374e-01	   3.5718552121373986e-01	   3.4102677978230816e-01	   7.6340243338267078e-01	   7.1654442874580160e-01	   2.8635050063640438e-01	   4.1732293561219963e-01	   1.5471109317688178e-01	   1.9651995281237927e-01	   1.2075180200744398e-01	   5.8083163513855528e-02	   5.7318205836301328e-01	   5.7759681784102135e-01	   7.4569931545757595e-01	   6.3153957406896333e-01	   6.2549630050436955e-01	   6.2296364180231323e-01	   6.6067812725999353e-01	   6.2078287122939790e-01	   8.4805561759586379e-01	   6.6721673709390572e-01	   6.1456247238158102e-01	   6.9053906746758398e-01	   6.1489017190641215e-01	   6.6927885513564922e-01	   7.4198419660682802e-02	  -1.7446184102613746e-01	   1.4795827293010572e-01	  -1.0980477021956016e-02	   3.8280415434686976e-01	   3.0590426222069772e-01	  -3.7035342045155767e-01	  -3.3367274104816347e-01	   7.3734412913434633e-01	   5.8440119629579312e-01	   7.6286084882780514e-01	   6.7736212058095768e-01	   1.9461279024817843e-01	   1.6012931283534837e-01	   4.2712408464983009e-01	   2.7075544288486025e-01	   3.6452776479080590e-01	   2.7568329401810482e-01	   3.0017271707768056e-01	   2.5456694467302554e-01	   4.5777225465293681e-01	   3.8251107565761461e-01	  -8.1262782281449231e-02	  -7.8871938964329188e-02	  -1.1072084782173186e-01	   2.6511382526663174e-01	   5.0695529145674345e-01	   1.8899177208171003e-01	   7.8495540153877230e-01	   7.4024529619217661e-01	   7.3483692234414622e-01	   6.6941498344942119e-01	   7.4676271904032099e-01	   6.2200411568488312e-01	   3.7416000670061228e-01	   6.5114422255499926e-01	   5.4409354528999510e-01	   7.3718746400422164e-01	   5.0003192364985649e-01	  -5.1171623751084062e-02	   5.8765310980375141e-01	   5.6018006335577231e-01	   2.6434965650180037e-01	   5.7624933092231168e-01	   3.0236102438256957e-01	   6.2125074246857215e-01	   3.0739150028815093e-01	   2.6554274064870603e-01	   1.9812613268602025e-01	   1.6225145607962171e-01	   3.0873974539986238e-01	   3.9480793643366313e-01	  -1.4276850255976611e-01	   1.9237160087906263e-01	   3.6607382198966987e-01	   1.9189021359278863e-01	   2.5058828122028531e-01	   3.7191510348036882e-01	   5.4783557711924369e-01	  -2.1671150455919994e-01	
   6.5694560704967553e-01	   5.0813317670332747e-01	   6.4743218597108332e-01	   0.0000000000000000e+00	   6.1400342350763248e-01	   7.8593408228323480e-01	   6.4726323621284176e-01	   8.9868074422161870e-01	   6.0504462167302697e-01	   7.4368910416216316e-01	   6.1838225174206796e-01	   7.5602634371152821e-01	   7.3119633042325405e-01	   8.0277054409718318e-01	   7.7706337204687637e-01	   8.6018680564420702e-01	  -6.3542207214375007e-02	  -1.3698051939909411e-01	   6.4738786516810620e-01	   5.6488061362282616e-01	   5.2947978872831336e-01	   6.6041572453258035e-01	   7.3269066013384476e-01	   9.0084870276420570e-01	   5.6492562993760820e-01	   7.8725615019678075e-01	   6.6962598501795867e-01	   7.3945586255615936e-01	   1.1757545515062814e-01	   6.8110997498785242e-02	   6.2074686179094207e-01	   7.1754414653850596e-01	   5.7435196503494224e-01	   6.2727763714884832e-01	   4.4660419262128104e-01	   5.4563881390937130e-01	   3.8069658547339408e-01	   5.6464527779415752e-01	   3.0949554984194017e-01	   4.6480020798770150e-01	   3.7716323738950480e-01	   4.1103758976675320e-01	   5.9474912984284778e-01	   6.0404574836223290e-01	   5.1783101890996708e-01	   7.3450836527842234e-01	   7.5962315045864193e-01	   7.2631212825101599e-01	   6.5959220832919341e-01	   6.8666271295787329e-01	   7.6509518054598558e-01	   6.7561133689850905e-01	   6.6638287304646815e-01	   5.4558775963185369e-01	   7.9436275206281326e-01	   7.5305812684726947e-01	   1.6195805855097103e-01	  -1.0650850955723490e-01	   2.7233886680475977e-01	   3.1432983759515454e-01	   5.6105841827156733e-01	   7.0738074925548933e-01	  -9.4984718261321953e-03	   2.2386144538740955e-02	   5.3762080960885439e-01	   7.9929096344186501e-01	   5.1405189802443196e-01	   6.6447658517170782e-01	   2.5295922733547727e-01	   2.9856123553956526e-01	   3.5469472995417101e-01	   4.5251400489625704e-01	   4.8756634929454878e-01	   4.8158883579451284e-01	   4.0527500142170431e-01	   4.6593915511423406e-01	   4.5633978812162845e-01	   5.8774040393143534e-01	   9.7063381329536819e-02	   1.2492773742928252e-01	   2.6501138724191553e-01	   5.4102860375040318e-01	   6.9959176277327983e-01	   4.7809966077309107e-01	   5.3733441738858401e-01	   8.8400365908948653e-01	   6.6343028656792091e-01	   7.3945941091319412e-01	   7.7663026799622248e-01	   8.1202630439432633e-01	   8.2188981840018016e-01	   7.4637960678511828e-01	   8.2660092693944087e-01	   5.5594249977498222e-01	   4.3888019904375553e-01	   3.5577005578122622e-01	   6.8330925798648745e-01	   6.3671423684690631e-01	   6.7745440703996596e-01	   6.6870892081721034e-01	   7.6001155912462937e-01	   5.6426661858078397e-01	   5.6065412145326687e-01	   3.9798462438789467e-01	   1.9615110980753062e-01	   3.1832525389276778e-02	   4.6040404596093465e-01	   1.9434305533112106e-01	  -9.0014351319677194e-02	   2.2716037248110302e-01	   4.1986555228377720e-01	   4.9699490021979503e-01	   5.0357534319507646e-01	   4.1492134948061105e-01	   4.5769156095773927e-01	  -1.6424839465761748e-01	
   5.1361736797990720e-01	   2.4805908571878538e-01	   7.9051835585123853e-01	   6.1400342350763248e-01	   0.0000000000000000e+00	   5.8218860354154667e-01	   6.6613870923905394e-01	   4.7793595793892030e-01	   8.1376239744278900e-01	   5.2475970366448332e-01	   4.5944556521791202e-01	   2.7701258878481533e-01	   5.9111083146381205e-01	   4.7015106557993103e-01	   7.4205274603917859e-01	   5.4395554943681845e-01	  -3.8501250736794479e-01	  -3.2072297292127117e-01	   2.0763439213764504e-01	   1.1217169284109631e-01	   7.4350426213568799e-01	   6.3663440626512036e-01	   8.4801541849819995e-01	   7.7046524922769810e-01	   7.7097126472633926e-01	   7.4920894310872466e-01	   7.2775036244809266e-01	   5.3900195313168497e-01	  -2.2702355360715226e-01	  -2.9530227584552227e-01	   6.1458761120363647e-01	   6.5411348769119826e-01	   1.8943669818736661e-01	   2.3371896280672447e-01	   7.0637644361018248e-01	   6.3744192531095012e-01	   2.9200033908785200e-01	   3.9790308251736839e-01	   1.7918226672584703e-01	   1.4083547392392196e-01	   1.0522344897575636e-01	   3.9294210102588300e-03	   5.4297042614873436e-01	   5.2288192724885740e-01	   7.1042660897130050e-01	   5.7183688517583486e-01	   6.5852473643297071e-01	   5.9462673252648823e-01	   5.9201423838852807e-01	   5.1554578699045983e-01	   7.8110719140268703e-01	   5.8323964469621226e-01	   5.4728865994418952e-01	   5.8980075247641872e-01	   5.6798534242975984e-01	   5.2236872846138349e-01	   2.2101219586307386e-02	  -1.3811591272769319e-01	   2.0763705288027096e-01	   3.2362320022278547e-02	   4.9480424913461318e-01	   4.6849582015634916e-01	  -3.4062881964965025e-01	  -3.2807318211133663e-01	   8.0564465912202055e-01	   6.6828622394986270e-01	   7.3263666536407812e-01	   6.7167817037272193e-01	   1.6380849253023622e-01	   9.0223441872438304e-02	   5.7223765823531458e-01	   3.8372400070742751e-01	   3.3006254360684628e-01	   3.3308433549165983e-01	   2.7265576612297088e-01	   2.5382356028810377e-01	   4.6182994187093607e-01	   4.7082324053103319e-01	   1.4226402294202967e-02	  -8.1089255720164455e-02	  -1.5668935501268616e-01	   1.8011626890712004e-01	   3.9698122362981891e-01	   1.1121822969511111e-01	   7.7683610694748306e-01	   6.8894878363796619e-01	   5.9455716914918622e-01	   5.7511878484905499e-01	   7.6872269785625691e-01	   5.9602391431358370e-01	   3.7246859377540231e-01	   5.9591181218544564e-01	   5.7720701844341127e-01	   8.0742694454747410e-01	   3.4988089953308243e-01	   1.6459544690306506e-02	   5.8323930983184269e-01	   5.4635328612472056e-01	   3.3624136713514863e-01	   5.5023861714197353e-01	   3.7188276577682861e-01	   6.9837617987201417e-01	   2.5305940725760956e-01	   2.7580569979203545e-01	   2.9660351173028787e-01	   3.4977370631000754e-01	   3.0165473981806940e-01	   3.8098187229058900e-01	  -1.7854802372998496e-01	   3.7264201950948883e-01	   5.9668729585274127e-01	   4.0381744151231219e-01	   4.6148967729004897e-01	   4.6101931869550983e-01	   6.6013665342025085e-01	  -7.4518674853230688e-02	
   6.0398025113901543e-01	   2.7921061954135062e-01	   4.2484232184106085e-01	   7.8593408228323480e-01	   5.8218860354154667e-01	   0.0000000000000000e+00	   5.4023117610790439e-01	   7.8457309945760123e-01	   6.8342629227123397e-01	   9.1258747381574956e-01	   6.4008881872788237e-01	   7.4843840436263287e-01	   8.2554778830931297e-01	   8.8649742751871385e-01	   7.9910497841849049e-01	   8.5316565622544593e-01	  -6.4147707852660579e-02	  -2.5087021573150370e-01	   3.8494642888365455e-01	   2.3000314000597402e-01	   4.6210835402676748e-01	   7.2536717315779375e-01	   6.5130256850577772e-01	   7.5306887444549342e-01	   3.9349064355761537e-01	   7.1011444453610395e-01	   6.2876457445294387e-01	   8.8778926505328637e-01	   7.3548198522615627e-02	  -8.3995918469855213e-03	   4.4946663827398436e-01	   6.0134401118292446e-01	   2.3391796294438380e-01	   2.9228347833178159e-01	   2.9758001981337479e-01	   4.6296632669451365e-01	   3.7393123694950886e-01	   4.3710099764659660e-01	   3.9120078326954472e-01	   4.6549099186660203e-01	   3.4531854806340845e-01	   2.8881494709896116e-01	   3.5467799633018726e-01	   3.4280625096280415e-01	   3.8705463753770891e-01	   5.7936483626763113e-01	   5.6398238143268187e-01	   4.7989847008238279e-01	   4.8350423221573136e-01	   4.5933562879205303e-01	   6.0410602012900161e-01	   5.2578739295724808e-01	   5.5229935372949213e-01	   3.1933104990175587e-01	   7.2269645000141491e-01	   5.3934269359747233e-01	   3.9384166248261840e-02	  -2.2312666920019936e-01	   4.0545327974092865e-01	   4.8133451527197024e-01	   6.8664934098586938e-01	   8.3927581738733203e-01	  -2.3651544723686458e-02	  -6.3438929417448123e-02	   5.5535831419247073e-01	   8.5074565770890787e-01	   4.9591303924926106e-01	   6.3319501407516310e-01	  -7.2674464284213213e-03	   2.3713224431460202e-03	   4.0002797788471917e-01	   5.1252398531299748e-01	   4.0001890727211875e-01	   3.7590868405439704e-01	   3.1947296145155563e-01	   3.4249411851828698e-01	   3.9256178099390887e-01	   4.5583110707824392e-01	   1.9353946039830366e-01	  -2.0957467360838960e-03	   2.1069827673891747e-01	   3.5353775881635563e-01	   5.2944267059827288e-01	   2.6201592336061769e-01	   5.0465210053434240e-01	   6.9153522909783849e-01	   5.1421330579077007e-01	   4.9138030593322946e-01	   7.5398093989205850e-01	   7.2478917469464654e-01	   7.4645458890130656e-01	   5.6325224564994580e-01	   8.3695765190601357e-01	   6.2903114403136318e-01	   2.4176546979824542e-01	   3.8655198886041320e-01	   4.1508880666156400e-01	   5.1792740194536946e-01	   5.3725173595063569e-01	   5.0802105586689117e-01	   7.8721397683710359e-01	   5.8146826410011743e-01	   3.4145275749945364e-01	   2.4111280633172072e-01	   1.4273914552234634e-01	   8.7144219500918246e-02	   3.1529810379986856e-01	   1.7016445735105364e-02	  -1.6751264841871905e-01	   2.4979089964635828e-01	   3.9480726317490417e-01	   3.7205038993457806e-01	   5.3189516795116210e-01	   2.1752651746297508e-01	   3.4069704343507140e-01	  -1.1336498068761361e-01	
   5.7459471180099575e-01	   3.1479683366392841e-01	   7.9640899159462197e-01	   6.4726323621284176e-01	   6.6613870923905394e-01	   5.4023117610790439e-01	   0.0000000000000000e+00	   6.3951448549572643e-01	   7.5349558106573000e-01	   5.7360615130382775e-01	   6.3616560873585082e-01	   4.3663479010842304e-01	   6.1541957904876277e-01	   4.3336212476947811e-01	   7.4325186430997958e-01	   5.4846316199694412e-01	  -1.8059744411321244e-01	  -1.8673137849944127e-01	   3.0470925755217837e-01	   2.5677049784552608e-01	   4.2674140890240231e-01	   4.9654044086240401e-01	   6.6693109172021992e-01	   6.3993011415032863e-01	   5.0342871047535109e-01	   6.3395657269330785e-01	   5.1648188177007281e-01	   4.8286268591676862e-01	   6.3546460786235576e-02	  -7.0004667848834093e-02	   5.6124450800055758e-01	   5.7418275826243392e-01	   4.0061279521198068e-01	   4.5239660717063174e-01	   4.9245427201514591e-01	   5.5944868860549102e-01	   9.9864114822380709e-02	   2.4051749758781574e-01	   7.8276660593100456e-02	   1.1423256454304348e-01	   6.4328480720953984e-02	   5.8883190050206445e-02	   5.2681282982618249e-01	   4.8242400278901409e-01	   7.0478170959213271e-01	   6.5693390737815005e-01	   6.2410432480160605e-01	   5.6832724765524167e-01	   7.1554921786977255e-01	   6.1780738653061396e-01	   7.4468162661970028e-01	   6.1919642977292277e-01	   5.0097919335004781e-01	   5.6582276120162811e-01	   5.5758135466335057e-01	   6.0375101766241279e-01	   4.4221911465666140e-02	  -1.6534890497477858e-01	   3.9247420381487802e-01	   1.6983059424362232e-01	   5.7278232606336132e-01	   4.9402983792612243e-01	  -1.7075455373897103e-01	  -8.0771440908964390e-02	   7.5353381911634054e-01	   6.6718231507045811e-01	   6.8727341249345419e-01	   6.4496138434032990e-01	   1.4102303777671776e-01	   1.0639022563216277e-01	   3.5445797460322803e-01	   2.4287228405603234e-01	   3.7046986243370650e-01	   3.1521114164175090e-01	   2.9200793485429355e-01	   3.0675467612394558e-01	   4.8224563923001995e-01	   4.0388837014161783e-01	   7.6123977689654287e-02	   3.1873069498069881e-02	   4.9236144445203665e-03	   3.5940347568470060e-01	   4.9370027503620750e-01	   2.9295196801217638e-01	   6.5248752276211874e-01	   6.7165280455697007e-01	   5.9805980921300639e-01	   4.7732169391330453e-01	   6.8509896319711183e-01	   5.4026982598507456e-01	   4.5361629122223152e-01	   4.8949724840438236e-01	   5.3837776694233885e-01	   5.9080775814076314e-01	   2.2208495001822814e-01	   4.5377995478184420e-02	   3.3016725970093402e-01	   4.7592222656099570e-01	   3.1947159700831163e-01	   4.8590162438002038e-01	   4.9834406563933420e-01	   5.8567765210830480e-01	   3.5160053263421409e-01	   2.5982005867874963e-01	   7.9759809229985795e-02	   6.7015597161942608e-02	   4.5111718263560607e-01	   4.3583102627544340e-01	  -2.7512284550608647e-02	   2.0319332318549199e-01	   2.7804228767898026e-01	   2.1781648892562666e-01	   3.2101482157180511e-01	   2.6858310265308710e-01	   4.2082471500578766e-01	  -2.0302749608696508e-01	
   6.2271654816026067e-01	   4.3451855592178990e-01	   4.6088507305334891e-01	   8.9868074422161870e-01	   4.7793595793892030e-01	   7.8457309945760123e-01	   6.3951448549572643e-01	   0.0000000000000000e+00	   5.3271718234838183e-01	   8.0924172864734045e-01	   6.7209022032390098e-01	   8.0128632614485729e-01	   7.0366788582836215e-01	   7.4718445221351204e-01	   7.3636681304863094e-01	   7.6904369391980110e-01	   1.1525639381095061e-01	  -9.9586934702108870e-03	   6.7704923912353498e-01	   5.7603006287466996e-01	   4.1179278083504706e-01	   6.3133484318906941e-01	   5.4108191186164878e-01	   7.3567831573167930e-01	   3.1973679863959753e-01	   6.5619028019159831e-01	   5.7609615023289029e-01	   7.5001332097212126e-01	   3.4335123239889576e-01	   3.0269900607780148e-01	   5.5844834007707556e-01	   6.5988355726055437e-01	   5.6419406021236940e-01	   6.7821935742738315e-01	   2.1515175456923560e-01	   3.9495880735351196e-01	   2.5300842359982489e-01	   3.8351076114779969e-01	   2.4022525948197687e-01	   3.6500608600376006e-01	   3.5119213175184338e-01	   3.4912394359226484e-01	   5.7525981916593749e-01	   5.3448417992680741e-01	   4.4973266004128137e-01	   6.9072110900785211e-01	   7.2574366743464513e-01	   6.8731093103247054e-01	   6.3603454666784653e-01	   6.8342732262946571e-01	   6.0192534655864027e-01	   6.0240935955219432e-01	   5.1894599393641383e-01	   4.7982857030463821e-01	   6.2546534034341339e-01	   6.5777501875232480e-01	   1.4864220380149792e-01	  -9.7434133156057451e-02	   3.2538652564971687e-01	   4.1594513098980912e-01	   5.7869538076016669e-01	   7.5121955623467063e-01	   1.5535553334635133e-01	   2.1621138207245871e-01	   4.1888598219254242e-01	   7.3182785843486642e-01	   3.6414951040232807e-01	   5.4622738577127294e-01	   1.7835188880636527e-01	   2.0257684897814004e-01	   3.3770569040674681e-01	   4.6522047068470412e-01	   4.9682414586878676e-01	   4.8245273967035351e-01	   3.8152110119728844e-01	   4.4538572935379167e-01	   4.3995280465442194e-01	   5.5589374900662247e-01	   2.0961681762300494e-01	   1.5854921449143805e-01	   3.9411763776412012e-01	   5.7087824570349444e-01	   6.3936408797291933e-01	   4.9812406307735202e-01	   4.1835056199162868e-01	   6.8581504132145155e-01	   5.2565605079091748e-01	   5.7603048080644037e-01	   6.1892404566473880e-01	   6.5594160897970155e-01	   8.6785394498690438e-01	   6.3245279093600182e-01	   7.5159416725209316e-01	   4.1457763163815953e-01	   2.1476896230224884e-01	   4.1979182887423838e-01	   4.5498715470030948e-01	   5.4678776443547572e-01	   7.2218835515786162e-01	   6.4029678465633710e-01	   7.9391388558901022e-01	   5.0860686460706017e-01	   5.8308716179969167e-01	   3.9414373434029054e-01	   9.3773027718200841e-02	  -6.2637607239030682e-02	   4.7109520049236636e-01	   1.7859841177854480e-01	  -5.7201349703612889e-02	   2.0590874635092538e-01	   3.2931425473068093e-01	   5.0331940970937405e-01	   5.6203665393185398e-01	   3.1834513385577912e-01	   3.1930543888463275e-01	  -1.3570114220623680e-01	
   5.3533756375198172e-01	   1.3476217515076361e-01	   7.2852341332504211e-01	   6.0504462167302697e-01	   8.1376239744278900e-01	   6.8342629227123397e-01	   7.5349558106573000e-01	   5.3271718234838183e-01	   0.0000000000000000e+00	   6.9707116745200715e-01	   5.4067690107575572e-01	   3.3504645602659489e-01	   6.5623174844904364e-01	   5.3869714811414138e-01	   8.5329941594983583e-01	   6.2318420070302250e-01	  -2.8155269017148621e-01	  -3.4309130892704687e-01	   1.4045893795881137e-01	   3.6113655777540693e-02	   5.7579019306716250e-01	   6.5568752098314942e-01	   8.1910392785285568e-01	   7.2097156437949450e-01	   5.3955320770526138e-01	   6.9049852877891804e-01	   5.6315993701921507e-01	   5.9594488841097581e-01	  -1.9742940807879372e-01	  -3.3264749390927123e-01	   4.5909436807704462e-01	   5.6416962263475567e-01	   9.1654551553442834e-02	   1.3456974035795741e-01	   5.2184820580080904e-01	   5.5536916461164509e-01	   2.3893207927565024e-01	   2.7831761838350733e-01	   1.3624830721454906e-01	   1.5773637786481476e-01	   1.4829337244352528e-02	  -6.5006553098920838e-02	   3.8221601025806540e-01	   3.7581085785541102e-01	   5.3608664730438560e-01	   4.8595528912022629e-01	   5.6264375353447804e-01	   4.9150073868215971e-01	   4.7499205825881652e-01	   3.8338741222385098e-01	   6.8714565935646310e-01	   5.2745516028729522e-01	   4.7681280215468269e-01	   4.6209461955214920e-01	   5.4500001322085467e-01	   4.4418745236020057e-01	  -7.6694055619770706e-04	  -2.1918965020708786e-01	   3.3269283001644073e-01	   2.4325932127697791e-01	   6.2726249758388430e-01	   6.0490202150308958e-01	  -2.2384866079399013e-01	  -2.4599342277708025e-01	   8.7783959446767246e-01	   7.5979177976102841e-01	   7.1175032453737641e-01	   6.8695766852057183e-01	   1.2382949155181888e-01	  -1.7053305506411667e-02	   5.0919718040532536e-01	   3.5523912461306245e-01	   2.5596146493567073e-01	   2.6396118502406218e-01	   1.8835902044538860e-01	   2.0944007374509122e-01	   4.2031395840063263e-01	   4.0970607614648824e-01	   1.7459626502445139e-01	  -8.4549915409974225e-02	  -1.0120011101064569e-01	   1.7681407616851058e-01	   4.5430323007847584e-01	   5.4313823016503893e-02	   7.7603653420878893e-01	   7.1152398887126778e-01	   6.9756646232119701e-01	   4.9849856163924022e-01	   7.5314222586764101e-01	   5.9448071268323388e-01	   3.5786612125898998e-01	   5.0820641073942430e-01	   6.0052508009113426e-01	   8.2068087663530431e-01	   2.1727750134263463e-01	   7.3499894670452495e-02	   3.9286615986413631e-01	   4.8999527033004009e-01	   1.8383942299860428e-01	   4.2599155322036708e-01	   4.2099555104854747e-01	   6.8116011248232056e-01	   1.8050018748181745e-01	   2.2556722823641667e-01	   1.6021907683585496e-01	   2.5755157967953640e-01	   2.4836062176804022e-01	   2.4491051764972438e-01	  -1.3584331172404324e-01	   4.1701582486073296e-01	   4.7905357570284751e-01	   1.9916519544901296e-01	   3.9812023481881043e-01	   2.4806266522817261e-01	   5.2785360986492302e-01	  -1.7420059324097073e-01	
   5.3443969199615560e-01	   1.8568247469246713e-01	   4.0170949620824403e-01	   7.4368910416216316e-01	   5.2475970366448332e-01	   9.1258747381574956e-01	   5.7360615130382775e-01	   8.0924172864734045e-01	   6.9707116745200715e-01	   0.0000000000000000e+00	   5.9840479753757747e-01	   6.6632327877973241e-01	   7.4263409112111911e-01	   7.5961419640570604e-01	   7.7045124649755770e-01	   7.6434540990727040e-01	  -4.1900722294247475e-02	  -2.4319870908504218e-01	   3.7022912821247445e-01	   2.3266744121623723e-01	   4.0889941357979542e-01	   6.7904933224559139e-01	   5.9127715297868133e-01	   6.8969677527843454e-01	   3.0328922357948135e-01	   6.5295954194845474e-01	   5.7157276682184666e-01	   7.9840927977443310e-01	   1.0024924622046036e-01	  -1.7702759359050776e-03	   3.8039495571008114e-01	   5.4069423651256543e-01	   2.3192503610325793e-01	   3.0334857013425875e-01	   2.5293239465455453e-01	   4.2850299283619686e-01	   3.0023267639131990e-01	   3.6215925500893487e-01	   3.2439676596367589e-01	   3.8722370046413718e-01	   2.4748075919953089e-01	   1.7666328054358815e-01	   3.8401846647897098e-01	   3.4905494400164561e-01	   3.5844917344570881e-01	   5.6292080178953041e-01	   5.4648962357307096e-01	   4.8737286927255347e-01	   4.2485817810989179e-01	   4.3913573542172590e-01	   5.1546741114291827e-01	   4.6703183269779969e-01	   4.4619998369894687e-01	   3.0039245160752048e-01	   6.0683855073426696e-01	   4.6000221246408773e-01	   5.8692240933896512e-03	  -2.4852564429494159e-01	   3.8661650011190163e-01	   4.9755164649867467e-01	   6.7367922089563936e-01	   8.3851921886694925e-01	  -3.1350146831568896e-04	  -1.7365191683923718e-02	   5.9122525424143479e-01	   8.3616866127492984e-01	   4.7741172348616223e-01	   5.9105213212967644e-01	  -1.0061715928659690e-02	  -5.4508547906880539e-03	   3.4038891438303576e-01	   4.3518120384801684e-01	   3.3483590708738836e-01	   3.1352652533352438e-01	   2.5243225973145167e-01	   2.4792277207385013e-01	   3.1791207357318740e-01	   3.8289228232802391e-01	   2.0704412640039871e-01	   9.5513961741077510e-03	   1.8984356137062564e-01	   2.9946195805231424e-01	   4.9493620193835675e-01	   1.9267118719409737e-01	   5.2145938294382677e-01	   6.3448307512747004e-01	   5.1017198524364016e-01	   4.4331050443899456e-01	   6.9531085339025167e-01	   6.3153531154362197e-01	   7.0238475429843061e-01	   5.0864377584611709e-01	   7.6915010616462332e-01	   5.6268458851762859e-01	   1.3511334400814429e-01	   3.4827357467207498e-01	   3.0093231698424927e-01	   4.5033251266351743e-01	   4.7343291376253022e-01	   4.5225613752043270e-01	   7.0193590927176230e-01	   5.3326295877563590e-01	   2.6539352484970674e-01	   2.1374617516072214e-01	   1.1714870358806419e-01	   3.6180403244348291e-02	   2.6476530353096261e-01	   4.5580025019376053e-02	  -1.0202787380955614e-01	   2.0746853502802642e-01	   3.4049723814409305e-01	   3.1198221458739200e-01	   4.5510419947423614e-01	   1.0440907928610715e-01	   2.8473004504906041e-01	  -8.2871619286635265e-02	
   7.0171328368228858e-01	   4.2415738587527796e-01	   4.1246128087998324e-01	   6.1838225174206796e-01	   4.5944556521791202e-01	   6.4008881872788237e-01	   6.3616560873585082e-01	   6.7209022032390098e-01	   5.4067690107575572e-01	   5.9840479753757747e-01	   0.0000000000000000e+00	   6.9210981702644081e-01	   8.0465325189585735e-01	   6.8813161381115429e-01	   6.7123910088351435e-01	   6.5159930455277593e-01	   1.7821374305664733e-01	   5.9363357659859117e-02	   4.4950118321577837e-01	   3.1282342205435193e-01	   2.3025226637988494e-01	   4.8678223498193618e-01	   4.8756062281880974e-01	   5.4897435386394866e-01	   1.2991711330999181e-01	   4.5000350373242037e-01	   3.9010266546332406e-01	   5.8331402105206021e-01	   3.4862794500141464e-01	   2.4484258629592365e-01	   4.5850918474419922e-01	   5.1655670242539631e-01	   3.7726843776670760e-01	   4.3227794857873625e-01	   1.7891739681477956e-01	   3.5177029366773305e-01	   2.0833400872082261e-01	   2.5154996245726341e-01	   2.1016436061400731e-01	   2.1025002923107050e-01	   1.6298465912306581e-01	   2.3047010284728262e-01	   4.2404784291337905e-01	   3.5560919615829495e-01	   5.0629854784564943e-01	   4.8084902692203285e-01	   5.4467006634171145e-01	   4.4956017578435548e-01	   5.7497816576867544e-01	   4.2571496251652807e-01	   5.6135510326998761e-01	   4.1366648637678316e-01	   5.0329423044047950e-01	   3.1450197266309221e-01	   5.7557034085462755e-01	   3.7385760433792731e-01	   1.7793305293235970e-01	  -4.0630866863735071e-02	   4.3714266145135644e-01	   2.6434347686887477e-01	   6.4190256355295205e-01	   6.8117739604322558e-01	   2.1304445621588936e-01	   2.6499979786238492e-01	   5.0782559243064795e-01	   5.9776839891071620e-01	   4.6784144755438606e-01	   5.2702243760112333e-01	   1.9264687916569091e-03	  -3.1690953995691967e-02	   3.7016862938996264e-01	   3.5748640671065646e-01	   4.6814909480743361e-01	   5.2290337118678165e-01	   3.9320270241772859e-01	   5.3352089194293573e-01	   5.7278871712481572e-01	   5.8662876501269134e-01	   3.3248760059220656e-01	   8.9926113905749505e-02	   3.3642935831020770e-01	   5.4428397509223392e-01	   5.5414713471868959e-01	   4.6024521976400723e-01	   5.4149480390622051e-01	   5.8769548884106770e-01	   4.0985106630532597e-01	   4.5392477682994675e-01	   5.5153894877400511e-01	   5.2680607838677773e-01	   5.4703659791738601e-01	   3.9110001143376066e-01	   5.5628135471437368e-01	   4.5062920512202420e-01	   4.0002833179369590e-02	   1.3214860132190026e-01	   2.3108717976056226e-01	   3.7277224912011675e-01	   4.8225244387618049e-01	   3.9492210702981678e-01	   6.3495255702294651e-01	   6.0789429568776621e-01	   4.2870834254473977e-01	   3.2180921634127402e-01	  -1.2396641642590919e-01	  -9.1834410540716047e-02	   4.4862600910573119e-01	   2.7941155569081444e-01	   1.1190490676026302e-02	   2.9806958388265770e-01	   2.8174926352942531e-01	   3.4790216140584751e-01	   4.8886329410122809e-01	   2.2088723825113948e-01	   3.3397103224161007e-01	  -2.4936700555229724e-01	
   7.2866618334458788e-01	   6.1939615029928630e-01	   2.1912410885288908e-01	   7.5602634371152821e-01	   2.7701258878481533e-01	   7.4843840436263287e-01	   4.3663479010842304e-01	   8.0128632614485729e-01	   3.3504645602659489e-01	   6.6632327877973241e-01	   6.9210981702644081e-01	   0.0000000000000000e+00	   7.4909721593598699e-01	   8.6070725267201498e-01	   5.5045795747692894e-01	   8.0704408128141303e-01	   2.4261498042236063e-01	   1.5276544064943809e-01	   6.8820056609569047e-01	   6.0037501420175365e-01	   2.2916924108229778e-01	   5.1151718771232535e-01	   3.7274569372020844e-01	   6.0652762551550787e-01	   1.6593509270566970e-01	   4.2420326234206507e-01	   4.5993422510388310e-01	   7.3048629218541272e-01	   3.7597691117451476e-01	   3.4370048370695672e-01	   4.4515824060659892e-01	   5.1736054342811610e-01	   5.0601419670911219e-01	   5.6343470844759291e-01	   3.7874668828705507e-02	   2.1855057937751310e-01	   3.3789104286323229e-01	   5.0223815385354009e-01	   3.8078558088394032e-01	   5.0324858898402236e-01	   4.6803528149914297e-01	   5.8404076034625718e-01	   3.5298395886411016e-01	   3.2496243871551578e-01	   2.0023998542123422e-01	   4.9411263458651955e-01	   5.3287516771422183e-01	   4.6539167616493321e-01	   5.3065244294121716e-01	   5.0558789450279917e-01	   5.1253477780745227e-01	   5.2341609446738768e-01	   5.9976522672273047e-01	   3.8031289757147213e-01	   7.1415040376412631e-01	   6.0347786698480554e-01	   3.4147961495255419e-01	   1.0128136035929479e-01	   5.6446679732134963e-01	   5.6663575110094078e-01	   6.8064718112189382e-01	   8.0540915927789158e-01	   3.2774370439266376e-01	   3.6780002777105952e-01	   1.6932609068237281e-01	   6.0836796423047967e-01	   1.8599567127323335e-01	   3.3897291185948736e-01	   2.6673257256099681e-01	   2.4993903500372655e-01	   2.9457956536627117e-01	   4.6361939858214518e-01	   5.9808373399038639e-01	   6.1102422333816553e-01	   4.7401653140189026e-01	   5.5806472879408064e-01	   4.8888412699459810e-01	   5.7930640206504980e-01	   2.8539089159452452e-01	   2.2323750461899208e-01	   4.8510638393091576e-01	   5.6142903934163846e-01	   5.0555483635365417e-01	   4.7749371362487558e-01	   1.5998222742832072e-01	   5.6792604875189734e-01	   3.0566226025188969e-01	   4.2499419469172950e-01	   5.5440497568335723e-01	   7.0809803458273401e-01	   7.6461017927188057e-01	   4.7300697442259476e-01	   6.6516633941063752e-01	   2.6328012797157052e-01	   8.8267218664875358e-02	   3.5981254222947312e-01	   3.6951350459306664e-01	   4.2057841230092385e-01	   6.6782971737360031e-01	   5.0097110293363978e-01	   8.3380624039706541e-01	   3.8122477702030316e-01	   5.2520998701945865e-01	   2.7354085172756570e-01	  -6.5785947460510669e-02	  -2.0702757288474055e-01	   3.5729268463468655e-01	   1.8108629966359851e-02	  -1.0810837455854218e-01	   1.3111790104873844e-01	   2.1864342771300183e-01	   3.9291903796790983e-01	   5.0367417584906671e-01	   1.8607127322147379e-01	   5.5136728818724876e-02	  -2.5403483114632930e-01	
   7.9178747648178127e-01	   4.5147371434497685e-01	   4.9446059429484596e-01	   7.3119633042325405e-01	   5.9111083146381205e-01	   8.2554778830931297e-01	   6.1541957904876277e-01	   7.0366788582836215e-01	   6.5623174844904364e-01	   7.4263409112111911e-01	   8.0465325189585735e-01	   7.4909721593598699e-01	   0.0000000000000000e+00	   8.8108183324090827e-01	   7.9543988556350753e-01	   8.3805565591867781e-01	  -2.8049326814376593e-02	  -1.1105218284650736e-01	   4.1543356446280633e-01	   2.8356556898486651e-01	   3.4649134037386176e-01	   5.7618690093983538e-01	   6.5185357227918150e-01	   6.7412719800572818e-01	   3.4336800669516926e-01	   6.2509671995863725e-01	   5.3678196454149341e-01	   7.0896434218941673e-01	   9.2465173662225925e-02	   1.4607453405670708e-02	   4.1686301600194536e-01	   4.8755586218270142e-01	   2.7766451139768922e-01	   3.1095556695884152e-01	   3.7033781329107029e-01	   5.2162968613596061e-01	   2.2236282317967865e-01	   3.4238370967783349e-01	   2.7141705798591481e-01	   3.3318944783302074e-01	   1.7790816979290519e-01	   2.5779456100226095e-01	   3.9324802598801095e-01	   4.0448391900373903e-01	   4.6787709675922795e-01	   5.5308258856918546e-01	   5.6679448622896111e-01	   4.6211107801697404e-01	   5.4000992530811465e-01	   3.9873380248092466e-01	   6.6262946153421587e-01	   5.0465858458996937e-01	   5.9827326527988711e-01	   3.6542104948756154e-01	   7.4264352470587047e-01	   5.0816438663311636e-01	   2.1371729818787435e-01	  -8.0781983231211801e-02	   5.4058462694443599e-01	   3.4788783728210293e-01	   8.3009252611040307e-01	   8.3155787881478960e-01	   1.1986809364207231e-02	  -1.9972705310208030e-02	   6.2328462454858613e-01	   8.1246887461015627e-01	   5.6512266656292898e-01	   6.2796758134073349e-01	   1.0663616047825528e-01	   2.7676140361936456e-03	   4.4174313342299304e-01	   4.0261557749449550e-01	   4.7061190698826116e-01	   5.2805572360350150e-01	   3.7739221858955019e-01	   4.7189613460651747e-01	   4.8533299883916292e-01	   5.4703753239293718e-01	   1.5163996707438404e-01	   2.4622758718731895e-02	   1.9519438245780357e-01	   4.4375235747960262e-01	   5.3891720603704396e-01	   3.4297603764576506e-01	   5.2219445628933525e-01	   6.6941365894396287e-01	   4.4705050394386897e-01	   5.5641669255933457e-01	   7.4946350142119589e-01	   6.9454679563504151e-01	   5.9889894540700872e-01	   4.5601343377741682e-01	   6.7498752636267523e-01	   5.8063087220670084e-01	   1.2151284708459406e-01	   1.5911573364648143e-01	   3.2524263604878434e-01	   4.1568034358001271e-01	   5.1794256435681585e-01	   4.6878870590387417e-01	   7.3307321566727879e-01	   6.0813520426246681e-01	   3.3928565026615626e-01	   2.9180957361831100e-01	  -9.7097161191496084e-02	  -1.1087438820032622e-01	   3.3074507952869070e-01	   1.5332118253751786e-01	  -7.0493838005420528e-02	   2.4547327822858098e-01	   3.2156234495781499e-01	   3.0937725491458495e-01	   4.9162479414588189e-01	   2.2649961690269996e-01	   3.1824253683801879e-01	  -2.7949991405780117e-01	
