   0.0000000000000000e+00	   7.0483955649107166e-01	   3.7765763240302352e-01	  -2.9669516125759347e-02	   1.6529674937435609e-01	   1.4790661088470086e-01	   2.7471561871006800e-01	   2.5129334228258027e-01	   1.3149953954549884e-01	   5.9561874180298055e-02	   7.2772015594352979e-01	   4.9169402366991538e-01	   4.4597099688101655e-01	   5.3352236494510930e-01	   4.2318780989170235e-01	   3.3547598715825006e-01	   5.3272976517545212e-01	   3.9217514508970563e-01	   7.0829006390722105e-01	   5.6693265601239251e-01	   6.1716600535338118e-02	   8.8169165180119524e-02	  -3.9968411390969426e-02	  -1.7477394862206615e-02	  -7.4693566076583159e-03	   4.1981368103777561e-03	  -3.6207823780374009e-02	   3.1084855072314621e-01	   3.8445660721646568e-01	   2.8863338685599826e-01	  -7.9479352681985305e-02	  -1.8923209850264258e-01	   3.8356106005131724e-01	   1.6861300408362573e-01	  -1.0235927039579483e-01	  -2.1324779425434609e-01	   1.6570149220468755e-01	   2.4963694949209680e-01	   2.3005361892958681e-01	   1.7681254496097676e-01	   3.2184637084735207e-01	   1.1437337378966478e-01	   4.7003355719430495e-01	   4.0405210147040738e-01	   3.6950681119584605e-01	   3.2525008659721877e-01	   4.7575324498583371e-01	   4.8928913705619526e-01	   5.1887095512554937e-01	   3.9742715689624031e-01	   4.2517823630495233e-01	   1.7057262884556856e-01	   4.3951651193792474e-01	   4.1149707724980722e-01	   4.4212668056327453e-01	   4.8312353772608241e-01	   7.5497442489587518e-01	   7.1920124811516128e-01	   3.9186123997867850e-01	   1.9794003915484620e-01	   3.8722760880049933e-01	   2.7072375309371460e-01	   4.2802688599004790e-01	   3.2455874689510456e-01	  -7.8265357815750475e-02	  -8.8907220093175546e-02	   1.2552441436948167e-01	  -9.9969176752912198e-02	   5.4967788202760093e-01	   5.1364054382658297e-01	  -7.0878774964252100e-02	   2.9081416577427518e-02	   3.7679790509323902e-01	   8.1650606062032421e-02	   4.0043923961700983e-01	   1.2167963576129789e-01	   3.7411284982450560e-01	   3.5770856828511272e-01	   2.3076813444239180e-01	   3.8054225175776585e-02	   2.6027618952003545e-01	   2.5730044590446788e-01	   4.7676394088803692e-01	   3.9079287969389853e-01	   4.6451208135179789e-01	   4.0896439318852673e-01	  -4.2288693101035710e-02	   1.4168536679009902e-01	   3.3098633345167083e-01	   5.7082851050469485e-01	   2.8860461795743420e-01	   5.6947540767900218e-01	   2.0435632212533253e-01	   2.6109707142912486e-01	   2.7354587971445332e-01	   1.4914226990901053e-01	   3.4461336089603078e-01	   4.0773793986900975e-01	   4.4588964621500360e-01	   6.7109900811663392e-01	   4.8336258305674218e-01	   3.9693619343567538e-01	   4.2218639409294545e-01	   5.3471050001488463e-01	   1.7500046353663805e-02	   6.3748344058542225e-02	   1.2112757897045945e-01	   2.0320101761459722e-01	   2.6269863658665799e-01	  -5.5380537539747102e-02	   7.1873255157430344e-02	   4.2893030886758188e-01	   2.1189357280755305e-01	   2.8186379261073813e-01	   1.6971205565076580e-01	   1.0418948475309817e-01	
   7.0483955649107166e-01	   0.0000000000000000e+00	   1.1274026387848750e-01	   6.1020455396047724e-02	   3.3887579061603113e-02	   7.5615477942760245e-02	  -1.6776971560818998e-01	   1.0923323326127737e-01	  -9.1781055679505896e-02	   3.5142896468100961e-02	   3.3987611142856100e-01	   3.6660969530380649e-01	   3.6096442581489259e-02	   2.9066782329173518e-01	   2.0677615107342540e-01	   2.1198789496177889e-01	   2.7896525700170649e-01	   3.7285898875757351e-01	   6.1226880708058007e-01	   6.8047109893960722e-01	   5.8998238498053995e-02	  -3.2035302187494841e-02	  -6.7391615906749219e-02	   2.7445032660239108e-02	   5.3541075912596887e-02	   1.4561467168319767e-01	  -1.3165234747054676e-02	   2.9134223779608825e-01	   1.0010241079652346e-01	   1.6190438943298729e-01	  -1.8653151688779141e-02	  -1.2016250222821900e-01	   3.2022907886147295e-01	   2.3260753603346196e-01	   2.3453844092116559e-02	  -9.5834237585439991e-02	   1.4326388039852489e-01	   2.2065066615208712e-01	   1.4738307298315131e-01	   1.4981809499397963e-01	   2.2090782165778899e-01	  -7.5385588172302512e-03	   4.8906897985226400e-01	   4.5538810715071987e-01	   4.2275195491705703e-01	   4.5601808638947378e-01	   4.5875907376294661e-01	   5.2893386645866136e-01	   4.2478699446428786e-01	   4.3218836290552304e-01	   4.1399906818045079e-01	   2.6050703335559294e-01	   3.4941763682910132e-01	   3.8789946183994789e-01	   3.4039139924593970e-01	   5.1857728098596478e-01	   6.0046171697689177e-01	   5.7599274005142309e-01	  -7.9827363153235978e-03	   1.3880521532139486e-01	  -1.0047383031705849e-01	   7.0362475230235463e-02	   7.5807479138539089e-04	   1.2327980763165372e-01	  -2.2169034710748659e-02	  -2.6055370108690627e-02	  -5.1172707863335908e-02	   2.1485541361933574e-02	   4.4973426820704154e-01	   4.2279123230867899e-01	  -2.0607472643795657e-01	   6.2524746205528586e-02	   2.7485730722926049e-01	   2.6712387802649801e-01	   3.8852331547995228e-01	   2.8597283972324450e-01	   2.0824060790724244e-01	   4.3691610204260445e-01	   7.4946389320016960e-02	  -1.0397650343458921e-01	   1.5880869252548582e-01	   8.1389210679562146e-02	   2.7063334355560664e-01	   3.5357598869100854e-01	   2.9434963156187377e-01	   2.2438984566295722e-01	   4.4152067611658324e-02	   2.6572446438401764e-01	   4.4234846166774699e-02	   3.5330438515683305e-01	   2.6577495690960529e-01	   1.7171281385486167e-01	   1.6251553921786840e-01	  -4.9604223659506244e-02	   1.1179937809519616e-01	   7.8084920615653669e-02	   4.0686710806979226e-01	   4.6386498835375450e-01	   5.5172094630583368e-01	   5.4986651486895166e-01	   3.4113017566144649e-01	   2.0546333525353462e-02	   3.2911898662916411e-01	   3.5339249438821974e-01	   9.1075987953102261e-02	   7.0779541536487370e-02	   2.7114799527011912e-02	   6.2549509811611920e-02	  -1.1736261041800382e-02	  -1.2250224301457596e-01	   3.3633243148153924e-01	   5.5858472628445943e-01	   4.2174579189403605e-01	   4.1421011252080275e-01	   2.4079636587627293e-01	   5.5615616963802073e-02	
   3.7765763240302352e-01	   1.1274026387848750e-01	   0.0000000000000000e+00	   4.3886518597552238e-01	   6.1321244918072038e-01	  -2.6573731793819000e-01	   4.7119130020067512e-01	  -8.9908441532180541e-02	   4.7964919258078803e-01	  -2.5914749808691062e-01	   2.2607229691355443e-01	  -1.2387187118427016e-01	   2.2206398127866439e-01	   9.4262877202348522e-02	   9.6942264985542939e-02	   3.3932074582749161e-01	   1.5795110406854435e-01	   2.2300564768732739e-01	   2.9855607849018306e-01	   1.6047696267341643e-01	  -6.6628582718544396e-02	  -1.6186295394495012e-01	   6.8812526186802070e-01	   4.5925448761765331e-01	   5.5954236469514718e-01	   4.1085077104756562e-01	   5.5511564219241616e-01	   4.7867073163938023e-01	  -5.8843566399949657e-02	  -1.5623568723305267e-01	   1.6847039282571419e-01	   1.8063851649229185e-01	   2.2899825350967912e-01	  -2.9927630030247503e-02	   4.1558607796425517e-01	   2.9323904496848274e-01	   5.0571633305929375e-01	   4.0525800799207390e-01	   4.2004104701336770e-01	   4.1841029512158368e-01	   2.7803924946550118e-01	   2.3095659524738055e-01	   1.9071606348372150e-01	   7.1520924729834651e-02	   5.9653194786750199e-02	  -2.1770300066856998e-02	   1.4007519740241642e-01	   4.2149651878227598e-02	   3.0543421301034390e-01	   2.5809440018010660e-01	   5.1692894343167539e-01	   4.2311283510648040e-01	   3.6992581237684574e-01	   3.3587291315537804e-01	   3.5542399464229291e-01	   2.3324208844939714e-01	   2.5746409564034406e-01	   3.7391894408994653e-01	   3.7491630872146631e-01	   1.9378210123687293e-02	   1.6965301171791200e-01	  -8.0189508353681868e-02	   9.8650765857425951e-02	  -2.5155145343236318e-02	   5.3764309469702798e-01	   3.0693097949288028e-01	   4.0974251430679737e-01	   1.7813869221305273e-01	   3.5543334663434800e-01	   3.1005952006944565e-01	   6.9054404957992588e-02	  -8.3818031074069710e-02	  -3.8661897346404107e-02	  -6.3270763963295881e-02	   1.0173151629676883e-01	   5.7489946808968934e-02	   3.2760507698072994e-01	   1.7382936804451826e-01	   2.5224803340649965e-01	   1.4835210406520424e-01	   7.7865853131325644e-02	   2.1810193337802186e-01	   2.0952850123116801e-01	   2.3157393511660984e-01	   6.1084065247610864e-01	   5.8245372027714859e-01	   2.7379055217701831e-01	   4.5814750890028627e-01	   5.3665171343846285e-01	   5.3514530114828540e-01	   1.4708945681098470e-01	   4.9948823671691711e-01	   1.8680504022193403e-01	   4.5817664394776847e-01	   1.2731148341570056e-01	   4.3232473867729215e-02	   3.4823874311514080e-01	   2.2119797554673998e-01	   1.8336662204670708e-02	   1.2487642669168329e-01	   1.0006164607739991e-01	   7.3229075010758760e-02	   1.4113077050657571e-01	   1.0968869590603822e-02	   4.9916487089352077e-02	   3.0344218715197147e-01	   1.5118251159004628e-01	   3.7328022836174500e-02	   8.7881448356659703e-02	   1.4921446631448751e-02	   1.8424627801413029e-01	   1.6850185659009995e-01	   9.5695729255403345e-02	  -2.8246344356787821e-02	   1.2637064293950234e-01	  -3.9358372272366861e-02	
  -2.9669516125759347e-02	   6.1020455396047724e-02	   4.3886518597552238e-01	   0.0000000000000000e+00	   4.6582142915289959e-01	   3.0715604284198419e-02	   1.2093665177347640e-01	   1.8042981276460943e-01	   3.3277754414397970e-01	   1.9750845458737681e-01	  -1.2345451189662124e-01	   2.0142006203290531e-02	   1.6604765933737532e-02	   1.7791671271894219e-01	   3.4517191839325854e-02	   5.9986711871482701e-01	  -7.1574968723699200e-02	  -2.5878947070367676e-02	  -7.1142776895658011e-02	   7.4462523838477901e-02	   2.7461057042988263e-01	   1.6360082513379234e-01	   7.1691626106054862e-01	   8.5860429801613569e-01	   5.5576378085570233e-01	   5.6168904208125014e-01	   5.4538483371614643e-01	   5.1967485583923867e-01	  -3.1119884274634813e-01	  -1.3136027641519557e-01	   3.4808223111880104e-01	   5.3548138696108838e-01	   1.8448213033436489e-01	   2.0230004453828324e-01	   5.4089554001700835e-01	   5.0599783272640908e-01	   4.4695140328904043e-01	   4.8638028719853232e-01	   3.6789440813806962e-01	   4.7652594483972033e-01	   3.7766342386337692e-02	   1.0220540158817518e-01	   1.0818031705321331e-01	   9.2526800603681861e-02	  -4.5781064648331302e-02	   5.5911107185424434e-02	   9.9970846514425421e-02	   5.9046173613128111e-02	   2.0337868126743552e-01	   4.0170632839254200e-01	   5.5411488687453614e-01	   7.0556995928188937e-01	   4.4956255307739701e-01	   4.1418678744158832e-01	   5.0236253826326904e-01	   3.4298979239092398e-01	   1.0486117645067874e-01	   2.0025634200537673e-01	   1.3948318378745511e-01	   1.6243117622374204e-01	  -3.0991009615420138e-02	   6.6164056193827148e-02	  -2.0814678083806434e-01	  -1.4952204722004153e-01	   6.3095077515100795e-01	   7.4281267353579483e-01	   2.5284237022674622e-01	   4.2818879149520639e-01	  -3.7221597906647884e-02	   2.8911047337510959e-01	  -1.2631194878734170e-01	   1.0651307355680801e-02	  -2.1871391898270548e-01	   5.9720863933756967e-02	  -1.4603612629588728e-01	   1.6812191103165935e-01	   2.7594416934018295e-01	   2.9426129875467821e-01	   8.4959953470307520e-02	   1.3892251828229402e-01	   1.6509496409407659e-01	   2.1060208090786087e-01	   4.0651697449997123e-02	   3.1883254577182718e-01	   4.2224050545232827e-01	   5.5748681350612772e-01	   3.6615282812257077e-01	   4.7009179013818869e-01	   4.3459666075831332e-01	   3.8146276217280495e-01	   4.1962898367791035e-01	   2.0712185293586696e-01	   6.4100341118911131e-01	   2.1716428796644999e-01	   3.4665537784347868e-02	  -8.7854044714567555e-04	   3.5075559289168656e-01	   2.2746131784894755e-01	   1.2638664365462762e-01	   1.8294276838384432e-01	   9.6304756418533324e-02	  -2.1257509454294971e-01	   1.0277850426444203e-01	  -2.7800235518893379e-01	   1.1926589923572634e-01	   6.3379788864571546e-02	   2.7685713231409759e-01	  -8.2974177015102367e-03	  -6.7191649712976531e-02	   8.4245435489204795e-02	   3.4747918044102322e-01	   1.5666628782566683e-01	   1.7093548425558680e-01	  -1.5972842248285382e-01	   1.5724854789901030e-01	  -1.9171588002140583e-01	
   1.6529674937435609e-01	   3.3887579061603113e-02	   6.1321244918072038e-01	   4.6582142915289959e-01	   0.0000000000000000e+00	  -2.7534765531584676e-01	   1.6364766600222816e-01	  -1.2982586341985242e-01	   2.9652562160275053e-01	  -3.4517243250178731e-01	  -3.1095258070178308e-02	  -2.1329135187150905e-01	   1.6985651980098651e-01	   7.0783664442649833e-03	   2.6533814663087744e-02	   2.3910741520842749e-01	  -5.4679241872526707e-03	   4.3389182429821031e-02	   1.4123619163574680e-01	   8.7967208248819484e-02	  -1.2438654819446339e-01	   1.1813632567790161e-01	   6.2972873197256707e-01	   4.9565655371122386e-01	   7.2258923622017213e-01	   5.2434604615233971e-01	   7.7511281161706935e-01	   5.7974746868182980e-01	  -2.7609521310435936e-01	  -3.2267512185806896e-01	  -1.5566024557180941e-01	  -2.7436704531770762e-02	   2.3299227574423584e-01	   6.4730442986932046e-03	   6.3269683447853597e-01	   5.3797696430475761e-01	   5.7795097730080547e-01	   5.3919182907366237e-01	   4.6020545783322320e-01	   5.4744128529512426e-01	   1.7056445045200605e-01	   4.9144392087852332e-02	   4.1331633652288140e-02	  -1.0807422653758297e-01	  -1.2302153631489966e-01	  -1.9082371296697706e-01	  -9.5168605270006035e-02	  -6.5463996935705024e-02	   4.7881513079862978e-02	   5.7092547302316041e-02	   4.4205191662855525e-01	   4.5132479679664173e-01	   2.5606854265274853e-01	   2.5545524664148911e-01	   1.7233289625898307e-01	   4.4153808260451531e-02	   1.5006492049413284e-01	   1.9796346721637822e-01	   1.5642919748893366e-01	  -1.6604023200372353e-01	   1.2874961819541125e-01	  -1.6293805750436688e-01	   7.9759245938684845e-03	  -9.4441947865982756e-02	   6.5158028746694452e-01	   4.4186774964394593e-01	   3.9514821384305288e-01	   3.1966092050062039e-01	   3.5917956444158611e-01	   1.8780751555680264e-01	   1.0086877867033706e-01	   1.5707595842573051e-02	  -2.5568694032444828e-01	  -1.4187245795011616e-01	  -1.0058528101275490e-02	  -3.7303857538087501e-02	   2.5744124176542998e-01	   2.0137909513519597e-01	   3.5690306261383614e-02	   2.5756346915479164e-02	  -1.7947315950351917e-02	   1.5307576856680333e-01	  -3.1699143294262072e-02	   1.3639502467383444e-01	   5.3713889944833937e-01	   5.9153744201591418e-01	   4.1567080386840033e-01	   5.0330360611268676e-01	   5.2303515284945923e-01	   2.3812054784851694e-01	   7.4667216640275619e-02	   3.3883301075548355e-01	   2.4973750817790535e-01	   4.3265030095937063e-01	   1.6486084994661862e-01	  -1.3331608396030553e-01	   5.7848541535315734e-01	   2.9332420084994459e-01	  -1.9153096786126783e-01	  -7.1894239493864115e-02	  -6.3687034306111237e-02	  -1.3095238555305405e-01	   1.9027583982840027e-01	   9.5632269372276021e-02	   3.8105752504157642e-01	   5.6955638130538155e-01	   1.7219636309406944e-01	  -5.6744693088939799e-02	  -1.1579051894937854e-01	  -1.4881803090257267e-01	   3.3380273454078546e-01	   1.1439406778865271e-01	   4.7052197923737563e-02	   7.4058091611074378e-02	   3.2164091067772560e-01	  -1.5810198251813978e-01	
   1.4790661088470086e-01	   7.5615477942760245e-02	  -2.6573731793819000e-01	   3.0715604284198419e-02	  -2.7534765531584676e-01	   0.0000000000000000e+00	   3.3784668195861939e-01	   7.9620745110752544e-01	   1.9630095501165917e-01	   8.9012227251034637e-01	   4.4556796457818010e-01	   7.4427850983014565e-01	   3.8982779302573212e-01	   6.0127754464986949e-01	   6.9411844900692909e-01	   4.4811637624940481e-01	   2.8327023481534314e-01	   4.6606205413311390e-02	   2.1435344021283967e-01	   2.6867910392178951e-01	   2.0464134136990900e-01	   2.0835067807117857e-01	  -2.5338531023644761e-01	  -1.7889090346520192e-01	  -5.4283570850077167e-01	  -3.5391027104991235e-01	  -5.8101926103045087e-01	   4.6824700896315165e-02	   5.1192580383242692e-01	   5.6854668115578710e-01	   2.1565807176719040e-01	   1.4536670182570574e-01	   2.2916541868682372e-01	   3.5897480790270103e-01	  -4.7597459953545823e-01	  -4.2867861439488519e-01	  -7.8242759674016588e-02	  -1.1628049459568442e-01	  -9.3270019378011326e-02	  -1.4137356787861408e-01	   5.8629602021141161e-02	   1.7955421533148502e-01	   1.1723791374094797e-01	   2.7196631960159345e-01	   9.1474170539250416e-02	   2.6658177953207524e-01	   3.2517972599691192e-01	   3.2652780181342700e-01	   1.9526205591453377e-01	   4.7460876119619599e-01	   1.6138750543903402e-01	   1.5221260015209082e-01	   4.9305062140285594e-01	   4.3610628838229598e-01	   4.8769496664812267e-01	   4.0096137245899865e-01	   8.5680351483022693e-02	   3.3552971847292878e-01	   3.6006657094390476e-01	   7.3342189360380439e-01	   4.8067425456573953e-01	   7.4419202307533916e-01	   2.2896601837123259e-01	   5.2921478276593892e-01	  -2.6338354780603185e-01	  -3.4129802945324902e-02	  -7.9824413994349058e-02	  -6.4141851378326786e-02	  -2.0697954103735069e-01	   2.8196322820547148e-01	   9.4870401859633597e-03	   1.5318286062304692e-01	   1.6099524135164814e-01	   2.1564331619311586e-01	   4.7858580091708944e-02	   2.1810518507149906e-01	  -2.1621021128168036e-03	   2.5397529266133125e-02	  -5.9137216245595467e-03	   1.3126936423356092e-02	   1.0906543277089123e-01	   7.9600510978699052e-02	   4.8811485634329355e-01	   4.8508839781399865e-01	  -1.5019833085729944e-01	  -5.4550892569989948e-02	  -2.6551629334649995e-01	  -3.1595537352409803e-01	   2.0192053276623562e-01	   3.6751340721961184e-01	   6.2027485164532203e-01	   3.8694342830853123e-01	   5.1284827850609183e-01	   7.3385370119425142e-02	   2.1592356380056446e-01	   1.8819406400115229e-01	  -6.0075570499391842e-02	   1.1259817397636071e-01	   5.2632374982538832e-01	   5.6930405646534954e-01	   7.2474644551134959e-01	   4.6513485800985188e-01	   5.4667233921481828e-01	   3.7650077836998497e-01	   8.6681420858352162e-02	  -3.5486449827175737e-01	   7.4839066730050738e-02	   4.3348864037850188e-01	   2.4363387794904884e-01	   1.1602069102075066e-01	  -2.0905983342911916e-01	   2.3580015737566987e-01	   3.3772699805708811e-01	   4.2614282149303025e-02	  -7.7922934973402108e-02	   9.9444180888982603e-02	
   2.7471561871006800e-01	  -1.6776971560818998e-01	   4.7119130020067512e-01	   1.2093665177347640e-01	   1.6364766600222816e-01	   3.3784668195861939e-01	   0.0000000000000000e+00	   5.8787722661497077e-01	   6.6411154121815352e-01	   3.6767458505522810e-01	   5.5113350416087192e-01	   3.7258050193923437e-01	   6.7833358219634188e-01	   4.4984684654188206e-01	   4.2306790521271898e-01	   3.8692763451887263e-01	   4.3733493052403100e-01	   2.2996662579043992e-01	   1.8177611008098915e-01	   2.6649005914665104e-02	   8.9462299076584956e-02	   1.9700821066429609e-02	   1.4225044798531816e-01	  -1.7951634566421584e-02	  -5.6127179945376401e-02	  -7.4032188707598451e-02	  -1.0286678254710546e-01	   2.2878951256771635e-01	   4.0681807376459256e-01	   3.2150778797265744e-01	   2.1285908657791863e-01	   2.1828558850901125e-01	   3.6788622284618444e-01	   2.2122017642565753e-01	  -8.7134210452985861e-02	  -1.3052617719554110e-01	   8.9480809001435693e-02	   6.5566779357352917e-02	   1.8025333075371991e-01	   1.4322965182737352e-01	   1.8151866674917500e-01	   2.6878546939167791e-01	   8.9229219312916080e-02	   9.8091046209561161e-02	   5.7215835929905319e-02	   1.3651831404058112e-01	   2.3109040054849561e-01	   9.2056723536218438e-02	   2.4932482098387931e-01	   2.5537055705478895e-01	   2.1256601650995405e-01	   8.6544087624821381e-02	   3.3548760615650575e-01	   2.0232533220787283e-01	   4.1540238256049633e-01	   1.7322245249128970e-01	   6.7074362001105156e-02	   2.9562013765335310e-01	   6.6529718627925760e-01	   4.7244774527128552e-01	   7.6530006594570232e-01	   5.4340798685462555e-01	   4.5624361198807656e-01	   5.8322809679203480e-01	   5.2364996771178923e-02	   1.2744709583958534e-02	   4.6834848672126772e-01	   1.5392764108812015e-01	  -6.9203388091428647e-02	   2.9533269681880908e-01	   7.6411424367487407e-02	   8.0456392548387920e-04	   4.8300687098707412e-02	  -1.2417138496999443e-02	  -7.9892377794959890e-02	   7.1584957673300725e-02	   1.8888311757389814e-01	  -6.5459284914672081e-02	   1.3857084049680055e-01	   2.2031509665132870e-01	   2.3632167404805943e-01	   2.7918647718895934e-01	   4.4369568505496365e-01	   4.3838866045180547e-01	   1.8504496835420481e-01	   2.6848517673115752e-01	  -1.6349637773141285e-01	  -9.2138607169643880e-02	   4.2993539331575387e-01	   4.6614245965361834e-01	   4.1970950499391235e-01	   5.3612374914322403e-01	   3.2381140687262128e-01	   3.7526042735610399e-01	   1.0062722238188564e-01	   1.6670571089165589e-01	  -7.1051527528623357e-02	  -3.0781982131936357e-02	   1.5298743386592595e-01	   3.8260230731427847e-01	   5.0373317281390539e-01	   6.3389552373341762e-01	   3.6231293682878740e-01	   3.1816483049235111e-01	  -1.0940521628713863e-01	  -1.3397444389982505e-01	   1.8608822549346984e-01	   3.3172432337591878e-01	   2.9799626855527894e-01	   2.3617020418115742e-01	  -2.2305895708400203e-01	   5.1287535300344966e-02	   1.7068471048552655e-01	  -1.1452715222169332e-01	  -1.7384127637615798e-01	   6.7420612024073050e-03	
   2.5129334228258027e-01	   1.0923323326127737e-01	  -8.9908441532180541e-02	   1.8042981276460943e-01	  -1.2982586341985242e-01	   7.9620745110752544e-01	   5.8787722661497077e-01	   0.0000000000000000e+00	   4.2324088440075980e-01	   8.3397841527732752e-01	   5.2502750021629452e-01	   8.2572898941902262e-01	   5.3709522618240602e-01	   7.1372319746171509e-01	   6.6869581470426076e-01	   5.6050751941319321e-01	   3.9666981314957428e-01	   1.6186103388232068e-01	   2.7900269028977043e-01	   3.4271006034379581e-01	   2.4387946129119523e-01	   2.6241791517590074e-01	  -1.5133998745996785e-01	  -3.2067960600756965e-02	  -3.7533562047362107e-01	  -2.6209182343977894e-01	  -4.2299284765454137e-01	   2.5094483691947361e-01	   5.1487310113621032e-01	   5.7215622253050769e-01	   2.2409627494741641e-01	   2.7464849790426027e-01	   4.0580293056335459e-01	   4.8344974370807625e-01	  -2.8345182367631439e-01	  -2.4152260951656163e-01	  -1.5003154507191566e-01	  -1.2165469805303952e-01	  -7.0839953013421220e-02	  -7.7073173713180010e-02	   4.7901267672909649e-02	   8.7051606666261966e-02	   1.5366369556215415e-01	   2.6370529919705987e-01	   1.3010703230705833e-01	   3.2976285458970200e-01	   3.7823082741024761e-01	   3.2023539569332016e-01	   2.8841268117568408e-01	   4.5752862365126812e-01	   1.6452797616972836e-01	   1.8584743303862156e-01	   4.4413259243197462e-01	   3.5597889591051679e-01	   5.2936394186418390e-01	   3.7714386013814272e-01	   1.1002771000608220e-01	   3.5724849251494661e-01	   4.8980686659284844e-01	   7.4316391109703317e-01	   6.5563313738693829e-01	   8.8433138886132912e-01	   3.7957671390385855e-01	   7.2177030320520363e-01	  -1.7013413453580450e-01	   4.2780831825491701e-02	   1.2227693116177078e-01	   1.0628075681071075e-01	  -2.1364717956279691e-01	   3.2543238158213605e-01	  -1.1724828569520350e-01	   1.5945568778579350e-01	   1.1985663007111061e-01	   1.5354131516086889e-01	  -2.8209470064480636e-02	   2.4953845318694928e-01	   1.3111668917527869e-01	   9.5076885016979085e-02	  -1.7787824095052092e-02	   7.1224794638226827e-02	   2.5008163896419189e-01	   1.6166543743659917e-01	   5.9426078151803230e-01	   6.0636775543845722e-01	   2.1059247038742138e-02	   1.4103071534727815e-01	  -2.7698989449178146e-01	  -1.3525259412160132e-01	   3.3769458257375951e-01	   4.3484077665951137e-01	   7.2737228630335871e-01	   4.1013298133763421e-01	   5.8094273327585566e-01	   1.2544403521585418e-01	   2.1316827209880343e-01	   1.9410396683934175e-01	  -8.0561327080773487e-02	   5.1159362415913540e-02	   5.0920860030235759e-01	   6.2987660405537793e-01	   7.3981435522496997e-01	   5.9205591063266239e-01	   5.7333997801275693e-01	   4.1564355316851426e-01	  -5.2338703165335371e-02	  -3.4271681690945988e-01	   1.2619024267560830e-01	   4.8234890534127040e-01	   2.6232064244767234e-01	   2.1965039856234703e-01	  -1.7698819057903611e-01	   1.8870387926529997e-01	   3.1456099486237532e-01	  -5.6499685435580815e-02	  -1.2565322746113414e-01	   1.3011886384825243e-02	
   1.3149953954549884e-01	  -9.1781055679505896e-02	   4.7964919258078803e-01	   3.3277754414397970e-01	   2.9652562160275053e-01	   1.9630095501165917e-01	   6.6411154121815352e-01	   4.2324088440075980e-01	   0.0000000000000000e+00	   2.7044125446478490e-01	   4.1025067195807086e-01	   2.4725269788665927e-01	   5.6722241107842164e-01	   3.2544371183087256e-01	   2.9097567023109472e-01	   4.4728956131271669e-01	   1.2304493659269530e-01	   6.1983317883220507e-02	   3.6319419928724908e-02	  -5.3743931817964621e-02	  -3.9716848898034745e-03	   7.1946939180452335e-02	   3.4390695417086992e-01	   1.6653983944423928e-01	   1.6776505205168671e-01	  -4.3272570208437722e-03	   2.5070885779308189e-02	   3.3750175486190848e-01	   6.7530003666780386e-02	   6.9493210463629634e-02	   2.1018354211843965e-01	   2.5107469603482380e-01	   1.3900614595105443e-01	  -3.5374833337234880e-02	   1.6284129988021104e-01	   5.1798972543410288e-02	   2.7165846743895816e-01	   1.3767272694282251e-01	   3.6025350119073052e-01	   1.8727784414023080e-01	   3.1528433768056902e-01	   2.1290954612669721e-01	   2.1825601722466156e-02	   3.1138885728223775e-02	  -6.6495440477850123e-02	  -3.6228612545577865e-03	   1.0851967656308162e-01	   1.5907012326485528e-02	   1.3648297469824611e-01	   2.4864235790764616e-01	   3.2867586904290297e-01	   2.2314758007303720e-01	   3.3102707572419343e-01	   2.4782442827157838e-01	   3.4455244425118259e-01	   1.6333364479782148e-01	  -1.1581997387866168e-01	   2.3238849565776998e-01	   5.2482843651044764e-01	   3.5071461456966502e-01	   5.6769271912363328e-01	   5.0030151784055388e-01	   4.1405280958973265e-02	   2.1119538465583274e-01	   3.2797333073775525e-01	   3.0804437135258417e-01	   2.3414733290898671e-01	   3.8421853079250529e-02	  -1.1767249964232879e-01	   2.9186425567928798e-01	   1.5695548973385040e-01	   3.5505991633920403e-02	  -7.8991312364074556e-02	  -3.6370931859939420e-02	  -1.5768520936438085e-01	   1.1503141702545291e-01	   5.6989216540884222e-02	  -2.7082163354631719e-02	  -3.7316680845156297e-02	   1.1161931419351979e-01	   6.7634383541137960e-02	   1.8628958081240610e-01	   2.8771173847987352e-01	   3.1131921202051005e-01	   3.1419127354088333e-01	   2.3464411027318255e-01	  -3.2833646292074053e-03	   5.1307544052864751e-02	   4.2710636761560428e-01	   3.0672179855473458e-01	   3.2937262008056412e-01	   5.1183863178173095e-01	   3.6102338025390257e-01	   5.1052772487559839e-01	  -1.0173690187695154e-02	   1.2297011481645201e-01	  -7.2643194119622861e-02	  -2.3054148042003000e-04	   7.4466168861413107e-02	   3.1240020061383650e-01	   2.9555592761157723e-01	   4.7005097357042974e-01	   1.2902561573909632e-01	   5.3746901146013694e-02	  -1.0474012864945992e-01	  -1.7790824925596316e-01	   8.7856429379469511e-02	   1.7046003882793043e-01	   2.0046507263840910e-01	   1.4611023594021411e-01	  -1.8382445272383413e-01	   8.8958840263514638e-02	   1.8323576355539573e-01	  -8.4028122570280958e-02	  -5.3635106745448365e-02	  -4.1627880666408282e-02	
   5.9561874180298055e-02	   3.5142896468100961e-02	  -2.5914749808691062e-01	   1.9750845458737681e-01	  -3.4517243250178731e-01	   8.9012227251034637e-01	   3.6767458505522810e-01	   8.3397841527732752e-01	   2.7044125446478490e-01	   0.0000000000000000e+00	   3.7263951913718574e-01	   6.8607305568064314e-01	   3.3749749241737481e-01	   5.9199391100649623e-01	   5.9490766561036446e-01	   5.4653178014338499e-01	   3.3648417566061367e-01	   8.0812847355837270e-02	   1.6720601854513925e-01	   2.3103066352732490e-01	   2.8540636205868064e-01	   2.2668277023491240e-01	  -1.4869801332253180e-01	   1.5349900557318275e-02	  -4.8006143712829863e-01	  -3.2129541793483019e-01	  -5.1839735966537759e-01	   8.9319614768678945e-02	   4.5132824515572711e-01	   5.4626982011284575e-01	   3.9344816684007666e-01	   3.7703064092698885e-01	   2.6611247264415494e-01	   4.2346205603442577e-01	  -4.2242642035233935e-01	  -3.5333546266945298e-01	  -1.3615202455600139e-01	  -1.0772095148382230e-01	  -7.5394291239880507e-02	  -1.1002441668234272e-01	   3.8633105122266566e-02	   1.9640201531576301e-01	   2.2182885115103468e-01	   3.5713901184269137e-01	   2.0686644307955526e-01	   3.4321365517651509e-01	   4.3518823083053720e-01	   3.9455136407653785e-01	   2.8715993421087438e-01	   4.6931406902914330e-01	   1.1849166979105191e-01	   9.6488873654172622e-02	   3.9662794299712212e-01	   3.2393643739312961e-01	   5.3833829571054626e-01	   4.3486975670825956e-01	   9.1571726546130161e-02	   2.9303645455689409e-01	   3.1001480319753794e-01	   7.2146639963951664e-01	   4.1602399355373898e-01	   7.3496117498106939e-01	   2.1811366335838517e-01	   4.8066608048571080e-01	  -2.5104168995296638e-01	   1.5455485661176223e-02	  -2.3380091329733451e-02	   2.2055447589799958e-02	  -2.1795745814567397e-01	   3.0648545191664817e-01	  -8.6213032167498177e-02	   1.6425372249801329e-01	   2.1907214229955402e-01	   2.6231097600889397e-01	   4.4760514948662060e-02	   3.0276819124313642e-01	   1.0043471888658592e-01	   8.3220757785175473e-02	   8.3968002416509271e-02	   1.1036742192661565e-01	   1.8051325001568114e-01	   1.0451549157537798e-01	   4.3491615941466949e-01	   4.4422024090476125e-01	  -1.7120814006485460e-01	  -1.9058707317766474e-02	  -1.7513989260018414e-01	  -3.1051452166804827e-01	   1.8353363199057882e-01	   3.4856215241425514e-01	   6.4073481302881652e-01	   2.7947911550766091e-01	   5.4597933934761289e-01	  -2.5405336892769777e-03	   1.2027165397298283e-01	   1.7151847122079794e-01	  -1.3623618593237230e-01	   5.8209153411997214e-02	   5.3124571364226469e-01	   5.9611205830907044e-01	   6.2591671243278235e-01	   4.5074392774574884e-01	   4.4669840556788198e-01	   2.5761606661359676e-01	   7.4575755549340199e-03	  -4.1424836443576724e-01	   1.0611664568810819e-01	   4.2375119817614859e-01	   2.4201691681460430e-01	   1.7469711791126424e-01	  -2.3955947091089461e-01	   1.6646882573918348e-01	   3.4515378580604117e-01	  -3.3931506174809070e-02	  -1.6182883781603913e-01	   2.9297918245399776e-02	
   7.2772015594352979e-01	   3.3987611142856100e-01	   2.2607229691355443e-01	  -1.2345451189662124e-01	  -3.1095258070178308e-02	   4.4556796457818010e-01	   5.5113350416087192e-01	   5.2502750021629452e-01	   4.1025067195807086e-01	   3.7263951913718574e-01	   0.0000000000000000e+00	   6.7366066620823117e-01	   7.8930857615301697e-01	   7.3291073101667403e-01	   6.9443619333350703e-01	   4.8830598996582625e-01	   5.4798605161535185e-01	   2.0517197200615392e-01	   5.7191509900754811e-01	   3.4979715857073890e-01	   9.9015990468702575e-02	   7.5113039059481704e-02	  -1.2569876024739898e-01	  -1.8965922793535211e-01	  -3.1264040232673118e-01	  -3.7437046656062689e-01	  -3.4464134346492054e-01	   1.8001651335832253e-01	   5.6791511380457771e-01	   4.5718724958244450e-01	   2.9975560205612144e-03	  -1.0778951741612668e-01	   2.7044128304179027e-01	   1.0586774091280285e-01	  -3.3312089129649436e-01	  -4.9646451125560126e-01	  -3.0111203639142294e-03	   3.6651935411762017e-02	   5.8909074527886622e-02	  -9.6857342962399118e-02	   3.4592021029080822e-01	   1.3613678767476253e-01	   2.5510748491177165e-01	   2.3878718351197228e-01	   1.4804063289494385e-01	   1.6489616205899915e-01	   3.9304318197096882e-01	   3.0875978364766088e-01	   3.3583655201325779e-01	   3.1276563863882839e-01	   2.1705845149950925e-01	   5.4678853833554406e-02	   4.2826383703776455e-01	   3.3385464735855042e-01	   4.3450996783665680e-01	   3.7701552209361577e-01	   3.6900985273143028e-01	   5.3797353940530646e-01	   6.4861073880044984e-01	   4.5092333518353545e-01	   7.3159828456790321e-01	   6.0048741600828737e-01	   5.3337215872837229e-01	   4.9928701404702874e-01	  -1.3707907547636566e-01	  -9.7075045163225904e-02	   1.1947441902720227e-03	  -3.1058720914759863e-01	   1.4210869931416695e-01	   3.3234205185356330e-01	   1.8161389649128046e-01	   2.1255483606430595e-01	   4.2184359406801347e-01	   1.4563594185519443e-01	   3.3476193221090467e-01	   2.4197128412389954e-01	   3.2066190643739984e-01	   1.0818423098157506e-01	   1.3191554055579621e-01	   7.0634563237316469e-02	   1.9952954537784739e-01	   1.9439299000298985e-01	   6.1464182392899036e-01	   4.1912708395693787e-01	   3.2140387656004876e-01	   2.0773611348404694e-01	  -1.3976552104797513e-01	  -1.8546500022581683e-01	   3.3283689415517714e-01	   5.4508015771181584e-01	   3.6883872100625642e-01	   6.9101575053985465e-01	   2.1958173866459707e-01	   3.5709321978301806e-01	   2.5851998272823373e-01	   2.2902793154017553e-01	   3.0023396974199795e-02	   1.8606933035988488e-01	   3.7821433025054318e-01	   6.8475293987844943e-01	   5.3533774389931543e-01	   6.5944517089363486e-01	   4.1199843581836937e-01	   5.3059448208799331e-01	  -1.0714351596175251e-01	  -1.9409865499916884e-01	   1.3312493713431919e-01	   4.2391835227518154e-01	   3.9570035711389118e-01	   1.6455714963089429e-01	  -2.7515996235468354e-01	   1.7319461258104474e-01	   1.7127807435958620e-01	   2.6457647336155365e-01	   1.0531909261636377e-01	   1.9729344801064763e-01	
   4.9169402366991538e-01	   3.6660969530380649e-01	  -1.2387187118427016e-01	   2.0142006203290531e-02	  -2.1329135187150905e-01	   7.4427850983014565e-01	   3.7258050193923437e-01	   8.2572898941902262e-01	   2.4725269788665927e-01	   6.8607305568064314e-01	   6.7366066620823117e-01	   0.0000000000000000e+00	   5.3013485265490223e-01	   8.3574677346592630e-01	   7.3480537727422979e-01	   5.6167807005841985e-01	   3.7471872145628049e-01	   2.5258294698914063e-01	   4.1270804685443618e-01	   4.1579502842468080e-01	   1.7212350848663927e-01	   2.4398697066447417e-01	  -2.4722327832539256e-01	  -1.4787407683078696e-01	  -4.4581926711369763e-01	  -3.3776962924894083e-01	  -5.2076029136469160e-01	   1.4162716814752105e-01	   5.5752006881400196e-01	   6.1167492926749167e-01	   7.9056009321014795e-02	   2.9063550208363275e-02	   2.5392376265533972e-01	   3.0927424848638652e-01	  -3.9865454765653741e-01	  -4.3917375060477154e-01	  -1.8929194912409680e-01	  -6.6897191324057817e-02	  -9.7760272151486818e-02	  -1.0647238207184706e-01	   2.0576061137514909e-01	   1.4785823066895232e-01	   1.8785093866036898e-01	   3.0086043841969667e-01	   7.0240911709132006e-02	   2.7482436030350998e-01	   3.6731741492969228e-01	   3.7039791896995972e-01	   3.1835432978448125e-01	   4.2412943538747316e-01	   1.9308261732269699e-01	   2.0060496693384683e-01	   5.6049947625094931e-01	   4.6593837345135009e-01	   5.5161734477854696e-01	   4.9596695817617731e-01	   2.5307962331169920e-01	   4.7877445533698870e-01	   4.7701747501389347e-01	   6.7082704668533211e-01	   5.9671827310017844e-01	   8.1499752137489312e-01	   3.9172925343890957e-01	   6.7266422511628476e-01	  -2.2424052352015511e-01	  -3.4745908013058088e-02	  -1.1518126013255453e-01	  -1.3724288939117585e-01	  -1.0579497860223891e-01	   2.8031958410843399e-01	  -4.1443436653728773e-02	   2.3938247821103104e-01	   3.2275031868481113e-01	   3.4042458836949430e-01	   2.3142015250574677e-01	   3.6850844390904686e-01	   1.8233558666864264e-01	   2.3428040263227534e-01	  -6.1952236275306438e-02	   3.2750455821169207e-02	   3.0685097715563803e-01	   2.1424133731094042e-01	   5.9146462354092266e-01	   6.0654991929694435e-01	   1.4211815804625255e-01	   1.5910234475184484e-01	  -2.9839675999803195e-01	  -1.0728852521136448e-01	   3.5837993765857090e-01	   5.1444016432773465e-01	   6.2164116213684184e-01	   4.9453259978129749e-01	   4.5747914784937393e-01	   1.3779962025082154e-01	   3.0640590320869449e-01	   3.2535117433938127e-01	  -1.1205898785285016e-02	   2.1246410687425674e-01	   5.4079063816148421e-01	   7.1303200740728290e-01	   7.2246110902506033e-01	   5.4200419008381351e-01	   5.5850027558997173e-01	   5.0147995540907597e-01	  -7.3935656590185986e-02	  -3.5538076682214736e-01	   1.0916137904167839e-01	   5.1712963116309318e-01	   3.5429096776235880e-01	   2.4865851971036101e-01	  -1.7974277382678444e-01	   2.9371848753522589e-01	   2.9540059651254652e-01	   1.8621032482633931e-01	   1.1149340604301364e-01	   1.3745121563140414e-01	
   4.4597099688101655e-01	   3.6096442581489259e-02	   2.2206398127866439e-01	   1.6604765933737532e-02	   1.6985651980098651e-01	   3.8982779302573212e-01	   6.7833358219634188e-01	   5.3709522618240602e-01	   5.6722241107842164e-01	   3.3749749241737481e-01	   7.8930857615301697e-01	   5.3013485265490223e-01	   0.0000000000000000e+00	   6.9747351535308089e-01	   5.8830170777153412e-01	   4.6623432545505239e-01	   3.8979886767358646e-01	   9.5539080944143304e-02	   1.9685623984963702e-01	   8.6780920670929077e-03	   2.0092520063771091e-01	   1.3880608435323849e-01	  -3.8564358411765878e-02	  -1.4518386560516297e-01	  -1.4806304073069959e-01	  -2.4908802249910406e-01	  -1.8226431069551149e-01	   2.2645011778483251e-01	   3.5934257447505213e-01	   3.3401475768770134e-01	  -8.2225935505819622e-02	  -1.0574513860463707e-01	   2.2508260353500895e-01	   5.2993933772302243e-02	  -7.1472662161507050e-02	  -2.9258323340847159e-01	   1.1408609745485497e-01	   1.0499099896340314e-01	   1.9030604940755258e-01	   3.3053009473521237e-02	   3.7700248638851158e-01	   1.7931826072663426e-01	   1.3051410313779457e-01	   5.4633933136221099e-02	  -3.9053446711972757e-02	   2.6609857829028947e-03	   2.2724670850977968e-01	   1.0477093568874686e-01	   1.2515141203620037e-01	   1.4907941227482685e-01	   1.4628651560505912e-01	   5.0709147205184157e-02	   3.5747505941422386e-01	   2.1850093531100379e-01	   3.9968751870868863e-01	   2.3902356859922411e-01	   1.4217187793503352e-01	   3.7505803117523218e-01	   7.6117542692930784e-01	   3.9644917875769992e-01	   8.9874577026976910e-01	   6.0018909188891068e-01	   3.5448946612914761e-01	   3.8131554316296656e-01	   8.4058468372122858e-02	   1.2862339850107810e-01	   1.4917094792061089e-01	  -1.9797813154371799e-01	  -4.3548233154545000e-02	   2.3309040594826214e-01	   1.7985313298134800e-01	   8.5050000921133684e-02	   2.6443316364183223e-01	   6.3743585096293687e-02	   1.7009850082868799e-01	   1.5012800234315787e-01	   2.4861717730777133e-01	  -7.9090313945124474e-02	   9.2995211867017105e-02	   8.1412990291840487e-02	   1.3545097332673156e-01	   2.1944867809659910e-01	   4.3032413934512231e-01	   3.0369088941382655e-01	   2.8861393793565671e-01	   2.0085333826540633e-01	  -2.8911579345462894e-02	  -2.3853907792201307e-01	   4.4081979935152926e-01	   3.7215699570460936e-01	   3.6653297580673366e-01	   6.6680075027168750e-01	   2.9142920374568682e-01	   5.1543660948990433e-01	   1.5039965891896295e-01	   1.7886666551469688e-01	   2.7430471006216872e-02	   3.8560377308448489e-02	   1.6661261231962254e-01	   4.9875632905956058e-01	   4.1952945949277298e-01	   6.4839976122025900e-01	   2.6749318489949797e-01	   3.8052562345592345e-01	  -6.1399398416605640e-02	  -1.6204174217339018e-01	   1.8064311849840808e-01	   2.7494881368434509e-01	   3.6332309775204780e-01	   2.1864549264613581e-01	  -2.3558819561514158e-01	  -3.3704197807512787e-03	   4.6781808163474492e-02	   4.1241372560898854e-02	   3.3083146654984366e-02	   1.2534112636248720e-01	
