   0.0000000000000000e+00	   8.5889169915834218e-01	   4.9123030382244698e-01	   5.1378400124818324e-01	   2.3451828146652004e-01	   2.5199424243151736e-01	   5.2385695325652148e-01	   4.3417027777766881e-01	   4.1584071171004794e-01	   3.7914353998603567e-01	   5.3292059048336471e-01	   4.3860031514380887e-01	   5.1446780025352057e-01	   4.4928978790340102e-01	   5.7930720965546811e-01	   4.3345522703056727e-01	   4.8601371558825179e-01	   5.1184755936080772e-01	   8.0193929692540677e-01	   7.4381750768635835e-01	   2.2966794998671169e-01	   1.7705067479616018e-01	   4.0777777638549162e-01	   2.9921613305729161e-01	   9.8852019283591511e-02	   1.5800775569457740e-01	   5.3788188566452599e-01	   4.0495886954123739e-01	   2.2062047141017060e-01	   2.5499420939088846e-01	   8.7788762870117748e-02	   1.6478521900486345e-01	   6.8321868817029197e-01	   7.1137879957608874e-01	   1.5382997909042292e-01	   1.3369290440482184e-01	   4.4888909580633141e-01	   4.0799649556289436e-01	   4.0310730512193171e-01	   5.8519958746602241e-01	   3.6500038688173453e-01	   6.5067244887537057e-01	   6.0086840958220078e-01	   5.5836692954004274e-01	   4.2357691470994019e-01	   4.0413764685171161e-01	   5.6301533855473440e-01	   5.1502365947760331e-01	   6.5679931403403247e-01	   5.8540778995066767e-01	   6.5611612465196623e-01	   5.3705056322554290e-01	   5.4600322891143827e-01	   4.0067261734343673e-01	   7.4632409645240738e-01	   6.1717332164461824e-01	   8.1769923358905117e-01	   6.8871224109803009e-01	   7.2859405814179334e-01	   5.5742300308279191e-01	   5.9195093858672143e-01	   2.1043456798749610e-01	   5.7376132053087081e-01	   3.2355030653773115e-01	   1.5761170757780035e-01	  -1.4134263271181103e-02	   4.8798238598388555e-01	   3.6533104178525744e-01	   7.7137643405820711e-01	   7.2146234403477671e-01	   1.4764571660622661e-01	   2.4257353974533730e-01	   3.5263988737214169e-01	   4.5662337968722921e-01	   3.7168336551566650e-01	   2.9574983567492796e-01	   4.9197319754593227e-01	   4.0686689796931774e-01	   6.4403551569710449e-01	   5.8686921277566662e-01	   6.7146296157229535e-01	   7.2454622676377922e-01	   4.2713976971624290e-01	   5.6291049158491602e-01	   7.0701087674260599e-01	   6.5160617583329117e-01	   3.2913441156757317e-01	   3.2569465739782960e-01	   6.5364954387258201e-01	   7.2139774565114589e-01	   4.2496349248957171e-01	   5.0471395316084833e-01	   4.5262368028783179e-01	   3.7250456540968624e-01	   2.0725342150189474e-01	   3.4824206395299923e-01	   5.6317188276343777e-01	   5.9622784841094201e-01	   6.5221232040293309e-01	   5.8207969779716939e-01	   2.7117413268306279e-01	   5.6899170433537960e-01	   4.1630355675729802e-01	   6.4604969273579327e-01	  -8.4279720673538783e-02	   1.1878578313257002e-01	   9.1807304575716342e-02	   5.1602710041707289e-01	   4.4540125193375753e-02	   1.8174953009892028e-01	   3.7519073619567078e-01	   5.0683391160679259e-01	   4.3240625002946392e-01	   3.3701748703852913e-01	   1.4577059953946886e-01	  -7.8783051739795384e-02	
   8.5889169915834218e-01	   0.0000000000000000e+00	   4.2345482349767954e-01	   4.3841510272828332e-01	   2.4446752891164308e-01	   1.3793306645646664e-01	   3.9581286981251856e-01	   3.7023755183222717e-01	   3.5140363342458103e-01	   3.1239501964797345e-01	   3.9596019133508953e-01	   3.4410035226175650e-01	   3.7044338668917215e-01	   3.2090435413138380e-01	   4.3566503284654656e-01	   2.7538992331162226e-01	   3.7225895920015356e-01	   5.1376650703399140e-01	   7.8069591898578361e-01	   7.8082661828773958e-01	   1.9839069432151113e-01	   4.4446752690914124e-02	   3.1494512379078554e-01	   2.0055726411201974e-01	   7.5493807496191473e-02	   1.0184613850071242e-01	   4.3451267894416956e-01	   3.3225266583714569e-01	   8.1201382760437729e-02	   1.4163328834635286e-01	   5.1356039355960455e-02	   8.4294176827767617e-02	   6.1283264852518671e-01	   6.4731448161110650e-01	   7.1064716290617294e-02	   6.0737835774059529e-02	   3.4078168167020256e-01	   3.1602151545037516e-01	   2.9049567809278032e-01	   4.8244452516673608e-01	   2.9620255917767158e-01	   5.3787854717673222e-01	   5.6146414713495441e-01	   5.6192343055384653e-01	   3.5590472657394456e-01	   3.8294020761925901e-01	   4.6683907233937061e-01	   4.5161172101250913e-01	   4.8986928403522545e-01	   5.5327146167688901e-01	   5.3937741048879340e-01	   4.8698803219494829e-01	   4.2062448159252597e-01	   3.9752014033874367e-01	   6.2198272557713086e-01	   5.4399099091917447e-01	   8.3062001102310390e-01	   7.4969928220191051e-01	   6.0417809774820319e-01	   5.0977063998877192e-01	   5.1387036815553788e-01	   1.7801686680121193e-01	   4.4155617732993541e-01	   2.8707647283535276e-01	   1.3466859415586296e-01	  -4.8450985274993148e-02	   3.1279699748611678e-01	   2.4873554319600291e-01	   8.0243794884059372e-01	   7.6711376157218414e-01	   7.4202693911455356e-02	   8.3370773511996066e-02	   1.8268165765732852e-01	   3.9640070304626740e-01	   2.3516822407860011e-01	   2.8745760724471320e-01	   4.0701529659055291e-01	   3.1344416859326374e-01	   5.2587748360680708e-01	   5.3058311271738434e-01	   5.3375483732242879e-01	   6.4351909764915172e-01	   2.7153929245921782e-01	   4.3866748617718293e-01	   5.1037078000078018e-01	   5.4999993096271149e-01	   2.1131496323411927e-01	   2.8882523170748131e-01	   5.5880791375906980e-01	   6.4855993484039365e-01	   4.4257161311656951e-01	   4.0991262773202430e-01	   3.9946535573509523e-01	   2.6299092510229449e-01	   1.5022745409704269e-01	   3.0817768672955137e-01	   4.8858961793195821e-01	   5.1047098798865242e-01	   6.2994124546633057e-01	   4.7823979040014730e-01	   1.5661483462618425e-01	   3.8633181327995314e-01	   3.5214056575807717e-01	   5.1989281460955006e-01	  -6.2474025750900018e-02	   1.8067493379865684e-01	   6.3800864977366353e-02	   4.6399097765924091e-01	   4.5877114409023659e-02	   1.6885751217891903e-01	   2.7813485163620727e-01	   4.7943044315990202e-01	   4.4616179890339147e-01	   3.5266696007702830e-01	   6.6560344302214622e-02	  -1.1810764515676367e-01	
   4.9123030382244698e-01	   4.2345482349767954e-01	   0.0000000000000000e+00	   5.1006201820731811e-01	   5.5061883646777698e-01	   1.7520186159163148e-01	   6.1685343453267172e-01	   2.2286844169744938e-01	   2.5550304068897867e-01	   1.3282604277948454e-01	   3.8872372359949281e-01	   1.8254796086205907e-01	   3.9149869620068478e-01	   3.2815052326614502e-01	   5.9239317500907140e-01	   3.6341560104735326e-01	   1.9592715225752688e-01	   2.2255527846391798e-01	   6.0685599411445712e-01	   5.8353932112333240e-01	   4.2803176068963722e-01	   3.9296788743590544e-01	   6.8906548499480147e-01	   4.0899554345372058e-01	   5.4929055885604583e-01	   5.2927626319862198e-01	   6.5618499450991807e-01	   4.7527895824665289e-01	   2.8108646684777927e-01	   2.0747090155450615e-01	   6.7929916857819217e-01	   5.7469083232617113e-01	   6.0745039834327175e-01	   4.8666663636938090e-01	   3.4742568223927928e-01	   2.4137293262209583e-01	   3.0319055068337597e-01	   4.5414341036664518e-01	   2.6301885499518468e-01	   4.1242225625916062e-01	   1.5088059520539751e-01	   3.4026864758461484e-01	   6.8464279348371415e-01	   5.5953182231675380e-01	   3.7503079134475326e-01	   3.4373915584384518e-01	   6.3574447174913518e-01	   6.1128827006158692e-01	   5.8935112971114090e-01	   4.4948248862410667e-01	   5.0635557641539974e-01	   3.2583154315574714e-01	   4.1285926652337901e-01	   1.6592578484053244e-01	   5.3085390716728509e-01	   4.4403974766608356e-01	   3.8291671812992545e-01	   3.5421815286031533e-01	   4.1446021900979563e-01	   2.9981560081984399e-01	   3.4091801834229563e-01	   9.3787664664016310e-03	   1.8799126722238574e-01	   6.6136601736533074e-02	   1.3036997326995398e-01	  -4.3966409067244028e-02	   4.4000359686343549e-01	   3.1049711934630009e-01	   4.6782646192204275e-01	   5.7000453179017307e-01	   5.3078651136212285e-01	   3.9687503079631958e-01	   2.9146716003549666e-01	   2.5576790466656985e-01	   4.3583704942359025e-01	   1.6013097848676114e-01	   6.1337271667951221e-01	   4.8806434103681495e-01	   2.6555666990057214e-01	   3.1107015809294175e-01	   3.1938973672504606e-01	   3.4075469234479339e-01	   5.9016139881268748e-01	   4.6322365417124856e-01	   4.8098228091347128e-01	   3.4523121324299111e-01	   3.2538353342715570e-01	   1.3739076788586649e-01	   4.6586703524905881e-01	   4.5540839251734233e-01	   5.0048193664655738e-01	   5.8234800527628394e-01	   4.9753041473079568e-01	   5.9248140418972783e-01	   1.0728878826273813e-01	   5.0404428600673568e-01	   5.6715544621520242e-01	   5.4273286676068666e-01	   5.8477524944460346e-01	   6.1283759688432804e-01	   3.1582195373967087e-01	   6.6138310292753855e-01	   3.5198716768861432e-01	   5.7546233410713987e-01	   3.3734600964925816e-02	   1.7915090288956609e-01	   9.1085767675784246e-02	   4.2299551512753758e-01	  -1.1119056755257120e-01	   3.1971964759678739e-01	   5.5913065456788602e-01	   6.6233100782545096e-01	   4.7724131914584150e-01	   4.8248481680374167e-01	   4.1295983197063679e-01	  -3.8788555017975825e-02	
   5.1378400124818324e-01	   4.3841510272828332e-01	   5.1006201820731811e-01	   0.0000000000000000e+00	   4.1605559824967764e-01	   5.6287532371384630e-01	   4.1655606144526691e-01	   6.2439102498470889e-01	   2.5825157541394195e-01	   3.1766457940428861e-01	   2.4580096582976277e-01	   3.8045823063273210e-01	   9.9201833667254491e-02	   3.2267699615276207e-01	   2.9550467198147357e-01	   4.6043311042358837e-01	   3.3101928993388618e-01	   4.0316413203065016e-01	   4.9147524976244050e-01	   5.8612439959621809e-01	   2.3465552210556573e-01	   3.6577896393651110e-01	   2.3804512036441383e-01	   4.8136963491932461e-01	   1.8849536732263342e-01	   3.4584396564401770e-01	   3.9497081988614446e-01	   6.3980734655690652e-01	   3.1803912035172588e-01	   3.9032632302329739e-01	   2.5657504047224855e-01	   4.4027438977039002e-01	   5.5120876890552628e-01	   6.2299132722586137e-01	   2.4024925131954378e-01	   4.4795683784690910e-01	   2.0106504010133652e-01	   3.5718406342669506e-01	   2.1786044605928895e-01	   5.2192188636335790e-01	   3.2745758544504233e-01	   3.8081809794526328e-01	   5.0439172748764827e-01	   4.7378719031022576e-01	   5.4573966927361739e-01	   5.9403606060607272e-01	   5.3717532935648016e-01	   5.2476900808651239e-01	   7.0367794343706858e-01	   5.9060027422699979e-01	   5.8309228985609662e-01	   4.5095762035130948e-01	   4.8370964728632060e-01	   2.9311801026222867e-01	   5.8866645163421327e-01	   5.8593063750053953e-01	   4.5226247176491130e-01	   4.2069175867939734e-01	   5.3167901201494894e-01	   5.3773808347885366e-01	   4.0190871567940112e-01	   3.8627116837361647e-01	   3.9766286908668064e-01	   4.0657867390854285e-01	   3.6005366182737397e-01	   2.8305940004844121e-01	   5.6037491754992208e-01	   5.4470170712896970e-01	   4.2916797578769489e-01	   4.8662258708070660e-01	   8.4310336755325746e-02	   2.4188863887484308e-01	   2.8968640250042677e-01	   4.4181371308421480e-01	   2.8863498261356241e-01	   2.8953301549319138e-01	   3.4935083050519161e-01	   3.5819032796001826e-01	   3.0788403054533425e-01	   3.1177147834623209e-01	   4.9056350236142354e-01	   5.1443963196392106e-01	   4.7707681674628361e-01	   6.4183009020871684e-01	   5.8467053374247024e-01	   5.6848046461838964e-01	   2.5359566059999450e-01	   3.7098998074618006e-01	   3.6166358590723080e-01	   5.1694755373834456e-01	   4.9754240993387544e-01	   3.8074625649200400e-01	   3.9849327460631412e-01	   2.2673429931935696e-01	   1.3252885542278925e-01	   2.9021965451964599e-01	   3.4221459329068887e-01	   3.9826613304805658e-01	   6.2105726638898839e-01	   5.9665317354917558e-01	   3.5498744731887277e-01	   4.1069838396860281e-01	   4.1442399010109227e-01	   5.0347938880055387e-01	  -1.9804096566507570e-02	   1.4989888726061373e-01	   4.2841107667709516e-02	   4.7007388612797452e-01	  -1.2878107984837339e-01	   1.2156257340246325e-01	   3.2770435360232297e-01	   3.2415527519302306e-01	   2.1622420553553157e-01	   2.4796739718834304e-01	   3.3277485355730424e-01	   1.5877895498731037e-01	
   2.3451828146652004e-01	   2.4446752891164308e-01	   5.5061883646777698e-01	   4.1605559824967764e-01	   0.0000000000000000e+00	   3.6042567291659733e-01	   4.5256956974498697e-01	   2.4950869298094791e-01	   4.0850057601012846e-01	   2.5605624493578555e-01	   2.6922332386471071e-01	   1.4868149663826327e-01	   2.3245422500603771e-01	   3.1213780546605829e-01	   5.4361459866373951e-01	   4.5450115345792175e-01	   6.0884084383004841e-02	   1.0498532410352659e-01	   3.2157492512605879e-01	   3.4583621533048814e-01	   4.4235730751571412e-01	   3.6819704454399899e-01	   5.9414225521570063e-01	   5.7445672952898863e-01	   5.4169782262082966e-01	   4.9871349933535403e-01	   4.8614944829898554e-01	   3.5974906444847876e-01	   2.2714110543566879e-01	   2.0844764570217417e-01	   6.1324627547091737e-01	   6.2879190165116938e-01	   4.8239879931197610e-01	   4.1882998394633514e-01	   4.4113572783264193e-01	   3.4091427165135690e-01	   2.6230301644033399e-01	   3.7330505041033268e-01	   1.4480857065309052e-01	   3.5168908764865570e-01	   1.3082275335940849e-01	   9.6301631659343995e-02	   4.4323334725502095e-01	   3.9078899558939473e-01	   4.0604058884658534e-01	   4.0652547045631338e-01	   3.7419841647826768e-01	   3.9056514622856020e-01	   3.6849272203807343e-01	   2.6643873983571281e-01	   2.9282371680566277e-01	   1.9836096272188211e-01	   1.5882527454254597e-01	   1.5066687351999017e-01	   2.7644929219359127e-01	   2.7608692980357280e-01	   1.6647976060622555e-01	   1.0061453778753476e-02	   1.1462804672000668e-01	   5.2456171784531921e-02	   2.0490137425727001e-02	  -3.4166199243107993e-02	  -1.0598242651089976e-01	  -4.4479211585072953e-02	   4.0769174718412832e-01	   2.0634909257081785e-01	   3.6848932364614634e-01	   3.0283220382598564e-01	   2.6510014769645646e-01	   3.2091207062365618e-01	   4.6290290445157034e-01	   4.2787270073807165e-01	   2.3818096405505465e-01	   1.9243328571393833e-01	   3.3075272682605827e-01	   2.2964501161456863e-01	   4.7426687225852904e-01	   5.3233845421120063e-01	   2.2570964247515091e-02	   2.3261873109880038e-01	   9.0886432697715847e-02	   2.1370861236591851e-01	   5.1694668184122650e-01	   4.9078892351490683e-01	   3.9331123138806978e-01	   3.7017815006589350e-01	   3.7326789400641985e-01	   3.9182217693955601e-01	   3.5950553296221793e-01	   2.1969463454770777e-01	   1.0470399972811122e-01	   2.7919380941100569e-01	   3.3281989023012060e-01	   3.3388728689496061e-01	  -3.1915850897252379e-02	   3.0852672789383284e-01	   2.2440894650300491e-01	   2.8025822167525155e-01	   2.5969055477494007e-01	   3.0360275728614544e-01	   1.2826748414417496e-01	   3.4916870665985339e-01	   1.8561741275552446e-01	   2.1887902695008776e-01	  -2.0062539636720758e-01	  -1.0338637403072079e-01	  -1.3623650076386312e-02	   2.3979529439568412e-01	  -3.2410955626970363e-02	   2.5518174232590624e-01	   2.4306457566273040e-01	   2.6328610820745074e-01	   1.8532240649612575e-01	   2.2408695149663488e-01	   2.0884340080947350e-01	   2.6388121485527331e-02	
   2.5199424243151736e-01	   1.3793306645646664e-01	   1.7520186159163148e-01	   5.6287532371384630e-01	   3.6042567291659733e-01	   0.0000000000000000e+00	   4.0340587070845668e-01	   6.9895393543874840e-01	   4.7242848584076075e-01	   6.3578449757928712e-01	   3.5700399832487362e-01	   5.1508090840253906e-01	   3.5463773692755046e-01	   5.3282446461227306e-01	   4.0448505291076320e-01	   7.1435601914029001e-01	   1.6792177991041851e-01	   1.4943105475816201e-01	   1.3806479509551856e-01	   1.6670787961712516e-01	   1.2174501172679483e-01	   2.1330644261029968e-01	   1.9829259701728968e-01	   5.2244782148723579e-01	   1.3006651955825629e-01	   2.5788857794502973e-01	   4.7223456758993906e-02	   4.5502014271071622e-01	   3.3711619798773024e-01	   4.0509417666027092e-01	   1.3940980161578001e-01	   3.8196556490690725e-01	   2.7591041078151690e-01	   4.4186986670148176e-01	  -2.2417312240492038e-02	   1.6997288425738069e-01	   2.6370332376014033e-01	   9.0935451858163110e-02	   2.2148567014238904e-01	   3.1935793505905835e-01	   2.3702395314363431e-01	   2.0190009821695948e-01	   1.8705138915756692e-01	   1.4965864034208978e-01	   1.5747843740199882e-01	   1.5099641259976418e-01	   1.4004183184546437e-01	   1.4568390366288944e-01	   2.5066899718450392e-01	   1.9538190211307987e-01	   1.9540179436187249e-01	   9.8247613275359649e-02	   1.2943377809904857e-01	   4.2770772983042726e-03	   3.0582794219367249e-01	   2.6811742110392639e-01	   6.6415638274633954e-02	  -8.3761902006000630e-03	   9.9371047695505060e-02	   1.0370574438382124e-01	   1.5782548642484101e-01	   5.1188977479291364e-01	   9.3743350353037103e-02	   2.6108050837363256e-01	   4.4636839873084466e-01	   3.2897755130258222e-01	   1.6203731224408241e-01	   1.2218182071815903e-01	   2.1098413268886873e-01	   7.3999819503801176e-02	   4.9372563669402396e-02	   2.7502962118179303e-01	   3.8308861355351209e-01	   3.3065115730314054e-01	   3.2925738252003339e-01	   3.5315909978127047e-01	   3.2835246117275357e-01	   3.6091632818673103e-01	   1.4805948069811370e-01	   2.0608395791718681e-01	   2.0033592790246491e-01	   2.3129098464257605e-01	   3.1691585824073237e-01	   5.0293479900974347e-01	   3.6168649522760227e-01	   3.6375086673478918e-01	   1.0252274833079507e-01	   1.9422979429345588e-01	   3.8193000807401184e-01	   2.8307331506208439e-01	   8.1269534810737384e-02	   8.6812174395016400e-02	   2.6911557461748381e-01	   1.7351977418621811e-01	   1.4206375138362173e-01	   6.8970820609346006e-02	   1.3606383036698166e-01	   1.9690779005116521e-01	   1.8316613215096447e-01	   2.5333803388962017e-01	   2.9276310422652380e-01	   2.1305242766243349e-01	   2.5782541145539900e-01	   9.4908119781719702e-02	  -7.8684016680640095e-02	   1.3651791650828308e-02	   1.2095673757584507e-01	   1.1789033758471459e-01	   9.7470745376973478e-02	   2.4576522854223470e-01	   1.1089316680495523e-01	   8.8819789362648921e-02	   7.0866674439769572e-02	   1.6614757756711079e-01	   3.4897642258083011e-01	   4.3012436076851579e-01	
   5.2385695325652148e-01	   3.9581286981251856e-01	   6.1685343453267172e-01	   4.1655606144526691e-01	   4.5256956974498697e-01	   4.0340587070845668e-01	   0.0000000000000000e+00	   6.9928498983309118e-01	   7.2661253002845561e-01	   6.2174201199179258e-01	   7.0228762830611402e-01	   4.6623930736535463e-01	   7.4286972708127275e-01	   5.6594099206129900e-01	   7.4739111836021244e-01	   4.9845255691667606e-01	   3.0029209121528477e-01	   2.0598554049416518e-01	   5.2988205102046759e-01	   4.0009915496509318e-01	   1.2958944367367980e-01	   1.1045985587902522e-01	   5.5041946849284273e-01	   4.1020776782174173e-01	   1.4774878247190659e-01	   6.4645772401674809e-02	   4.5751331660325789e-01	   2.4156216496290475e-01	   2.0091667546923489e-01	   2.0770551698420925e-01	   1.8045726263107215e-01	   2.0773942475152415e-01	   5.1274689804803775e-01	   5.5673070627649124e-01	   1.1735839728640279e-01	   1.5881631610816802e-01	   1.2632197948628132e-01	   1.5740402090180328e-01	   1.1038341379922988e-01	   2.9157715339721113e-01	   6.5258468852581367e-02	   2.9851429699652227e-01	   4.8478639216628899e-01	   3.9869465611253402e-01	   3.8560055013917732e-01	   3.5737042271065400e-01	   5.0796258487468060e-01	   4.6152641813824674e-01	   6.2169884862718305e-01	   4.9430987947495336e-01	   5.3528635712698047e-01	   3.4799615252131777e-01	   5.0642520469153951e-01	   1.2937502451552524e-01	   5.3694296336158276e-01	   4.6283700693264740e-01	   2.9174749899514779e-01	   2.9570026080739059e-01	   5.7679644508783268e-01	   4.9934222584998489e-01	   5.9725781202604189e-01	   4.7302855069637711e-01	   2.8064665884394202e-01	   1.9274998305442936e-01	   4.2582680834284903e-01	   9.1383724835644484e-02	   3.6917821729018874e-01	   2.2333240755907557e-01	   3.1873582648012699e-01	   4.1525146682466491e-01	   4.9661999165114340e-01	   4.9264250789869457e-01	   4.0149505176543399e-01	   3.0075933570227276e-01	   5.5527456527739383e-01	   3.3366743368473673e-01	   6.3795277561443409e-01	   5.3422521179165616e-01	   2.7252631841994124e-01	   2.6122056580374942e-01	   3.0301012960707707e-01	   3.1988418901628779e-01	   5.2171777784197548e-01	   4.6922480380065956e-01	   5.0056582043451359e-01	   4.5545663464802716e-01	   1.8652800272155981e-01	   6.5791101184750622e-02	   5.2824538305493618e-01	   5.7486228200748490e-01	   4.4094290897143151e-01	   5.2946856967882983e-01	   5.7417186450170665e-01	   6.2924982490013470e-01	   2.4628527199101641e-01	   3.5613306515957022e-01	   4.4837865124114740e-01	   5.0890861260529974e-01	   5.2682258590323616e-01	   6.3379125082634746e-01	   4.2277533100595632e-01	   7.3757289613804022e-01	   3.7230745973196872e-01	   4.9333215271823438e-01	  -1.0202937935054833e-01	   5.5309547712426896e-02	   3.0590758598553996e-01	   4.1153429767628946e-01	   9.3210962608574546e-02	   4.4752106471573028e-01	   4.2479575431193806e-01	   5.3975614133524519e-01	   3.5452425816126398e-01	   4.8349881312663601e-01	   3.9664741114739865e-01	   8.4795534316933166e-02	
   4.3417027777766881e-01	   3.7023755183222717e-01	   2.2286844169744938e-01	   6.2439102498470889e-01	   2.4950869298094791e-01	   6.9895393543874840e-01	   6.9928498983309118e-01	   0.0000000000000000e+00	   5.7453626383933554e-01	   6.8930681787446946e-01	   5.4296181592132275e-01	   6.0433656400793756e-01	   4.8271587578614450e-01	   5.7207373682084017e-01	   4.2944874623594997e-01	   5.1178593701790409e-01	   3.6596171667845323e-01	   2.7704611344924945e-01	   4.0612980181839992e-01	   3.7782178629344754e-01	  -3.5950125490907550e-02	   5.0070765362722744e-02	   1.7335624534848981e-01	   3.7512434275565648e-01	  -1.0447504816525560e-01	  -2.9552303242995216e-02	   1.3979578559919839e-01	   2.9882785740645301e-01	   2.0300412497376688e-01	   3.2768121415757634e-01	  -1.1247547792440848e-01	   1.1792977668058197e-01	   4.2026785922606447e-01	   6.0548224396172479e-01	  -7.9619288832495305e-02	   1.9084317581190555e-01	   2.0054232029885571e-02	   1.5614076517191200e-01	   1.0271618031189671e-01	   3.6913749496030002e-01	   2.2549239550987221e-01	   3.4054662001114655e-01	   2.5245987140938481e-01	   2.4878079509767115e-01	   2.7127929267542161e-01	   3.6434257141237814e-01	   2.5355112457973428e-01	   2.6693737726021260e-01	   4.3053307387335749e-01	   3.8869973115264544e-01	   3.7774697391307710e-01	   2.5056405355409012e-01	   3.7373694974548111e-01	   1.0477891611117217e-01	   4.2532016855303378e-01	   3.9479909343137076e-01	   2.8970036711460478e-01	   3.1266621374858850e-01	   4.8405298220137272e-01	   5.3091978477021651e-01	   5.6926220186592258e-01	   7.6126519491735245e-01	   3.1549219597991768e-01	   4.1562414691647420e-01	   4.5985461037185904e-01	   2.9788864952040917e-01	   3.1652120008014289e-01	   2.9364118296814867e-01	   3.3020694727117689e-01	   3.6499109345621777e-01	   1.2273556559607031e-01	   3.2454041361130781e-01	   3.2691682408653033e-01	   3.8641036450971578e-01	   4.3740077051495596e-01	   4.4705972738261285e-01	   4.4411029267731711e-01	   4.4398768483909762e-01	   2.8238793489751202e-01	   2.3960581934755720e-01	   3.6685639663406305e-01	   3.3689216697589375e-01	   3.5989444808032728e-01	   4.9035175243523621e-01	   4.3133335887696267e-01	   4.7490427223177001e-01	   2.3943991474374825e-02	   1.2097665753951782e-01	   4.4020748877572430e-01	   5.4733765197011564e-01	   4.2409703945165061e-01	   3.5507841861471612e-01	   5.1855058319902270e-01	   3.6156994770248008e-01	   2.6276495076439371e-01	   2.7260471573728862e-01	   3.0627679232665300e-01	   3.9006655672379326e-01	   4.5508234848930462e-01	   4.7902664907279102e-01	   4.2559618866315679e-01	   5.0737841237006709e-01	   3.8532335373519655e-01	   3.4659737917444239e-01	  -5.4957478706793364e-02	   1.2791685515668058e-01	   3.2161477045301090e-01	   3.8357109878933177e-01	   1.2079331961698472e-01	   3.3500456839285203e-01	   2.6639060315604579e-01	   2.4373048631392907e-01	   2.2163816718395105e-01	   3.4196487597019959e-01	   3.2511500627421386e-01	   1.8645451324861292e-01	
   4.1584071171004794e-01	   3.5140363342458103e-01	   2.5550304068897867e-01	   2.5825157541394195e-01	   4.0850057601012846e-01	   4.7242848584076075e-01	   7.2661253002845561e-01	   5.7453626383933554e-01	   0.0000000000000000e+00	   6.8836070626888168e-01	   6.2404826880189368e-01	   4.6215484242301702e-01	   6.9823797418509748e-01	   5.9607289432340083e-01	   7.7951387555256491e-01	   6.1770175192838916e-01	   1.1320672455072639e-01	   7.0192308429086803e-02	   2.6914252901288749e-01	   1.8401286150348023e-01	   1.7786887916472610e-01	   2.2133280254822030e-02	   4.4390278960773211e-01	   4.5585685610018689e-01	   6.6346385032099539e-02	  -3.0894507076655767e-02	   3.4693342513652858e-01	   1.4197335540294481e-01	   1.2429349291217393e-01	   1.0998425782225871e-01	  -8.6784836331518997e-03	   5.8309351703125893e-02	   2.5773427274934141e-01	   3.5288456933342294e-01	   7.1703000251114882e-02	   6.3221103475267618e-02	   1.7990079413961185e-01	  -7.5143331538616964e-02	   1.3782953687046579e-01	   1.5047271890776417e-01	   4.6791293126863698e-02	   2.0200484196095930e-01	   3.8724931170738797e-01	   2.7928229701394425e-01	   2.8221421378729106e-01	   2.5234700043698705e-01	   2.8784461169451681e-01	   2.3322210527147486e-01	   4.8681273818102300e-01	   4.1579202797412063e-01	   3.9842794871254889e-01	   2.6060212775332964e-01	   2.9098751144381757e-01	   6.5539273391302139e-02	   4.4266446858877806e-01	   4.6891962633547951e-01	   1.5313104454078405e-01	   8.1341176375156449e-02	   4.1956583567522432e-01	   3.4478841132205806e-01	   3.8554885491682556e-01	   3.9979488221278253e-01	   1.1554471643119960e-01	   8.9354081355122156e-02	   4.5400927085792353e-01	   7.2248639880341387e-02	   1.8173168654102587e-01	   4.8014102549587536e-03	   2.5792575708022858e-01	   2.2988794608627072e-01	   3.2662719433109433e-01	   3.8239221256643652e-01	   3.0405003933877939e-01	   2.2310035398613798e-01	   2.6694955118209385e-01	   2.8662783462053021e-01	   3.9468914290765256e-01	   3.4585589003373574e-01	   1.0684764912760028e-01	   1.3086304295121384e-01	   1.0772242527614106e-01	   1.7100542967654569e-01	   4.0677822855616441e-01	   3.8116314447677424e-01	   4.3277709992569180e-01	   4.3570562209914310e-01	   1.4912705894780912e-01	   2.8548381731059586e-01	   5.2027941146722623e-01	   5.2814751104520830e-01	   8.6313017169465350e-02	   2.1506183117110203e-01	   3.1312344220109989e-01	   4.0975282584568962e-01	   1.9983783057412513e-01	  -1.3634672952814826e-03	   1.5982216239884023e-01	   2.5560482489530717e-01	   2.2600808285679208e-01	   3.5093751597450368e-01	   2.7600277362892356e-01	   4.2309172329239442e-01	   1.6665158682003733e-01	   8.5482318091605114e-02	  -3.4734483014860440e-01	  -1.9281153701785014e-01	   9.8918227252007204e-02	   2.3330322128984315e-01	   1.3443212186205555e-01	   2.9958632113180311e-01	   1.4670538049882262e-02	   1.9594887431642771e-01	   1.4862082687779818e-02	   1.9006070571388206e-01	   2.3885330155756707e-01	   1.3506105207168936e-01	
   3.7914353998603567e-01	   3.1239501964797345e-01	   1.3282604277948454e-01	   3.1766457940428861e-01	   2.5605624493578555e-01	   6.3578449757928712e-01	   6.2174201199179258e-01	   6.8930681787446946e-01	   6.8836070626888168e-01	   0.0000000000000000e+00	   4.0166538033780352e-01	   3.1462466856824206e-01	   5.2235630875735184e-01	   4.2043353769993580e-01	   5.2466983883572249e-01	   5.8200459808116578e-01	  -3.5224729354937775e-03	  -5.5414769846543435e-02	   2.1441670131816473e-01	   2.0500588004950840e-01	  -2.4915529276315150e-02	  -1.8021832076811106e-01	   3.8086663612848792e-01	   4.8724967963422716e-01	   1.3293953503002590e-01	   3.9023634797361692e-02	   2.6585824524291063e-01	   1.8087498752605188e-01	  -1.4883830238304904e-01	  -8.9027663820544500e-02	  -1.4757230496943355e-01	  -2.6243129676118807e-02	   1.6994408636257505e-01	   4.0282766981280205e-01	  -9.0580673424836625e-03	   8.8127166466228452e-02	   1.0329175211010339e-01	  -5.4066194336299375e-02	  -3.4794444188399276e-02	   1.4901554078213519e-01	  -2.6242477487591731e-02	   5.0906631775921030e-02	   2.4741737446658163e-01	   1.3773741856520483e-01	   1.0893687548828512e-01	   7.1224981360142686e-02	   1.8023520356435171e-01	   1.4561472990665950e-01	   3.0179519936505733e-01	   2.8437504747262288e-01	   4.7416751686640296e-01	   3.0552086192877986e-01	   3.9103408177333615e-01	   2.1104239185923365e-01	   4.2689952789456576e-01	   3.9909537134408646e-01	   1.5183601782712941e-01	   7.6755835365951819e-02	   2.9022103141677341e-01	   2.9708549587724215e-01	   2.0624005373462953e-01	   4.3038615079200482e-01	  -3.0878202549381135e-02	  -6.9634724602993789e-02	   4.2878013747397792e-01	   2.9478621353610462e-01	   5.5545335653230499e-02	   6.7739542225089058e-02	   3.2069888797146801e-01	   2.1946609858286309e-01	   1.6389613108104037e-01	   2.5444443740358297e-01	   2.6839533082744038e-01	   8.4017171915576547e-02	   3.3310780416501057e-01	   1.9497961368223490e-01	   3.2450755251159513e-01	   2.9152739078720574e-01	   3.1765064474398898e-02	   1.5147556924777195e-01	   1.6696724170574263e-02	   9.9371209772076530e-02	   1.9042922149251992e-01	   2.3864393542233880e-01	   4.0967584499893583e-01	   4.9842763941154034e-01	  -7.6762962224185188e-02	   1.8117499785068178e-01	   4.8744424871362718e-01	   4.3569152372912145e-01	   1.0581980659239135e-01	   1.8607584039096475e-01	   3.7092855686239318e-01	   3.2865975166768835e-01	   2.1494317904214372e-01	   1.2757579440626179e-01	   3.0890653910753074e-01	   3.8856257694414142e-01	   2.6022802989797361e-01	   3.5887149485106817e-01	   1.8739983516377240e-01	   3.0039903428857939e-01	   7.3927789737187929e-02	   7.2106428364939690e-02	  -3.0734725596790596e-01	  -1.3642821896429300e-01	   1.4167525551286950e-01	   3.5015142052856579e-01	   2.9304137800615304e-01	   3.8039724697121557e-01	   1.7775749163973825e-01	   1.6346116394040353e-01	  -3.9666996099232923e-02	   1.9183692721349294e-01	   3.2197968527149617e-01	   2.6967847183992638e-01	
   5.3292059048336471e-01	   3.9596019133508953e-01	   3.8872372359949281e-01	   2.4580096582976277e-01	   2.6922332386471071e-01	   3.5700399832487362e-01	   7.0228762830611402e-01	   5.4296181592132275e-01	   6.2404826880189368e-01	   4.0166538033780352e-01	   0.0000000000000000e+00	   7.6107049292611040e-01	   8.7970617124291683e-01	   7.6096393665193873e-01	   7.4249549181543073e-01	   5.1970954530972013e-01	   5.9194567748265592e-01	   4.8772411610873401e-01	   4.6123830468128613e-01	   2.5355518069735522e-01	   1.4279074667965436e-01	   2.1505202525658379e-01	   3.1418948154616511e-01	   2.2887839809004301e-01	  -5.3565921220962119e-02	  -1.3623881039289173e-01	   2.5984615653214183e-01	   6.5349175745870750e-02	   5.5149715336443972e-01	   5.0572371331356281e-01	   1.1677648423641675e-01	   1.6811069409406892e-01	   5.1223209972990302e-01	   5.5682509440742467e-01	  -1.0262411419327203e-01	  -2.7997259279868458e-02	   3.3557304468667637e-01	   9.5616549512985788e-02	   2.9699676504629463e-01	   3.6241930452291027e-01	   3.0456852448563665e-01	   5.2052838231924659e-01	   3.3434231927956537e-01	   4.4567002987820836e-01	   2.9999096205566161e-01	   2.6288787706474098e-01	   3.5912773265053161e-01	   2.7793545925207008e-01	   4.3982827478302366e-01	   3.7856348507595083e-01	   2.8612125297886015e-01	   2.8222378140033977e-01	   3.2608917054088882e-01	   5.0132434612637972e-02	   5.0246795121278109e-01	   3.8207095603492364e-01	   2.9598346359089950e-01	   3.4115033020294799e-01	   4.2773876284608697e-01	   2.8308482817010400e-01	   6.4064499089525817e-01	   5.2364983257807940e-01	   5.5544177282407825e-01	   5.3116818203901561e-01	   3.2531730864238290e-01	  -9.2293698839525096e-02	   2.5154423202409959e-01	   7.1067143974151356e-02	   2.1144305517880513e-01	   1.8713872438063178e-01	   3.3833654459686718e-01	   3.8910127202855144e-01	   6.1999823072818938e-01	   5.4502957332740676e-01	   5.8276650029748633e-01	   4.9942236912699622e-01	   6.0850435889143339e-01	   5.8266950111108162e-01	   5.4155978143649752e-01	   3.8655878354868911e-01	   4.8317456283860338e-01	   4.5239201530733453e-01	   4.9959171475561770e-01	   5.7232641059400124e-01	   4.9643017278270796e-01	   3.5251828268199853e-01	   1.9778131051610720e-01	   1.8799547860296539e-01	   5.0323243437618825e-01	   5.4753913619719730e-01	   9.8668338036307091e-02	   2.3929761994419532e-01	   1.3649131188632246e-01	   3.2184747435145405e-01	   1.6391812718797952e-01	   8.8555969501909443e-02	   1.7081241019464560e-01	   2.6241939512788898e-01	   3.6010804528608154e-01	   3.6050736088830110e-01	   3.8243594691333704e-01	   4.9165418588477422e-01	   3.6337307879490588e-01	   3.6066964223535880e-01	  -1.7742436385426022e-01	  -1.1909641156561648e-02	   2.5116089522059258e-02	   2.0278605552705106e-01	  -1.6650782792948349e-02	   2.7843722745412913e-01	   9.0538064857789174e-02	   2.9918623618008838e-01	   2.7697145475540741e-01	   2.5898106215965888e-01	   2.0785638799028913e-01	   6.2348782191123983e-02	
   4.3860031514380887e-01	   3.4410035226175650e-01	   1.8254796086205907e-01	   3.8045823063273210e-01	   1.4868149663826327e-01	   5.1508090840253906e-01	   4.6623930736535463e-01	   6.0433656400793756e-01	   4.6215484242301702e-01	   3.1462466856824206e-01	   7.6107049292611040e-01	   0.0000000000000000e+00	   6.7032814277057651e-01	   8.6179348580996051e-01	   5.2488113240555245e-01	   6.2342677965807913e-01	   5.4198862776896661e-01	   5.3442265349482265e-01	   3.6625756184629210e-01	   2.1256438964818131e-01	  -3.7817445056595865e-02	   1.3528429064148978e-01	   7.9429688254359671e-02	   2.8464762183587544e-01	  -2.9992882680410266e-01	  -2.0750613050869204e-01	  -1.0280159617983850e-02	   2.0625590583061665e-01	   5.8649710647452813e-01	   5.9523453933046633e-01	  -2.5673980713050461e-02	   1.5857502117201580e-01	   3.0357952776583008e-01	   3.7160204635319782e-01	  -3.5496371627375417e-01	  -1.8092337974913594e-01	   1.6304405982719739e-01	   1.5260439960376631e-02	   2.3016517314119306e-01	   3.6572980644681996e-01	   3.1502502081604145e-01	   5.5711709524475761e-01	   9.9524586057279651e-02	   2.3785021652096602e-01	   1.1652023204481878e-01	   1.3069609295834708e-01	   1.5203731412100580e-01	   7.7642915567945614e-02	   3.3982610232093574e-01	   3.2932037895046040e-01	   1.8000525669377548e-01	   3.0632234595565705e-01	   2.1629325572227415e-01	   6.4387787613548828e-03	   4.2634203822510075e-01	   3.3272249740264853e-01	   1.7982044629229127e-01	   2.4357623775247533e-01	   3.0246381107755049e-01	   2.3143843070435227e-01	   5.3696963203392090e-01	   6.0681764367733360e-01	   5.5905876446045633e-01	   6.8492266230864041e-01	   3.5317223482211380e-01	  -3.7519055677155168e-02	   5.8149910778453107e-02	  -8.1756803492003066e-02	   8.0291238423163644e-02	   6.8009235082989783e-02	   8.6096995331804579e-02	   2.9647535823599819e-01	   5.2159837716602242e-01	   6.0249432909509881e-01	   4.8445864991065823e-01	   5.7774417427311342e-01	   4.2128961981588664e-01	   4.2050995237845212e-01	   4.9091770027999093e-01	   3.0243039795827198e-01	   5.0504964563933674e-01	   5.0506480497153761e-01	   3.8736135848647624e-01	   6.4309310040191359e-01	   4.0976466273530215e-01	   3.1528415274828364e-01	   1.3484842389573568e-01	   1.2266653210053141e-01	   3.4514437266912956e-01	   4.6258023185205482e-01	   1.4105791450762056e-01	   9.6971633788104278e-02	   1.4984463949472865e-01	   2.0534082444891556e-02	   9.2044677451952828e-02	   3.1003828869574306e-02	  -2.6452834932122374e-02	   1.2993474121827636e-01	   2.9274445808164912e-01	   2.9713613563618380e-01	   5.0063651505958129e-01	   2.3415257258141578e-01	   3.8215781562553686e-01	   2.7734004688407332e-01	  -1.5040884049200770e-01	   5.6118692531380930e-02	   1.6981673237723154e-03	   8.9218865374911208e-02	  -1.3130748605373860e-01	   1.1202916874024477e-01	  -5.9925030587757257e-02	   1.0808406087890784e-01	   2.0702936342721817e-01	   2.4172307604213641e-01	   2.4280689040508341e-01	   4.7287048600087034e-02	
   5.1446780025352057e-01	   3.7044338668917215e-01	   3.9149869620068478e-01	   9.9201833667254491e-02	   2.3245422500603771e-01	   3.5463773692755046e-01	   7.4286972708127275e-01	   4.8271587578614450e-01	   6.9823797418509748e-01	   5.2235630875735184e-01	   8.7970617124291683e-01	   6.7032814277057651e-01	   0.0000000000000000e+00	   7.6816630832369470e-01	   7.9593963152295011e-01	   5.5611591012454431e-01	   4.1536583375440161e-01	   3.1411343876932518e-01	   4.1279992640106900e-01	   2.0899551784454296e-01	   1.1833560647063895e-01	   7.0310750412499581e-02	   4.0935989457755628e-01	   2.7412600550055122e-01	  -1.5258410874850060e-02	  -1.2811579691042152e-01	   2.8898066612934148e-01	   2.5838409049530078e-02	   3.7632285702652674e-01	   3.0441408185225577e-01	   3.9296938790644040e-02	   3.7590414447074186e-02	   4.2495651315709615e-01	   4.4589581601452205e-01	  -1.2085895894771118e-01	  -1.4683807685538625e-01	   3.4565718233482212e-01	   3.5254201703236544e-02	   2.2243825665174805e-01	   2.5796667547623731e-01	   2.1007497990830568e-01	   4.2670688393226197e-01	   2.8042840370583877e-01	   3.0486466934315226e-01	   1.4800233882256805e-01	   5.6140926440085608e-02	   2.6672576641307350e-01	   2.0147335882528350e-01	   3.9599979960935583e-01	   2.9273696950348160e-01	   2.9950896387768094e-01	   2.2625217726755428e-01	   3.1259423827203564e-01	  -1.4665109310319531e-02	   4.9055040253889864e-01	   3.1089729021520962e-01	   1.7235765113217100e-01	   1.9631997619605462e-01	   4.0240258475470897e-01	   1.9175484539149831e-01	   5.4917474891642626e-01	   3.9766514162969474e-01	   3.8325789433309865e-01	   3.0640948292959574e-01	   2.6075263097415069e-01	  -1.1637094285657321e-01	   1.1396015274586099e-01	  -5.8749359542664199e-02	   2.3763255907815478e-01	   1.8829068976708177e-01	   3.6702663513399025e-01	   4.2186449283668748e-01	   5.4935348694812403e-01	   3.7420700601186119e-01	   5.7058296706309941e-01	   3.8010715739105005e-01	   5.7384709014338153e-01	   5.2125416288388138e-01	   4.0937986068386056e-01	   2.9494032352426625e-01	   3.4094915168440459e-01	   3.4636388090208436e-01	   3.8364401271563997e-01	   4.2868579854875377e-01	   4.1010235148009333e-01	   3.4302390938820088e-01	   1.0066517068395862e-01	   8.8463240653522818e-02	   5.4963277733276250e-01	   5.4741126548317343e-01	   9.0764444561248936e-02	   2.8370184649754471e-01	   2.5349056839398421e-01	   4.1281441502023086e-01	   2.5018517578324440e-01	   1.1821384065743673e-01	   2.5419874466625381e-01	   3.2510599867580553e-01	   2.8074080150823932e-01	   3.6271305555791977e-01	   3.6281209484087229e-01	   4.8332313781915881e-01	   2.5222176397673984e-01	   3.1381148275333121e-01	  -1.5067383194128439e-01	   1.5725521060816414e-02	   1.2472383483973740e-01	   2.3017301635273024e-01	   8.8574395433983377e-02	   3.9140633713770090e-01	   1.5319836392654132e-01	   3.3808556420761637e-01	   2.7017178935771974e-01	   3.0466007680616702e-01	   3.3900777780778713e-01	   1.0947241900137930e-01	
