   0.0000000000000000e+00	   7.3610589496174228e-01	   5.0349882478850871e-01	   5.3051277319884127e-01	   4.2791352473814454e-01	   3.9561024867340666e-01	   4.3572529087935008e-01	   4.1801939101210839e-01	   4.1600571898969640e-01	   4.2046664414582557e-01	   5.2689895592369218e-01	   5.3340552110967010e-01	   3.0800569727805555e-01	   3.8141936722555680e-01	   4.6286704185811067e-01	   4.6091109042579570e-01	   3.5047941288390227e-01	   2.9193304941502751e-01	   5.9445205379217680e-01	   4.6081306214272155e-01	   7.3900340018410976e-02	  -4.7012504775672974e-02	   2.6404783806298560e-01	   2.0995533069169681e-01	  -2.5375393486103463e-02	  -7.2851572498353223e-02	   1.0909339962705358e-01	   2.3286770538447499e-01	   3.8175194844032267e-01	   7.4960838346106229e-02	   9.5114821981754569e-03	   8.2213109597236836e-02	   3.6556303490631836e-01	   3.0544657480752890e-01	  -1.2250704999049597e-01	  -1.7151090464217433e-01	   1.4783645193641698e-01	   1.0170115728996679e-01	   3.4452426092558386e-01	   4.1488400147075855e-01	   2.3458181675781853e-01	   3.0095584227875882e-01	   1.3697686125701000e-01	   7.0386396272628243e-02	  -2.8174511178165169e-02	  -1.1939876112371316e-01	   2.4935281546288096e-01	   8.0039957568122433e-02	   3.8887410459644473e-02	   1.9471072624377822e-01	   1.3815047238558484e-01	   1.5840107933732211e-01	   3.4569335265792311e-01	   1.7673408220464121e-01	   4.6724693774950077e-01	   4.9791895530918856e-01	   5.3476362873875127e-01	   5.8693498945259448e-01	   6.3547960938245118e-01	   5.7238013470298499e-01	   6.5292361326665083e-01	   5.3010811483346365e-01	   3.7349326246663778e-01	   3.4515207232736167e-01	   2.0613092149932141e-01	   1.6029496025899412e-01	   1.6769664024124478e-01	   5.3891398119136950e-02	   4.5223852903589107e-01	   3.9255994442389397e-01	   3.3817676721006179e-01	   1.3751061380094004e-01	   2.5275906578167279e-01	   1.2616905902181805e-01	   2.2264496979080106e-01	   2.1083299481939394e-01	   4.0696378667764271e-01	   3.4996716813539086e-01	   2.1441168669610305e-01	   1.2080863421256283e-01	   4.6794606991391641e-01	   3.0315640503076030e-01	   4.5557773608992985e-01	   2.4379381845705467e-01	   2.8496963002780462e-01	   2.4718594838430688e-01	   1.5716992473439936e-01	   1.3201447221284740e-01	   5.7263349640313232e-01	   6.3916365361861649e-01	   5.7728900436687913e-01	   5.4661317582922053e-01	   4.0022580855888101e-01	   5.2335595290436610e-01	   2.0926749333397554e-01	   1.3903725275653969e-01	   3.2733350650278165e-01	   2.8508048998321334e-01	   7.3609462780519619e-01	   5.4025070177496926e-01	   3.8666239328010732e-01	   5.2426917674031071e-01	   2.9252063252798516e-01	   5.6166504719772825e-01	  -4.0445676433427433e-02	   2.2415739932413165e-01	  -3.1534648959301408e-02	   1.3127198477267302e-01	   6.9992888753218505e-02	   5.6283944184337659e-02	  -3.3511577050654939e-02	   4.5172855819856228e-01	   2.2249568464701644e-01	   1.1692285798635660e-01	   1.5429601533003970e-01	   3.4988446715882848e-01	
   7.3610589496174228e-01	   0.0000000000000000e+00	   3.2086972139905401e-01	   3.4992171944812578e-01	   3.1068014646352465e-01	   6.6819420463036863e-02	   2.6172017928538321e-01	   2.7001507065483893e-01	   2.2375778423904608e-01	   1.4274861011656576e-01	   2.4889850127543950e-01	   2.7979724008921708e-01	   1.7114419018771890e-01	   1.9036265913858944e-01	   3.8700124219229076e-01	   4.2532795442407817e-01	   3.1798685918631803e-01	   3.3672461759705741e-01	   5.7044812988643945e-01	   5.3814360169511044e-01	   5.8202993778049820e-02	  -2.2682013417066910e-02	   3.1133793461303044e-01	   2.9413693259391316e-01	   5.1093001540807481e-02	   6.1663824276561433e-02	   1.0771435419725897e-01	   2.3654435199656115e-01	   3.8739914236489992e-01	   1.2278637581640792e-01	   2.8434846839896145e-02	   7.9510884699632620e-02	   3.6568096069156902e-01	   3.2822712992047420e-01	  -1.2266423896847203e-01	  -1.1033209347659004e-01	   1.0800523056406192e-01	   2.2347187492405440e-01	   2.4732926869246741e-01	   3.8718942642045134e-01	   6.7120194558187379e-02	   2.4598087406482017e-01	   1.6720721672469219e-01	   1.6705150149153825e-01	   1.0050503631546869e-02	  -5.8550600388788843e-02	   2.3798660814436481e-01	   1.6466570787095428e-01	  -1.3327854945636711e-02	   1.6767739551889982e-01	   1.0077798047493895e-01	   3.6375941723054720e-03	   3.0411139266455156e-01	   2.9359089670994926e-01	   4.4021861995343770e-01	   5.4007056775692064e-01	   6.7675959898214744e-01	   6.5341952280837023e-01	   5.2226861748084175e-01	   3.9522564891317002e-01	   4.6812709930596796e-01	   2.1718247835641286e-01	   3.4377525495427930e-01	   3.6341405270653027e-01	   1.1867187654181910e-01	  -2.9550584733676583e-02	   1.5515609598508395e-01	   7.4492644385746279e-02	   4.2360924192667221e-01	   4.2463466324810517e-01	   1.2875210801530668e-01	  -9.8116848292555209e-02	   1.4968696553108815e-01	   1.3069500504660264e-01	   8.4261492094469259e-02	   1.9632017902171187e-01	   3.5672634147787485e-01	   3.3593252046632455e-01	   2.6907328294659560e-01	   1.4545145561040895e-01	   5.4191980535772788e-01	   4.7503564538451226e-01	   5.1084918157972581e-01	   3.7252278515907017e-01	   3.3806285333418951e-01	   3.2433066142358130e-01	   3.2760120107224866e-01	   3.0737286297731470e-01	   4.5007345223730122e-01	   4.5995135446343260e-01	   4.1900371760412913e-01	   3.5140283885896656e-01	   2.0507833819898508e-01	   3.8736054841140605e-01	   1.8469009081088048e-01	  -1.1005263753636453e-02	   3.0149262311866104e-01	   3.9303822069480721e-01	   5.6052884091366839e-01	   4.1579130260613240e-01	   1.4529617209631698e-01	   2.1852443502751950e-01	   1.9891556576453148e-01	   2.7258704961990410e-01	  -5.0854795401444247e-02	   1.5861052266489861e-01	  -4.7715052896238730e-02	   8.9353085768564447e-02	   1.1883947458298813e-01	   7.4284683817294778e-02	  -8.4153150723555420e-02	   3.6540893840281075e-01	   2.6688482173231243e-01	  -6.5487571505931375e-02	   3.9995340533043065e-02	   4.5506259989148290e-01	
   5.0349882478850871e-01	   3.2086972139905401e-01	   0.0000000000000000e+00	   7.0151134804941662e-01	   7.1255987297484857e-01	   4.1603470508315638e-01	   8.0477387470775374e-01	   5.6148525177428144e-01	   7.1262319376276362e-01	   4.1432425643707554e-01	   2.6813748413610550e-01	   1.6234181060405881e-01	   1.4766012839809106e-01	   5.0773700917973487e-02	   4.4876249390164424e-01	   2.7722911556818608e-01	  -1.8423622327880099e-02	   1.4191046183124771e-02	   3.5394559688197708e-01	   7.4678418727949308e-02	   3.0041235247880022e-01	   2.0151352229555652e-01	   7.5140087771457598e-01	   5.6039286250392450e-01	   5.0929527548468356e-01	   4.8925307316938682e-01	   3.9892229030676912e-01	   2.8588994302568266e-01	   9.1015983514319221e-02	  -2.3736851458816235e-01	   4.7230174242722178e-01	   4.9699234002244752e-01	   4.1608210408218599e-01	   2.5623199848430023e-01	   3.7477407530223628e-01	   2.5957303971717571e-01	   2.7672837936014771e-01	   1.7446742348349517e-01	   4.4070706942925392e-01	   4.9861280737911479e-01	   7.5492732925125483e-02	   1.4031672354717362e-01	   2.7988542090534319e-01	   2.1547374617101572e-01	   2.5718841972822104e-01	   2.2363986340696060e-01	   1.9755077871141052e-01	   2.3737036185510818e-01	   1.6495375491634878e-01	   1.6326826241784936e-01	   3.5402334954441661e-01	   2.3881676793984097e-01	  -1.7172463936614625e-02	   5.1252454956461330e-02	   2.9005603649844647e-01	   3.3367189381593854e-01	   3.5319769086283070e-01	   3.6996918074295343e-01	   3.9757207513612869e-01	   3.6328345043723159e-01	   4.1537643069582353e-01	   3.6921253311315388e-01	   4.9025214144021764e-02	   7.8866994476910868e-02	   6.8216898205228915e-01	   4.5978109641873538e-01	   5.3006493974433677e-01	   4.1218182744607201e-01	   9.5303336162541080e-02	  -3.9485138064288446e-02	   5.0330790982965334e-01	   3.5281896430298454e-01	   8.3271859931039860e-02	  -3.8157348849516229e-02	   2.1873447763750903e-01	   1.0160089510088456e-01	   3.0701407743524078e-01	   2.9600807131363238e-01	   5.1834358054394888e-02	   5.4941392913740714e-02	   1.9995271681140842e-01	   2.4114519985499122e-01	   4.3788586135725682e-01	   1.1013881357088467e-01	   6.3199811174478393e-01	   4.5296849376122567e-01	   3.9552271952183987e-01	   3.6025393383061605e-01	   4.5628910881286167e-01	   5.4400700355569975e-01	   6.1075913445600272e-01	   7.4458793124363809e-01	   5.6375976267229655e-01	   7.8687791678267816e-01	  -8.5068028414387514e-02	   2.8039395271866879e-01	   2.3984866243975983e-01	   1.9341387159893611e-01	   5.3434253327630143e-01	   5.2222787788003466e-01	   4.2002477410845485e-01	   5.4321382594455614e-01	   2.7954255266629779e-01	   4.5335198250209818e-01	   2.0132588838947404e-01	   4.6543596889065375e-01	   1.3058575607309136e-01	   1.4035651466848695e-01	   1.0055274652788118e-01	   3.2733812463257815e-02	   2.5531526834534451e-01	   3.5613515410745505e-01	   2.4185480329422665e-01	  -1.0606697994636377e-01	   1.2398107800718604e-01	   1.2510951779110177e-01	
   5.3051277319884127e-01	   3.4992171944812578e-01	   7.0151134804941662e-01	   0.0000000000000000e+00	   5.3500229889592921e-01	   5.7525121379875610e-01	   6.2492563151206104e-01	   6.9157587822767630e-01	   6.9921220841643095e-01	   7.1808306027637592e-01	   4.0155713357773443e-01	   4.4585452132893355e-01	   2.5988966202605807e-01	   3.9791061894562862e-01	   3.8102612716652989e-01	   2.0108237950950400e-01	  -1.2696945548523525e-01	  -2.0206027868165083e-01	   1.4500508498913314e-01	  -1.1217522151849617e-01	  -8.5936688283467788e-02	  -1.9650261186253256e-03	   4.0855172889118296e-01	   3.6047234857589150e-01	   2.4228862511712027e-01	   1.9327806040357060e-01	   2.7273681500427437e-02	   8.1507963705885936e-02	  -1.5744151902684919e-01	  -4.2466329450878870e-01	   4.5501988362424660e-02	   2.3602466372580583e-01	   1.4386035675074407e-01	   1.1492722561811217e-01	   6.6856569078842104e-02	   5.9664802929985184e-03	   1.8387383932278556e-01	   5.3759240695487848e-02	   4.2602160002102168e-01	   3.5619860656177948e-01	   2.3053834299116154e-02	   1.6296654664467392e-02	   3.5124274511071735e-01	   2.7213856761250466e-01	   1.0706423178102342e-01	   1.0973732690339102e-01	   2.4799970952408162e-01	   2.2714372598532906e-01	   1.0729266802584506e-01	   2.5821959293597752e-01	   3.8378412168215431e-01	   4.3068003686913314e-01	   2.4892163911570814e-01	   6.7568300470208231e-02	   3.0987927902250378e-01	   4.1327539595578949e-01	   2.6922697545581431e-01	   3.2925858431801069e-01	   4.0815484650571887e-01	   5.7642226866577628e-01	   4.8621609380751196e-01	   5.4044263419143312e-01	  -1.3148196653280073e-01	  -1.4295357734932584e-01	   5.7202153170419145e-01	   6.6118840745435614e-01	   2.8718500439045658e-01	   2.5090546378609280e-01	   7.6467633994568684e-02	  -4.9799623769246099e-02	   4.0908214032288970e-01	   3.5349485914769962e-01	  -4.5588659371313928e-02	  -1.6327278379557789e-01	   1.7743095080117736e-02	   5.4516059942291806e-02	   6.1904756744059083e-02	   2.4228344306383892e-01	  -5.4060470303839134e-02	  -1.0885995349489934e-01	   8.7361282367795889e-02	  -1.5799525536048319e-02	   1.8901568096542593e-01	  -1.1065457539087648e-01	   4.3705951046244473e-01	   3.3124159541328180e-01	   1.6250666664284785e-01	   1.7293267835244597e-01	   5.6346559620440828e-01	   6.8857769069773145e-01	   6.3789698258048810e-01	   6.2272164393573226e-01	   6.1167141658582791e-01	   6.5428370486732190e-01	   1.1400713155015607e-01	   2.2056852034040331e-01	   3.1978181892403090e-01	   2.6784891122195031e-01	   5.2015639464034225e-01	   4.7153604167846519e-01	   4.2060906506003054e-01	   5.3375406718454299e-01	   1.5755869455193988e-01	   2.7745720471789714e-01	   3.0221737104201407e-01	   4.0812426808342267e-01	   3.1009474460140934e-01	   2.4335662591793000e-01	   1.2611646374508251e-02	  -6.4655169168781362e-02	   1.2975070971909303e-01	   3.8540270657167264e-01	   2.8776811585153350e-01	  -8.7740661179449633e-02	   2.6325712218979735e-01	   2.2879680995380045e-01	
   4.2791352473814454e-01	   3.1068014646352465e-01	   7.1255987297484857e-01	   5.3500229889592921e-01	   0.0000000000000000e+00	   4.6315136451847394e-01	   6.3696931353890074e-01	   5.2456957681410732e-01	   7.3359214991003063e-01	   4.3180367069108450e-01	   2.5251772012760976e-01	   1.6537800467236441e-01	   2.2659472921983875e-01	   1.4595415290214359e-01	   5.7408999666461324e-01	   3.7060594436006583e-01	  -5.1916629308983522e-04	   6.5078118972738769e-02	   2.5900903615245130e-01	   1.0775472906553364e-01	   7.6447979338541666e-02	   1.9484586323232414e-01	   6.5058461391997835e-01	   5.1822585378828290e-01	   4.1630956138680641e-01	   3.9841871630116488e-01	   4.0386525533639273e-01	   3.7206407566618505e-01	   7.2331692177234452e-02	  -1.6709850699505924e-01	   2.1880578062900702e-01	   3.0487192690358167e-01	   3.2308478060243362e-01	   2.4590066739961758e-01	   3.4179561675382508e-01	   2.2782987460315557e-01	   1.2155830169955739e-01	   9.7738271987917683e-03	   2.2251063222197906e-01	   2.6242448014295799e-01	   5.4782114895145229e-02	   1.7326532675622308e-01	   3.0110486062402608e-01	   2.6708125653080433e-01	   3.1541692422853324e-01	   2.3332252124937086e-01	   1.9833811935696610e-01	   2.1333938538521505e-01	   1.6232105615421222e-01	   1.3643103818511720e-01	   3.9040839846367575e-01	   1.0757724751764675e-01	   1.1271219429762801e-01	   2.6120010969547391e-01	   3.3576957840901045e-01	   3.8652038163603875e-01	   2.5392351554967657e-01	   1.8825979447636243e-01	   1.5537376391876698e-01	   1.8171481078394139e-01	   2.4137058885632032e-01	   2.1079425110802347e-01	  -3.9446097457169135e-03	  -1.1925229400099480e-02	   6.5287298733391053e-01	   4.1276424600563499e-01	   3.7923190386958594e-01	   2.8776405866070504e-01	   1.2877487830964388e-01	  -6.8269422907612509e-02	   4.3638859776335515e-01	   3.6113156591349382e-01	   1.6648426171662806e-01	   9.8214051895660681e-02	   3.1290943061222476e-01	   1.7566665702791240e-01	   1.7807940765003771e-01	   9.8891195929111178e-02	   1.1966188402344130e-01	   7.4129926423019410e-02	   2.6446712815045870e-01	   3.3441776597133221e-01	   3.9563154199172551e-01	   1.8334619186060214e-01	   5.7962062140708648e-01	   4.6892318726529125e-01	   3.3167029462728959e-01	   2.8315005201598847e-01	   2.5546002817407715e-01	   3.7209899141951874e-01	   5.5607201565060649e-01	   6.3562172174897047e-01	   5.8818234012411952e-01	   7.1723896284124322e-01	   1.2561549762374492e-02	  -1.1027971650781693e-02	   2.5691535116665432e-01	   1.8971002312023896e-01	   4.8636824200732909e-01	   4.3729504541732384e-01	   2.4970099274782281e-01	   3.9307924086798285e-01	   1.9356211223518863e-01	   1.6112587176697793e-01	   1.5214900869070963e-01	   3.4306812544677906e-01	   9.5839370094359097e-02	   1.3273969716340905e-01	  -7.8865954160555363e-02	  -1.1157225679492216e-02	   2.6088761432559071e-01	   3.8952889119291917e-01	   3.0950851272069529e-01	   4.0300937953307095e-02	   2.5078874109074589e-01	   1.6504223218749733e-01	
   3.9561024867340666e-01	   6.6819420463036863e-02	   4.1603470508315638e-01	   5.7525121379875610e-01	   4.6315136451847394e-01	   0.0000000000000000e+00	   4.6837578254531653e-01	   5.7076942626547356e-01	   6.8549443725550674e-01	   7.4391171107515386e-01	   2.9830755560251798e-01	   4.7659333942716287e-01	   2.3620417298117816e-01	   3.8999479476375232e-01	   3.0503068694192237e-01	   2.7786448360733823e-01	   1.0873968067254752e-01	   1.4651833670791414e-01	   1.7366494974246066e-01	  -6.7490241995872738e-02	  -7.5558333175417158e-02	   1.6423855555340594e-01	   1.5186912719285717e-01	   1.5844775634428462e-01	  -1.1488288711437733e-01	  -6.6774762811951521e-02	  -1.5798124750713993e-01	   3.5011929489298899e-01	   1.5616305297939712e-01	   5.9558316173688411e-02	   8.4700843432134298e-02	   2.5306936904522204e-01	   2.9634689722560387e-01	   3.1039204956775185e-01	   1.2042818529758399e-01	   9.1798619511544208e-02	   6.9128374897115430e-02	   2.8343565910328310e-02	   4.7377504215519353e-02	   1.2250754501233822e-01	   4.8248495123560373e-02	   1.7654320933767192e-01	   5.1908443507152915e-02	   2.4222172525811214e-02	   2.0091609264602456e-01	   1.2809569529342699e-01	   1.2984734283678342e-01	  -1.9178519133436649e-02	   2.6127630007103686e-01	   2.9022969676913418e-01	   2.1729267996976306e-01	   2.1635330826373375e-01	   2.4786429584431108e-01	   6.1156421994977547e-02	   9.2217993092231498e-02	   2.0621710429684492e-01	   8.0043632873364801e-02	   4.3328912849297269e-02	   1.6545071375022602e-01	   3.1448323974985298e-01	   3.6435628529215502e-01	   5.6033040167630499e-01	   1.5027653070153000e-02	   1.7652928997074168e-03	   4.3413609268433628e-01	   4.6467616274584184e-01	  -4.3657590196635968e-02	  -5.0262561755044399e-02	  -1.5299760237946614e-01	  -2.3777646724956192e-01	   3.1767840913073025e-01	   4.0199607095320494e-01	   3.0978426942537746e-01	   2.1517371737539728e-01	   3.9019820467198474e-01	   2.3570011313860056e-01	   1.0786314142909180e-01	   6.5185825096808175e-02	   1.4705148062267084e-01	   2.0954645082879206e-01	   3.3775598768596216e-01	   1.0399198542483745e-01	   1.7781809501740309e-01	  -1.0254496825500073e-01	   1.3913945792912966e-01	   1.4433586092278322e-02	  -2.1056861280510927e-01	  -2.2470287087881971e-01	   2.3496977675754407e-01	   4.4755425222889378e-01	   3.9067036856400855e-01	   4.9286459819267492e-01	   5.0154615920099122e-01	   4.6607248116984529e-01	   7.6453407497669351e-02	  -7.4664836604154766e-02	   1.9199273273297135e-01	   1.6700795483318670e-01	   4.9616763539181974e-01	   3.9296986949334733e-01	   3.3382911356646205e-01	   5.6201670884014787e-01	   5.1022612375327629e-03	   1.6479685696772481e-01	  -4.4707007934442454e-02	   3.3663886650306764e-02	   1.6347126212377819e-01	   1.1719528984228902e-01	   5.4209946389417688e-02	   6.6245944831862191e-02	   5.5697487374246492e-02	   3.4091128545406607e-01	   3.4546066831189232e-01	   2.0328863679300344e-01	   1.9277536673707393e-01	   1.5230932560349386e-01	
   4.3572529087935008e-01	   2.6172017928538321e-01	   8.0477387470775374e-01	   6.2492563151206104e-01	   6.3696931353890074e-01	   4.6837578254531653e-01	   0.0000000000000000e+00	   7.9804855800553431e-01	   6.5299937584831236e-01	   3.6133484736631716e-01	   5.6289966103858469e-01	   3.8997135528299187e-01	   5.4585470888894660e-01	   4.2653071480232324e-01	   4.9996579630590715e-01	   5.1619827037299892e-01	   1.4349283431947701e-01	   2.6138469943657788e-02	   4.3307569612848063e-01	   2.2959542261060650e-01	   3.8430210769469608e-01	   3.5328235955460147e-01	   5.7003814634671779e-01	   5.4785537282590024e-01	   2.9084284703310043e-01	   3.6421456259120349e-01	   4.0343083484771136e-01	   3.6825670147381506e-01	   2.7132174239354812e-01	   3.0983501829105128e-03	   3.8608463356504807e-01	   5.1385890466075201e-01	   6.1720199367067030e-01	   5.4378868852168483e-01	   2.9745664929836541e-01	   3.2934573815168833e-01	   3.3125879778028450e-01	   2.0491482001998645e-01	   3.5749724716454834e-01	   4.8746554371178175e-01	   1.5596443896861600e-01	   3.3642620603768081e-01	   2.4985945538019613e-01	   1.4160356539542315e-01	   2.6871368688391450e-01	   2.7517431861120534e-01	   5.0942552385569440e-02	   9.6951477659910981e-02	   3.0644405059039143e-01	  -1.1906521799623619e-02	   4.4253176737956279e-01	   2.9656201903717355e-01	  -8.0760906189829368e-02	  -2.7825083754817778e-02	   3.1871399991662347e-01	   2.4299281117800925e-01	   1.4603855493778686e-01	   8.3457107305843478e-02	   3.1750049832942279e-01	   2.8457925319571087e-01	   4.4511562436095964e-01	   4.2435837675482668e-01	   5.4970660058887406e-02	   1.4510854849820770e-01	   5.5304795890907421e-01	   4.6220069676625314e-01	   5.6288729418938177e-01	   4.8118166393115203e-01	   1.2432757711393400e-01	  -3.0024316917935098e-02	   4.9754556185564525e-01	   4.5562455586774497e-01	   2.6033297333772654e-01	   2.0233630314638046e-01	   3.1549020844987530e-01	   3.4191326095295843e-01	   4.7371379646842460e-01	   5.2478611610302917e-01	   3.0711841226694125e-02	   1.3033410929334074e-01	   2.1855119001577802e-01	   4.1998837756797935e-01	   5.0153838205206958e-01	   3.6843045607038305e-01	   5.7663784850752420e-01	   5.3943943839178021e-01	   2.7098782857633447e-01	   2.8239054488602372e-01	   4.6579158381224967e-01	   4.0389882592917448e-01	   7.1615749544639340e-01	   6.9684611120300000e-01	   7.5036544153294082e-01	   7.9909850492676571e-01	  -1.5013932162133287e-01	   3.0513772524814875e-01	   1.0732263209273918e-01	   1.0293252633226592e-01	   5.3712933509055094e-01	   3.5099357907215395e-01	   5.4590461782425326e-01	   5.9965681060777853e-01	   3.1562130011206146e-01	   4.6522998627947387e-01	   1.9977447284526229e-01	   4.1661622536492587e-01	   1.3502652134669069e-01	   4.0981147702359277e-02	   1.4235535837088767e-02	   1.5854356155027896e-01	   2.8678995377012806e-01	   4.1479398168728254e-01	   4.7586089152102085e-01	  -1.2466693805492418e-01	   1.6263298638516338e-01	   1.9175106386993290e-01	
   4.1801939101210839e-01	   2.7001507065483893e-01	   5.6148525177428144e-01	   6.9157587822767630e-01	   5.2456957681410732e-01	   5.7076942626547356e-01	   7.9804855800553431e-01	   0.0000000000000000e+00	   5.9368621678879407e-01	   4.7453756637797462e-01	   5.1375485636427265e-01	   5.7179093654207658e-01	   4.5981277041978441e-01	   6.0148934303176016e-01	   4.5314401479539324e-01	   5.6953423465272057e-01	   4.2564193453272031e-02	  -9.7658461933666729e-02	   3.7323563245505431e-01	   2.2553623584891139e-01	   6.6643046600499703e-02	   3.0496953342587252e-01	   4.6752588260108191e-01	   5.8601154518285503e-01	   1.4427911316310865e-01	   2.3767820141322432e-01	   1.8524519627666092e-01	   2.7613012069183163e-01	   1.4499194699030926e-01	  -6.1669137841204195e-02	   2.3127756229719082e-01	   4.7147860439732614e-01	   4.5685377577274938e-01	   5.3031312622233695e-01	   2.7213468130238189e-01	   3.8124457965719238e-01	   1.2661329406134744e-01	   6.9610855010886111e-02	   3.0232267307461802e-01	   4.3577026946946934e-01	   6.5221092355855159e-02	   2.7897736393518813e-01	   1.5015013289504009e-01	   4.7487842366773281e-02	   2.7907221964574042e-01	   3.4034243405871273e-01	  -1.1558888041828435e-02	  -5.0594512778019740e-02	   2.6071218544022084e-01	   1.1120015050669535e-02	   3.0252532994546538e-01	   2.7141065641193651e-01	   4.5302853379008939e-02	   9.5269062948244096e-03	   2.3757030373350968e-01	   2.1733264573206740e-01	   1.8459170079281079e-02	   1.2127694260975406e-02	   2.3855147470500587e-01	   3.9240972660122975e-01	   4.2250576129784256e-01	   6.0938991760013961e-01	   9.2094802067048412e-02	   2.1238333283039276e-01	   5.6629862062789438e-01	   6.2530049471345039e-01	   4.3642159188091545e-01	   4.6988876473456964e-01	   1.1876185158905062e-01	  -1.4938956045107310e-02	   3.1658735290593459e-01	   4.3638542690322413e-01	   1.6272820493753842e-01	   1.6737924562826004e-01	   1.2296298871295051e-01	   3.7320977127744492e-01	   2.6774598516724174e-01	   5.0522251429349940e-01	  -1.1162945831891830e-01	  -2.8912348050317116e-02	   2.1256289104424009e-01	   3.3252544809373641e-01	   4.6800071958776474e-01	   3.3448550474150018e-01	   5.3437264066120860e-01	   5.9214412967087471e-01	   1.8429172562371357e-01	   2.2675873100854357e-01	   4.1222519664217350e-01	   5.0232845081100819e-01	   7.0271819707392336e-01	   5.3374845621129086e-01	   7.6638408186989526e-01	   6.3605143605341630e-01	  -4.0631231543985992e-02	   2.1536601740893990e-01	   8.5990430832555739e-02	   2.6406993985123778e-02	   5.0868927646143136e-01	   2.3694015404823965e-01	   5.6481396604057177e-01	   5.1136080853951360e-01	   2.6318212441620575e-01	   2.9611181928822555e-01	   1.1562927576569249e-01	   1.9215190502972801e-01	   1.3903362858104240e-01	   9.5676725170227642e-03	  -6.8457084210479836e-03	   3.4442068465875504e-02	   6.1184480996219611e-03	   3.4487659824173772e-01	   4.1349145452783886e-01	  -1.5187652171190064e-01	   1.0589254280928248e-01	   2.6394818076828086e-01	
   4.1600571898969640e-01	   2.2375778423904608e-01	   7.1262319376276362e-01	   6.9921220841643095e-01	   7.3359214991003063e-01	   6.8549443725550674e-01	   6.5299937584831236e-01	   5.9368621678879407e-01	   0.0000000000000000e+00	   5.7288804458650844e-01	   4.3852023014147123e-01	   3.9823674327268649e-01	   3.6997672710191809e-01	   3.9277046499242485e-01	   5.1244617746533794e-01	   3.3118935434276348e-01	   3.1348658489844486e-02	   4.9223732987262583e-02	   2.4966394953072890e-01	  -3.4262575976496394e-02	   5.6476063474139956e-02	   2.3314460047113794e-01	   4.3632760355751465e-01	   3.2777482594769547e-01	   2.1800082375679058e-01	   2.3606655072212926e-01	   5.6216979380426024e-02	   2.5023254680584189e-01	   6.4105078721637648e-02	  -1.0166100780988865e-01	   1.8256737443398463e-01	   3.6490091601645591e-01	   3.3847353428148935e-01	   2.6906336435264866e-01	   1.0347022594531938e-01	   4.3727658807658921e-02	   1.4126461501642534e-01	   1.0866552297338647e-01	   1.2772601357117777e-01	   1.9823903465137332e-01	  -4.1541957333248440e-02	   1.5384697630885555e-01	   1.2060861962768035e-01	   5.8248143880492098e-02	   1.1846637715648764e-01	   4.9437126201944959e-02	   3.3247045312227178e-02	   5.7176678272449405e-02	   6.7681205462858746e-02	   1.4169064937223774e-01	   2.9872093204484962e-01	   2.2662211148907613e-01	   6.1752467711178469e-02	  -6.5602572104505033e-03	   1.5095383329104461e-01	   2.4175343769854607e-01	   1.7644851295581027e-01	   2.0231805734729141e-01	   2.5985563009180468e-01	   3.8190609757444427e-01	   4.5067503209971038e-01	   4.8535643119971905e-01	  -6.3843743421320723e-02	  -5.0087108728246045e-02	   5.7258277120398271e-01	   4.8758811333303087e-01	   1.4592867303868562e-01	   9.8153645202295928e-02	  -5.3638366046767562e-02	  -1.1556633061705594e-01	   4.1580133435177058e-01	   4.5851113544404615e-01	   1.7871926261582793e-01	   7.1587549783031015e-02	   3.4819707627881769e-01	   1.8639069799876112e-01	   1.2000761254035411e-01	   1.1176023266267247e-01	   8.6292432014954956e-02	   1.5742353715344298e-01	   2.3763651711309897e-01	   2.2298543405968546e-01	   3.0877996987258138e-01	   5.0866950536398017e-02	   3.9363649060118666e-01	   2.5682073176841019e-01	   1.0379599434047738e-01	   5.9358607790138788e-02	   4.5226379697735936e-01	   5.6330341309981213e-01	   5.5005001094390049e-01	   6.7602328227510955e-01	   6.5867803665768210e-01	   6.5659165006664189e-01	   7.2998054126403727e-02	   2.0233483221732927e-02	   1.0144413106049766e-01	   7.5584122752185789e-02	   4.4778156897341420e-01	   4.1471773538185974e-01	   4.1247856018307638e-01	   6.0786908581549404e-01	   1.2895949912647076e-01	   1.9595843092073945e-01	   1.1865354792850266e-01	   2.0322382628596974e-01	   1.0584871857702019e-01	   8.2678796905553117e-02	   2.7331315292618792e-02	  -2.6248769552092439e-02	   1.1290765275547755e-01	   3.2613208645121922e-01	   4.0544578866770964e-01	  -5.1304460267683302e-02	   9.1508637548047972e-02	   4.0694207054743067e-02	
   4.2046664414582557e-01	   1.4274861011656576e-01	   4.1432425643707554e-01	   7.1808306027637592e-01	   4.3180367069108450e-01	   7.4391171107515386e-01	   3.6133484736631716e-01	   4.7453756637797462e-01	   5.7288804458650844e-01	   0.0000000000000000e+00	   2.6250808178709822e-01	   4.4418455918360045e-01	   1.5883132204803282e-01	   3.7273981583374904e-01	   2.0202207017624929e-01	   1.0122777291557838e-01	  -5.0306148786701546e-02	  -1.1137748976965887e-01	  -3.1056492632267327e-02	  -2.9048535439838441e-01	  -3.3866818725823189e-01	  -1.3600052942362589e-01	   7.3498942539755044e-02	   4.2564666181560185e-02	  -6.7052967238122763e-02	  -8.6030469490698730e-02	  -2.2728782218505050e-01	   5.2739149988227416e-02	  -1.6529243180750047e-01	  -2.8841545824109771e-01	  -2.1483392824429814e-01	  -1.6965973154749476e-02	  -3.1801802013532721e-02	  -1.7073095186685244e-02	  -1.1054888737715740e-02	  -7.6004265926742531e-02	   1.0295643023850479e-01	  -2.8188670013421051e-02	   1.2506209144180405e-01	   6.7075084283695283e-02	  -7.9384955850958921e-02	  -9.9688129985440729e-02	   3.4901847768374383e-01	   3.0318223307621972e-01	   7.9748629376136665e-02	   3.5579333849285043e-02	   3.1330686094465271e-01	   2.1841068887028228e-01	   9.9675341656371486e-02	   2.0778169638113492e-01	   3.4516461920727753e-01	   2.9366025471774204e-01	   2.9965467654915806e-01	   1.5585048056773543e-01	   1.5492875575808412e-01	   2.1401050673577313e-01	   6.5566009560753258e-02	   4.7923563270288780e-02	   1.2905188826221847e-01	   2.5361444989730070e-01	   2.7982645532792028e-01	   4.1598552215684703e-01	  -2.8874619554997150e-01	  -3.5854934012362394e-01	   3.9911772060712464e-01	   5.8484078067840028e-01	  -2.7600545925340881e-02	  -5.5781852716378248e-02	  -2.0099830878446109e-01	  -3.4564889344497807e-01	   2.8747801174121668e-01	   2.8462583400739500e-01	   4.5404819941350302e-02	  -6.4322733314772729e-02	   1.2194432569418340e-01	   6.8937028065024664e-02	  -2.2866005606152096e-02	   5.3652293827416556e-02	   1.0184098169825918e-01	   4.5603768364821308e-02	   9.3408588855661182e-02	  -1.2016747946492010e-01	  -9.0505739672516031e-02	  -3.9157429680180578e-01	   1.7964108099945694e-01	   2.2783447055031589e-02	  -1.3738634863131879e-01	  -1.4551222398685482e-01	   2.7833634124174556e-01	   4.4233183744793714e-01	   4.3076186549114992e-01	   4.5870963611102955e-01	   4.4891731485257624e-01	   4.3021112412323442e-01	   1.4008050036093378e-01	  -9.5853183163868289e-03	   2.5987285502491170e-01	   1.7222793534159145e-01	   3.5723914651899130e-01	   3.9409679304271950e-01	   1.8727694108405080e-01	   4.3472187469363144e-01	  -3.6718628602750228e-02	   6.8104526024998460e-02	   1.8390258818112215e-01	   1.9989657447140119e-01	   2.4184136403298548e-01	   3.5174730611707739e-01	  -2.3012407496805446e-02	  -3.6054078298063862e-02	   1.2437045323476020e-01	   3.7364672263100185e-01	   2.9677399077733357e-01	   9.5256258933948568e-02	   3.5947213054857963e-01	   7.7964946611444971e-02	
   5.2689895592369218e-01	   2.4889850127543950e-01	   2.6813748413610550e-01	   4.0155713357773443e-01	   2.5251772012760976e-01	   2.9830755560251798e-01	   5.6289966103858469e-01	   5.1375485636427265e-01	   4.3852023014147123e-01	   2.6250808178709822e-01	   0.0000000000000000e+00	   7.0670933079230802e-01	   8.8598848808420483e-01	   7.9262693456692368e-01	   5.7290043531487811e-01	   5.5079226134333292e-01	   2.9217812277001071e-01	   4.6864142340007367e-02	   3.9582238961441085e-01	   2.8066521157090452e-01	   2.0421618918866050e-01	   1.3794179973245080e-01	  -4.2761124727386607e-02	   2.8219392454214003e-02	  -2.5806235545724276e-01	  -2.6212042601948760e-01	   8.2907029291049456e-02	   3.6011348329857619e-02	   3.1152839320744918e-01	   1.4494300788398395e-01	  -1.7390621651335786e-01	  -1.6485453043589990e-02	   3.4049284464380247e-01	   3.1258613899167664e-01	  -3.0322898110605578e-01	  -1.7180257381255296e-01	   3.2713783903927907e-01	   1.8499062637284014e-01	   2.2376414188716026e-01	   2.1174430629717203e-01	   3.4045426348313684e-01	   3.9807629818135981e-01	   8.5210615620370356e-02	  -9.8488811554991000e-03	  -1.1846614024363961e-01	  -1.3757591716996986e-01	  -8.5581479123071513e-02	  -6.3699145212722713e-02	   1.3645908883064506e-01	  -5.9258432413775097e-02	   2.9701737434713921e-01	   3.8900344521984792e-01	   3.4762706919984745e-02	  -9.5169267463156321e-02	   3.4125865993475635e-01	   1.1487923991588747e-01	  -3.0979629214135371e-02	   8.0684595170754325e-02	   4.5019521508217458e-01	   4.2843520566704096e-01	   6.5451735668169597e-01	   4.6539191249129874e-01	   1.6730372655083131e-01	   1.3515696241007225e-01	  -1.7806909938569673e-02	   2.1341774291622551e-01	   1.9787875676223488e-01	   1.1351289803569242e-01	   2.8276184574203111e-01	   2.2033521081078067e-01	   3.8432277406748239e-01	   3.7867172743927829e-01	   2.3868869597152204e-01	   2.4586428540289512e-01	   2.6574686059738700e-01	   3.3793109386090497e-01	   4.3783753978133422e-01	   4.9301093203134050e-01	  -9.3908394155835698e-02	   1.1493609814261252e-01	   9.0452583380838253e-02	   2.5218693682294407e-01	   3.5529588644940074e-01	   3.6561526396571542e-01	   1.8544026972616673e-01	   2.0127410887825137e-01	   4.4434197024124891e-02	   2.8460552484768246e-02	   6.3817368587339862e-01	   4.0322926935830622e-01	   6.3051982275708474e-01	   5.0308474725555374e-01	   5.8263422933869491e-01	   4.6976636701550240e-01	   5.0133527272894073e-02	   2.0071684798616471e-01	  -5.8165855689698370e-02	  -6.4652024410040795e-02	   4.4790443284893355e-01	   1.8153285146870601e-01	   4.1734382468028269e-01	   6.6594080062050121e-01	   2.5431688231638883e-01	   5.2263290674942897e-01	   1.7153899050890623e-01	   2.2633437462952635e-01	   1.0894255149266771e-01	   4.2498058331950382e-02	  -1.0869438299187675e-01	   4.9509857579116072e-02	   1.1955029648481419e-01	   3.3253566326817696e-01	   3.5963092987696788e-01	  -1.4675386502835414e-02	   1.8681463823813377e-01	   1.3209232935891807e-01	
   5.3340552110967010e-01	   2.7979724008921708e-01	   1.6234181060405881e-01	   4.4585452132893355e-01	   1.6537800467236441e-01	   4.7659333942716287e-01	   3.8997135528299187e-01	   5.7179093654207658e-01	   3.9823674327268649e-01	   4.4418455918360045e-01	   7.0670933079230802e-01	   0.0000000000000000e+00	   5.2242740780926800e-01	   7.6287835241940383e-01	   3.0452470080280630e-01	   4.1765606395727800e-01	   1.7882386127437239e-01	   1.1056489260998473e-01	   4.1442309742548300e-01	   2.5065620220039303e-01	  -2.5204625292357487e-02	   5.3241534525152387e-02	  -1.4609327601436906e-01	  -4.3344520584423549e-02	  -4.6577559238757194e-01	  -3.4617395437596143e-01	  -1.8425224219036640e-01	   6.5011419257888170e-02	   3.0528291541945174e-01	   1.8622104855855753e-01	  -1.2162647033930278e-01	   6.2250249203923025e-02	   2.4799811142382461e-01	   3.1949738211346718e-01	  -3.3227501971376161e-01	  -2.3576687979964372e-01	  -4.6185445779484309e-02	  -5.5124479579532426e-02	  -3.5425593120207113e-02	   3.7633114306651311e-02	   1.5443302403265594e-02	   1.4494875871070914e-01	  -2.1989343938116560e-01	  -2.7420353798854263e-01	  -2.4537406347179100e-01	  -2.3998100006561424e-01	  -1.9417473878227176e-01	  -3.3070631955871882e-01	  -9.1716841379270442e-02	  -4.8212376364067354e-02	  -7.9518772644415897e-02	   9.0439982130744334e-02	   1.7773836112477601e-01	  -1.6692600885725722e-01	   5.1831798143289927e-02	  -6.7291748728850631e-02	  -4.6010299487399021e-03	   1.6796393683173433e-01	   2.6952206973728354e-01	   3.9878039380675345e-01	   5.3917299950896380e-01	   7.2447737877193297e-01	   1.4739734813421215e-01	   2.1967926816500744e-01	  -4.1816658231333390e-02	   2.2197766578985831e-01	  -1.9571028677793306e-01	  -1.7337212359320076e-01	   7.2403668006957050e-02	   9.7300363216569805e-02	   2.8586935022984145e-01	   3.2417307261127187e-01	   2.2487232864164702e-01	   2.8033369149425802e-01	   1.7182546082905867e-01	   3.5093272582498308e-01	   1.6469258670593587e-01	   3.0168808925985474e-01	  -8.5936332120966241e-02	   1.9687915786466569e-02	   2.4688971752145933e-01	   9.6943870118400138e-02	   1.9659182715985146e-01	   1.8484257732696913e-01	  -5.5345370016135736e-02	   2.5643060063688335e-02	  -2.6825834619836042e-01	  -2.4227507325197228e-01	   3.9660346030589388e-01	   4.8875255360226122e-01	   4.9004083573500767e-01	   2.7024968846122921e-01	   4.3048675814023618e-01	   2.3142197872059822e-01	   1.5483209736636150e-01	   7.5813400775469025e-02	  -1.4415914231758198e-01	  -1.2397813700842780e-01	   4.0111274368557392e-01	   1.0056392950012544e-01	   4.2059023533448531e-01	   4.4787907262300963e-01	   1.9541313027673174e-01	   2.2053358115831156e-01	  -1.4313281027310509e-01	  -1.4295144179530736e-01	  -3.5139526438729890e-02	  -1.6914563401761365e-01	  -7.0259495644447931e-02	  -4.0668876260360441e-02	  -2.9184006531273610e-01	   1.0265300998301513e-01	   1.9299871006904740e-01	  -1.0553353333742038e-01	  -1.1725333935930066e-01	   1.2526097799003449e-01	
   3.0800569727805555e-01	   1.7114419018771890e-01	   1.4766012839809106e-01	   2.5988966202605807e-01	   2.2659472921983875e-01	   2.3620417298117816e-01	   5.4585470888894660e-01	   4.5981277041978441e-01	   3.6997672710191809e-01	   1.5883132204803282e-01	   8.8598848808420483e-01	   5.2242740780926800e-01	   0.0000000000000000e+00	   7.9798653769005501e-01	   4.8736340520801624e-01	   5.1767097903090442e-01	   3.4777246530171302e-01	   8.7067180033329472e-02	   2.8295083400897680e-01	   2.4646775741559462e-01	   2.4496518351283686e-01	   1.6387260364866055e-01	  -1.0778913319814994e-01	   6.2892093166906620e-03	  -1.7509579261060168e-01	  -1.6873127150296557e-01	   9.8621123319799400e-02	   2.2113465784612957e-02	   2.6270041658852250e-01	   2.2094065275508956e-01	  -1.9335975510592732e-01	  -4.4189301252627641e-02	   4.1384223893421895e-01	   3.9594676403891682e-01	  -1.8995885587733058e-01	  -4.2999232469539718e-02	   3.4911354831349628e-01	   2.5842745101368308e-01	   1.6073305552252132e-01	   1.6935573850604074e-01	   3.9840490354817182e-01	   4.9111775769701160e-01	   1.6897432993993319e-01	   6.7142939509400687e-02	   5.8367215459022161e-02	   2.8870790492530780e-02	  -5.4773623871161789e-02	   9.1485854717048374e-03	   3.3305535076579473e-01	  -4.3603229541263014e-02	   4.4244384862430508e-01	   3.9169164795233236e-01	  -3.1342548411561574e-02	   3.9162444545924463e-03	   3.6509277291697678e-01	   1.1592034081920322e-01	  -7.1899567268284892e-02	  -1.4680641815943141e-01	   3.1623377517292522e-01	   2.3817169576477137e-01	   4.7502107577882019e-01	   2.1516777870679396e-01	   6.5085794737559627e-02	   3.2622948216949790e-02	  -1.9698309442563195e-02	   1.6619623656842442e-01	   2.3724287074299094e-01	   1.6919092428120786e-01	   2.2358750073132860e-01	   1.4947329828749334e-01	   2.4378837038723433e-01	   2.7661938851688705e-01	   2.9100333761798780e-01	   3.3054769671960404e-01	   2.7266560747511187e-01	   3.2080670240929032e-01	   4.1960601234087014e-01	   4.4414031842454071e-01	  -3.5311702785278606e-02	   1.8471391892879097e-01	   6.8682994466322728e-02	   3.5430695801451484e-01	   2.5358834370024952e-01	   4.0071284175760707e-01	   1.5508592186451572e-01	   2.0233355779975695e-01	   4.0714668436459267e-02	   1.4528574347629908e-02	   4.9591438759764384e-01	   1.5310942744834338e-01	   5.1701480018720591e-01	   4.2575451248453589e-01	   5.8311303232619394e-01	   4.5724220224763701e-01	   6.3596611581075088e-03	   1.5937044169592024e-01	   7.3257144865518224e-04	  -5.3934650319668931e-02	   3.0810683330130612e-01	   1.2924349593414064e-01	   3.3842548200416805e-01	   5.7962203949894753e-01	   2.4059597870679938e-01	   4.0406057612272944e-01	   2.4945398395765231e-01	   2.6737436198491427e-01	   1.4605271753207297e-01	   6.2779866948047242e-02	  -1.4204921341847637e-01	   1.4442678836259493e-01	   2.6683189710042476e-01	   3.7704855194928666e-01	   5.4536276388222626e-01	   9.2733334679633170e-02	   2.4487406820132795e-01	   9.6815515704968158e-02	
