   0.0000000000000000e+00	   8.1500735735789698e-01	   6.4542280467570001e-01	   3.1762298031319247e-01	   5.0599741576345647e-01	   3.3301117233256272e-01	   4.4702554481455542e-01	   6.6667706928617235e-03	   4.6216915392980551e-01	   2.7127621745785624e-01	   6.5926009339820024e-01	   5.4084605691452992e-01	   8.1944035654360281e-01	   6.8470433566524003e-01	   6.5406828024502262e-01	   6.1086490226036527e-01	   7.1938469817124473e-01	   5.5513351200602912e-01	   7.7824523322980033e-01	   7.2139485348892096e-01	   4.7563814953550798e-01	   4.4228390624547254e-01	   4.2574115397558115e-01	   3.2343640557259346e-01	   4.7085653127273530e-01	   4.1513596853705093e-01	   6.7686611828011745e-01	   6.6408732180855579e-01	   3.2838118274309214e-01	   5.2147634182624081e-01	   9.3200224107205742e-02	   1.5026383728811507e-01	   6.3451373334787142e-01	   6.2025675231190103e-01	   2.9794657032577365e-01	   3.2702575915197096e-01	   5.0131980814623234e-01	   5.5576223526444635e-01	   7.2592899771784791e-01	   5.5424529984680349e-01	   6.0804115241949330e-01	   7.0898432007905821e-01	   5.2626624780635600e-01	   4.9166308405961801e-01	   2.7311643233774779e-01	   3.5020904952660686e-01	   7.1116066920983123e-01	   6.6524568707543863e-01	   5.1756457419780111e-01	   4.2615713463404026e-01	   7.4537013388210460e-01	   5.2292912278419346e-01	   8.1098253757731764e-01	   5.9638878283750640e-01	   8.0982702247191041e-01	   8.1402774535546540e-01	   8.2466635247717113e-01	   7.3506533073574976e-01	   3.7386230518882846e-01	   5.2034181926793974e-02	   4.1699210175039603e-01	  -1.5271497530253514e-01	   6.5399507240203436e-01	   4.3700446740817289e-01	   1.3280064555932992e-02	  -4.9637327906503520e-02	   4.1520760204303714e-01	   2.2305067447023774e-01	   8.1601086998011507e-01	   7.4815427909107191e-01	   4.5657836529499973e-01	   3.4466016141145595e-01	   7.5923929695714443e-01	   7.1246655722067409e-01	   7.4084752028066214e-01	   6.2267016129463415e-01	   6.4286036423255688e-01	   4.7583413048960244e-01	   5.3015516347793068e-01	   6.3501135120709717e-01	   7.3628840114765437e-01	   7.0461807382632691e-01	   5.1247712876516216e-01	   6.1801208797241158e-01	   5.6055116988110498e-01	   6.3681566780605781e-01	   6.1801834526718125e-01	   6.5275160824659206e-01	   8.2761663002091135e-01	   6.6505560269656749e-01	   5.4536477324750909e-01	   6.0197104015082237e-01	   2.8636271906325017e-01	   6.1098105524233215e-01	   3.1995808415437604e-01	   2.0334481050132958e-01	   7.5050815285133432e-01	   6.1753450575083035e-01	   7.1712412194195740e-01	   6.5578145598371806e-01	   2.0801380909769202e-01	   3.9642824527474096e-01	   4.4465070555836755e-01	   5.2347442156917068e-01	   2.8726071032900935e-01	   1.1951290956250979e-02	   3.5223380832501472e-01	   2.1332269766660172e-01	  -3.3451043967969007e-01	   3.4597712336303693e-01	   7.2833049623632162e-01	   6.5163621599822308e-01	   5.0711128192587196e-01	   4.2964484885052567e-01	   2.1832368745264047e-01	  -2.9256023960899841e-01	
   8.1500735735789698e-01	   0.0000000000000000e+00	   6.5083686642272631e-01	   3.8970712501894034e-01	   5.2446866296806427e-01	   2.6542643147120804e-01	   4.1503516345132802e-01	   1.7039587602164630e-01	   5.0842488019685850e-01	   2.8763073551531082e-01	   5.4271761644075645e-01	   6.5330205733321123e-01	   5.8083529716567561e-01	   5.9553304975803401e-01	   6.5047866382917330e-01	   6.7804418504249653e-01	   8.0507036071355875e-01	   7.3634582497811429e-01	   8.5066718665059493e-01	   8.8223697711759053e-01	   4.3011401352618950e-01	   5.9989965073449836e-01	   5.4538439474334455e-01	   4.2740605585024921e-01	   5.6520910753968290e-01	   5.3054802584939464e-01	   6.0989478872680214e-01	   6.5895115387559078e-01	   5.4275789336581115e-01	   7.1069691977860427e-01	   3.9186116216617034e-01	   3.9449285180481852e-01	   7.5301733608683707e-01	   7.6993738277790569e-01	   3.1376426825990250e-01	   3.7331797320654658e-01	   4.3106597764727211e-01	   5.1387863199373440e-01	   6.9538081512518346e-01	   5.3781748607788249e-01	   6.0273908681943822e-01	   6.8595356611333369e-01	   6.2671596070124813e-01	   6.3578880395642434e-01	   3.6827249568207626e-01	   5.1569988829702296e-01	   7.8900461764561292e-01	   7.3927928805718335e-01	   5.4986810668059682e-01	   5.9535800767830782e-01	   5.9738868602198258e-01	   5.7459040836887354e-01	   7.8135169138434979e-01	   6.5113025234884536e-01	   6.8037915349095512e-01	   8.0409603490653858e-01	   8.2260932494708072e-01	   9.1591540965159068e-01	   3.2513758710307106e-01	   3.1185808839945611e-01	   2.7126269982070250e-01	  -9.9744417331649581e-03	   6.2442426850702670e-01	   7.0606411615964404e-01	   3.2896568887708644e-02	  -1.2425425481017693e-01	   3.8129912519815756e-01	   2.9543819189886122e-01	   8.4068776343943485e-01	   7.9997290327771542e-01	   5.0487433245505953e-01	   5.3996824306134461e-01	   7.7959176405925157e-01	   7.8819645534620975e-01	   7.3099740150326098e-01	   5.9927677127112466e-01	   5.8664335093886077e-01	   5.4126140700028846e-01	   6.5807611755842021e-01	   6.9155201854566362e-01	   8.5274380166060193e-01	   7.4103990832144273e-01	   6.2120152418612884e-01	   7.3304879780996268e-01	   5.3438270580605562e-01	   5.9366660785696168e-01	   6.5505145773662499e-01	   6.0892443404998930e-01	   7.4605806420839871e-01	   6.9263195325568871e-01	   6.2489054815779665e-01	   6.1125199023958554e-01	   3.4063280209383023e-01	   4.8446603475752403e-01	   3.2181246870838187e-01	   2.8191036659374702e-01	   6.9941064043891465e-01	   6.5087153657895602e-01	   7.8664417793825347e-01	   6.9774729890584597e-01	   2.6384127739620483e-01	   3.0845588658229806e-01	   6.3856454360713844e-01	   5.3696946537276335e-01	   2.9371070463165100e-01	   4.4791153680343303e-02	   3.0967625963513251e-01	   9.8772715861546317e-02	  -2.7048890119364355e-01	   2.3302032289568264e-01	   6.0198467705509850e-01	   6.2078742738080783e-01	   4.7380715644127719e-01	   5.3922312927294724e-01	   1.8208200462996035e-01	  -3.6257621158069780e-01	
   6.4542280467570001e-01	   6.5083686642272631e-01	   0.0000000000000000e+00	   5.8853756176041672e-01	   6.2585154898924511e-01	   1.9669625523067930e-01	   7.0205660956560512e-01	   2.2341985751459120e-01	   4.6392529609600175e-01	   2.0722423715171789e-01	   7.1852145699517389e-01	   4.4997943967805709e-01	   5.6780899344044844e-01	   6.8529564362505924e-01	   8.3495378505238815e-01	   7.5754117796799436e-01	   6.6657549049840592e-01	   4.7451804688374832e-01	   7.7325836108893298e-01	   7.3335352029455569e-01	   3.0986994404768009e-01	   4.7968994740472515e-01	   8.7940394275962919e-01	   7.6021233122524090e-01	   7.4089122288336584e-01	   5.8064989646806298e-01	   6.8369970345095510e-01	   5.7611254713132265e-01	   5.0433934713014072e-01	   3.8000714333705177e-01	   4.5842514398017437e-01	   5.5885918610666430e-01	   7.6088251696845222e-01	   7.0544701520990960e-01	   6.7245456462470199e-01	   6.5564112000043895e-01	   4.8668093162359971e-01	   5.0269770179543394e-01	   7.0291809264057659e-01	   4.5088510270828658e-01	   5.9914356095381160e-01	   5.3112425919423689e-01	   6.5903879479359695e-01	   6.7312756103092752e-01	   4.7337849542275368e-01	   5.7295638131031446e-01	   7.5242764179965937e-01	   7.2955797226891894e-01	   5.0485417422098988e-01	   4.6749761285059616e-01	   6.6246399806392386e-01	   5.9803356336465074e-01	   6.9663255206217378e-01	   6.7870314918537278e-01	   6.5448291251809998e-01	   7.3154455363607351e-01	   6.3581837065568836e-01	   6.8897893640940167e-01	   4.0545605230338444e-01	   1.4209065251493361e-01	   5.0819687225642629e-01	   1.0595443140874861e-01	   6.8622582325179726e-01	   6.5609748921778954e-01	   5.8394989591890767e-01	   2.2984043478418453e-01	   7.0160080654146784e-01	   5.7053092065390476e-01	   6.6409761237233333e-01	   6.9511563210010463e-01	   5.5112152413078830e-01	   4.4919370289037763e-01	   6.1916486728922338e-01	   5.9002776231157794e-01	   6.5622239691079864e-01	   4.8909290173776387e-01	   6.6823139127262088e-01	   6.0599927125357289e-01	   5.6196488372395959e-01	   5.4805963788864465e-01	   6.9968107991246731e-01	   7.4561160467952181e-01	   7.6855744352852873e-01	   6.3837121719305057e-01	   7.8859269251391562e-01	   8.8672605956148376e-01	   7.0066295014093671e-01	   7.4882160530622577e-01	   7.4307632674401092e-01	   7.4663847357551349e-01	   6.5267343526875699e-01	   7.3447796749597094e-01	   4.3962672783640255e-01	   7.0253340430306910e-01	   2.0228082919909834e-01	   4.7999190150344151e-01	   7.4296297379331133e-01	   7.1601147970974266e-01	   7.3679779211497820e-01	   7.1252134776169129e-01	   2.6745902906909746e-01	   5.9995996277520125e-01	   4.7441714402213109e-01	   4.6267762340797208e-01	   2.1568074842729767e-01	   1.8201242339168230e-01	   3.2894548905645260e-01	   1.8246995330391907e-01	  -3.8522882329851282e-01	   2.9250153544131696e-01	   6.7712971080076945e-01	   5.9433824091149967e-01	   3.4215035320697818e-01	   4.8400242939341681e-01	   2.3274150231164489e-01	  -4.3831889529637685e-01	
   3.1762298031319247e-01	   3.8970712501894034e-01	   5.8853756176041672e-01	   0.0000000000000000e+00	   6.3741399147830402e-01	   6.1231944973640240e-01	   6.6797698141241868e-01	   8.0369522245576175e-01	   5.8673344509088998e-01	   6.2599824358689227e-01	   3.0577646305073292e-01	   4.0483141402511663e-01	   9.0471980017720097e-02	   5.3666143637578501e-01	   4.2461406660435885e-01	   5.6693296876498378e-01	   3.5692133067695936e-01	   2.8036033494052059e-01	   4.6957515152231333e-01	   4.8817720355809952e-01	  -9.1898464581474909e-02	   4.1210313530350062e-01	   5.9989978125055188e-01	   6.8737721107834049e-01	   4.9761780630860786e-01	   5.5983180107903896e-01	   3.5828872168344883e-01	   5.6605490212838605e-01	   3.7153918387013607e-01	   2.1636103854658004e-01	   4.2725310290320118e-01	   6.4925871589518158e-01	   5.1944842492766319e-01	   5.8494586370618473e-01	   4.4808090770873066e-01	   5.5485252351833247e-01	   6.8484871828966079e-02	   9.4613151204092222e-02	   3.5147002405447469e-01	   2.4528849557907734e-01	   1.0511687696792936e-01	   2.6701352835707592e-01	   4.4965492044261413e-01	   5.5887667914164674e-01	   2.4304790205437701e-01	   5.0228609907551047e-01	   4.8411779242088498e-01	   6.0944217897018771e-01	   2.3389097864742200e-01	   4.7091505989315285e-01	   2.8114623303589675e-01	   4.4082570520606468e-01	   3.9978071214478783e-01	   5.4331700302048680e-01	   2.6073832903443284e-01	   4.2541452196303214e-01	   3.6098827111236681e-01	   4.3689860281426829e-01	   3.9597465071467514e-01	   4.9880896783590523e-01	   6.0002285567076497e-01	   6.7225842864523522e-01	   2.0844726350303525e-01	   5.6742273496234408e-01	   6.2926080881865909e-01	   6.9379054001369500e-01	   4.9030296994523398e-01	   5.4400256119682167e-01	   2.3879187475449573e-01	   2.7086646359199773e-01	   4.4271039780368932e-01	   4.2652267427887147e-01	   4.6817065468058711e-01	   3.9399586067031434e-01	   5.6666982789933551e-01	   4.2421879898400427e-01	   5.1859231951963058e-01	   5.6905985820532101e-01	   3.8519815592569739e-01	   4.0872463944296467e-01	   4.4697374425336461e-01	   3.7108382768751796e-01	   4.4928812561507869e-01	   3.5107678137766918e-01	   4.5875493857128180e-01	   6.2218837828860651e-01	   3.3699651609760201e-01	   3.0798499327661921e-01	   4.3167924043557299e-01	   6.6903886364837084e-01	   5.7894342450392033e-01	   4.7981306293690984e-01	   5.6462058658071523e-01	   3.5333870966460190e-01	  -4.5425811185156206e-02	   3.0870798579807385e-01	   3.7328333389464485e-01	   3.7639199189012829e-01	   5.0434059518297047e-01	   4.6776107864627586e-01	   4.6594542109627024e-01	   3.5264799601146135e-01	   5.6793935357887804e-01	   3.9165517332994226e-01	   2.6405366432405114e-01	   1.1633912130237659e-01	   3.8454411199431393e-01	   2.1062986452044546e-01	  -3.1057735796604019e-01	   1.4363743213776950e-01	   2.6633488293739938e-01	   3.4506104026898315e-01	   2.0987696982665383e-01	   3.6377038366404602e-01	   2.1614324298224874e-01	  -4.2460986400157102e-01	
   5.0599741576345647e-01	   5.2446866296806427e-01	   6.2585154898924511e-01	   6.3741399147830402e-01	   0.0000000000000000e+00	   5.5675583471336854e-01	   6.3576303535877154e-01	   5.2770944897791394e-01	   7.4770159934660241e-01	   6.6125085568612785e-01	   4.2937058053868959e-01	   5.2497937480018786e-01	   4.3091592157403391e-01	   6.2221651238642073e-01	   6.8201357341484692e-01	   7.3986367482310189e-01	   4.3217981881261885e-01	   2.8076221942758717e-01	   5.2714867160729773e-01	   5.3330691555352550e-01	   1.8020734885792938e-01	   5.7126034199869224e-01	   6.0800986553583714e-01	   5.2357113769613162e-01	   5.7250439954762544e-01	   5.8681771417963069e-01	   5.8542107332472371e-01	   7.6693128125510346e-01	   4.2740675285106511e-01	   3.4635527161016810e-01	   4.1211188694849299e-01	   5.0763563064644246e-01	   4.6598086188935678e-01	   4.8485524554352233e-01	   2.5399771786273651e-01	   2.6045925964923228e-01	   1.2205663586167192e-01	   8.2588160887300505e-02	   5.1402634156924121e-01	   2.8961201696681299e-01	   3.2862803092796722e-01	   3.3043524587858963e-01	   3.7033825652719593e-01	   4.1870419831158495e-01	   2.8994340238564126e-01	   4.5333355446397605e-01	   5.3979070297430309e-01	   5.5264648101020653e-01	   4.2327675411439364e-01	   4.9112978459477630e-01	   4.5840216045586946e-01	   4.9121516473033910e-01	   5.4224833440055376e-01	   5.0117676142289369e-01	   4.6795667976172139e-01	   5.1964372877209353e-01	   4.9939522826391802e-01	   4.7558965190199287e-01	   4.8785407294415739e-01	   3.5878237525122403e-01	   4.9947956012509009e-01	   2.9360197595662973e-01	   3.0332931612524899e-01	   4.5745322975316038e-01	   3.2808584925678130e-01	   2.2340037724383094e-01	   3.7502076983672894e-01	   3.3957756567818353e-01	   3.5977027561902830e-01	   4.1736646070962580e-01	   4.8485439051009149e-01	   4.7193017414917537e-01	   5.4910050640901564e-01	   5.0498156821229334e-01	   5.4755550207529058e-01	   4.6147426667109215e-01	   4.6811900068071166e-01	   4.3713265836603055e-01	   3.2512921157981506e-01	   4.6487562328465093e-01	   4.8798846462027290e-01	   3.7541238785285713e-01	   5.2448172905608414e-01	   3.9923633513607548e-01	   4.3863611087746301e-01	   6.3266004267867759e-01	   3.7540258034859147e-01	   4.0375820305456300e-01	   5.9549104997767444e-01	   6.8776354506215975e-01	   5.1674993193226104e-01	   5.0860726422322311e-01	   4.3500514377312594e-01	   4.8411764176943234e-01	   1.6674211423837411e-02	   1.1524004824907841e-01	   4.8403099879156974e-01	   4.0918498457431207e-01	   5.8149312224414118e-01	   5.1854323045609574e-01	   3.7810714862483430e-01	   3.2787385100288574e-01	   4.4332304619006069e-01	   4.5359439435751625e-01	   1.3780136698445897e-01	  -1.0540327183843518e-01	   1.9336934711663861e-01	   2.0542754108466460e-01	  -3.2328847164589347e-01	   8.6199320776993410e-02	   3.7681414600607765e-01	   4.3975631283957273e-01	   3.8697137354510569e-01	   3.3547533748941999e-01	   2.8162743130201024e-02	  -5.2820052779515536e-01	
   3.3301117233256272e-01	   2.6542643147120804e-01	   1.9669625523067930e-01	   6.1231944973640240e-01	   5.5675583471336854e-01	   0.0000000000000000e+00	   3.8247470318073074e-01	   5.3875325524446571e-01	   6.0091422405477213e-01	   7.5313508051138756e-01	  -6.4330333361837869e-02	   2.8015819931538266e-01	   2.1600514339584895e-01	   2.8012384434238236e-01	   1.5341531655198209e-01	   3.3323799808100357e-01	   2.0205776131829623e-01	   2.4024117920316468e-01	   2.2799366225020035e-01	   2.7925277019512695e-01	   5.3368205167598576e-02	   4.4898534325211503e-01	   1.5910535189380984e-01	   1.6329869701815036e-01	   3.6659434153342252e-01	   4.6207497911575202e-01	   3.1298308594259205e-01	   6.3166617265732672e-01	   1.8248166865767489e-02	   2.5521654876456301e-01	   2.7433366504836607e-02	   1.2494632705270470e-01	   2.5262399898369914e-01	   3.0323030278668855e-01	   1.2781002264417229e-01	   2.7200637250973697e-01	  -7.7355500852021974e-02	  -4.9930437454634415e-02	   1.8514261343754412e-01	   1.4434377717875899e-01	   3.9661199254420423e-02	   2.0226377087037667e-01	   2.5713351992153805e-01	   2.7105409495229865e-01	   7.6636213317373900e-02	   3.0552055563678304e-01	   3.6609795285173619e-01	   4.3486829822277034e-01	   1.6985798612754588e-01	   3.9414496305841629e-01	   3.1019982352860809e-01	   3.7557419325230773e-01	   3.7053176713142566e-01	   4.2431460754677275e-01	   2.3372017227369857e-01	   3.4547126725506200e-01	   3.5111391577110040e-01	   2.7226250032981336e-01	   3.8586581387626706e-01	   3.7533556196044160e-01	   5.3021960907013932e-01	   3.8883823843785142e-01	   1.9807338124259080e-01	   2.8848574810170469e-01	   1.1577942932775548e-01	   3.9960110461389053e-01	   1.9731474759346340e-01	   2.4918236222798754e-01	   2.3806156281529522e-01	   2.9939684679541528e-01	   2.0024632590667554e-01	   3.0371476657830432e-01	   4.1458751852355297e-01	   2.8517249706300063e-01	   4.0105293335485387e-01	   3.2747276361046151e-01	   2.7288362425562573e-01	   2.7403811281464424e-01	   2.4271861891030794e-01	   3.2666908124628441e-01	   2.8737091680747062e-01	   7.2048988522579321e-02	  -3.6662748514892887e-02	   5.3618446615818341e-02	   1.3414205040471158e-02	   1.9821164718030290e-01	  -1.2207485822536165e-02	  -5.2262429919930381e-02	   3.0110306294701977e-01	   5.3879516470417599e-01	   3.9888052866848517e-01	   3.2052128870461027e-01	   5.3776920762144331e-01	   2.4394819737341131e-01	  -2.0875066113747096e-01	  -4.5357191545725907e-02	   2.2634322526959116e-01	   6.1729695439186709e-02	   3.6021043725343838e-01	   2.3770342214916534e-01	   3.2238697356826979e-01	   8.1842787260377026e-02	   3.9411125985910622e-01	   2.8316320338191620e-01	   1.1841527352707001e-01	  -1.6419933363900535e-01	   2.0508491702133860e-01	   2.5314141624701847e-01	  -4.2625335619604349e-01	  -1.6478656569584335e-01	   1.2327186276835508e-01	   3.1337780862613401e-01	   2.1800276395021262e-01	   1.4855245961260677e-01	  -1.2755145007861363e-01	  -4.8966800411860606e-01	
   4.4702554481455542e-01	   4.1503516345132802e-01	   7.0205660956560512e-01	   6.6797698141241868e-01	   6.3576303535877154e-01	   3.8247470318073074e-01	   0.0000000000000000e+00	   6.2881716645283781e-01	   7.2657885027430080e-01	   5.4983110423660486e-01	   5.0834985409371547e-01	   5.7766627220882416e-01	   4.2117626204415370e-01	   6.9127156523779232e-01	   5.3657186792409095e-01	   5.6232303901863456e-01	   3.6787696232288480e-01	   2.5006025868251297e-01	   5.6533955189878959e-01	   4.8448491592091203e-01	  -1.3102689152095955e-02	   2.3860200435827039e-01	   5.0561969673776630e-01	   3.8015756007029206e-01	   3.6738295943123134e-01	   3.9045909388256905e-01	   2.9363082309930844e-01	   4.4205258249074370e-01	   5.2824761602383175e-01	   2.3600464430128265e-01	   3.9786034466376580e-01	   3.6113508055034216e-01	   5.9926107641683879e-01	   6.0202837678855015e-01	   3.0304628464911110e-01	   3.7746930004220069e-01	   5.2137304804322701e-02	   1.5472846419808278e-01	   3.6989765700201549e-01	   2.9504162108920101e-01	   1.5178629022660722e-01	   2.7314807982432876e-01	   3.7895939124171074e-01	   4.2883204276115239e-01	   2.0232444125242360e-01	   3.4174110220618503e-01	   4.6543265152702890e-01	   4.7794902702863329e-01	   2.9374031812113727e-01	   3.6136564454529807e-01	   4.6659794648098196e-01	   4.7958625605952676e-01	   3.3893149092882280e-01	   3.4269686812263284e-01	   3.7570871258626831e-01	   4.0655620913089463e-01	   2.9964678674459078e-01	   3.2993088265493953e-01	   2.7525264211961131e-01	   2.1838785666868762e-01	   5.7571986425029298e-01	   3.7564072477089616e-01	   2.8032455611085105e-01	   4.7217589959969031e-01	   4.7442932279099859e-01	   4.5039230285997522e-01	   5.0825433181766255e-01	   4.6884064068258691e-01	   3.2643508972115898e-01	   3.3595157771601236e-01	   3.6329830750038017e-01	   2.5635409133624576e-01	   4.5096407011931711e-01	   4.3263932096578561e-01	   4.7890097117420416e-01	   4.5384668697535357e-01	   4.0666390869790980e-01	   4.5243555343470521e-01	   2.4003870607758360e-01	   3.5686678064369859e-01	   4.3413945583738223e-01	   4.1949560989702062e-01	   4.8080571049670479e-01	   3.2976246256785213e-01	   4.5766695500658078e-01	   6.6579840364982679e-01	   2.7498362245537189e-01	   3.0645262682148566e-01	   5.2470553509960771e-01	   5.7207958924299074e-01	   4.0765508789442217e-01	   4.2410822568213002e-01	   2.6411580898354031e-01	   4.6175538197798149e-01	   1.6049557650852107e-02	   2.0634155828063361e-01	   4.2937143993593907e-01	   3.5787952475475382e-01	   4.7265331524104764e-01	   3.4074632166724339e-01	   2.6480782177663287e-01	   4.6800194368024717e-01	   3.0603645025976234e-01	   2.8967776844746573e-01	   1.1988180392393974e-01	  -9.8558637616218345e-03	   3.1009334159902535e-01	   1.8242055073694419e-01	  -2.7623470145280532e-01	   1.2300685388257400e-01	   3.9643892173595285e-01	   2.6881799480893032e-01	   1.5789999005654637e-01	   2.2644795659216027e-01	   1.7206506626183854e-01	  -3.5222284219534300e-01	
   6.6667706928617235e-03	   1.7039587602164630e-01	   2.2341985751459120e-01	   8.0369522245576175e-01	   5.2770944897791394e-01	   5.3875325524446571e-01	   6.2881716645283781e-01	   0.0000000000000000e+00	   5.7258403182181972e-01	   7.4254599537774246e-01	   6.2680409915978091e-02	   4.7408019405670043e-01	  -1.6226540172365500e-01	   3.6543750330224933e-01	   1.2782217164207316e-01	   3.7272471727735101e-01	   8.6048845483028408e-02	   1.1662876809616972e-01	   2.4068422182994123e-01	   2.8158742310690738e-01	  -3.1548177218714613e-01	   2.0418049045084419e-01	   2.4663549601433837e-01	   3.0313782944674905e-01	   1.5392754139031695e-01	   3.0505591038462704e-01	  -5.8393788794330569e-02	   3.1276079229133141e-01	   3.9035564657769251e-01	   1.6328049625415270e-01	   3.8166157030017683e-01	   4.6033434140583407e-01	   3.2352517096985361e-01	   4.2534995757347360e-01	   1.4799461868103633e-01	   2.6420814691019889e-01	  -2.7819065627542716e-01	  -2.0587778320915828e-01	   1.8806640599009584e-02	   6.7424954372643828e-02	  -1.9769836399870205e-01	  -7.7366040339465030e-03	   1.8144179062720528e-01	   2.6145034948139717e-01	   1.2453578201090951e-01	   3.3007343557613467e-01	   1.8211082235203718e-01	   2.9582563880313428e-01	   1.1671105651123344e-01	   3.7197793487852665e-01	   1.7266141627440357e-03	   2.2930372641099719e-01	   5.4182868134889151e-02	   1.8930533256369148e-01	  -5.4099661158938321e-02	   8.1624174253778201e-02	   2.7435870471437966e-02	   1.2229201192435035e-01	   2.0114847772505001e-01	   4.9647006667655280e-01	   4.5376146641010945e-01	   7.8903452590370837e-01	  -1.7493949831973821e-01	   3.8115428091808562e-01	   4.5906847382835786e-01	   6.5342870408143738e-01	   2.3914255152932790e-01	   4.0136731265704939e-01	  -5.9760389946739614e-02	  -1.6318225848022488e-02	   1.1056861919455152e-01	   2.2930520135007032e-01	   1.5786244420106510e-01	   1.6611597057056798e-01	   2.4759515818575745e-01	   1.9921438747414638e-01	   2.1366315069058911e-01	   3.1180229799189296e-01	   7.2725509272552488e-02	   1.3586468428732548e-01	   1.5685108599029568e-01	   6.1131465745053258e-02	   2.0199940278431650e-01	   1.4273687141219804e-01	   1.3195576422944835e-01	   2.9212765538213137e-01	  -5.5164553865876841e-02	  -9.7717794846167383e-02	   1.2583444178683811e-01	   3.6674742236885138e-01	   2.7638207714773555e-01	   1.2703647964468986e-01	   3.4642330651054692e-01	   1.6630435273318665e-02	  -1.6244543145275347e-01	   8.9920976307882941e-02	   3.8366577330113553e-02	   5.3676474950850664e-02	   1.9877237011957519e-01	   9.2680106996452905e-02	   3.7784317121009137e-01	   4.3875235133522449e-02	   3.6228982183845437e-01	   1.6571445934864495e-01	   1.0466364862034390e-01	  -5.7866586352360597e-02	   2.4388465089728184e-01	   1.4139725700868716e-01	  -1.0638935726930754e-01	  -3.7590711943789289e-02	  -3.1444597643848493e-02	   3.9519817565200691e-02	   6.4537712173115699e-02	   1.3545090479682664e-01	   9.8940475153726087e-02	  -2.8373388155484658e-01	
   4.6216915392980551e-01	   5.0842488019685850e-01	   4.6392529609600175e-01	   5.8673344509088998e-01	   7.4770159934660241e-01	   6.0091422405477213e-01	   7.2657885027430080e-01	   5.7258403182181972e-01	   0.0000000000000000e+00	   7.8768673219621976e-01	   3.1382572940066084e-01	   5.2807236925129986e-01	   3.9886458618550580e-01	   5.2492507809883615e-01	   5.4373288329716662e-01	   5.7881317745404726e-01	   4.3106522149598836e-01	   3.8868025182918531e-01	   4.9231257422247349e-01	   4.8717834053542919e-01	   2.6795323423642329e-02	   4.1588533677457895e-01	   3.8133856454243031e-01	   2.7776610446227606e-01	   3.8247176005359573e-01	   4.8069426044664471e-01	   3.8660804157434403e-01	   6.2680717160624744e-01	   4.8178870489536085e-01	   3.7643638771576704e-01	   3.5592515140505065e-01	   3.1180019464913622e-01	   5.5762698707206138e-01	   5.7371321017944643e-01	   1.9365259572125811e-02	   1.2837006665001596e-01	   3.2840456925631055e-02	   3.8145254051332622e-02	   3.5892324817472548e-01	   3.0365513029388308e-01	   1.5165686333441111e-01	   3.1629017477689769e-01	   2.1090231097892509e-01	   2.6460966293570898e-01	   2.6372137159132336e-02	   1.8654446068182612e-01	   4.1203007938319980e-01	   4.1440466196485298e-01	   2.3015521141091722e-01	   3.4366889058848721e-01	   3.5721255446526512e-01	   3.6139247054233120e-01	   3.8475756834323571e-01	   3.0497225675320999e-01	   2.9175979308191574e-01	   3.9650108802514994e-01	   4.6603005449890345e-01	   4.3242316072257347e-01	   3.1801791762077969e-01	   3.2595670563199414e-01	   4.9698436509636279e-01	   3.3979080449945059e-01	   2.8244015721585025e-01	   5.0213547500171618e-01	   1.5726554724493161e-01	   2.1067987765759943e-01	   1.6667698806288367e-01	   1.1735507424952610e-01	   3.6499151101489968e-01	   3.4416586558624418e-01	   3.1606681156265093e-01	   2.9567980744105715e-01	   5.0105380894535079e-01	   4.9952216997096949e-01	   4.7852740148127582e-01	   4.4986968267465399e-01	   2.9134667029718925e-01	   2.9320670828747936e-01	   2.9223455080108163e-01	   5.4313708752471856e-01	   4.7272284765548511e-01	   3.0465162485163977e-01	   3.3363994780525391e-01	   2.2276817599078813e-01	   2.8148475256401706e-01	   4.6205795913034570e-01	   2.1280814691766556e-01	   1.3406775848048419e-01	   5.0488163117690221e-01	   5.7492622296047657e-01	   3.3546786565565578e-01	   3.3399704450316148e-01	   2.9576181925917955e-01	   3.1319114429487149e-01	  -1.7097400468869606e-03	   2.9836411968488935e-02	   2.8643026931388271e-01	   1.9504425387618685e-01	   4.4789424495567270e-01	   3.1446249496796896e-01	   2.3894875511292571e-01	   2.7398674151206570e-01	   3.2053717335773402e-01	   3.0581323478345118e-01	   1.4826307763275717e-02	  -1.4320418835911952e-01	   1.3118495310689621e-01	   1.5009762229754106e-01	  -2.3966615565879507e-01	   2.2765594609497813e-02	   2.0919457117008647e-01	   2.7690418276660644e-01	   1.3550806938069221e-01	   2.2340054301612738e-01	  -6.2076675823900779e-02	  -4.8874226525496989e-01	
   2.7127621745785624e-01	   2.8763073551531082e-01	   2.0722423715171789e-01	   6.2599824358689227e-01	   6.6125085568612785e-01	   7.5313508051138756e-01	   5.4983110423660486e-01	   7.4254599537774246e-01	   7.8768673219621976e-01	   0.0000000000000000e+00	   9.5277224228219715e-02	   4.5476900729146763e-01	   1.4381128075097868e-01	   3.7688516572492858e-01	   2.7849878235197695e-01	   4.9264103948866439e-01	   1.8881030634826618e-01	   1.6840724355858550e-01	   3.1635509503420844e-01	   3.3476818499908700e-01	  -9.2256185158453713e-02	   3.2810119063792947e-01	   2.0970854284670332e-01	   1.8163638271512389e-01	   2.2671449125767415e-01	   3.5675516201844876e-01	   1.9065097039679421e-01	   5.7810906802416895e-01	   2.6591158891994682e-01	   2.1174559813098781e-01	   2.1864798160119098e-01	   2.4362716825980768e-01	   3.4066649050374637e-01	   4.0997087304424645e-01	  -4.2917657595332157e-02	   6.8480992756078843e-02	  -2.3178604349851989e-01	  -2.0698326426874178e-01	   8.9115214478132088e-02	   1.2619320335936446e-01	  -3.8110622103872574e-02	   8.4556598898549828e-02	   2.8336029791631620e-02	   6.1059112778875067e-02	  -2.6689801074178750e-03	   1.9014392046484632e-01	   2.2139398819319447e-01	   2.5297633845889228e-01	   1.6982913988979331e-01	   3.4491395494837707e-01	   1.4359347636469474e-01	   2.4400198352355743e-01	   2.1111724894845196e-01	   2.4398395986899221e-01	   6.7835026762257306e-02	   2.3378156495762950e-01	   2.7166998633534145e-01	   2.1574683207203843e-01	   3.1576464937546994e-01	   4.1490799046329430e-01	   4.5279351523388522e-01	   5.5826064954383059e-01	   4.2560727397987150e-02	   3.5482414118857292e-01	   1.6413917955087495e-01	   3.6254067024534237e-01	   1.7676882130046340e-02	   9.0804951677261228e-02	   1.5030135799255184e-01	   1.2676233596572634e-01	   9.0225189793595340e-02	   1.8885071056423261e-01	   2.9992800935436309e-01	   2.7979782463406871e-01	   3.4544364303647374e-01	   2.8124815539543835e-01	   1.4083685428862078e-01	   1.5357330885303960e-01	   7.2205110914832435e-02	   2.4350901915587186e-01	   2.0598049649378752e-01	   2.0663330537027406e-02	   1.4282923924415153e-01	   1.2216041016093354e-01	   1.0400306829695039e-01	   2.1727470728852269e-01	  -3.3352513449813541e-02	  -5.5219275667200154e-02	   2.7869694220925501e-01	   4.4613525074454630e-01	   2.2324583217064625e-01	   1.8258410803085015e-01	   3.6327903774656339e-01	   1.0741789955798522e-01	  -9.7085159841098945e-02	  -5.5392416942425970e-02	   8.9955626783126866e-02	   9.8302438096936236e-03	   2.6504998585144135e-01	   1.3815796330788116e-01	   3.1961144105477657e-01	   3.3737293727401911e-02	   2.9789625203644016e-01	   1.8381899120010425e-01	  -2.0098009482833183e-02	  -2.2485642403569009e-01	   1.5286544834935528e-01	   2.8502790186869997e-01	  -9.7248436844597025e-02	   9.7196600689072373e-03	  -1.8527385749161698e-02	   1.4249692547317222e-01	   1.3949885011613153e-01	   5.6567517342443391e-02	  -2.0534257128299035e-01	  -3.9370503827603792e-01	
   6.5926009339820024e-01	   5.4271761644075645e-01	   7.1852145699517389e-01	   3.0577646305073292e-01	   4.2937058053868959e-01	  -6.4330333361837869e-02	   5.0834985409371547e-01	   6.2680409915978091e-02	   3.1382572940066084e-01	   9.5277224228219715e-02	   0.0000000000000000e+00	   5.5201993341957745e-01	   6.8245655256115090e-01	   7.5385553461719268e-01	   8.1220317944018205e-01	   6.7889421760340674e-01	   6.2475816074868717e-01	   3.9718216922649768e-01	   6.7522232334079946e-01	   6.1382762712497829e-01	   1.0914457813516981e-01	   1.7554290457633184e-01	   6.4428069159314449e-01	   5.8342647767167055e-01	   3.0017015412135450e-01	   1.7375964493558196e-01	   4.3253315529056524e-01	   3.5048096424524655e-01	   5.1979841138632632e-01	   2.7743235373447700e-01	   2.4010234114665585e-01	   3.4041979362755781e-01	   5.8202485822745165e-01	   5.7954484991703126e-01	   4.3198858333499834e-01	   3.9768936465674315e-01	   4.3522462270980961e-01	   4.2196303605553925e-01	   4.8138398132963595e-01	   2.3817491227805435e-01	   4.7192391806975387e-01	   4.1506703551920321e-01	   3.0568182389973758e-01	   3.2604739813875816e-01	   2.4460840474904130e-01	   1.9051183113281356e-01	   4.6420510235177803e-01	   4.2824753736158438e-01	   3.8548719664477171e-01	   1.3652707357113691e-01	   5.0123337042873972e-01	   3.4436040243681165e-01	   4.8314910499712815e-01	   2.9834004260260755e-01	   5.2047627758547921e-01	   5.2344919706060589e-01	   5.0925694023758716e-01	   5.1009106360404555e-01	   1.1838763543707478e-01	  -2.2751027869604440e-01	   3.2762704924898256e-01	  -7.7475152431881023e-02	   5.1708664111471425e-01	   4.5784339733831442e-01	   3.8726313864675899e-01	   6.6949120588001856e-02	   3.9737680832803213e-01	   2.5508848004847851e-01	   5.8703636248061331e-01	   5.1604937142785190e-01	   4.4362492341536031e-01	   2.6947694237551378e-01	   5.4960152682489261e-01	   6.1726836291180753e-01	   5.8969204574690237e-01	   4.8661075913452967e-01	   5.8461007124996800e-01	   4.4930557256815418e-01	   3.9207849944421347e-01	   4.4125643148418270e-01	   5.4343465983157446e-01	   6.9801725810304383e-01	   7.2442607366690148e-01	   4.6932337652456191e-01	   8.2537085708260527e-01	   8.0339735260802725e-01	   6.6734250850561805e-01	   6.8813794010317730e-01	   6.2672537355914915e-01	   5.1872171302175196e-01	   2.4580792816851954e-01	   3.4297045330799303e-01	   3.8626706354248794e-02	   4.3947111968092578e-01	   3.5461316230121231e-01	   3.5882336453610975e-01	   5.5781176819216594e-01	   5.0267852918383260e-01	   4.4033365250611228e-01	   3.7388563948747333e-01	   3.5445646700115088e-02	   4.4242943524617995e-01	   1.3144958412664631e-01	   2.9525336847936667e-01	   3.1430732845234089e-03	  -8.8928383537431002e-02	   9.1872861889460228e-02	   7.9816393231965974e-02	  -1.6285552150357135e-01	   4.2364966953788930e-01	   5.2257200020927963e-01	   3.1807895984459367e-01	   2.0389102550294705e-01	   2.2144491913174680e-01	   1.2410018820140856e-01	  -3.4469191606009281e-01	
   5.4084605691452992e-01	   6.5330205733321123e-01	   4.4997943967805709e-01	   4.0483141402511663e-01	   5.2497937480018786e-01	   2.8015819931538266e-01	   5.7766627220882416e-01	   4.7408019405670043e-01	   5.2807236925129986e-01	   4.5476900729146763e-01	   5.5201993341957745e-01	   0.0000000000000000e+00	   4.9580517136704749e-01	   7.3558923891045003e-01	   4.9902219461929931e-01	   6.9051688068158379e-01	   4.6449400796368290e-01	   5.1262921991186206e-01	   6.8796796611827571e-01	   7.1587224865233146e-01	   2.1604529873236913e-01	   3.8985101094574948e-01	   3.7543809515116305e-01	   2.7936594970638495e-01	   2.9881587679232513e-01	   3.5145195574847921e-01	   2.6498045473284138e-01	   5.0671547069773581e-01	   6.1417333609370817e-01	   5.5792140266340029e-01	   4.6249605882459510e-01	   3.0550549123891602e-01	   5.8369514081639085e-01	   6.3761082830089244e-01	   2.0083580643221116e-01	   3.0741004621493184e-01	   2.4043543246576399e-01	   3.6397141975409603e-01	   4.5072627641882435e-01	   4.5569041040958636e-01	   3.9068836931677009e-01	   4.9330510450808052e-01	   4.3531221941359383e-01	   4.9337895816746763e-01	   4.3134123224769133e-01	   4.9983213578656460e-01	   5.6295658048197228e-01	   5.7014603917433848e-01	   5.3222354127110838e-01	   5.6387645982935286e-01	   5.3114874520498456e-01	   6.2082960414739752e-01	   4.7303642308622107e-01	   3.5923740890440192e-01	   4.9148561285515602e-01	   5.4929938145389057e-01	   3.7763120108397263e-01	   4.7154914332363596e-01	   2.3324540243046782e-01	   2.7426031930627592e-01	   1.8918433164219894e-01	   9.3259977120849338e-02	   2.8133058683110901e-01	   6.0995844585894199e-01	   3.6200293128261951e-02	   3.5408490430241718e-02	   4.7521700477511186e-01	   5.0261674237002085e-01	   5.0140705947492736e-01	   4.8967765853969902e-01	   3.4812516917098490e-01	   4.9641261042242446e-01	   5.1451248353472256e-01	   6.9273382314423315e-01	   4.9994592745966765e-01	   5.3241078169681044e-01	   4.6990090753102887e-01	   5.3423356951672107e-01	   2.2952191297340208e-01	   3.5366162683565905e-01	   4.9923550919504900e-01	   4.8939807860198087e-01	   5.3548232703206611e-01	   5.5338204116922696e-01	   3.4925474625718012e-01	   5.6660650027545578e-01	   3.7907279715414655e-01	   3.3887906396793577e-01	   5.0884312559875267e-01	   5.4916133712168247e-01	   4.4441616459311362e-01	   3.3638509024860941e-01	   1.7158097314589091e-01	   2.9016526386831060e-01	   1.6032296365178436e-01	   1.8857775280307221e-01	   4.3484056096468571e-01	   3.5990843296132696e-01	   5.5339502382613293e-01	   3.0773087987155118e-01	   2.5908427995942096e-01	   1.4245501298419769e-01	   4.7846749925458898e-01	   3.7262460135127479e-01	   2.3180776457410918e-01	  -1.0804731955306546e-01	   2.2238310894921129e-01	   1.0758625148523983e-01	  -2.2461411158752614e-01	   7.1587159321014351e-02	   4.1186295973158871e-01	   3.2480225494673493e-01	   3.3609452721212962e-01	   2.7780940852815378e-01	   8.2400364567230988e-02	  -3.6906628076010617e-01	
   8.1944035654360281e-01	   5.8083529716567561e-01	   5.6780899344044844e-01	   9.0471980017720097e-02	   4.3091592157403391e-01	   2.1600514339584895e-01	   4.2117626204415370e-01	  -1.6226540172365500e-01	   3.9886458618550580e-01	   1.4381128075097868e-01	   6.8245655256115090e-01	   4.9580517136704749e-01	   0.0000000000000000e+00	   6.8895079738436726e-01	   6.3366276450082171e-01	   5.0922621776148014e-01	   5.2013381147545512e-01	   3.9804272724755352e-01	   5.9943021888030190e-01	   5.0949479343573478e-01	   4.3373818901495365e-01	   2.9268750679831729e-01	   3.6217452651545740e-01	   2.0935861358601160e-01	   3.9250693554774774e-01	   3.1356832474289731e-01	   6.7013513706237671e-01	   5.4040018902465581e-01	   1.8048622660697106e-01	   3.2085931957527741e-01	  -4.6753071778070754e-02	  -6.0481915214380254e-02	   4.8689796065670432e-01	   4.2202156786647149e-01	   2.5695126486079589e-01	   2.5972259437425421e-01	   5.4130245393727239e-01	   5.2924331895953092e-01	   6.3438311616513388e-01	   4.1038970620332849e-01	   5.9154002098079705e-01	   5.6823049334802189e-01	   3.5848604742776558e-01	   3.1919483107648655e-01	   1.6251567880402762e-01	   1.4259328300281893e-01	   5.8209558962211405e-01	   4.6198234127523113e-01	   3.7541550373575150e-01	   1.8439716522649185e-01	   7.5132402276798715e-01	   4.4260947089804581e-01	   6.5816588116646479e-01	   3.8137652879309081e-01	   7.5807910825129654e-01	   6.8891413487484054e-01	   6.0557577715027877e-01	   4.8877012039084505e-01	   2.5321339321425712e-01	  -2.1649129573821480e-01	   3.3304803133989824e-01	  -3.7667756250074313e-01	   6.7561617417434350e-01	   2.9198764551240181e-01	  -6.0776607707597879e-02	  -1.6567998576596057e-01	   3.4989744261087763e-01	   1.3130221535503556e-01	   6.6785032642920605e-01	   6.3265283332218236e-01	   4.2164128710935589e-01	   2.8485738519681464e-01	   6.2417795512247998e-01	   6.2130621623700766e-01	   5.7306440689080473e-01	   5.4074155789565137e-01	   5.2710510464925053e-01	   3.8512609005976450e-01	   3.8206210047082967e-01	   5.0233200322238658e-01	   5.3871829425012374e-01	   5.5992400400599140e-01	   3.8164888007032066e-01	   3.7808212503272720e-01	   4.8648142625950019e-01	   5.9520510637894375e-01	   5.1852793314022949e-01	   5.8925254252461834e-01	   7.8620170867898276e-01	   5.6979956807504417e-01	   4.0122898018712638e-01	   4.4841002680489378e-01	   1.0984174268659389e-01	   6.2911363361971206e-01	   1.9514881753582947e-01	   1.3467181285167529e-01	   6.0743547689124311e-01	   4.6755734761467527e-01	   5.6463419292725370e-01	   4.5829002231599547e-01	  -2.6340582347913099e-02	   4.2399408138257866e-01	   1.6478059576877579e-01	   3.8620480354751463e-01	   6.0110312957422765e-02	  -1.5448955944941603e-01	   1.5681501196227682e-01	   1.2689651482557446e-01	  -3.7947164721265536e-01	   1.8900006114178014e-01	   5.8394344133691689e-01	   5.6386553472346090e-01	   4.4403697738601217e-01	   2.5764504194814741e-01	   5.3716104873375936e-03	  -4.2192137349102665e-01	
