   0.0000000000000000e+00	   8.2177885867286060e-01	   3.5448942505876835e-01	   5.4034134029298475e-01	   2.3299952167438587e-01	   5.3825566695664206e-01	   4.0227921297869373e-01	   5.4489787664764511e-01	   1.6470513224299166e-01	   3.7475879862441419e-01	   8.0899280317981370e-01	   7.2965410915814743e-01	   7.6158804839048999e-01	   6.8467498952260952e-01	   6.7064751567447800e-01	   6.2262282334469921e-01	   4.9040446612821242e-01	   5.8308767038360210e-01	   8.2167456677697870e-01	   7.9480817592260300e-01	   2.2604687512109334e-01	   4.6063653221057088e-01	   3.9692740360760470e-01	   4.3721952989461244e-01	   2.8432190385619038e-01	   3.3829263766719048e-01	   4.6381553575388212e-01	   5.6377333891550951e-01	   4.9261239355408337e-01	   4.5604571094584578e-01	   2.5279064907599064e-01	   2.5650754203726023e-01	   5.8216189314679601e-01	   6.1145741182482394e-01	   3.8698059589412354e-01	   3.6443549194766089e-01	   5.2322098760044489e-01	   5.0498053668508536e-01	   5.6165060619270202e-01	   3.6187330727373657e-01	   6.1948100605731382e-01	   5.2233049989352254e-01	   4.5269772936044544e-01	   4.4505341695321510e-01	   2.5794872274805353e-01	   2.9759751980556737e-01	   5.1895905443568791e-01	   5.4682365460733795e-01	   4.2209640130122111e-01	   4.5069354768243886e-01	   7.2107701578519112e-01	   5.9707600606540112e-01	   6.9580906795204911e-01	   6.4659512196796654e-01	   7.0583280193958564e-01	   6.2331821178085633e-01	   7.6826568196973433e-01	   6.8087752866319595e-01	   4.7777043890983717e-01	   3.5014657826964890e-01	   7.9391473608766683e-01	   3.5579145836524045e-01	   5.4724865584877425e-01	   4.9603220965194494e-01	   2.9084726088080215e-01	   3.3405094758025750e-01	   3.3317578221007876e-01	   3.5115334386072738e-01	   6.9974162129244211e-01	   6.6016986347995332e-01	   3.7386722915829634e-01	   5.3158154033563831e-01	   6.5796392507737056e-01	   6.8595962521933118e-01	   6.9218440388438396e-01	   6.8809083295099172e-01	   6.7871116953886368e-01	   5.9264097691430995e-01	   3.7034974590451608e-01	   5.3097777877897634e-01	   5.3354080382650249e-01	   6.1372875632597146e-01	   6.4427660876093451e-01	   5.0001618080481991e-01	   3.9551305322596841e-01	   4.7903038393676478e-01	   5.8215154788234269e-01	   4.2207712117506868e-01	   6.8478556328204365e-01	   7.1347077282849358e-01	   6.5127959416517056e-01	   3.5733332424388842e-01	   5.1156573144780770e-01	   4.2297985771966229e-01	   1.8762911177146979e-01	   1.7522044285861668e-01	   6.5769730602710119e-01	   6.0189881793058442e-01	   7.3410966764143193e-01	   7.8309703100714123e-01	   5.2436655669779331e-01	   5.6632161842289852e-01	   6.4848072611853502e-01	   5.6634861400719350e-01	   5.7694453654751843e-01	   4.9881045732253287e-01	   2.9130041680457475e-01	   7.3562723612228686e-01	   1.7828701887122422e-01	   4.7115327730577083e-01	   6.5160155385505480e-01	   7.0760491832266137e-01	   6.5581136364205361e-01	   6.7092024518622195e-01	   4.7731549775886128e-01	  -5.5527488159760982e-02	
   8.2177885867286060e-01	   0.0000000000000000e+00	   1.4978064854544507e-01	   5.1894546747219639e-01	   1.6555964140965793e-01	   4.8500234647751139e-01	   1.3788993158895546e-01	   5.6770085497662270e-01	   1.6877110462145456e-01	   3.1168594099573199e-01	   5.6036850547959727e-01	   8.4425577514597872e-01	   5.6932512234622512e-01	   7.4401210217003610e-01	   4.6201317151263249e-01	   4.9686400771769945e-01	   4.6938747385993268e-01	   6.0611910615581532e-01	   6.8011483928876326e-01	   8.1051037859110897e-01	   1.6253031255910105e-01	   3.0530481152801203e-01	   2.5295181503658937e-01	   3.5116245147495662e-01	   2.4574884648017017e-01	   3.1313805347534607e-01	   3.5960117016383786e-01	   4.8265187680723043e-01	   4.7115220138025926e-01	   4.5143698557586542e-01	   2.6526079392589536e-01	   2.2789879099026400e-01	   5.5075525495315603e-01	   6.6931209797012570e-01	   2.6820123959674158e-01	   3.3581715227272912e-01	   4.5890816904376969e-01	   5.2382551762369034e-01	   5.5192277923438438e-01	   3.6669284202819519e-01	   6.0888734124867971e-01	   4.9870624915301465e-01	   3.3558437632075105e-01	   3.5079833204475264e-01	   1.3511533544015705e-01	   2.4949620762323571e-01	   4.0672082100931262e-01	   4.5740182272321828e-01	   2.8732287755324593e-01	   4.6642625842191160e-01	   5.5537327471025222e-01	   5.3825394331316356e-01	   6.4845040144011901e-01	   6.0790405659268076e-01	   6.0552741520922893e-01	   6.1689404860390251e-01	   8.1201790849739819e-01	   8.1970490574350185e-01	   4.2371964612532781e-01	   4.4379083452183293e-01	   7.3785748705818688e-01	   5.8617580082165188e-01	   6.2991397097375057e-01	   6.1375192298646031e-01	   1.2886397519770293e-01	   2.6696980664688219e-01	   1.6333764380751828e-01	   3.0774924631258443e-01	   6.0640801627749052e-01	   6.3721395804063841e-01	   1.6224324884593558e-01	   4.2285110015058919e-01	   6.0957031459650712e-01	   7.1386352692313104e-01	   6.4248556543602464e-01	   7.3536292989782326e-01	   5.4191860063570774e-01	   6.2544105938502659e-01	   2.8267732261296663e-01	   4.2949686355026073e-01	   4.8008333884845089e-01	   5.6803999578618236e-01	   5.2675714377734217e-01	   5.2289583173375498e-01	   2.5463570590210388e-01	   3.9073461470295778e-01	   4.7555281613063072e-01	   3.7121241899780566e-01	   4.7315007859993863e-01	   6.4912859574975634e-01	   5.7724834285076465e-01	   1.2971134514878910e-01	   4.5214437991920980e-01	   1.6972624793878588e-01	   1.7085342760008443e-01	   3.8601869244973427e-02	   5.5042471909252921e-01	   4.9973081496389943e-01	   6.8511239725342188e-01	   6.9639002561167673e-01	   5.2962207584891929e-01	   4.0977690138111450e-01	   6.4333699542105927e-01	   5.3690279676325880e-01	   5.1921718318097132e-01	   4.6653133317828099e-01	   2.4965309479532455e-01	   6.8398802100170619e-01	   5.2290582894527465e-03	   4.0946269653618256e-01	   5.2585788367414332e-01	   6.2414483312389901e-01	   5.9348134625120541e-01	   5.9956172017340781e-01	   3.6857758015542907e-01	  -8.2530527879748211e-02	
   3.5448942505876835e-01	   1.4978064854544507e-01	   0.0000000000000000e+00	   4.1402690977398410e-01	   4.8571863503030055e-01	   3.0244598301174813e-01	   7.3624197027530136e-01	   2.5731246392207996e-01	   2.5776806675130454e-01	   2.3552102711436296e-01	   3.8840194682067752e-01	   8.1792928262563111e-02	   4.4395378101220706e-01	   4.9817825421258483e-02	   7.1664747226219483e-01	   3.5420385301748886e-01	  -3.0023377719086164e-01	  -2.8027566897522355e-01	   5.6427707313573794e-01	   4.1645967877538742e-01	   9.7520061580041770e-02	   2.0568379409665566e-01	   8.5324312132377789e-01	   6.8338397899069803e-01	   4.6104246986445063e-01	   2.8020137930188038e-01	   6.5489161902735504e-01	   3.9694497714066168e-01	  -4.3846470646565910e-02	  -1.4858153399245716e-01	   2.5841988668130084e-01	   1.9073385757395961e-01	   2.4378900115198776e-01	   1.0762966123972242e-01	   6.3989336445876654e-01	   3.3981408107658040e-01	   2.6709891473793546e-01	   9.3421017642319207e-02	   3.6757484768046156e-01	   6.7331703993929085e-02	   1.9357052454949591e-01	   6.2032966839462279e-02	   2.2957515085647096e-01	   1.9696055542125784e-01	   2.2356069275382773e-01	   1.2234978143196482e-01	   2.0192019046368020e-01	   1.7525731547564699e-01	   4.0675878719241604e-01	   4.0941222231464708e-01	   4.9721977281722496e-01	   4.6823165581004711e-01	   3.8252543105925563e-01	   4.8703137607017344e-01	   3.7483827611398934e-01	   2.3816737196525109e-01	   2.6608253270142164e-02	   1.0177633336637333e-01	   6.2069992565925802e-01	   5.5326432978098505e-01	   3.9646593335451652e-01	   2.9968821081919034e-01	  -1.4214513540354648e-01	   1.7854090228650990e-02	   7.1745092076895101e-01	   4.6048961770906133e-01	   5.6070312998171457e-01	   3.6484060534652946e-01	   6.1866640170126752e-01	   6.2180812324911661e-01	   6.5598166552247394e-01	   5.0959502936681034e-01	   3.1689853020880021e-01	   1.1632061245466559e-01	   4.1955466238638606e-01	   1.7341835341674938e-01	   4.2231965380045305e-01	   2.9201619663569622e-01	  -2.0741570770664658e-01	  -1.9210361774209028e-01	  -1.3410143457833296e-01	  -2.4260800686889813e-03	   3.2006504417386838e-01	   1.4576227046765655e-01	   6.6766873120556924e-01	   3.9727783908149106e-01	   5.2209677440860425e-01	   2.4553291189124099e-01	   7.4373888506393160e-01	   6.2702770644091610e-01	   3.2991909839841804e-01	   7.4933260910350197e-01	   3.9066788156879106e-01	   8.5007463636757541e-01	   2.1366217213768374e-02	  -1.5465525993700954e-01	   3.2045830032491784e-01	   1.8570217513070650e-01	   2.2721586437215485e-01	   3.0638112527006800e-01	   2.9251037805023938e-01	   4.3349949822552064e-01	   2.4126411675169362e-01	   2.2978850047320887e-01	   2.3308288026294532e-01	   2.7155743337233618e-01	   3.4366931112427723e-01	   3.5736015344326238e-01	  -1.8379923480657902e-02	   2.3580443179557287e-01	   2.6863885646518026e-01	   3.4697349820881396e-01	   4.4661457678835825e-01	   2.5587818562885023e-01	   2.5566588134595181e-01	  -9.7236405215400973e-02	
   5.4034134029298475e-01	   5.1894546747219639e-01	   4.1402690977398410e-01	   0.0000000000000000e+00	   4.7921775513850451e-01	   7.6851634311408135e-01	   4.9851674433351578e-01	   7.9620734346972555e-01	   3.5095004646071271e-01	   5.5956127733310113e-01	   4.2776701379075865e-01	   5.5420705619676813e-01	   5.3792841245332790e-01	   5.0289420634747994e-01	   5.5227086504037726e-01	   4.7793896083602810e-01	   2.1534648043331039e-01	   2.9643910418371716e-01	   5.6261664654065602e-01	   6.6557112128601625e-01	   3.7678981881851659e-01	   5.8898753862379993e-01	   4.4380630829854728e-01	   6.2055361585955904e-01	   5.4241827388080177e-01	   6.6190435143407722e-01	   4.2304887479987102e-01	   6.3553629709987947e-01	   3.3261256025028368e-01	   3.0900415992536667e-01	   4.8807888051368342e-01	   5.6035177489138077e-01	   6.3516573698256296e-01	   6.8471668373388572e-01	   5.3252525610484036e-01	   5.5161364673313529e-01	   3.8901877090836268e-01	   4.3465625357079879e-01	   5.3915550891310038e-01	   2.9983431222509549e-01	   6.1600979565048175e-01	   3.7638493882419677e-01	   3.4600212192879293e-01	   3.6947145206339693e-01	   2.2862951602543702e-01	   2.9655864471381632e-01	   3.8016986431073646e-01	   4.0768271359946051e-01	   3.0505288517966700e-01	   3.6244961012721755e-01	   5.3217417860437144e-01	   5.7739507849914751e-01	   5.3164170953299639e-01	   4.9340239831203858e-01	   5.3417082280753792e-01	   4.4182435647902946e-01	   4.2741293436170047e-01	   5.0347977599424087e-01	   4.4164201308056394e-01	   4.7771251921901070e-01	   5.8563475296331435e-01	   5.8040540789415884e-01	   3.5522164710680765e-01	   4.3770201541214004e-01	   3.5548716385909951e-01	   5.4528195666357338e-01	   4.9140433660287364e-01	   6.3316603891539458e-01	   6.4440431102144158e-01	   5.5097692079873184e-01	   3.6292279351400009e-01	   6.6798689224805108e-01	   5.8300728717294659e-01	   4.9093189746151694e-01	   5.8881324093185883e-01	   5.7490861276218752e-01	   5.7726755312270439e-01	   5.6943051353805596e-01	   1.5185287320856383e-01	   2.2040638241889141e-01	   2.2420845803021294e-01	   3.1517052507445259e-01	   3.7911353673296927e-01	   1.6621947523323088e-01	   3.2777779989774719e-01	   5.5695394075754723e-01	   3.4671638366345475e-01	   2.5916939147892731e-01	   5.7248309690335419e-01	   6.2615597096864428e-01	   6.3782098594130288e-01	   2.6717480899297019e-01	   6.0764790014670811e-01	   3.3427232097607956e-01	   2.7018636346813274e-01	   4.4927431600998546e-02	   5.4925908380840416e-01	   4.2304260605528760e-01	   4.7924368262254485e-01	   4.8745851004656204e-01	   5.4169177774507937e-01	   4.1060703997959236e-01	   5.7927559080586066e-01	   4.7428854100487650e-01	   4.7261660378079356e-01	   3.2488974990678943e-01	   3.2342510132137869e-01	   3.4682534442224650e-01	   2.6502754456691158e-01	   4.7521710567314540e-01	   4.4926503881003799e-01	   5.5281524810189386e-01	   5.1472416741468485e-01	   5.1000949701903597e-01	   2.5627896028971792e-01	  -7.4779453307209684e-02	
   2.3299952167438587e-01	   1.6555964140965793e-01	   4.8571863503030055e-01	   4.7921775513850451e-01	   0.0000000000000000e+00	   5.5360499857310863e-01	   5.5896069035564766e-01	   4.6185937058254362e-01	   9.1563576877930064e-01	   7.8327859201968764e-01	   2.3471430216487912e-01	   1.4681476975534960e-01	   4.9782947402371058e-01	   1.6122235560400128e-01	   4.3790923388341546e-01	  -5.7538691060387948e-02	  -3.0827494563192259e-01	  -2.5775773695639070e-01	   1.6611343121565306e-01	   1.8821254570703158e-01	   5.1331210128200822e-01	   3.5218690337830960e-01	   3.4967659841756521e-01	   2.4047226320864751e-01	   4.4365513168694282e-01	   3.1478456349005829e-01	   6.3306430685342363e-01	   6.2304222336107640e-01	  -2.3072917327969966e-01	  -2.7413909564688299e-01	   1.1755224498598732e-01	   1.9281243728742289e-02	   1.2839841853199702e-01	   9.1180978240084129e-02	   2.0070154483743105e-01	   8.1206438208284576e-02	  -2.8605763155760199e-02	  -1.5901544077812974e-01	   2.6022457836858243e-01	  -1.2042987073411782e-01	   7.4730770675341340e-02	  -1.6132421777704611e-01	   1.5320055638953634e-01	   1.4911565387405051e-01	   1.8513610171488309e-01	   1.1447966823577153e-01	   1.2493345919739007e-01	   1.5370102426651666e-01	   3.9895273302357265e-01	   4.2963059812524579e-01	   4.7182287307289628e-01	   5.0273458686263095e-01	   3.3994678564393271e-01	   3.8035613140440749e-01	   3.2333452911501614e-01	   2.7320456305309326e-01	  -8.3482048258851957e-02	  -1.1101122573219470e-02	   4.3788404483749099e-01	   4.1235881123991752e-01	   1.7251901354167015e-01	   2.4735239801244130e-01	  -1.4473113386248876e-01	  -7.1168667484371964e-02	   1.7294960048177255e-01	   2.0641937611800645e-01	   3.6782160765416294e-01	   2.9647922646071545e-01	   3.0169878461363819e-01	   2.7169596014216996e-01	   3.1725154136716205e-01	   2.1535478793290394e-01	  -9.2498298682812917e-03	  -1.4927975994328768e-01	   8.5740095353324497e-02	  -1.2494886107929978e-02	   1.4851516350294208e-01	   9.9595770367447461e-02	  -3.4457927706600128e-01	  -2.6147330328603191e-01	  -2.8566933379956416e-01	  -3.3446859649787697e-01	  -1.2712316674553781e-01	  -3.2304265400865506e-01	   1.5435809871266547e-02	  -4.9581306235068848e-03	   5.2893812857050970e-02	  -1.6768690755568741e-01	   3.4080215277961079e-01	   3.1658458113052768e-01	   3.0302981853747213e-01	   2.9003153057528303e-01	   3.3370418493823911e-01	   3.8520973035229622e-01	  -2.5092868655374240e-01	  -2.4963519117815972e-01	   1.9949810381064681e-01	   7.2684752574052922e-02	   1.6648218916582896e-01	   1.2393630551187215e-01	   3.4996242720810677e-01	   1.3077830304394467e-01	   2.9077095197502023e-01	   1.0919780998314632e-01	   1.0152710964669179e-01	   2.1590408914696940e-01	   2.6413614862624180e-01	   1.1533227859057715e-01	  -1.7771836166681609e-01	  -4.6136024570809411e-02	   4.5377226553071255e-02	   1.2089880498668824e-01	   1.5186845374377106e-01	   6.6556746663595664e-02	   9.5601733642383183e-03	  -1.6880232302709353e-01	
   5.3825566695664206e-01	   4.8500234647751139e-01	   3.0244598301174813e-01	   7.6851634311408135e-01	   5.5360499857310863e-01	   0.0000000000000000e+00	   4.7601706345952771e-01	   8.2214364576630716e-01	   3.7915876246332947e-01	   7.4285511637354618e-01	   4.9687444470284964e-01	   5.7270100871813090e-01	   6.1120253256332624e-01	   5.8528242710106393e-01	   4.9910978954079954e-01	   4.9507232614655816e-01	   2.5063248024299101e-01	   3.1607427235733687e-01	   4.8583792097206513e-01	   5.8189995359751367e-01	   4.6106649528694493e-01	   5.9823150176819240e-01	   4.5402654956535071e-01	   5.6655739345353129e-01	   5.2492398304003396e-01	   6.5060824814356977e-01	   5.0364124487144690e-01	   7.4954009192406756e-01	   3.7097972862544371e-01	   3.5928650130386131e-01	   4.6571521414902783e-01	   4.8121455869898400e-01	   5.8137368628057473e-01	   6.2409067598029488e-01	   4.6946827808306979e-01	   4.8094280321680027e-01	   3.2617711797144550e-01	   3.8737855881373928e-01	   5.3976235887376478e-01	   2.7810308024842795e-01	   5.7677294245627686e-01	   2.9017461039930320e-01	   4.3594998914721617e-01	   4.1142323945865528e-01	   3.6889901624019961e-01	   4.1030617197254798e-01	   4.4699853502857279e-01	   4.9289897453338016e-01	   4.5267473193657654e-01	   5.0536110036134319e-01	   5.9145473635912871e-01	   5.9194002556864589e-01	   5.2270130418866856e-01	   5.0257007189068170e-01	   5.0168994184105897e-01	   5.3688659436658204e-01	   3.6336020434039351e-01	   3.5244089950037805e-01	   4.9315526288675471e-01	   4.4401668991258131e-01	   4.8817041586608911e-01	   5.2727008466662928e-01	   2.6222809528982544e-01	   2.9830442087530062e-01	   4.1330494720580535e-01	   5.2062009578852753e-01	   4.8260450690201545e-01	   5.7174970149910864e-01	   5.2961199629748512e-01	   4.7519807679216225e-01	   4.3818485906499932e-01	   6.5962831535167732e-01	   5.2748458597617998e-01	   4.6601439904025982e-01	   5.4259745479256516e-01	   6.1242948720788060e-01	   5.7167041836876997e-01	   6.0563392348043732e-01	   2.4882855273386373e-01	   2.9818644789627818e-01	   3.1005183022750837e-01	   3.2414386073405216e-01	   3.2188846936613735e-01	   1.1266179071064961e-01	   2.2803415598279347e-01	   4.3910164115451644e-01	   2.9081777890784005e-01	   1.9078766974763997e-01	   5.1400335359110971e-01	   5.6783359121276344e-01	   6.5726472174043715e-01	   2.2083490402126330e-01	   7.3548365425963003e-01	   3.2705206433882594e-01	   6.1018781912169695e-02	   4.5430431728335330e-02	   4.7173223339850590e-01	   4.3264245983545530e-01	   5.5192502513058816e-01	   4.8182926480158111e-01	   6.4585620829552082e-01	   3.7291583757375002e-01	   5.9862358199279553e-01	   4.2871373422586057e-01	   3.5982570982526263e-01	   2.3959290512897383e-01	   4.0346714638235148e-01	   2.7668537816066380e-01	   1.5643972324386293e-01	   3.3071201101377279e-01	   4.0832347470794222e-01	   5.4335492648305761e-01	   5.5960433761514494e-01	   5.1467900294971458e-01	   1.9570271042475351e-01	  -2.0409242273561456e-01	
   4.0227921297869373e-01	   1.3788993158895546e-01	   7.3624197027530136e-01	   4.9851674433351578e-01	   5.5896069035564766e-01	   4.7601706345952771e-01	   0.0000000000000000e+00	   5.6818646375646886e-01	   4.0564607427288540e-01	   3.6488620980887609e-01	   4.6681106572879366e-01	   2.6084020301400224e-01	   6.8088285773668777e-01	   2.7258722335125379e-01	   5.8784065705486555e-01	   3.1937782567943496e-01	  -7.2572137163329942e-02	  -8.1591632135621373e-02	   4.8064540004996892e-01	   4.3733474396721478e-01	   1.4981716008898718e-01	   2.6725157183771969e-01	   5.5618534493981509e-01	   4.2753719089302178e-01	   2.7104101965063360e-01	   1.7799608504602449e-01	   3.9502674856385056e-01	   3.4891526522162453e-01	   1.8531006995998395e-01	   9.4823066406139939e-02	   2.1328651600746518e-01	   1.5099406455245634e-01	   4.0699954858042808e-01	   2.8694238052982535e-01	   4.5702854528858128e-01	   2.1939840574090719e-01	   1.4776216567022782e-01	  -2.9571079954441450e-02	   2.4075203302265730e-01	  -3.9055894055827628e-02	   2.1459341009274940e-01	   1.4054477827490341e-02	   3.3982422693277525e-01	   2.5652336276600940e-01	   3.3610494151574205e-01	   2.2187374885099517e-01	   2.7532616709831109e-01	   2.8566326112822465e-01	   3.9348567226700215e-01	   3.5020467775956188e-01	   4.9107845428754909e-01	   3.7022020343987277e-01	   3.4090044283005266e-01	   3.7976963376365530e-01	   2.8342000043344390e-01	   1.3459599709879247e-01	   7.4112635833071247e-02	  -5.8029862607219033e-02	   3.9338315424578529e-01	   1.9759384449738304e-01	   3.9323870680257761e-01	   2.2790302458075978e-01	  -1.2224705449984913e-02	   3.5547285343786483e-02	   5.3939608833584818e-01	   2.8698221349562558e-01	   6.0141029958230807e-01	   3.4202551197969150e-01	   5.4323129143510784e-01	   3.9976084602409856e-01	   6.2237507909711254e-01	   5.7238154813960984e-01	   3.6836318296806653e-01	   1.6930833513527849e-01	   4.0805223217689995e-01	   2.1151492229516250e-01	   5.1404197266318219e-01	   3.7979450795932784e-01	  -3.1643337635653024e-02	  -1.1381916861435679e-02	   7.2134959044226607e-02	   5.1861103285200071e-02	   2.4729339553800064e-01	  -1.6555424975760888e-02	   2.8072564315642212e-01	   2.2530854720455831e-01	   1.6630734115220897e-01	   2.9491748800043825e-03	   5.5748733214290602e-01	   3.8452739792461621e-01	   5.7839540618144003e-01	   7.9037930020003999e-01	   5.7195124212632498e-01	   7.8959303888452481e-01	   1.0795032956450651e-02	  -1.1305531820062348e-01	   2.8421520441962966e-01	   1.3374269712990480e-01	   2.4919637548435031e-01	   3.8796272248701680e-01	   4.9781451619118056e-01	   5.4292291787241487e-01	   3.9652601852276570e-01	   3.6549941904205308e-01	   1.9881085033838697e-01	   2.3104380181558298e-01	   3.1932328867061543e-01	   2.5146291224016482e-01	   6.2960882370345250e-02	   1.6913870832370298e-01	   2.7584335601077803e-01	   3.7717168505169096e-01	   3.3098287650177882e-01	   1.8872791863016794e-01	   8.6344068449747097e-02	  -1.8565721739806004e-01	
   5.4489787664764511e-01	   5.6770085497662270e-01	   2.5731246392207996e-01	   7.9620734346972555e-01	   4.6185937058254362e-01	   8.2214364576630716e-01	   5.6818646375646886e-01	   0.0000000000000000e+00	   4.1592678909326142e-01	   5.8753946706881599e-01	   4.4460914240422600e-01	   7.1872291695503521e-01	   6.3630332516220389e-01	   7.2875815439572822e-01	   4.5106844016370395e-01	   5.3446240099242392e-01	   3.0288689447705563e-01	   3.8594314338981756e-01	   5.3812850850520810e-01	   6.9209403668819869e-01	   2.5326733476526764e-01	   3.5851198387288941e-01	   3.0143513531395832e-01	   4.6855689303229536e-01	   2.4355999575172210e-01	   4.0904720093828351e-01	   2.4430953838387481e-01	   5.0200805882937816e-01	   4.4762993820895436e-01	   4.5553364385534900e-01	   3.4288096339242474e-01	   3.7910470839270372e-01	   5.8654095448048826e-01	   6.6979894873740964e-01	   3.8084569749134012e-01	   3.8195418110775281e-01	   2.1415303709390071e-01	   2.9771831460790643e-01	   3.9647029473342382e-01	   2.3476707895897886e-01	   5.2067301974969360e-01	   2.4893743124491494e-01	   3.6516054349185484e-01	   2.9562366105777382e-01	   2.6442946518500621e-01	   3.2060414444672647e-01	   3.7706568767775395e-01	   4.0737161232110081e-01	   2.9316389551394029e-01	   3.9640040269573035e-01	   4.5808408849925220e-01	   4.9620245249696576e-01	   5.1083768419090259e-01	   4.2947358451955886e-01	   4.1247399109169164e-01	   3.8973730632263481e-01	   4.5161771410213492e-01	   3.7100206686934301e-01	   3.2631456491113509e-01	   3.2483642407101410e-01	   5.3267759436949835e-01	   5.9601725729119870e-01	   3.8458384057758421e-01	   4.0386715951199820e-01	   2.8365842629563026e-01	   4.8325940272232587e-01	   3.8330609201884108e-01	   4.7326997660807879e-01	   5.4277386849446962e-01	   4.4165399651457060e-01	   2.6652529132880970e-01	   5.9615076520454502e-01	   5.3384576473337109e-01	   5.0075875045144258e-01	   5.2834370494095684e-01	   6.0590291454097756e-01	   5.3415661623609789e-01	   6.1536008259352326e-01	   2.4923114294403759e-01	   2.7266852975679756e-01	   3.4822309178658306e-01	   3.8317072228785931e-01	   3.5324842311774984e-01	   2.0488530687386250e-01	   1.3052320947157275e-01	   3.9586803397457115e-01	   1.3243402616791139e-01	   9.1294522766889971e-02	   3.7080640920440772e-01	   4.6578793148745523e-01	   7.7982302917654889e-01	   2.8709180405873924e-01	   7.5643490398572300e-01	   2.9854279154697000e-01	   1.6191970311485232e-01	   6.5752520478636195e-03	   4.0463751368923556e-01	   3.4674342506897898e-01	   5.0759817797991702e-01	   5.1449122649150536e-01	   6.6834802529526827e-01	   4.3238091813256907e-01	   6.3389251474627706e-01	   5.3256849807718554e-01	   3.5812667135050136e-01	   2.8726225985195469e-01	   3.8746253887775828e-01	   3.4589211827371696e-01	   1.3971520468769713e-01	   3.2195854081925501e-01	   3.6837621651681046e-01	   5.5047588568792782e-01	   4.9684806733933146e-01	   4.5247283372370428e-01	   9.8502883800936913e-02	  -2.4591481721819439e-01	
   1.6470513224299166e-01	   1.6877110462145456e-01	   2.5776806675130454e-01	   3.5095004646071271e-01	   9.1563576877930064e-01	   3.7915876246332947e-01	   4.0564607427288540e-01	   4.1592678909326142e-01	   0.0000000000000000e+00	   7.3751599642413468e-01	   1.1871140877340226e-01	   1.6811792479954174e-01	   4.2153124866055297e-01	   2.1755067372039863e-01	   2.6939979839775813e-01	  -1.7638503091070606e-01	  -2.9136991432948001e-01	  -2.2818460727130402e-01	   4.4947649170150761e-02	   8.6211158159620493e-02	   4.4344385280919324e-01	   2.1473818647204598e-01	   7.2040154088834185e-02	   2.8193657020439314e-02	   2.2956435705394618e-01	   1.2444386191155066e-01	   4.0764207800865621e-01	   4.4465456091206879e-01	  -3.0111970527754661e-01	  -2.8344573290332231e-01	  -6.7910155896581739e-02	  -1.3454113372971516e-01	  -2.3767233940873668e-03	   6.4908380261583468e-03	  -3.0484659234880463e-02	  -1.0174935256256863e-01	  -1.7305509306492470e-01	  -2.5581632363796802e-01	   1.0340350981874388e-01	  -1.9224846077548491e-01	  -2.8916892503064725e-02	  -2.5056119143529038e-01	  -3.4387173670505861e-03	  -1.6864435461279748e-03	   3.0049661303848309e-03	  -3.8844846523407417e-02	  -1.1824023509074813e-02	   2.0419649926185238e-02	   2.1741340432092598e-01	   2.7845199899871953e-01	   3.3453250920183958e-01	   3.5888497531900776e-01	   2.8264633177876242e-01	   2.9747259285986655e-01	   2.1402647025636656e-01	   1.6045714354581020e-01	  -9.4254645606423881e-02	  -3.0022145533354146e-02	   2.2304082916910115e-01	   2.7273719821582154e-01	   8.7047266119674949e-02	   1.9385697032886992e-01	  -1.0641831638463234e-01	  -5.3825643966259613e-02	  -8.0118289012178767e-02	   9.0358989961861647e-02	   1.3676012702534354e-01	   9.7858003902600132e-02	   1.2817992558969460e-01	   9.9955655309534167e-02	   8.9338224445931813e-02	   4.6835064841667315e-02	  -1.3499018985455125e-01	  -2.0164128676530441e-01	  -4.6040683374609578e-02	  -8.9386212631376111e-02	  -3.9257192679370757e-02	  -6.4812099172174745e-02	  -4.0160470291710343e-01	  -3.0870279181673699e-01	  -3.5233514055630827e-01	  -4.1156460546029838e-01	  -2.6410023771346491e-01	  -3.7320868611953811e-01	  -2.1245670989597737e-01	  -1.3359574546108979e-01	  -1.2852860959445306e-01	  -3.2465126516028731e-01	   1.3527307203497979e-01	   1.5965379103941846e-01	   2.1835544771212229e-01	   1.2495743215113506e-01	   2.2359254584148691e-01	   1.6811100078063951e-01	  -2.7855381628257248e-01	  -2.4452891885417471e-01	   6.1060828765265029e-02	  -5.8486852407492816e-02	   3.1693366807011430e-02	   5.6462167509420055e-03	   2.6591038832452907e-01	   1.1324338482837329e-02	   2.1380827441435357e-01	   3.0846186995397665e-02	   1.6570982942113382e-02	   1.6729793322391823e-01	   1.6759439761473971e-01	   7.1058207231920467e-02	  -2.7266805298019386e-01	  -1.7637423217642273e-01	  -1.1477313250042570e-01	  -2.0349290783574336e-02	   1.0159273711061693e-03	  -6.3927152584478258e-02	  -7.7523038621047341e-02	  -1.4352839151501939e-01	
   3.7475879862441419e-01	   3.1168594099573199e-01	   2.3552102711436296e-01	   5.5956127733310113e-01	   7.8327859201968764e-01	   7.4285511637354618e-01	   3.6488620980887609e-01	   5.8753946706881599e-01	   7.3751599642413468e-01	   0.0000000000000000e+00	   4.3875443226332578e-01	   3.1839976854819096e-01	   5.9320373729838494e-01	   3.8873884750216631e-01	   4.1104639112618579e-01	   1.4988882629255151e-01	   6.8818365889618972e-03	   5.8752837807085262e-02	   2.8294764259732902e-01	   3.0139530813689291e-01	   4.8083713219232227e-01	   4.1090824967430417e-01	   2.9041306287150676e-01	   3.3858692354241404e-01	   3.8387108383454782e-01	   4.1645514632972774e-01	   5.0371234440508617e-01	   6.5170228243556771e-01	  -3.8181142631756024e-02	  -3.0817246848394028e-02	   1.5206932512955210e-01	   1.3093692417805847e-01	   2.3301891106519607e-01	   2.3337685988735499e-01	   2.1625698586231201e-01	   1.9591961008600967e-01	   8.1623051779483174e-02	   8.7639567825332110e-02	   2.7539550955806424e-01	   2.6757137550488672e-02	   2.3356792796425080e-01	   6.0788893617033830e-03	   2.2447229114193934e-01	   2.0613205089528047e-01	   1.8516255416551469e-01	   1.6480798508299993e-01	   2.1970171944728606e-01	   2.4859589123611064e-01	   3.3803102186154232e-01	   3.7554456500789124e-01	   5.0478221126602330e-01	   5.0880644180579004e-01	   4.8164907593936535e-01	   4.5698423769386265e-01	   4.0230733458749146e-01	   3.9191994239623940e-01	   1.1784977855068962e-01	   1.9282876018316542e-01	   3.0354600771642165e-01	   3.6876245995141221e-01	   2.2082315328396179e-01	   2.4182162270762336e-01	   1.6155925388359915e-02	   6.5301354563852568e-02	   8.2324280578968484e-02	   2.5231797015553298e-01	   2.4772569374527387e-01	   2.8732078410821954e-01	   3.0694917361693463e-01	   2.7184779036468459e-01	   2.7001884386327768e-01	   2.8624625882335131e-01	   9.6277565971790241e-02	   9.4470315326935769e-02	   2.1464941669742049e-01	   2.4787633883153121e-01	   2.2246293240526901e-01	   2.5253172666635804e-01	  -4.0562722863129300e-02	   5.3042555141131029e-02	  -1.5557208679475121e-02	  -2.4770465813897569e-02	   1.3434452652886401e-02	  -2.0496265556074889e-01	   8.0575184877366372e-03	   1.3492812444276533e-01	   6.0916858830108708e-02	  -1.2249550765310674e-01	   3.6047746305011130e-01	   3.8481582382477209e-01	   4.6672848887229845e-01	   9.5867096202638308e-02	   4.5332063410749357e-01	   1.9071188852749185e-01	  -1.3823653463685451e-01	  -1.1266959998156803e-01	   2.6267791819307507e-01	   2.0398654496704741e-01	   3.4718999823779312e-01	   2.1978805245260724e-01	   4.5052385499480485e-01	   1.3508943991259542e-01	   3.6819017041588636e-01	   1.5043211110939578e-01	   1.6333841285134870e-01	   1.1692663246601892e-01	   3.0433826088897897e-01	   1.2998094905991547e-01	  -7.5139670460993430e-02	   5.4215803761645684e-02	   1.0358420772861539e-01	   2.6830192402474706e-01	   2.5942547948546885e-01	   1.9362659580877728e-01	   1.8933870839921305e-02	  -1.7953084843671843e-01	
   8.0899280317981370e-01	   5.6036850547959727e-01	   3.8840194682067752e-01	   4.2776701379075865e-01	   2.3471430216487912e-01	   4.9687444470284964e-01	   4.6681106572879366e-01	   4.4460914240422600e-01	   1.1871140877340226e-01	   4.3875443226332578e-01	   0.0000000000000000e+00	   5.8122501710605790e-01	   8.7966626649757118e-01	   5.8388084901536064e-01	   7.5367294819449060e-01	   5.9394152323449756e-01	   3.7464711145225094e-01	   4.2457366969633881e-01	   6.7971592563515848e-01	   5.9721691814823230e-01	   2.2440499057264596e-01	   4.0504210299664739e-01	   4.8545509227026629e-01	   4.4365477151690158e-01	   3.0027398813395678e-01	   2.8282213843536086e-01	   4.6678349519480733e-01	   4.9566351941163866e-01	   4.4312507427396408e-01	   3.7933973301282975e-01	   2.6076200976002828e-01	   2.4768408554545090e-01	   5.0685079218749030e-01	   4.7361815708532984e-01	   4.2650586129856655e-01	   3.4327357000619507e-01	   4.4780089974257892e-01	   4.2944455383333346e-01	   4.2256523497187126e-01	   2.9673923593313201e-01	   4.6522587937586413e-01	   4.3077706236324731e-01	   4.9755219794840588e-01	   4.7690029350721380e-01	   4.0173601371996015e-01	   3.5894996004094903e-01	   5.0180095957768733e-01	   5.0909496568702217e-01	   5.0093700024708732e-01	   4.8251234440919144e-01	   7.0579321690412078e-01	   5.5480897615842784e-01	   5.7956511200004968e-01	   5.6461648592048785e-01	   6.7565464017351951e-01	   5.9126450992382906e-01	   4.4255994656799930e-01	   3.7779101354868966e-01	   3.7341803374728477e-01	   2.1426926431237384e-01	   5.7297925472221434e-01	   1.6847068709224763e-01	   3.1598391912086587e-01	   2.4912201156887354e-01	   4.3175999351001459e-01	   2.8421678522223232e-01	   3.6460522808621082e-01	   2.8010798034223222e-01	   5.5556012485166839e-01	   5.2579707370120454e-01	   5.1893210903388820e-01	   5.1264805838505034e-01	   5.3680263831209929e-01	   5.2033946877510318e-01	   6.4076463084768509e-01	   5.3489426038765175e-01	   6.0517692251544997e-01	   5.3862614925334062e-01	   3.7708987538221950e-01	   5.1283525918772388e-01	   4.6341507300969359e-01	   5.2698480247286039e-01	   5.9617737015957073e-01	   3.6810747577460923e-01	   4.5787546253005251e-01	   3.8718217671085209e-01	   4.7856343761548442e-01	   3.5619933341980720e-01	   7.3806832410806567e-01	   6.0717555953382329e-01	   5.7977912062114711e-01	   3.9914209908713955e-01	   4.1135534963621767e-01	   4.9111457160590644e-01	  -3.5944697665307106e-02	   1.4843356649398082e-01	   5.0987180808648991e-01	   4.9799052316976583e-01	   6.8936565368282565e-01	   6.5655175890358897e-01	   3.7706600452281391e-01	   4.9303948826638477e-01	   4.3705243367700064e-01	   3.5700904633459563e-01	   4.3708393437698734e-01	   3.0836249564275808e-01	   2.4413519325836094e-01	   5.5719919089294356e-01	   8.8266240847875599e-02	   2.5751544530744630e-01	   5.3136179128545513e-01	   5.7300492515453982e-01	   5.3494069707656466e-01	   4.4880240804578225e-01	   3.0210764232200793e-01	  -1.5711243148390525e-01	
   7.2965410915814743e-01	   8.4425577514597872e-01	   8.1792928262563111e-02	   5.5420705619676813e-01	   1.4681476975534960e-01	   5.7270100871813090e-01	   2.6084020301400224e-01	   7.1872291695503521e-01	   1.6811792479954174e-01	   3.1839976854819096e-01	   5.8122501710605790e-01	   0.0000000000000000e+00	   6.3267939964133413e-01	   9.1179561867913728e-01	   4.2168021686022794e-01	   5.9257628033849041e-01	   4.8233435649828399e-01	   5.8272247060770876e-01	   6.4262362180548882e-01	   7.8576413458094474e-01	   1.1988439388720527e-01	   2.8601978163563879e-01	   1.8249399001825667e-01	   3.5349220069158027e-01	   2.0365344181738632e-01	   3.1559692607118606e-01	   2.2926697424294651e-01	   4.5403964610982472e-01	   5.6364502432796537e-01	   5.6684096790502481e-01	   2.5083649316223394e-01	   2.4878501227711394e-01	   5.6680097963901299e-01	   6.9848489829693039e-01	   2.8034856877436892e-01	   3.1089607040626399e-01	   3.7090489309502045e-01	   4.9643078535241381e-01	   4.5635702284157670e-01	   3.9031558366062552e-01	   6.2715448635125448e-01	   4.3158383044607973e-01	   3.2361938270203489e-01	   3.3579660033908848e-01	   1.6088127577807085e-01	   2.8131733579186274e-01	   4.0687882842992673e-01	   4.6166731610266620e-01	   2.5245920493447954e-01	   4.3998272839245234e-01	   5.2309129571945323e-01	   5.1311403967594638e-01	   6.1723123354965548e-01	   5.2726192718213460e-01	   5.3745495836829549e-01	   5.7103182145016218e-01	   6.6948819765450285e-01	   5.9486649245438883e-01	   2.9048928037832489e-01	   2.8462536018006229e-01	   6.2805755259258800e-01	   5.9390307965020817e-01	   5.6811923438114043e-01	   5.8975469696724514e-01	   1.4102946806557376e-01	   3.3216983942100936e-01	   1.6377056007851071e-01	   2.8803260128186969e-01	   5.3779963615794413e-01	   4.9813907565258209e-01	   2.1202532694278708e-01	   5.2835202376003032e-01	   6.4516629617015320e-01	   7.0143608147677017e-01	   6.5142977528821733e-01	   7.9476195060924448e-01	   5.2619547016964030e-01	   6.2962299948277911e-01	   3.8600114321677587e-01	   4.2908579714559508e-01	   5.1715043515073211e-01	   5.8086925244274790e-01	   5.0059827284545433e-01	   4.5151985760451474e-01	   1.6809470068241919e-01	   4.1799050668972837e-01	   3.1572858593299324e-01	   2.8658867394865833e-01	   3.9203630689160063e-01	   5.4089602698845252e-01	   6.5439400869521369e-01	   1.6088882370376878e-01	   5.5236801204862063e-01	   1.4848303413633490e-01	   1.9963966820345508e-01	   1.3500814019491209e-01	   4.6038849663455594e-01	   4.4449115000935091e-01	   6.3265925244098931e-01	   6.4701790626651601e-01	   5.1943399443912852e-01	   3.8355874506742654e-01	   5.5268385325588143e-01	   4.6482274100677540e-01	   4.0572623770910121e-01	   3.2169250900284485e-01	   3.2792247435246080e-01	   6.0300464489422079e-01	   1.1596738866793849e-01	   3.6529221976293846e-01	   4.4412936252773494e-01	   5.7233763325654163e-01	   5.0030808414364458e-01	   4.9094027937657447e-01	   2.2132398439577494e-01	  -1.7732440875238445e-01	
   7.6158804839048999e-01	   5.6932512234622512e-01	   4.4395378101220706e-01	   5.3792841245332790e-01	   4.9782947402371058e-01	   6.1120253256332624e-01	   6.8088285773668777e-01	   6.3630332516220389e-01	   4.2153124866055297e-01	   5.9320373729838494e-01	   8.7966626649757118e-01	   6.3267939964133413e-01	   0.0000000000000000e+00	   6.5393165450897373e-01	   7.4696974181271258e-01	   4.8175035570245722e-01	   2.9391951533731087e-01	   3.4219845297168516e-01	   6.3337445162034756e-01	   6.2170136868609449e-01	   2.8893563177024950e-01	   4.3999143319602829e-01	   4.4757010899524008e-01	   3.8154838060203156e-01	   2.9752155500300709e-01	   2.6354926181754607e-01	   4.6090291388628252e-01	   5.3128907817289583e-01	   4.3216825050684093e-01	   3.7150578050371513e-01	   2.7285026653340727e-01	   1.9636355150487089e-01	   5.5443381344985165e-01	   5.1610882464899954e-01	   3.7885380368639887e-01	   2.4130744124880624e-01	   3.3282184790334590e-01	   2.7198488522882563e-01	   3.7767975149027272e-01	   1.6635386975501015e-01	   4.4743086728003639e-01	   2.7041918000006304e-01	   4.4669265639923167e-01	   4.1800804064712938e-01	   3.4784256683109227e-01	   3.0536738742039177e-01	   4.3780749907667654e-01	   4.7896565442174560e-01	   4.7385491791825840e-01	   5.0224092473181381e-01	   7.2253699706133379e-01	   5.7899298184523695e-01	   6.4009277993231528e-01	   6.3971891854562923e-01	   5.9282488775014908e-01	   5.1760001354641683e-01	   3.8844837791616521e-01	   2.8796232394952814e-01	   3.8289641835308075e-01	   2.0838229404842823e-01	   5.8226488178437186e-01	   2.5049419575948834e-01	   3.0963044911539667e-01	   2.6042280989547467e-01	   3.6700214814130983e-01	   2.1045963148439928e-01	   4.0768274659107573e-01	   2.7305206298235063e-01	   5.4394527288880301e-01	   4.8574005944840282e-01	   5.2724100747572666e-01	   5.4325760161741776e-01	   5.0916483137559143e-01	   4.6012339871886454e-01	   5.9976041893712861e-01	   5.0919305811794235e-01	   6.0601824342144983e-01	   5.3367824557239907e-01	   2.2065885262625551e-01	   3.8215442528601679e-01	   3.7253758842535745e-01	   3.5155949750074522e-01	   4.5151905432388417e-01	   2.1033767993745478e-01	   2.3222924259361077e-01	   2.1952103744134485e-01	   2.8400019107600727e-01	   1.1590851459336021e-01	   6.6070605109311620e-01	   5.4134576901681908e-01	   6.7953342534455063e-01	   4.7463601497106933e-01	   5.0130857796776085e-01	   5.3635249920039141e-01	  -9.6669698339459612e-02	   1.4001594893764895e-02	   4.3258484419020338e-01	   3.7452814535074413e-01	   5.7904826587416025e-01	   5.9129171458451701e-01	   5.1406882736093595e-01	   5.1767334640595286e-01	   5.0158907338598668e-01	   4.0468644926634523e-01	   3.7797008318598746e-01	   3.5822574096162962e-01	   2.7453816185758984e-01	   4.8431006954965772e-01	  -4.8668286480580213e-02	   1.7169506495834175e-01	   4.2013842414303382e-01	   5.1275461827870594e-01	   4.4544537329057793e-01	   3.5169335759705622e-01	   2.0523991815549084e-01	  -1.7242996189155968e-01	
