   0.0000000000000000e+00	   5.4383663312399810e-01	   3.3026716092362907e-01	   3.6873513026364146e-01	   2.5599262628525493e-01	   4.6345027724263704e-01	   5.3155039116434377e-01	   5.6632807373061322e-01	   3.0389069168743854e-01	   4.7459151572681491e-01	   5.9305361680234669e-01	   6.5680368173665582e-01	   6.7387082009392096e-01	   6.3742352842088046e-01	   3.8643792912166114e-01	   4.6426673006423891e-01	   3.4375206134206177e-01	   1.9655610001743842e-01	   3.8090036771871627e-01	   2.8160335605555592e-01	   4.3310465168041989e-01	   4.4090544432851347e-01	   1.8482509925975485e-01	   3.1585039164194978e-01	   1.2310141613583959e-01	   1.9710784117628571e-01	   2.5737678756289883e-01	   2.5539739229168412e-01	   5.3762481602639123e-01	   4.0614533668698094e-01	   2.5223581138364815e-01	   2.4420839848772161e-01	   3.6217982721308939e-01	   4.3795460065733893e-01	  -3.3554481943672755e-02	  -7.9850865775377033e-02	   5.2939066502501131e-01	   5.1795640260579212e-01	   4.3914822633089218e-01	   6.0579107506387408e-01	   2.4633545817521751e-01	   5.0068574193665150e-01	   3.1099035778108286e-01	   2.3398375496774920e-01	  -9.5415157143109060e-03	  -4.7477337979185019e-02	   3.2860058379039947e-01	   2.2722234839941011e-01	   1.1970794154517835e-01	   5.9226010873342012e-02	   2.5467540047716741e-01	   3.1284820273214153e-01	   2.0630980095465479e-01	   1.0291729232708630e-01	   4.1277279529168343e-01	   4.2047955757492461e-01	   5.7417212260100225e-01	   5.6879323049685993e-01	   4.4630451931000237e-01	   5.2040465505631661e-01	   6.4886130650930463e-01	   6.0100980793049774e-01	   2.8459430972425837e-01	   6.0819011325369343e-01	   2.5170010627039446e-01	   4.2528125537156580e-01	   3.6459975351694013e-01	   3.1974643952260784e-01	   2.5100153067333719e-01	   4.3863869765100894e-01	   5.9474295337534810e-01	   1.9027707737074892e-01	   3.8183162987641162e-01	   3.1090049382610302e-01	   4.3407251918521239e-01	   3.0191731026505120e-01	   1.8224019650003856e-01	   4.3708608508212904e-01	   3.4225586380612233e-01	   2.2213581094113016e-01	   3.8285494726819613e-01	   3.2311274062136291e-01	   5.7181188362582580e-01	   5.2221268716490177e-01	   4.0981011584532234e-01	   4.5202104407890320e-01	   2.9552054836840835e-01	   3.5148883777505036e-01	   5.6503182707316379e-01	   6.0504667667661161e-01	   2.8094111228523516e-01	   2.6958020988939196e-01	   2.7033493462310554e-01	   3.1742238401565909e-01	   2.1969049224655068e-01	   2.8152085004700600e-01	   3.1469047172169429e-01	   4.6761674854387614e-01	   3.0463635051517940e-01	   3.8115476468775850e-01	   3.5430736152270426e-01	   4.2838312100337128e-01	   2.1810460180543534e-01	   4.3255266066879788e-01	   4.3360523293859465e-01	   2.2393421158920415e-01	   2.8400622545177123e-01	   3.5029204864214381e-01	  -6.4645948983064888e-02	   3.4561432896172634e-01	   1.5454330058267962e-01	   3.3380713612996038e-01	   3.5335033538353666e-01	  -1.4444494342035104e-02	  -5.8822381554874030e-03	  -6.9203350795859764e-02	
   5.4383663312399810e-01	   0.0000000000000000e+00	  -4.0149337314672955e-02	   1.0092378590144488e-01	  -2.0941589288948562e-01	   6.4332574669056730e-02	  -1.2569278430721595e-02	   1.7519455627997804e-01	  -2.0330993572547557e-01	   8.6743607754103433e-02	   1.4820272668192241e-01	   4.0039018341233590e-01	   8.9199598908339894e-02	   3.7840724128129444e-01	   3.3297755799843426e-02	   3.7560466934693992e-01	   5.7829279055128591e-01	   5.4648918497986720e-01	   5.2428604402765167e-01	   6.1673808894004201e-01	   3.2798823772825986e-01	   2.4576001215264276e-01	   3.8425368331014502e-02	   1.8316024436011341e-01	   5.1038042056412061e-02	   2.8572617376093564e-02	   1.2494974931518346e-01	  -8.9242350533326673e-02	   4.5552083173584629e-01	   5.2282139485652168e-01	   7.8279097103584230e-02	   8.0618516417647793e-02	   2.5382214122732594e-01	   1.9896632114777316e-01	  -3.9706642517925106e-01	  -4.2352553803687737e-01	   3.2999451493637655e-01	   4.8542439897364470e-01	   3.7187428472961781e-01	   5.9502075025667478e-01	   4.8339922610462061e-01	   3.7154246836010030e-01	   3.1344427445227829e-01	   3.4921011929099333e-01	   8.7825940342985853e-02	   2.5092113265025406e-01	   4.1907126611319190e-01	   4.8657397729763785e-01	   4.9322292351540142e-01	   3.8308088513994459e-01	   2.6255751205577021e-01	   2.5255397562724469e-01	   2.7618660341182322e-01	   1.9237228309833740e-01	   4.6988581519836842e-01	   5.5238375180219013e-01	   8.5156592288050614e-01	   8.0418028080406867e-01	   2.3621803952847845e-01	   2.6342352555062659e-01	  -1.1137886545108614e-02	   4.3742685237741170e-02	   2.4454140655582601e-01	   3.4036971761011675e-01	  -3.7309353304378345e-01	  -1.2961174423734251e-01	  -2.1250774408230921e-01	  -2.2203716642515842e-01	   3.4541110398837238e-01	   6.2252728818777681e-01	   3.5834619555679281e-01	   4.0593634488541079e-02	   4.1974383841611485e-01	   4.4847271957830992e-01	   3.5289243190975694e-01	   3.0000778431735819e-01	  -3.8399248754555970e-02	   3.6803927587586072e-01	   4.8626512525152765e-01	   4.4651633365648530e-01	   4.7649987153637785e-01	   4.8211618786521182e-01	   4.3687656460390489e-01	   5.1801286615360642e-01	   1.1868024456544290e-02	   9.7924752992919917e-02	   2.9146689471130327e-01	   1.1723427092892284e-01	   9.7187956768159139e-02	   2.3204613278053660e-01	   1.5958533740876954e-01	  -1.0757915511097051e-01	   8.8210580005361972e-02	  -8.7891845815457476e-02	   2.0998282911586069e-01	   1.8967692110606099e-01	   3.0722147185151139e-01	   3.5622684423539419e-01	   4.5758008961599966e-01	   3.7545101364139538e-01	   2.2466845254080109e-01	   9.7474525521108968e-02	   2.5808187905640356e-01	   3.2978164772880669e-01	   1.3574411643843057e-01	  -2.0376174669126090e-01	   3.5421910263234169e-01	  -2.7053718579224527e-02	  -1.4682887207782483e-01	   7.7601699239299826e-02	   4.9193853553393042e-02	   2.0137076639532667e-01	   1.8943942971795463e-01	   1.2342053617746819e-01	  -4.2199207591275489e-01	  -2.2678910655585299e-01	
   3.3026716092362907e-01	  -4.0149337314672955e-02	   0.0000000000000000e+00	   7.6714494392286026e-01	   6.6834681404584229e-01	   5.1156566046399621e-01	   7.5577102433777132e-01	   5.7238390303944686e-01	   6.1279525257979617e-01	   4.4354727333722377e-01	   4.3329645730861799e-01	   3.8533973615316625e-01	   3.7076121381163907e-01	   2.3499926241432459e-01	   6.3298305607127880e-01	   3.9083805154293294e-01	  -1.1974265240995961e-02	  -4.9761089151263177e-02	   2.5162830998321395e-01	   1.4059672601805945e-01	   5.7394115941656687e-01	   5.3669699559589856e-01	   7.5222900653717528e-01	   6.0499305642047063e-01	   6.3028383539258903e-01	   6.5628286908700451e-01	   5.3516967174256169e-01	   4.9996807166924234e-01	   3.3486853580534470e-01	   1.5639179683833843e-01	   7.5412457027255042e-01	   6.5648045269861866e-01	   4.0293266250874360e-01	   4.6202436261610819e-01	   5.4627882121846538e-01	   4.7800915315367676e-01	   3.0429270967788880e-01	   3.6546368163800602e-01	   4.5309936780454174e-01	   4.0456017004703071e-01	   2.5483956641691252e-01	   4.5939009154144700e-01	   3.4644102642750102e-01	   2.4209739972455280e-01	   6.5463314418944860e-02	  -1.3763460217775483e-02	   4.3606032099314090e-01	   3.1785090304311037e-01	  -6.0809395376973469e-02	   2.7599448289754937e-02	   4.0886469169562667e-01	   4.2333634729478059e-01	   3.7908147711141660e-01	   4.0277476043315302e-01	   3.9509523974555133e-01	   3.6256189899017915e-01	  -7.4339831325941713e-02	   6.1112347771565365e-02	   2.3187043110393554e-01	   2.9830598058914248e-01	   3.6868344413776599e-01	   3.9872438615022043e-01	   1.4975727633329436e-01	   2.3763368958790929e-01	   6.1670414984687927e-01	   5.0565705835950681e-01	   5.2072881707314156e-01	   5.5115173232463743e-01	   9.3582626765065943e-02	   1.3461782587596893e-01	   3.6713883427891258e-01	   2.9320962073298928e-01	   4.0112846706342992e-01	   2.9649279008561397e-01	   2.7796396032349213e-01	   1.9685859436304420e-01	   3.0148195273938355e-01	   2.5835278089118646e-01	   1.2963296064019075e-01	   1.4652598728668798e-01	   8.5955035451820413e-02	   1.5241723915656408e-01	   5.6995638783706670e-01	   2.4960718421416045e-01	   5.9149449397395437e-01	   5.2335658133212815e-01	   3.2847168554493128e-01	   4.7737066681587692e-01	   6.2589305909062221e-01	   5.7594816712839325e-01	   7.0135210423611904e-01	   7.4539334986977868e-01	   4.9483383419153770e-01	   6.8134164951472498e-01	   1.7705796976322380e-01	   3.1630146333992937e-01	   3.1546806031885188e-01	   3.5229888450584912e-01	   3.3858903647913641e-01	   4.1976744939927657e-01	   2.5340368014855658e-01	   4.8657384086916344e-01	   1.4618565084970941e-01	  -5.9123225744484371e-02	   4.3054819884551337e-01	   4.6177843663486084e-01	   1.4761641375246520e-02	   3.8748785376787734e-02	   1.3971016215773676e-02	   2.0537595404631559e-01	   2.7879010693403489e-01	   2.4705586949362063e-01	   1.8572720799665257e-01	   2.3453441987104546e-02	   1.9486406704936909e-01	   4.0905643319102028e-02	
   3.6873513026364146e-01	   1.0092378590144488e-01	   7.6714494392286026e-01	   0.0000000000000000e+00	   5.7651255508433752e-01	   5.2844843164411681e-01	   5.9775405463390852e-01	   6.7711604882673893e-01	   5.3526039479623111e-01	   4.5901279289430408e-01	   4.3654742140485364e-01	   3.9957220803675619e-01	   3.0420522621615048e-01	   2.7437710672065269e-01	   6.7325468643597430e-01	   5.7388076519968245e-01	  -5.3742642397065249e-02	  -8.8612703521509295e-02	   1.9104411903135754e-01	   1.0128499249930620e-01	   5.9042682716427031e-01	   4.7755150344224129e-01	   7.7430744869399626e-01	   7.8716436651379373e-01	   6.4524177302931562e-01	   6.9318171626954350e-01	   5.7320440196192191e-01	   4.8470396369369972e-01	   3.6080703464837088e-01	   1.9658260080729584e-01	   6.9361591644045628e-01	   7.5254974456728374e-01	   3.5432077650526184e-01	   4.8862538343853790e-01	   4.7019740260641563e-01	   3.7846889949186208e-01	   3.9114974488396759e-01	   4.3803907539028375e-01	   3.9103604511963763e-01	   4.8727218532553895e-01	   2.6127759651200327e-01	   5.1156495198490726e-01	   3.4298233768458397e-01	   2.2680894841364219e-01	   1.3975310933192169e-02	  -3.2818389511853818e-03	   3.7162615045809289e-01	   2.6334697201641333e-01	   2.2796998076179333e-02	   5.0065040278282708e-02	   3.7819554428491081e-01	   3.1364059096346625e-01	   3.7538659720377626e-01	   3.9285538269796538e-01	   3.4799923405272770e-01	   3.4303181735465427e-01	   5.7613527313099738e-02	   2.2075454774780259e-01	   2.0488203344078756e-01	   3.7481911833695980e-01	   2.7029251638342927e-01	   4.4955886984364013e-01	   8.8394732598086612e-02	   2.4854459752303049e-01	   6.5336855479744571e-01	   6.4037335714587296e-01	   3.7730268930157518e-01	   4.8242590737575769e-01	   1.1471278569355406e-01	   1.9589030818371073e-01	   3.6462454825197255e-01	   1.9152017304013338e-01	   3.6527838648282734e-01	   2.5387432309546243e-01	   2.2843747610482990e-01	   1.8142510311014090e-01	   1.5181033316003653e-01	   1.7764904793017910e-01	   9.2605500855256873e-02	   1.4400611539057895e-01	   6.1116425824094496e-02	   1.0814187346782131e-01	   6.6564224930881166e-01	   3.0497559216528192e-01	   6.3157099769751324e-01	   6.2794936115010602e-01	   4.6351576454310794e-01	   5.9807712992378304e-01	   6.1650411477465683e-01	   6.8264248228358015e-01	   6.4907521263904688e-01	   5.2180706831351809e-01	   6.1782475633840428e-01	   6.0998452864784614e-01	   1.0561960819768279e-01	   1.8740945207425619e-01	   1.7228423428429790e-01	   3.2384930676535556e-01	   2.5648266455348634e-01	   3.0993829161825520e-01	   4.3753396240930359e-01	   4.5578068901730806e-01	   2.4506123007565606e-01	  -3.1047236054585485e-03	   5.1097273956501810e-01	   5.3744998165557700e-01	   1.8412786139147352e-01	   1.5575498010515659e-01	   1.3132610840333223e-01	   2.2008254079609271e-01	   7.1397267402767653e-02	   2.4339091696310677e-01	   2.3811482973724646e-01	   2.0910770131744588e-01	   3.1716893003640267e-01	   9.2929744830389377e-03	
   2.5599262628525493e-01	  -2.0941589288948562e-01	   6.6834681404584229e-01	   5.7651255508433752e-01	   0.0000000000000000e+00	   4.4728203927896826e-01	   5.2217979008424409e-01	   3.7349316516570163e-01	   6.7869033387787159e-01	   4.1035235379954554e-01	   4.6513416291172655e-01	   1.8918406084165396e-01	   3.5426817634097185e-01	   2.1377439204396431e-01	   6.4213870512058002e-01	   3.7637298708607592e-01	  -5.7254239797338666e-02	  -1.6931597057142478e-01	  -1.5794005616668336e-03	  -1.2736971177178300e-01	   5.9609495589136863e-01	   4.4176855839820611e-01	   5.9737749389581329e-01	   6.0233497160663396e-01	   6.1783618030038556e-01	   6.3664464363163531e-01	   6.9302858644091536e-01	   5.3726229712553364e-01	   2.9871008125525855e-01	   1.2218739661137681e-01	   5.6250324365849380e-01	   5.2258600030083846e-01	   1.8597046875233852e-01	   2.3952767982003975e-01	   5.7171377076808771e-01	   5.1288188179587169e-01	   3.2248230533477118e-01	   3.1233880008535653e-01	   4.0331508950406664e-01	   2.6541061129786347e-01	   1.9784066584782733e-01	   3.4562375326707706e-01	   2.1188275884344465e-01	   1.2335114556272295e-01	   7.1939160433734856e-02	  -6.5108148385994158e-02	   2.5785608463715609e-01	   1.8428053835585023e-01	  -8.4492721105267843e-02	  -1.7729374206030605e-02	   3.7508229188719766e-01	   3.5125720902732649e-01	   2.7972910835226639e-01	   2.4480748935259378e-01	   3.1830656107841621e-01	   2.5363875041166134e-01	  -1.5781137201279058e-01	  -1.4561349153403656e-02	   3.5174696011474871e-01	   3.2466217971343914e-01	   3.9455256862414312e-01	   3.2445760693112158e-01	  -1.5384966017073669e-02	   4.7374232218900740e-02	   6.4606309106476811e-01	   5.0741939800573976e-01	   6.0399505125183917e-01	   5.9115348490200681e-01	   8.1451470439805482e-02	   4.5997244199830124e-02	   3.1898640460232308e-01	   1.2098482924335210e-01	   2.4662582542096612e-01	   5.3148098645622428e-02	   2.2246678311174278e-01	   1.2650315644004992e-01	   3.1589569415045321e-01	   7.9103039556844335e-02	   8.7582116223304862e-02	   1.5376833374509230e-01	   1.6030591140466591e-01	   1.1741257672398414e-01	   4.6592924414859532e-01	   2.4504548740688023e-01	   6.6334403455430457e-01	   5.2949054280267338e-01	   2.5919675114482482e-01	   4.7801418875878071e-01	   5.9697747142561930e-01	   5.1220515069635986e-01	   4.7216960560247961e-01	   4.9339424959230993e-01	   4.4940301532614030e-01	   5.9184187964687629e-01	   1.9601079543436406e-01	   2.3716634071482245e-01	   2.8738871631249274e-01	   2.9860821286115979e-01	   1.2639916111355659e-01	   2.7989063993562291e-01	   1.5597188830167399e-01	   4.6894873864149633e-01	   9.3469222006966612e-02	  -5.4438095964500551e-03	   3.7775896861570679e-01	   5.1495736804028647e-01	  -4.5747677662027530e-02	   1.8190464123250724e-01	   1.8626627625768548e-02	   1.6825731745350439e-01	   2.9790061878494356e-01	   2.9694403352774468e-01	   2.9319337277506752e-01	   5.2941265148363139e-03	   3.9929305425155948e-01	   1.3583713036048939e-01	
   4.6345027724263704e-01	   6.4332574669056730e-02	   5.1156566046399621e-01	   5.2844843164411681e-01	   4.4728203927896826e-01	   0.0000000000000000e+00	   6.3648133172055321e-01	   7.7001398805259624e-01	   5.6931285863981207e-01	   8.3393456159152812e-01	   4.4064097506996314e-01	   5.1545166679654586e-01	   4.8498059841234625e-01	   5.4004907256931833e-01	   5.5991511169896124e-01	   5.8212224403067592e-01	   9.3467213535989219e-02	   4.6605847371421948e-02	   1.1489318805804732e-01	   7.3944861964282668e-02	   5.3938901171154763e-01	   6.2424405870691668e-01	   3.2931883682286378e-01	   3.8102048956104639e-01	   3.9902646701080680e-01	   5.7738026814267618e-01	   4.4335742051232008e-01	   8.1441738177305656e-01	   5.0622476209988865e-01	   3.5844669292910070e-01	   3.7925590724546709e-01	   4.4195855461710437e-01	   2.0090040176068186e-01	   4.0521997542494897e-01	   2.2329756707938236e-01	   3.0505795597083696e-01	   5.1165609177621907e-01	   4.7558100805631154e-01	   4.9889871140707803e-01	   4.8695475858326531e-01	   2.4019727099995566e-01	   4.2682150863917112e-01	   7.2752161949234534e-02	   1.2818732476462674e-01	  -6.3596670573193542e-02	  -1.1233701761911342e-01	   2.0601077907042981e-01	   1.3318524513519181e-01	   6.6009557361539656e-02	   5.5041663071757653e-02	   3.7273236315446012e-01	   3.4545344722423721e-01	   3.8603827487439002e-01	   2.8642766786484802e-01	   3.9940176184564374e-01	   3.9310237916632962e-01	   1.0644256151284354e-01	   1.3769178328152848e-01	   3.1152761205917873e-01	   3.7315481414106200e-01	   3.4609316441379728e-01	   5.3203676821401824e-01	   1.4352505573289281e-01	   4.2826484303964263e-01	   3.7071058766545806e-01	   6.1225359432583581e-01	   3.5280670633239786e-01	   3.9739501823461904e-01	   9.4381429490870486e-02	   1.6745808262117523e-01	   3.9202626278593850e-01	   2.0180053338632409e-01	   2.3640238820651618e-01	   2.1063631870061911e-01	   8.7431963821755262e-02	   1.2510963865173685e-01	   1.0143746735421458e-01	   1.2866282139815249e-01	   9.6482673568318536e-02	   9.0847790097176723e-02	   3.0104321997691752e-01	   2.8442610847507582e-01	   5.0274992745955271e-01	   4.1265112993640818e-01	   5.2966194426731739e-01	   5.1015654329685556e-01	   1.5229511113096991e-01	   4.4550502989283003e-01	   5.6453374332896322e-01	   6.9525972921099877e-01	   5.2495902250273430e-01	   4.5744058307522506e-01	   5.6982140404925341e-01	   4.8555635079500870e-01	   2.9104146432775080e-01	   4.2518529507268810e-01	   3.5592043890835906e-01	   4.1273537383523096e-01	   2.5553382582284662e-01	   2.8486427312228962e-01	   5.4967420129422495e-01	   4.7410689119700211e-01	   7.1196316016026318e-03	   2.6996334827677398e-01	   6.1761820836685977e-01	   4.6614377115357353e-01	  -1.4621098581611949e-01	   4.1527576128553628e-01	  -5.4084838507682614e-02	   2.6752411504532847e-01	   4.1797124088656039e-02	   2.8208118000995791e-01	   1.8912543349861149e-01	   6.2793994240693832e-02	   2.5369589550352306e-01	   2.3220331135392708e-01	
   5.3155039116434377e-01	  -1.2569278430721595e-02	   7.5577102433777132e-01	   5.9775405463390852e-01	   5.2217979008424409e-01	   6.3648133172055321e-01	   0.0000000000000000e+00	   7.5944026095595263e-01	   6.0017165327874811e-01	   5.4422749629503908e-01	   4.6794952350371349e-01	   4.9445803791986531e-01	   6.4145911054499982e-01	   4.3018702059019698e-01	   5.6674545852274694e-01	   2.9571731505905741e-01	  -6.8523548716603044e-02	  -9.0256781822482701e-02	   1.9744894548009542e-01	   7.4209724438787539e-02	   3.9912352628145320e-01	   4.5992197379570265e-01	   3.9641777985744575e-01	   3.8517784866545901e-01	   3.7974821433930861e-01	   4.5892718253440673e-01	   3.5533733457510142e-01	   5.8226661640026112e-01	   3.0194915211350271e-01	   6.4244566774783018e-02	   3.8785974588266220e-01	   3.9418777038448494e-01	   3.3005991338866025e-01	   4.9221522370419979e-01	   4.1719719160377172e-01	   4.3987128332286246e-01	   3.2656708114366562e-01	   2.8255619748040295e-01	   3.5307997282983117e-01	   3.8722185022577804e-01	   6.6963925787367665e-02	   2.8441644750094963e-01	   2.0873974810438473e-01	   1.0256075551443297e-01	  -1.2120832453286629e-02	  -1.7166002931213725e-01	   2.2354015526469923e-01	   1.3829150827748835e-01	  -1.3903219931748589e-01	  -9.3141509137186371e-02	   2.8248411703639398e-01	   3.2992132015424303e-01	   3.0756907975097464e-01	   2.0484532243596104e-01	   2.6595804382200550e-01	   2.3846020445890703e-01	  -4.7632074500417815e-02	   8.5471229851302507e-03	   3.7129168004445290e-01	   4.0012009546218813e-01	   6.7292165023063533e-01	   6.7117148601324705e-01	   1.7083331578106933e-01	   4.4047364687422241e-01	   6.0464935193517322e-01	   6.1968943086628869e-01	   6.4292496945612609e-01	   6.4111491407761867e-01	  -3.7101342274380493e-02	   1.0213351610515968e-01	   4.7748224830557806e-01	   2.7112595242344706e-01	   2.8122361826881759e-01	   1.8971604648652740e-01	   2.5750011068566120e-01	   2.4738904235804132e-01	   2.9081544554370914e-01	   2.9848060344068339e-01	  -5.2213548281006800e-02	  -1.0215649777960191e-01	   6.0372443742905138e-02	   2.2516215321157707e-02	   5.2885977754803526e-01	   2.6447354240418958e-01	   4.3575175612834455e-01	   4.4510900637701217e-01	   2.0945081248614467e-01	   4.1399811726192631e-01	   6.8758485950420312e-01	   6.2168417199720416e-01	   5.8993944214330951e-01	   6.8007646858128967e-01	   4.7913513591951989e-01	   6.5120824672467892e-01	   8.5231965759353934e-02	   2.1855003889299285e-01	   1.6615800880356413e-01	   2.8312444865071523e-01	   3.0710357235181535e-01	   3.8511289933904247e-01	   4.3154899176355133e-01	   6.5668894454180260e-01	   1.8574107399775028e-01	   1.8059449972815189e-01	   5.3193636870239280e-01	   4.5680036655742434e-01	   6.6799907703272172e-03	   2.3717104742782458e-01	   7.5369900037806054e-02	   3.0311439217610320e-01	   1.7428166568408268e-01	   2.0862329116978656e-01	   2.7607225139617941e-01	  -3.4686187469006653e-02	   2.4797215654549631e-01	  -4.2787778552877367e-02	
   5.6632807373061322e-01	   1.7519455627997804e-01	   5.7238390303944686e-01	   6.7711604882673893e-01	   3.7349316516570163e-01	   7.7001398805259624e-01	   7.5944026095595263e-01	   0.0000000000000000e+00	   5.8680751577646340e-01	   7.8614972436287989e-01	   4.8401261057899103e-01	   6.6759084012384440e-01	   5.8019405713389771e-01	   5.5456033203324639e-01	   6.1581731701796938e-01	   5.8863145095967595e-01	   2.7336926668202460e-02	  -2.6956367213015871e-02	   8.9494783634556735e-02	   7.5503017434684336e-02	   4.8400713551813579e-01	   5.6508563121394273e-01	   3.2725651024447300e-01	   4.7240618101403686e-01	   3.4186067619270882e-01	   4.9758633270500530e-01	   3.3175792352333872e-01	   7.3172544061624556e-01	   4.3753063055899821e-01	   2.5698560504359946e-01	   3.6879983647200859e-01	   5.2504054122587307e-01	   2.5180188148831717e-01	   4.7152719550851740e-01	   2.0138258380593127e-01	   2.3324989835309218e-01	   4.2203766080357297e-01	   4.6009103838071042e-01	   4.3298377417958844e-01	   5.3815043171840959e-01	   1.8157664903790455e-01	   4.4563386518239956e-01	   1.8699090646298902e-01	   1.1143962651160880e-01	  -3.6961910259589788e-02	  -9.4827954229096859e-02	   2.3823321854044199e-01	   1.5666828700425905e-01	   5.4117696698286893e-02	   9.5151830921994376e-02	   3.8122727446866733e-01	   3.9676167994505257e-01	   4.3227032647426888e-01	   3.4111984574287846e-01	   3.4361837065344436e-01	   3.1631292824877610e-01	   1.3718266226509998e-01	   1.8999174623767290e-01	   3.6137473684508342e-01	   5.6091620247072649e-01	   4.9153896620857040e-01	   7.3641225548777056e-01	   1.2225501141855304e-01	   5.2413374653868083e-01	   5.0159549789266267e-01	   7.2519099709509205e-01	   3.5633689751348557e-01	   4.9767008998163459e-01	   1.2172229032270404e-01	   3.2002581690877996e-01	   5.0209657404741481e-01	   3.6863101411128418e-01	   3.9443201555704088e-01	   3.3861253277003661e-01	   2.2084552359351972e-01	   3.1870601625810896e-01	   1.3331980507514535e-01	   3.0025930373431520e-01	   1.2842264961279098e-01	   9.5379509970325585e-02	   1.8695136180982747e-01	   1.5864990300316284e-01	   5.8528078725757393e-01	   3.7459633987717317e-01	   4.3681158999997383e-01	   5.0336138812126219e-01	   2.2820215881895178e-01	   4.9926922687882075e-01	   6.4313750420141480e-01	   7.8566701861589028e-01	   6.1434917224599184e-01	   4.6997110317540330e-01	   6.7726635818313319e-01	   5.4490482734313606e-01	   1.5626678380934644e-01	   2.7880499802178227e-01	   2.1133481779814078e-01	   3.3180138107423429e-01	   2.7632219839718308e-01	   3.2421122199690139e-01	   6.5589920376537514e-01	   5.8934763132922074e-01	   2.3982770438210235e-01	   3.1506219237618771e-01	   6.9784843053662104e-01	   4.0890888257737035e-01	   3.6398077340308463e-02	   2.8706504421121182e-01	  -1.1716711103333518e-02	   1.9970021345771788e-01	   2.6044516861099546e-02	   1.2937695580393554e-01	   2.5737296055060699e-01	   1.4244624905059383e-01	   2.6362178811978421e-01	   5.6454223990785521e-02	
   3.0389069168743854e-01	  -2.0330993572547557e-01	   6.1279525257979617e-01	   5.3526039479623111e-01	   6.7869033387787159e-01	   5.6931285863981207e-01	   6.0017165327874811e-01	   5.8680751577646340e-01	   0.0000000000000000e+00	   6.7154856240675298e-01	   3.8489827375489138e-01	   3.7232307603912762e-01	   4.2255093869373228e-01	   3.4716590625913091e-01	   6.5810616688464740e-01	   4.1720944482659128e-01	  -1.9659789590656551e-01	  -2.8569238585165030e-01	  -1.9065481859406960e-01	  -2.8588357722366620e-01	   3.4795788556972368e-01	   2.6348091904353593e-01	   4.2182506341034631e-01	   4.5804294005647045e-01	   2.7536915752304436e-01	   4.4185829561788348e-01	   3.5950186270039797e-01	   6.1151894684764985e-01	   2.9473241930139699e-01	   6.1991664746803371e-02	   3.9478990360369459e-01	   4.1331523538710568e-01	  -4.2960302017315044e-02	   1.0185745532110024e-01	   2.9616900057766793e-01	   2.0757747592874098e-01	   3.5886854492638498e-01	   2.9363908318249554e-01	   3.1030592555200776e-01	   2.3571193030384424e-01	  -1.1225886482803574e-01	   2.8289268721032768e-01	   1.2568832090717455e-02	  -2.4878624932690170e-02	  -7.0117868799574323e-02	  -2.2729344064215001e-01	   4.3421888192689606e-02	  -1.2611261102941451e-02	  -1.1025117701010932e-01	  -1.0952291662858656e-02	   1.9967449053081743e-01	   1.9215564539634072e-01	   1.8468546145948736e-01	   9.2890658376467275e-02	   3.0503640802716092e-01	   1.0480658897741697e-01	  -1.6275015868895773e-01	  -5.5808613906651997e-02	   3.1504125450241222e-01	   4.4481478939672359e-01	   5.5364410394722308e-01	   6.3469788350701783e-01	  -2.7813485183393223e-02	   3.0259942924734473e-01	   6.3162226979325609e-01	   5.7492188406730071e-01	   3.5489618393467476e-01	   4.3829725561167698e-01	  -1.6354254062139992e-01	  -6.5921692360980902e-02	   3.4238759330752172e-01	   6.6474882902803678e-02	   2.5123995990280118e-02	  -3.5496439052904276e-02	   2.8899600183888697e-02	   5.5639781582512711e-02	   1.3933115585844069e-01	   1.1682892438104173e-01	  -2.5738778995296446e-02	   3.9630374266819091e-02	  -1.6221229015582822e-03	  -5.1290093514093464e-02	   4.6520842988656019e-01	   1.1373780655531399e-01	   4.9302040303946798e-01	   3.3101053166593630e-01	   2.5275356619520400e-01	   4.1588770690136745e-01	   7.2221895163113059e-01	   5.6785387909762186e-01	   4.3349670201298318e-01	   4.7782495993333829e-01	   5.0665961309488361e-01	   5.9723360911322843e-01	   1.3295040759427132e-01	   2.5323216227774298e-01	   1.7248799707013052e-01	   2.0579798917731124e-01	   8.1293649387692041e-02	   6.8847807197236668e-02	   2.5452747072619236e-01	   4.8612723740877783e-01	  -1.4221644675600158e-02	   1.1202428370658778e-02	   4.7391467625817418e-01	   4.6099921643277758e-01	  -1.1784987345369138e-01	   2.4243388126728688e-01	   1.0712256240898506e-01	   2.4037166922022518e-01	  -3.7123101841603348e-02	   9.0654414395723720e-02	   1.5428562312579591e-01	   6.7371942735888368e-02	   5.0150819398948743e-01	   2.9066448829002811e-01	
   4.7459151572681491e-01	   8.6743607754103433e-02	   4.4354727333722377e-01	   4.5901279289430408e-01	   4.1035235379954554e-01	   8.3393456159152812e-01	   5.4422749629503908e-01	   7.8614972436287989e-01	   6.7154856240675298e-01	   0.0000000000000000e+00	   4.1811867928751217e-01	   5.5456975080851834e-01	   4.4299140438286555e-01	   5.2202842063869914e-01	   5.0959261399270162e-01	   5.7267664736787216e-01	   1.3105359090452332e-02	  -9.0874486906790564e-02	   3.2076000026863380e-02	   1.2886847928160320e-03	   4.6531698618974127e-01	   4.9299479840336996e-01	   2.5179231153176357e-01	   3.9139661896549383e-01	   2.9172818352050028e-01	   4.9583069548852948e-01	   3.1953825834179134e-01	   7.2430475979296138e-01	   4.3318856443032838e-01	   2.6403520633487004e-01	   3.2753088733732089e-01	   3.7604417761391729e-01	   9.2590995688986238e-02	   3.0875293930712233e-01	   1.1105209729907140e-01	   1.4429151030757603e-01	   3.9492939862103882e-01	   3.7933087422639677e-01	   4.1157013131643067e-01	   4.2226457245457433e-01	   6.2044740392807329e-02	   2.8301393761635746e-01	   3.5158596067153949e-02	   9.9778246095402826e-02	  -1.1314952869500100e-01	  -1.2778333999617356e-01	   1.3320152974292121e-01	   9.8846652837530663e-02	   5.3866073355945898e-02	   7.9772124487283297e-02	   3.1067271752417913e-01	   3.0981762670818674e-01	   3.0855263948858486e-01	   2.4231526337851544e-01	   3.2096052239176553e-01	   2.7030251140591588e-01	   6.3007094638128897e-02	   5.7639078110187605e-02	   2.9837767379404229e-01	   3.8884988746220273e-01	   3.8183286622468149e-01	   5.8467878757793390e-01	  -3.4670387533747814e-02	   3.3721809366872768e-01	   3.4846247599300295e-01	   6.3858943741209540e-01	   2.2806876177984595e-01	   3.3616852462376556e-01	   4.1149789163284087e-02	   1.9824547909820528e-01	   4.4083994241038149e-01	   2.3248009218483243e-01	   2.1913127652566533e-01	   1.7679763156790590e-01	   1.0453252982836383e-01	   1.6601585133340657e-01	   1.1836098877322812e-01	   2.2985449534685093e-01	   1.1686403006240181e-01	   1.0403162487701147e-01	   2.2659994459156213e-01	   1.5409566833285629e-01	   4.8812900474983184e-01	   3.3310852013923309e-01	   4.2095915464551337e-01	   3.9503032509997199e-01	   1.3147724763153798e-01	   3.9772925322495950e-01	   5.4803092780934037e-01	   7.3551161959841749e-01	   4.7554010863699347e-01	   3.9288866483497936e-01	   5.9154497560154451e-01	   4.4009063507644536e-01	   1.9068403036106790e-01	   3.4246159042473606e-01	   2.4768211728308009e-01	   3.0292362673053097e-01	   1.7148778106801030e-01	   1.2817095800850045e-01	   5.4777470593046163e-01	   4.0499259760097084e-01	   4.3056737722046351e-02	   2.2101957554939136e-01	   6.5609897672617501e-01	   4.2985084644470578e-01	  -1.7599541886649250e-01	   3.5862607921991257e-01	  -1.1399556828648724e-01	   1.6994053922306973e-01	  -3.6549412603815140e-02	   1.0597970571029830e-01	   2.3224684447059343e-01	   1.7581025502685357e-01	   3.3223625337549206e-01	   2.6805815182038989e-01	
   5.9305361680234669e-01	   1.4820272668192241e-01	   4.3329645730861799e-01	   4.3654742140485364e-01	   4.6513416291172655e-01	   4.4064097506996314e-01	   4.6794952350371349e-01	   4.8401261057899103e-01	   3.8489827375489138e-01	   4.1811867928751217e-01	   0.0000000000000000e+00	   5.5229459453682139e-01	   6.5121501850533181e-01	   4.4161536890349917e-01	   5.4409012211314611e-01	   4.7560342295558156e-01	   2.7794543243109665e-01	  -3.0190032146894781e-03	   1.6641448631944145e-01	   5.8884430577628918e-02	   4.0834598019078394e-01	   5.0059201662104813e-01	   4.0987481710506646e-01	   4.2221735816360917e-01	   2.9487302844258689e-01	   3.7029216506400781e-01	   3.6309590669449121e-01	   3.3761192087710457e-01	   5.0115888325373736e-01	   2.8449831823669636e-01	   4.7135613647900121e-01	   4.3446255887493562e-01	   3.1732604360262928e-01	   3.2203107778021844e-01	   2.7213150633956745e-01	   1.3336379105843421e-01	   3.9394028491211958e-01	   3.2345963779005882e-01	   3.1666751665795845e-01	   2.8602751707637464e-01	   1.2073516625979647e-01	   3.9781675480536249e-01	   1.4751417875405570e-01	   8.9406074400331076e-02	  -1.3758272971499652e-01	  -2.8499147548087389e-01	   2.4019932028319013e-01	   1.5555170808378374e-01	  -1.7236358552577474e-01	  -1.8840628105971888e-01	   2.4125388384858654e-01	   1.9306169469313084e-01	   2.5909889464581087e-01	   1.8971718109434199e-01	   2.4311176151523892e-01	   2.6169770605848869e-01	   1.5460514946912354e-01	   1.8381722380403132e-01	   1.5511276284098791e-01	   2.1715358953161981e-01	   4.3635382656675620e-01	   3.9713794681266384e-01	   2.3219517520752175e-01	   4.5101255186152145e-01	   4.4101153171491936e-01	   4.2997102382771568e-01	   3.9445862281670396e-01	   2.8058616443116874e-01	   1.4690663128688491e-01	   1.0268215841090990e-01	   4.6727480886493983e-01	   2.9576921858494337e-01	   3.7651430274392073e-01	   2.2189669248032390e-01	   1.5464204273114962e-01	   2.5665853938871797e-01	   3.1438451430350767e-01	   2.4347996636949754e-01	   3.9840673435008156e-01	   2.8274110070267050e-01	   4.1187682694666705e-01	   3.2624076808579150e-01	   5.6492631594615972e-01	   3.9116428581807416e-01	   6.5933485114780299e-01	   5.1261357358434856e-01	   2.5545749784976401e-01	   2.8687637711806413e-01	   4.0447564241098988e-01	   5.6121193897619437e-01	   3.1174490347392447e-01	   3.4374270305755428e-01	   2.6364483669551614e-01	   3.8315576354859143e-01	   2.1336319104572776e-01	   2.6608894811258610e-01	   2.3345525211249923e-01	   3.9285914226737229e-01	   1.2959824652583793e-01	   3.1938236589184632e-01	   2.4490829813987855e-01	   4.5252456879129555e-01	   4.6034183611661138e-02	   2.3709332893927967e-01	   4.3221686067839671e-01	   4.5780474410045813e-01	  -1.3227174319267891e-02	   2.3362886320915652e-01	   1.0094228265740786e-01	   4.5023862561695771e-01	   1.9684526868903843e-01	   2.9549029626550638e-01	   2.3245586366882975e-01	   1.7708239715910129e-01	   3.1165212276675025e-01	   1.7856298465009929e-01	
   6.5680368173665582e-01	   4.0039018341233590e-01	   3.8533973615316625e-01	   3.9957220803675619e-01	   1.8918406084165396e-01	   5.1545166679654586e-01	   4.9445803791986531e-01	   6.6759084012384440e-01	   3.7232307603912762e-01	   5.5456975080851834e-01	   5.5229459453682139e-01	   0.0000000000000000e+00	   6.1813894928710145e-01	   7.7601799224184187e-01	   5.5633992647161845e-01	   6.8915420016743800e-01	   3.1236962404919644e-01	   1.9665859977983433e-01	   4.0403825709479313e-01	   2.9973775286915594e-01	   4.3914055204058378e-01	   5.6799574744464532e-01	   2.3408592411917856e-01	   3.8925823441419721e-01	   1.9302500163077288e-01	   2.9873972901745716e-01	   3.5498259601950188e-01	   4.1092709003796091e-01	   6.6033359389534130e-01	   5.5849196225189446e-01	   4.0426703875727743e-01	   4.2946455194769761e-01	   2.4773826595082518e-01	   3.6639624162334927e-01	  -1.7569474422069922e-01	  -1.2097473555759743e-01	   5.0081641547376465e-01	   5.0283038874202579e-01	   4.6795326653927016e-01	   5.1264564278984315e-01	   2.7709556986293993e-01	   5.3751706853919590e-01	   3.2470735071919804e-01	   3.0581285572308275e-01	  -1.3919852948120499e-02	  -8.9108233706806178e-02	   4.3151061162483156e-01	   3.3516889861485138e-01	   1.4789153369423402e-01	   6.5864781848861381e-02	   3.7941202834771037e-01	   3.6302089739211241e-01	   4.8080542470311050e-01	   3.9038196699319094e-01	   5.3363881052382167e-01	   4.1037131953031031e-01	   3.6277496975617574e-01	   3.4967473952006412e-01	   1.4794580617636258e-01	   3.2193504849015619e-01	   3.8878530267564937e-01	   4.1493531315787036e-01	   3.6558250896896644e-01	   6.7898529071345903e-01	   1.2116955367449062e-01	   3.7126796734000944e-01	   1.7733206054886896e-01	   1.0647061636396257e-01	   2.7822728015251791e-01	   4.3800096790997101e-01	   6.7190812711556114e-01	   4.7610634906197136e-01	   4.3767559606944562e-01	   4.5884375991147119e-01	   2.0661264996214329e-01	   3.0524385143400151e-01	   2.9713691892886940e-01	   5.0182955435858756e-01	   3.9269606671041934e-01	   2.9729307229373692e-01	   4.1226062855976714e-01	   4.2317565234311577e-01	   5.3328677980318551e-01	   5.8932096606041795e-01	   3.5372081156810958e-01	   3.9500685488197040e-01	   1.1258504870997577e-01	   2.6680092550719414e-01	   4.2405814822288668e-01	   5.9850547227275896e-01	   5.8576325241376925e-01	   3.8083582419109829e-01	   4.7468788272691398e-01	   2.7797771116321912e-01	   3.9324192626086907e-01	   4.3108594662865596e-01	   4.0972964603080747e-01	   4.9372953330682812e-01	   4.4280938454209695e-01	   4.2905111249263778e-01	   4.5651728157037558e-01	   3.3456071403295340e-01	   1.6432293266969952e-01	   2.9646620816791913e-01	   4.7268059906309601e-01	   2.8621976211047434e-01	   1.1158889889635901e-01	   2.1370609270334623e-01	  -2.2110287150733740e-01	   2.0246625512973868e-01	   2.3136927383033273e-01	   1.6134798032563577e-01	   2.9676253593161378e-01	   1.0324251780322709e-02	   1.2132855544262650e-01	  -4.8842743061780762e-02	
   6.7387082009392096e-01	   8.9199598908339894e-02	   3.7076121381163907e-01	   3.0420522621615048e-01	   3.5426817634097185e-01	   4.8498059841234625e-01	   6.4145911054499982e-01	   5.8019405713389771e-01	   4.2255093869373228e-01	   4.4299140438286555e-01	   6.5121501850533181e-01	   6.1813894928710145e-01	   0.0000000000000000e+00	   6.7564398762428057e-01	   6.1815301015719160e-01	   3.9613771028290701e-01	   1.7460515817634459e-01	   3.7290649322924051e-02	   1.5851452651936637e-01	  -1.7307568586392867e-02	   3.0529600007935986e-01	   5.0338824022400497e-01	   1.5890799579800763e-01	   2.3153891028112622e-01	   1.6463474759336139e-01	   2.6055235254190356e-01	   2.2257879739964764e-01	   3.6772495221993906e-01	   3.9000675549222574e-01	   1.9328610373377378e-01	   2.0531158698652879e-01	   1.2472875589740301e-01	   3.3736038724292483e-01	   3.3488802979254895e-01	   1.1241658704095299e-01	   9.8086324303994499e-02	   3.4333757480951826e-01	   2.4720168666736120e-01	   3.0870895891368133e-01	   3.6277910837281058e-01	   1.0994457290897464e-01	   4.0525132200709790e-01	   1.4570487304193713e-01	   8.7016798597398127e-03	   1.2165635908899491e-01	  -1.3138643746312068e-01	   2.0691767451252552e-01	   1.0657138797161994e-01	  -5.3674355550523738e-02	  -1.0799397875434613e-01	   2.2688558434306058e-01	   3.0926190220349509e-01	   1.9328189315691427e-01	   1.2419255075183815e-01	   2.6446278335032652e-01	   2.4111556251354899e-01	   1.5941921519577690e-01	   1.3885648056846592e-01	   2.8197277657510211e-01	   3.1168354440158741e-01	   6.0897767598945363e-01	   4.8796159421116220e-01	   3.3069450857675209e-01	   5.3730263958442626e-01	   3.5556982310360596e-01	   3.9728300155472090e-01	   5.2938577479870896e-01	   4.2412991294658120e-01	   1.5451568518771547e-01	   1.5669702859560464e-01	   4.6878874555948330e-01	   4.0309943859495545e-01	   2.1721506124626466e-01	   2.8053142992434826e-01	   1.7005054842802869e-01	   3.1525342667175421e-01	   3.0441925055617686e-01	   2.7970568351687009e-01	   1.6424820753468405e-01	   2.2349898989011678e-02	   2.4566117573354421e-01	   2.3687647704078652e-01	   4.0761580143017756e-01	   4.2607930283536111e-01	   4.1830002741886152e-01	   3.5171120547852464e-01	   1.6509861328880107e-01	   2.9652378056094003e-01	   5.5035503869461500e-01	   4.5036117241805113e-01	   3.7262981364084508e-01	   4.3843781702800255e-01	   3.0306680563922395e-01	   4.2813217682840599e-01	   2.2869660331548597e-01	   1.7465142357897759e-01	   2.3212900880336282e-01	   2.8455174555582985e-01	   2.1104639536505979e-01	   4.0597508218784928e-01	   4.7985710045734664e-01	   5.5452658159452994e-01	   2.2572505194328391e-01	   4.6943461069598369e-01	   3.6559263197496689e-01	   3.4216265240568794e-01	   8.9291242777640153e-02	   3.6422478581695217e-01	   1.2125862288483469e-01	   2.4443370331006992e-01	   2.2113796980740458e-01	   2.7540463430127105e-01	   2.5659399755401119e-01	   3.2614941628984546e-02	   1.7480240145790713e-01	   4.4009468970781583e-02	
