   0.0000000000000000e+00	   6.5626635000046452e-01	   5.3356080855712129e-01	   6.6611329640088568e-01	   2.2194966207318151e-01	   3.7427632186088988e-01	   6.0992186208023569e-01	   7.4192318648664068e-01	   6.2568367786249113e-01	   5.5576709010284064e-01	   7.1833412703678290e-01	   7.6555597357373950e-01	   8.0085352067119098e-01	   7.9786276814299328e-01	   6.7109999651601593e-01	   5.0010328309837682e-01	   7.5921457616277321e-01	   6.2608751145587327e-01	   7.1017241912311135e-01	   5.6461279415056409e-01	   1.9195247303928664e-01	   2.1546675633759035e-01	   3.2771262244431376e-01	   4.2029073141299023e-01	  -1.8887196801293346e-01	  -6.3226837581259965e-02	   3.3976357035577542e-01	   3.4940298995927166e-01	   6.8640276130169564e-01	   6.4932193815871853e-01	   1.2700720420489459e-01	   2.8133521110230464e-01	   4.8271386944598443e-01	   5.2235751174380129e-01	   7.4864887315158599e-02	   1.0938085155175828e-01	   3.9455047427304674e-01	   3.4490978841773245e-01	   3.2890643192623314e-01	   3.9426585258000391e-01	   5.3257748869825805e-01	   5.9907464109278408e-01	   4.8820834429412735e-01	   5.2329337090228811e-01	   5.6506973965379537e-01	   5.7175812044464269e-01	   5.6075016396508948e-01	   5.8549162323387416e-01	   5.7212743032738422e-01	   5.8126111751242471e-01	   7.3022452005084304e-01	   6.4348127575834546e-01	   6.9640461843798018e-01	   6.5540787947622359e-01	   7.4684072451941874e-01	   6.6911246341824127e-01	   4.9202839287773165e-01	   4.2823541922654951e-01	   7.7258286955214328e-01	   6.9991203389376233e-01	   8.2406920683980256e-01	   7.8807329198812348e-01	   5.9870114680276421e-01	   6.7663523243918633e-01	   4.3741274655085294e-01	   3.7062179182442267e-01	   4.7190970636108509e-01	   4.9881045299222598e-01	   3.8419736631716472e-01	   1.8288588746005102e-01	   1.0847565805605788e-01	   7.9921826687650077e-02	   6.9310009066707656e-01	   5.9203423133253741e-01	   6.0760108559608150e-01	   5.6670310412973290e-01	   2.6833246296021396e-01	   3.1964889688582121e-01	   6.2573901075787586e-01	   5.9436745365834631e-01	   6.1188056379058953e-01	   5.8526123581296285e-01	   6.7547900879325828e-01	   6.3809406730749330e-01	   5.8449639997107261e-01	   5.8314202909489521e-01	   7.0428066433148451e-01	   4.8700489004253045e-01	   7.2001313764069519e-01	   6.9865840483254116e-01	   2.8547612988713822e-01	   1.1902016094652997e-01	   2.4065575270487272e-01	   2.2168655890830335e-01	   3.2681726648207943e-01	  -3.3324839349879412e-02	   3.7319031629505328e-01	   3.5958789998088075e-01	   4.6288748636520732e-01	   4.5317513967717105e-01	   4.4015056152121618e-01	   4.7608030824261754e-01	   3.9734729849702599e-01	   5.7010491117392204e-01	   2.0666678296632385e-01	  -1.6242985940253123e-02	   2.9675471448581552e-02	   2.1159836325733483e-01	   2.1982940790289340e-01	   2.6522935703570460e-01	   2.4240578644479888e-01	   3.5994342997600359e-01	   3.4262753829231440e-01	   3.2396237103916803e-01	   1.1029807462158683e-01	  -2.0927896272256236e-01	
   6.5626635000046452e-01	   0.0000000000000000e+00	   2.3402995207194691e-01	   4.4487898814034399e-01	  -1.3535207035834987e-01	   1.1671837604280737e-01	   2.9482084039351986e-01	   4.3722911450205276e-01	   2.8010607842923191e-01	   1.7583764928963735e-01	   4.8719408532168951e-01	   6.0467648826628928e-01	   4.5910997132977072e-01	   5.8966971061669660e-01	   3.4344077383615335e-01	   2.7464658326167002e-01	   7.7714008861589512e-01	   8.9745753745058554e-01	   7.2486272587613887e-01	   8.3137261178330735e-01	   9.8445796195757482e-02	   9.2412708399125132e-02	   2.6613161438152144e-01	   3.1550609903256843e-01	  -1.7531528461071392e-03	  -4.5976779192532839e-02	   2.4299875711441915e-01	   4.3401814281959904e-02	   6.1618345508035621e-01	   6.8751243151785968e-01	   2.9997191401882467e-01	   4.5532339814724998e-01	   6.8448776727763871e-01	   7.8111105732292740e-01	   1.3106790738788265e-01	   2.2618225032982331e-02	   1.9012484946558433e-01	   1.9521394821903656e-01	   2.4577575683030228e-01	   3.6048370916257189e-01	   2.0062829849335850e-01	   3.5206380723247643e-01	   2.5276586301628695e-01	   3.5062333270847468e-01	   4.3416229601857942e-01	   5.1243813539874372e-01	   2.7568754990644040e-01	   4.1744656311633266e-01	   4.5879714548025996e-01	   4.9292936841684909e-01	   5.6528896499721970e-01	   4.2433846343639742e-01	   4.3195467321854508e-01	   5.0010850430193898e-01	   4.6824753617017745e-01	   5.1296600642225521e-01	   8.2659864941518202e-01	   8.1063973863341521e-01	   4.5979992736096087e-01	   5.4634981803390636e-01	   5.3851575971065391e-01	   4.5102128086583471e-01	   6.5508711199011371e-01	   7.5096090352353539e-01	   1.6012295330539361e-01	   1.4583051964586738e-01	   2.3269439151907639e-01	   3.4700168830025013e-01	   7.0401262840891998e-01	   5.7554469815056419e-01	  -1.7476644748362083e-01	  -2.3312951953021557e-01	   2.7756140534049134e-01	   2.2467497280070381e-01	   1.5326420811571906e-01	   1.8774508483718225e-01	  -2.2086111224913815e-02	   1.4327804288349005e-01	   7.6497588234110192e-01	   7.9525775506080509e-01	   7.6186354391806999e-01	   7.5554370336318932e-01	   3.3415654105423231e-01	   4.7567202088243915e-01	   6.1217351278049392e-01	   6.4459353181683088e-01	   5.4797993179809601e-01	   4.5161054976272474e-01	   4.8690650367691790e-01	   6.7585806437867502e-01	  -1.8000777069571477e-01	  -3.1729924891110384e-01	  -2.6064894708876013e-01	  -1.8045818688514265e-01	   2.7406013416515350e-02	  -2.0226303453576328e-01	   1.8338828981567562e-01	   1.1104826102483525e-01	   1.4784760716719675e-01	  -2.5221845225114971e-02	  -1.1285062210343250e-01	   9.6053393902078732e-02	   1.2205842425617233e-01	   1.7487363595986102e-01	   7.9312802964140339e-02	  -1.8302982516487493e-01	  -1.7800090542056501e-01	  -9.4364074505225853e-02	   1.7666853295541039e-02	   2.6908687729050765e-02	   2.0432317384266940e-02	  -4.6305183227229138e-02	  -6.5176904636350119e-02	   8.5027035477276774e-02	  -1.8098619717878922e-01	  -3.3144420805475810e-01	
   5.3356080855712129e-01	   2.3402995207194691e-01	   0.0000000000000000e+00	   6.1735642241312738e-01	   4.7404145641508799e-01	   2.5950963579771952e-01	   7.6492537268959215e-01	   5.4467819792741190e-01	   5.2649432574696176e-01	   4.0065044805084415e-01	   5.9787604182042042e-01	   3.4118549016432265e-01	   6.1071068130832518e-01	   5.0142024977770661e-01	   7.2749078412698331e-01	   6.2132158059603115e-01	   4.3764047966122877e-01	   2.4599956486710245e-01	   3.6182859085276292e-01	   2.4019839093973053e-01	   3.8316656233893187e-01	   2.0351999346655070e-01	   7.7396295758746136e-01	   6.3331072598472216e-01	   2.5174187493706346e-01	   1.7501267553324856e-01	   4.1748175730540360e-01	   2.4235143089460170e-01	   4.8935638837713907e-01	   3.5498392157890207e-01	   4.1850165585914445e-01	   3.3515775076249732e-01	   5.1533347717911759e-01	   4.3933669474015669e-01	   5.0875808540982692e-01	   4.0463451794821814e-01	   4.4394084660927757e-01	   3.3617565854767240e-01	   4.8592302733497317e-01	   2.9086306873703893e-01	   3.7854680272120544e-01	   3.4188458855744785e-01	   4.2041998693433463e-01	   3.0978131308287415e-01	   3.2664557474851635e-01	   3.1388481829265386e-01	   4.3514223601311691e-01	   3.7208513685183942e-01	   2.4147862380229379e-01	   3.4591805299150180e-01	   4.7498603322182770e-01	   4.5222941910293707e-01	   5.2503568120647715e-01	   3.1729598604830528e-01	   6.6474723426916993e-01	   5.1369055087332327e-01	   2.4778705261261344e-01	   2.3179659172309977e-01	   5.3387386571309836e-01	   5.4453299078972994e-01	   5.0633031666569162e-01	   4.5876195474192505e-01	   2.4923256402380528e-01	   3.3334635464169193e-01	   6.3000736790682188e-01	   5.2514021871775285e-01	   6.6030107648469960e-01	   5.5874159044015437e-01	   3.6506280134381419e-01	   2.6109707207878374e-01	   2.6338986056136976e-01	   4.1714941314043956e-02	   4.2863113542154269e-01	   3.4896568595504895e-01	   3.7070442171052553e-01	   2.9586569359355486e-01	   1.3116475158412982e-01	   1.0031193720635981e-01	   3.5031753441492974e-01	   3.8600080651218915e-01	   3.6775672916191915e-01	   4.5052136335922865e-01	   6.5511855301595356e-01	   3.2655825458679122e-01	   5.7536551800742897e-01	   6.0985796587698127e-01	   6.1903197346315164e-01	   4.3613148447520600e-01	   7.7018440137220734e-01	   6.9874210959371652e-01	   2.5677307396390386e-01	   1.4984251344741384e-01	   3.5445167543619838e-01	   5.2298242799936856e-01	   2.7793331627173568e-01	  -6.6222962931056159e-02	   4.7007753417343223e-01	   2.7634387357274437e-01	   2.0782682343048814e-01	   2.6535618368345026e-01	   3.2725385651435612e-01	   6.4073223018850878e-01	   2.0390954020634888e-01	   3.3669264294170076e-01	   1.1425558459681816e-01	   1.1886670819160364e-01	   1.5902446399431622e-01	   1.7213592237467146e-01	   1.7190240717082009e-01	   3.1341338296062127e-01	   2.2139131451488409e-01	   1.7497967722134083e-01	   1.4594986387206868e-01	   1.1279865508970192e-01	   8.3752956312577315e-02	  -1.4483628266440757e-01	
   6.6611329640088568e-01	   4.4487898814034399e-01	   6.1735642241312738e-01	   0.0000000000000000e+00	   3.9946900066288360e-01	   6.0531851442294382e-01	   6.9910140629249462e-01	   8.1868784731287847e-01	   5.3483653786479657e-01	   5.9141246174507189e-01	   4.5683533272210158e-01	   5.0266905556908759e-01	   4.5713941709228834e-01	   6.1230989947297310e-01	   4.4151324084366561e-01	   4.5075964927970213e-01	   4.5159273896243057e-01	   3.7240776959955724e-01	   5.0519756311398489e-01	   4.3287416897169001e-01	   2.8602891349239640e-01	   2.7762925531922650e-01	   4.9373312662078939e-01	   7.6167716964409538e-01	   1.3945646317455349e-01	   2.9994096483721056e-01	   5.0028140035241220e-01	   5.0233045980487379e-01	   4.2950577312934435e-01	   4.0146548405155758e-01	   3.3226266264388077e-01	   3.9315575169938471e-01	   4.7795257216068898e-01	   5.2171363289051276e-01	   3.5050521502237086e-01	   4.5230278040044203e-01	   3.5933654358344713e-01	   2.8596621558486135e-01	   4.6666461005691046e-01	   4.6748224946891132e-01	   5.8078157678464160e-01	   4.6095383263300393e-01	   4.2104590413694831e-01	   3.7193141318794121e-01	   5.0096255666719136e-01	   4.7912498951740889e-01	   5.1724207260931843e-01	   4.7743773511478377e-01	   4.5766486693677993e-01	   5.3875582800029287e-01	   6.2786902913951181e-01	   6.6553882238462181e-01	   6.7835726278993280e-01	   5.6303405024747533e-01	   7.0255772721302934e-01	   6.1354067488504738e-01	   3.4132722989971864e-01	   2.0959868609464061e-01	   6.2101789872021906e-01	   7.5930898210618880e-01	   5.0171391472718518e-01	   6.1560245669171898e-01	   3.0682791419951477e-01	   3.6515518657349066e-01	   4.6747052708338965e-01	   5.8738973230309710e-01	   5.9535282826440739e-01	   6.2267090422001570e-01	   4.0821278028104180e-01	   1.8591508168655380e-01	   1.9776509007504542e-01	   2.3739158444403624e-01	   5.0726736062939037e-01	   5.4677145722764586e-01	   3.7695844501009335e-01	   5.0220232024021161e-01	   2.0673885938603792e-01	   2.6421458828120448e-01	   3.5592086439548865e-01	   3.3420610628529324e-01	   3.7838973527477821e-01	   3.8805707019923286e-01	   5.3755205162849184e-01	   4.6281608726125689e-01	   5.0256750824554342e-01	   5.9652971132343791e-01	   5.9747680945987591e-01	   4.6787555930031610e-01	   6.2693965630158766e-01	   7.1375987901272464e-01	   4.2247436485956524e-01	   1.6861137464600404e-01	   3.6285073561525855e-01	   2.9921547846738361e-01	   3.7129333027422984e-01	   7.3300085168263043e-02	   4.7390522159850862e-01	   3.7326620308143033e-01	   4.5975469585955975e-01	   3.8203988466993077e-01	   3.4899913519166870e-01	   4.9589392655207420e-01	   1.5403061568556961e-01	   4.0176421596942169e-01	   1.8540274070673379e-01	   2.8870838132223409e-02	  -9.0482877232640188e-02	   9.6108229419482771e-02	   1.3756853471641642e-01	   2.5727198686655933e-01	   2.9666549946082699e-01	   3.2020494126782206e-01	   2.8994857973281130e-01	   2.0840295681041371e-01	   1.4713435777654874e-01	  -7.3568043154757734e-02	
   2.2194966207318151e-01	  -1.3535207035834987e-01	   4.7404145641508799e-01	   3.9946900066288360e-01	   0.0000000000000000e+00	   5.7771544595628388e-01	   4.5511706543535724e-01	   3.7099914400742423e-01	   5.1244292496759014e-01	   5.9256569953987903e-01	   2.2188612900310711e-01	   1.3326527076655942e-01	   2.6561167521703433e-01	   2.3813824598538380e-01	   4.2970773047254562e-01	   5.4284209522040172e-01	  -2.2044516468117316e-02	  -5.1273582342547461e-02	   8.3830323518189892e-02	  -8.5123396633419182e-02	   3.9609332659551261e-01	   3.9003172583320722e-01	   3.5202424083223377e-01	   4.8449668996784723e-01	   2.1221630841028910e-01	   3.0268601221963964e-01	   4.6599808579436935e-01	   4.3671387090527686e-01	   7.3011628265397269e-02	   1.1179462478169244e-01	   2.4405007384164973e-01	   2.2784308249217916e-01	   6.0169855854503254e-02	  -1.9813778868808123e-02	   2.5765592945303784e-01	   3.5715624463698648e-01	   2.6176377939124573e-01	   1.2193397594722313e-01	   2.4691328868879436e-01	   7.8590663235161048e-02	   3.3506498545144192e-01	   2.2527963183905814e-01	   1.1361495458531458e-01	  -2.3199800179622898e-03	   5.9684828657070440e-03	  -6.9202901585335680e-02	   1.4566587589940924e-01	   2.7431549286542539e-02	   1.5133359513459906e-02	  -4.4453303583045972e-02	   1.1287460744489647e-01	   1.1369481783076749e-01	   3.0615952207412583e-01	   4.3564289363278982e-02	   2.3938638242362925e-01	   1.0059971548202959e-01	  -1.0620568981141987e-01	  -1.1361972898555428e-01	   2.7403684640157466e-01	   2.0459923905494987e-01	   5.8670270107810507e-02	   2.6196800271487175e-01	  -1.0768408461668211e-01	  -3.9858322357783499e-02	   4.3629146407339503e-01	   3.6784449286793369e-01	   3.5387091145604732e-01	   2.5220385405855772e-01	  -2.7643441286789184e-02	  -1.7099295039846106e-02	   4.1253536256808093e-01	   3.4014408505516835e-01	   3.7377612134410410e-01	   2.8779632330101040e-01	   4.1885874287512392e-01	   2.9970151664325900e-01	   3.1077886698577301e-01	   2.4751552566625135e-01	  -1.2121792093002605e-02	   6.2357464073977423e-02	  -4.4451953332810684e-02	   2.2798722494042807e-02	   4.3818933975675933e-01	   1.5621710774306699e-01	   1.6586883404975206e-01	   2.1005945625834993e-01	   1.2931795114988404e-01	   4.4295878913699405e-02	   3.2975943512283190e-01	   1.4474535554421591e-01	   3.9259245482303107e-01	   3.3907270171729303e-01	   5.7353564804859936e-01	   5.7821721833899109e-01	   2.1093479472645715e-01	   2.5331855151869809e-01	   3.6738679822109288e-01	   2.1688849945681407e-01	   5.9077987582861299e-02	   3.0800103247587723e-01	   2.4128049494083750e-01	   5.5282984252459655e-01	  -6.5253772375007693e-02	   3.3610729130412459e-01	   1.6018063901789184e-01	   2.0731629151788955e-01	  -1.9823836374550144e-01	   1.6794995797535514e-01	   7.9129997558349124e-02	   2.9586811119398893e-01	   2.5947633344422671e-01	   3.0335356112230893e-01	   3.0985282470458803e-01	   2.9141084731157874e-01	   4.6290377609765720e-01	   2.2790627918665529e-01	
   3.7427632186088988e-01	   1.1671837604280737e-01	   2.5950963579771952e-01	   6.0531851442294382e-01	   5.7771544595628388e-01	   0.0000000000000000e+00	   5.1422596737763315e-01	   6.5207285762717171e-01	   4.8749028054110460e-01	   6.8776130671867608e-01	   2.6142700621578058e-01	   3.2194463999085965e-01	   3.1473080655773028e-01	   3.6952421306439065e-01	   2.3980832638596217e-01	   3.9356260163424517e-01	   2.2123514257972748e-01	   1.9757720170121518e-01	   3.3004092362700954e-01	   1.7993612638680362e-01	   3.6080184756224704e-01	   4.1428886853537233e-01	   1.8212175341365847e-01	   5.2868377020361823e-01	   2.0272158187169646e-02	   4.4166188488886049e-01	   4.0892614815073458e-01	   7.1913961219288958e-01	   2.6565031055104116e-01	   3.1294279840200834e-01	   2.8168559743098648e-01	   4.1059579176102790e-01	   1.6452899633136797e-01	   2.1939007633866314e-01	   3.9694076884320043e-02	   2.6463654540867909e-01	   3.9447345754968960e-01	   3.2073869653396492e-01	   3.2023948513026324e-01	   4.3066427144481356e-01	   4.7705861807513072e-01	   4.8266412216886845e-01	   2.6469499528405593e-01	   2.8961856526127994e-01	   3.2919225268447710e-01	   2.6623972575296062e-01	   3.6009108777582388e-01	   2.9847427572462304e-01	   3.1029051867529645e-01	   2.5906166045845191e-01	   3.4562673330673754e-01	   3.4019473598276451e-01	   4.7172618041967984e-01	   3.5049459336793876e-01	   3.9861078349550033e-01	   3.5253425781576525e-01	   1.0119255364347320e-03	  -6.5688735957420460e-02	   3.3041592853560164e-01	   3.7528995641877960e-01	   1.7134498521614844e-01	   4.3678233863266908e-01	   1.4140346986475721e-01	   1.6215401542402932e-01	   2.3192616325325149e-01	   3.5474876238370379e-01	   3.6821981830293449e-01	   3.7346838751579431e-01	   2.0415158919400867e-02	  -3.7252056244124067e-02	   4.0007308365544647e-01	   4.2140723755093445e-01	   5.2040933265826694e-01	   4.5152793551566878e-01	   4.7203896036402981e-01	   5.0628955393363084e-01	   2.6168853300291639e-01	   3.4079423110068546e-01	   1.8633805932092212e-01	   1.7847066707818776e-01	   1.9694843571487017e-01	   2.3529640578061711e-01	   3.8770812282385980e-01	   5.1101025079775952e-01	   2.1756717945189538e-01	   3.6234011120693965e-01	   2.6040230093277894e-01	   2.5902527609673559e-01	   3.2636921386841183e-01	   2.7018490758656422e-01	   4.9864764122169475e-01	   3.8440816646863507e-01	   5.8961423039118910e-01	   4.0815383660011217e-01	   3.4103034710473190e-01	   4.0073868566472826e-01	   4.3484066006270594e-01	   2.7000708013821223e-01	   4.3423061640420346e-01	   4.2121559604479486e-01	   3.3356702935327753e-01	   4.5423564213719847e-01	  -7.5009598780943756e-03	   3.5346937003604495e-01	   2.3457660082230899e-01	   8.9666940770346065e-02	  -2.3025698531594657e-01	   1.4906947450320090e-01	   2.2428406917133054e-01	   3.2263559991153712e-01	   4.2639194252857426e-01	   5.4154126831178517e-01	   5.0778839915417895e-01	   3.5085743721646229e-01	   3.7649041147355594e-01	   1.7652387370657688e-01	
   6.0992186208023569e-01	   2.9482084039351986e-01	   7.6492537268959215e-01	   6.9910140629249462e-01	   4.5511706543535724e-01	   5.1422596737763315e-01	   0.0000000000000000e+00	   7.9013291143586895e-01	   7.0653182602694231e-01	   6.5054442472807472e-01	   6.3336897877442322e-01	   5.2542838666302161e-01	   7.0626300351470883e-01	   6.3221809706934451e-01	   6.0128370679763565e-01	   5.2694531583075377e-01	   4.8062465040077673e-01	   2.9995628341855968e-01	   4.4796743470280320e-01	   2.2734760782324884e-01	   1.8078811544194398e-01	   2.2894117852182189e-01	   5.6726468958772258e-01	   6.3628864051641820e-01	  -8.0670234348212383e-02	   5.6094250310075380e-02	   1.9092762885322381e-01	   3.3702370819261751e-01	   5.0107241052393403e-01	   3.6411639191971029e-01	   3.0785720141085665e-01	   3.0968661762464017e-01	   4.5340463101652273e-01	   4.0744210659899338e-01	   1.5315583312050818e-01	   2.5435331291664864e-01	   3.8459724436400855e-01	   2.3486735759289401e-01	   3.0695757312170335e-01	   2.7490204061954693e-01	   4.3092594349500579e-01	   5.4275023738585193e-01	   3.7668996986126502e-01	   3.3551520967656434e-01	   4.2102210685147723e-01	   4.2192817436469432e-01	   4.9959188605668026e-01	   4.1370434258122479e-01	   4.1415041546263875e-01	   4.7588514692849315e-01	   6.0347052302597826e-01	   6.1775199258434221e-01	   6.0263353477562764e-01	   4.2190779851291416e-01	   6.9361237519276409e-01	   5.2682250811521047e-01	   1.8656605227186868e-01	   1.3435790738903039e-01	   5.7733847530798132e-01	   5.9735005831777888e-01	   5.6953231702684060e-01	   6.2242232439047751e-01	   2.0831984212226218e-01	   3.6329765671642883e-01	   6.2708819679769223e-01	   5.1609143760127041e-01	   6.1892269268235833e-01	   5.7115872242315635e-01	   2.6702150250678497e-01	   1.7862700301152967e-01	   2.6288788578436151e-01	   1.7145669934349392e-01	   5.3586399627016035e-01	   5.6052319480885016e-01	   5.8481859397171465e-01	   5.0818545634097567e-01	   2.2238977782124777e-01	   2.0165779060805356e-01	   3.5299495182669222e-01	   3.4281570608335454e-01	   3.4116661194002562e-01	   4.2136884729257257e-01	   6.5964690982955909e-01	   5.1938010587279859e-01	   4.7973472907950332e-01	   5.3597947862185347e-01	   5.2786673324374855e-01	   4.7617161252755658e-01	   6.9164467076361147e-01	   6.5240750359465083e-01	   3.8569648711194293e-01	   2.0459248833185006e-01	   5.2160287725209353e-01	   4.7875873441662808e-01	   3.5332290374029629e-01	  -1.3820764999809818e-01	   3.4609077786756820e-01	   1.0589597472407744e-01	   3.9195852700854250e-01	   3.4347666828485485e-01	   4.8461011599963022e-01	   6.4020007302421933e-01	   1.0172209206733827e-01	   3.0037556994044312e-01	   2.4105121774134257e-02	  -9.9233762201056147e-02	  -4.2976269539981661e-02	   2.1762444021743732e-01	   9.0509136788491651e-02	   2.1385380262657264e-01	   1.3167101317902830e-01	   2.6483924215422483e-01	   2.7367920947760793e-01	   7.5234407757156702e-02	   2.1189733568114152e-02	  -2.2834321251866080e-01	
   7.4192318648664068e-01	   4.3722911450205276e-01	   5.4467819792741190e-01	   8.1868784731287847e-01	   3.7099914400742423e-01	   6.5207285762717171e-01	   7.9013291143586895e-01	   0.0000000000000000e+00	   5.8531147747230328e-01	   6.7908515619660625e-01	   6.3793593168746510e-01	   7.3685010286239527e-01	   6.5930661732198714e-01	   8.0010899822338510e-01	   4.7901497272144111e-01	   4.7649416443888248e-01	   6.0958669258340770e-01	   4.4873815064880518e-01	   6.1300387347809826e-01	   4.1490547292547081e-01	   1.4853855282856310e-01	   3.3318517998781272e-01	   3.4267505590418945e-01	   6.1208311692207751e-01	  -1.8024670663648459e-01	   8.9796284092043682e-02	   2.8290014769062238e-01	   5.2227018382537183e-01	   6.0019216784382889e-01	   5.6053320571626342e-01	   2.3417756436941808e-01	   3.8720992985753938e-01	   4.1769061553969633e-01	   4.6468068615601554e-01	   6.3718640761239884e-02	   1.9567251955608733e-01	   3.7267181792226733e-01	   3.5324523463131996e-01	   3.4950773437522381e-01	   4.8402508178438408e-01	   5.5074856775449244e-01	   7.1071138815077273e-01	   4.7145482357608798e-01	   4.8601128224550011e-01	   5.8341053817836452e-01	   5.4742532302328073e-01	   6.0287322840699309e-01	   5.5021032001048198e-01	   5.3955948104379459e-01	   5.8548720560204093e-01	   6.7026645808367435e-01	   6.7422556828432323e-01	   6.6116042486728099e-01	   6.0795491687243985e-01	   6.9923694580482376e-01	   6.2461743944628589e-01	   2.6425679074237163e-01	   1.6268939832807910e-01	   6.4328036502555652e-01	   7.1819361893643829e-01	   6.0855518636327266e-01	   7.9475236792110837e-01	   3.7587341437082861e-01	   5.2021111511642948e-01	   4.6968108331022829e-01	   4.9023810578824378e-01	   5.3705535422482997e-01	   5.8515465301955449e-01	   2.4568856277336615e-01	   9.6182130696697787e-02	   1.6966980058495898e-01	   2.3553945373814683e-01	   6.0607143906519356e-01	   7.3201113005425467e-01	   6.1720065505382471e-01	   6.9677114067290025e-01	   3.1138482952311558e-01	   3.7415659754528630e-01	   4.5710665574064091e-01	   4.0414870408847614e-01	   4.5280051100121699e-01	   4.5702144713840420e-01	   5.9116449185852005e-01	   6.6082702465781173e-01	   4.5140515591192915e-01	   5.0906972351959900e-01	   5.8446787172227344e-01	   4.7603606702028545e-01	   6.5611236869319112e-01	   6.2642777064627508e-01	   4.5174915810758715e-01	   1.1444969168267730e-01	   4.7214102366921179e-01	   2.5359807968791531e-01	   3.5120816973436486e-01	  -5.7271463126728726e-02	   4.0719594226825429e-01	   2.6076984025549738e-01	   5.3527127645397132e-01	   4.3821764037812477e-01	   5.0112385481781085e-01	   4.9449798833477987e-01	   1.6591257163809614e-01	   4.5186020095950397e-01	   2.0102059547273954e-01	  -7.4367107430762858e-02	  -1.4049608361915139e-01	   9.0057551574223446e-02	   1.8680525614219412e-01	   2.7938827410258715e-01	   3.1159326253294284e-01	   4.6777452811061659e-01	   3.8340416750965678e-01	   2.6744143675149590e-01	   1.8855729594063647e-01	  -5.5032588430427867e-02	
   6.2568367786249113e-01	   2.8010607842923191e-01	   5.2649432574696176e-01	   5.3483653786479657e-01	   5.1244292496759014e-01	   4.8749028054110460e-01	   7.0653182602694231e-01	   5.8531147747230328e-01	   0.0000000000000000e+00	   7.5792791203186161e-01	   6.0853191558784581e-01	   4.7595493433874458e-01	   7.4624449841031204e-01	   6.2987254019725969e-01	   7.2136175288457038e-01	   5.2640608414739831e-01	   4.1076699917011089e-01	   2.9346601458317612e-01	   3.0414259621623019e-01	   1.1982448153327792e-01	   1.9940980833743169e-01	   2.1738657838912928e-01	   2.2935544209273484e-01	   3.3526907289537322e-01	  -2.2937904966383887e-01	  -6.5467318866673604e-02	   1.7920430945017196e-01	   3.0478126895357416e-01	   4.9565739352600396e-01	   4.0158506228354041e-01	   9.7570468120735263e-02	   1.4228843491038975e-01	   2.9230128284904394e-01	   2.8537441347133424e-01	  -8.4298006459624222e-02	   2.6250911033384491e-02	   2.8594544966665164e-01	   1.0752375548389749e-01	   2.5483372129739001e-01	   1.7663312770735529e-01	   3.8652915824808437e-01	   4.2486858098475311e-01	   3.1257437456508447e-01	   3.3945865982445106e-01	   4.4555837158015610e-01	   4.5282206332744585e-01	   4.4230464113872969e-01	   3.5021532144209511e-01	   4.8643151957386810e-01	   4.9566687894066519e-01	   5.8393607759571386e-01	   5.3712576970159276e-01	   5.7658485863455566e-01	   3.6621520350399561e-01	   5.8212755221821522e-01	   4.3548030412879057e-01	   1.8227271750731716e-01	   1.1795483914561206e-01	   6.5314202863366211e-01	   4.8091854384930532e-01	   6.3951032381412121e-01	   6.2888697279514538e-01	   1.7121295609613035e-01	   2.4967087320593939e-01	   5.0743034500061890e-01	   4.3605555447994104e-01	   4.5913761382260043e-01	   3.9918631718628994e-01	   2.7309689071943699e-01	   1.6043096878430685e-01	   1.3044253560429783e-01	   2.4416561962738018e-02	   5.8393526318775235e-01	   4.4915535624440805e-01	   6.0231374144638739e-01	   3.9125950908734902e-01	   1.3183201287197616e-01	   1.4372211701406923e-01	   3.6465087675961244e-01	   3.6239264076245603e-01	   3.0963151576833781e-01	   3.3166908428206443e-01	   6.5807217551465857e-01	   5.5764424297015536e-01	   3.9856135782863422e-01	   4.3917568459530615e-01	   5.1003029581447401e-01	   4.2775449840884450e-01	   5.8810441392662738e-01	   4.8109240781797202e-01	   2.4494895847598872e-01	   1.9754413859014691e-01	   3.0981244925517404e-01	   3.7629289287449369e-01	   3.3422310781662767e-01	  -5.7747153791599587e-02	   3.3155565303988266e-01	   9.3083621293742022e-02	   3.1966920726325332e-01	   3.4273242918835550e-01	   3.1690070527714975e-01	   5.7251751615537094e-01	   1.2835887138351748e-01	   3.2512365139929944e-01	   3.0854718178491211e-02	  -1.1807821721180797e-01	   1.1219763663582501e-01	   3.5502380674151618e-01	   8.2822567296518129e-02	   1.4858921695843769e-01	   8.3921787366651651e-02	   2.6867933745830352e-01	   3.5850099406307706e-01	   1.9215236288424303e-01	   1.0742776984158596e-01	  -1.5451042679386212e-01	
   5.5576709010284064e-01	   1.7583764928963735e-01	   4.0065044805084415e-01	   5.9141246174507189e-01	   5.9256569953987903e-01	   6.8776130671867608e-01	   6.5054442472807472e-01	   6.7908515619660625e-01	   7.5792791203186161e-01	   0.0000000000000000e+00	   4.5661727936930285e-01	   4.9623883627481002e-01	   5.5464075136138657e-01	   6.0306906049382170e-01	   5.2550277550083058e-01	   6.2089741311718205e-01	   2.2215993202832593e-01	   1.8035955318213520e-01	   2.7719938563711399e-01	   9.9371389486211797e-02	   1.4494551564100772e-01	   3.1262138933609501e-01	   1.7034938664615173e-01	   4.0731172177780817e-01	  -1.3894727077394545e-01	   1.1050855261885040e-01	   1.2203227733547985e-01	   3.3284340046910682e-01	   3.7817010475391666e-01	   3.3298715834619319e-01	   9.0486855858413692e-02	   1.8924926547749943e-01	   1.4478752316573948e-01	   1.9109970674295362e-01	  -4.5261414691914109e-02	   4.7749713586843309e-02	   3.4547099305962559e-01	   2.3224179009926721e-01	   1.6033177615263722e-01	   2.1737555577139933e-01	   4.5836009043566295e-01	   5.2455453823968057e-01	   3.0311819186551603e-01	   3.1684375169786488e-01	   3.1278364599898578e-01	   2.5200943734924419e-01	   3.9815651601090535e-01	   2.8327060366474865e-01	   3.3424753316327632e-01	   2.9684087353314903e-01	   4.8351634911999186e-01	   3.9695790460676755e-01	   5.8288274530372086e-01	   4.7671155939333232e-01	   4.2797580856403117e-01	   2.5649857923222802e-01	   9.3672262371931714e-02	   5.7333806709978039e-03	   5.2766333974026935e-01	   4.4189649841578693e-01	   4.4552785152375185e-01	   6.4447254153963551e-01	   1.1499917252005951e-01	   1.8022737058739069e-01	   4.8550804544548831e-01	   4.6039125415808152e-01	   3.8176751849254525e-01	   3.2397221324634956e-01	   1.5302135597966365e-01	   5.4811534607234119e-02	   4.1087506562774978e-01	   3.6991314318951307e-01	   6.1534257638138923e-01	   5.5628828601862512e-01	   6.8148568040992408e-01	   5.7768542109406029e-01	   2.5322262441272214e-01	   3.2409626909003086e-01	   2.1335185473485535e-01	   1.8981328050406068e-01	   1.4704428222682800e-01	   1.7109646857068439e-01	   5.7382309031148404e-01	   4.9736166304880874e-01	   3.0301257309835467e-01	   3.3169402075324372e-01	   3.2084503943591203e-01	   2.7033280763066170e-01	   4.6188072038007727e-01	   3.5536019745461689e-01	   4.9353770046211165e-01	   3.9537554393664964e-01	   5.8281413193676901e-01	   5.5162702052203949e-01	   4.8336218715615942e-01	   2.2469863561466313e-01	   4.6264535911092075e-01	   2.4567390148843571e-01	   3.0697435581100480e-01	   4.4462314456862068e-01	   4.7538068672361100e-01	   6.1213343190475800e-01	  -2.0272153431096868e-02	   3.5490977134973800e-01	   1.8513768123350868e-01	   9.7882257692112423e-02	  -2.3574422696767138e-02	   3.5757306858089266e-01	   3.2508175413814766e-01	   3.8347737492810369e-01	   3.1043931738650093e-01	   4.9579720443069220e-01	   5.5981931094913806e-01	   4.4780171124333973e-01	   3.7465275015950805e-01	   9.6819843395181127e-02	
   7.1833412703678290e-01	   4.8719408532168951e-01	   5.9787604182042042e-01	   4.5683533272210158e-01	   2.2188612900310711e-01	   2.6142700621578058e-01	   6.3336897877442322e-01	   6.3793593168746510e-01	   6.0853191558784581e-01	   4.5661727936930285e-01	   0.0000000000000000e+00	   7.5016718118330983e-01	   8.8456049376270274e-01	   8.3148230746777951e-01	   6.8415591907886053e-01	   6.0303637538349641e-01	   6.8623071926053869e-01	   5.1763121721132099e-01	   5.2497416312163581e-01	   4.2934208556934106e-01	   1.1995194689368277e-01	   2.0483410366570531e-01	   4.7565777380182889e-01	   4.5361824833499587e-01	  -1.9342504285480577e-01	  -1.5522802696901872e-01	   9.4742986242007027e-02	   1.6092264864873962e-01	   7.1883968210413562e-01	   6.1743395128287504e-01	   1.6708771804677033e-01	   2.5602538131975860e-01	   4.5377441221982417e-01	   4.4502091097579333e-01	   8.9865699815030564e-02	  -4.0636374294100636e-02	   2.3699946411760864e-01	   2.1036404897161218e-01	   1.9293291164922455e-01	   2.7367297200248997e-01	   2.9340814438802187e-01	   5.1193295175666409e-01	   2.9642387812384585e-01	   3.4645356263145710e-01	   3.4988805131387124e-01	   4.2887408340012106e-01	   4.1329352088301974e-01	   3.6708311090330970e-01	   4.0165287249387271e-01	   5.1102957554502648e-01	   6.1100049482516061e-01	   5.0172533680167730e-01	   5.4951460589511558e-01	   5.1194476786155263e-01	   6.0846326917511195e-01	   5.3279316080465078e-01	   2.2470063549403463e-01	   2.5102304487811578e-01	   4.6115425485270956e-01	   4.0759527610729607e-01	   6.2487161074429010e-01	   6.6028377093116175e-01	   3.7780319719544214e-01	   5.3870445680751899e-01	   5.3193503240696982e-01	   3.5047602513044435e-01	   2.8506837709413518e-01	   2.8884319625632898e-01	   2.6583594604314548e-01	   1.1458668917212239e-01	   1.2114643456079077e-01	  -5.2486313523490202e-02	   4.7295309177217371e-01	   4.4039928149670066e-01	   5.3417690923096495e-01	   4.1324374323952262e-01	   7.5051383013348665e-03	   4.3360317210819031e-02	   5.9443094191470736e-01	   5.3973308479294779e-01	   5.4161196298021930e-01	   5.9987820544260129e-01	   7.0498911182474755e-01	   7.0136627615905811e-01	   6.3437699813397364e-01	   5.8694838179866893e-01	   6.7401898967633112e-01	   5.2680807093321924e-01	   6.1511612495668211e-01	   6.1194951070281967e-01	   1.1813111661884160e-01	  -6.4436602502050341e-02	   1.7445555790354403e-01	   2.0341433568133427e-01	   2.4047904809801912e-01	  -2.6999272138979141e-01	   2.5258084358743638e-01	   1.6796831535068421e-01	   2.8090001694058919e-01	   2.6735722348930979e-01	   3.4568626522553225e-01	   4.7137666438015025e-01	   1.9721312713091679e-01	   2.9311732049289363e-01	   5.7649093382382680e-02	  -1.1150019866371391e-01	   5.3791219659026245e-02	   1.5423116698476239e-01	   1.8205332488421025e-01	   2.0721130799667900e-01	   6.3237469946844593e-02	   1.7006714421951949e-01	   1.5348622102317874e-01	   1.3954722283385756e-01	   1.7792422786316427e-02	  -2.8902889284081690e-01	
   7.6555597357373950e-01	   6.0467648826628928e-01	   3.4118549016432265e-01	   5.0266905556908759e-01	   1.3326527076655942e-01	   3.2194463999085965e-01	   5.2542838666302161e-01	   7.3685010286239527e-01	   4.7595493433874458e-01	   4.9623883627481002e-01	   7.5016718118330983e-01	   0.0000000000000000e+00	   7.4283589799391725e-01	   9.1133464325936608e-01	   4.6155795439085062e-01	   4.3391760579790006e-01	   6.8254716111365221e-01	   5.7531441788586468e-01	   6.2253615368598225e-01	   5.2132123252698603e-01	  -1.1818322710343002e-02	   2.3767488083547061e-01	   1.3762852851894122e-01	   3.1033157254073579e-01	  -3.4822588916171437e-01	  -2.1966485412601741e-01	   1.0912932528947378e-01	   2.9810389343090260e-01	   6.7912060227155957e-01	   6.7306462649743970e-01	  -1.0449047159674478e-02	   2.0815812283955237e-01	   2.8952447093254929e-01	   4.3636829962555568e-01	  -1.2631675904892870e-01	  -1.4858562161851424e-01	   1.3643066338980572e-01	   2.8590029707111420e-01	   1.0606099547192080e-01	   3.6378365476199781e-01	   3.9347821068873490e-01	   6.3486804715264200e-01	   3.2807866120726453e-01	   4.3297127217844183e-01	   4.0994400284348265e-01	   4.7023724183370119e-01	   4.5566796028319717e-01	   4.5956542801435785e-01	   5.0064612649003870e-01	   5.4089511251145861e-01	   6.5683007057427112e-01	   5.4201828862929780e-01	   5.6061887785340003e-01	   5.9412809563806213e-01	   5.2486638588146139e-01	   4.9990378135544389e-01	   2.8810682684952427e-01	   2.7015448578368184e-01	   5.2590979219436840e-01	   5.3289917463456860e-01	   6.5260556899850275e-01	   7.7293332389180613e-01	   4.7062546864875798e-01	   6.9286617599575928e-01	   2.5815038034986082e-01	   1.6900533174389343e-01	   2.0987123684805353e-01	   3.2998430687495783e-01	   2.1418667318095622e-01	   1.1568593828516496e-01	   7.2148220444108097e-02	   7.5039470478188874e-02	   4.7657078877986642e-01	   5.8797177705479386e-01	   5.1899177471482605e-01	   5.6791415687988911e-01	   1.6433951992380619e-01	   2.5257181810195445e-01	   5.3290507480805982e-01	   4.8753542638402803e-01	   4.7388642379450652e-01	   4.6680371107090812e-01	   4.5501606596435629e-01	   6.3953198650033483e-01	   4.0023893056710774e-01	   3.6606871377101002e-01	   4.7920821586722251e-01	   3.4873791050978575e-01	   4.4478833311700516e-01	   5.1210894509174054e-01	   2.1604913601287443e-01	  -3.5353180104635923e-02	   1.6761003464563926e-01	   1.1308838258902876e-01	   3.0790672312096534e-01	  -1.4298226852273449e-01	   2.3759157821962323e-01	   2.1989348871446063e-01	   3.8739799010757503e-01	   3.8446142906359976e-01	   4.0341957220136387e-01	   4.0381283238017524e-01	   2.4217658098987563e-01	   4.5364946222211455e-01	   1.9314704017873896e-01	  -5.8460477271024450e-02	  -1.2298665406802856e-01	   4.8825450325929227e-02	   8.7794697846003661e-02	   2.2529683535418021e-01	   1.3791493863556570e-01	   3.2951151138003770e-01	   3.0903201514102452e-01	   2.0983061265359382e-01	   1.2305737368874811e-01	  -9.3117220511093252e-02	
   8.0085352067119098e-01	   4.5910997132977072e-01	   6.1071068130832518e-01	   4.5713941709228834e-01	   2.6561167521703433e-01	   3.1473080655773028e-01	   7.0626300351470883e-01	   6.5930661732198714e-01	   7.4624449841031204e-01	   5.5464075136138657e-01	   8.8456049376270274e-01	   7.4283589799391725e-01	   0.0000000000000000e+00	   8.1123479000650223e-01	   7.6726046095974876e-01	   5.5168841867199825e-01	   7.0283091398510089e-01	   4.8031654896889497e-01	   5.2756238898311525e-01	   3.5889716099180302e-01	   6.1568204591183687e-02	   1.6209305599335669e-01	   3.6205828429131831e-01	   3.2708873021600149e-01	  -2.8332150576642146e-01	  -2.0122052686972849e-01	   5.9461133318047907e-02	   2.0117486377642990e-01	   7.2245864061615261e-01	   5.9441653792202198e-01	   8.4833220122822434e-02	   2.0803002201343995e-01	   3.6640966490533172e-01	   3.9149109542870197e-01	  -2.0383448935039638e-02	  -5.8084970339431864e-02	   3.6676484269379717e-01	   3.3204157906888421e-01	   2.5688205238659972e-01	   3.1735286059688872e-01	   3.9686245307326817e-01	   5.6700144665886543e-01	   4.2646329932041394e-01	   4.5857531355525405e-01	   4.7962102580090427e-01	   5.0746668637820469e-01	   5.3301697321630925e-01	   5.0382813356375344e-01	   5.3764072064735313e-01	   5.6450212486867724e-01	   6.7846993711492032e-01	   5.8659583071271737e-01	   6.3567684488263054e-01	   5.8837075263955585e-01	   6.6918612772461350e-01	   5.9669406116876500e-01	   2.3300501647347982e-01	   2.4717181436514324e-01	   6.2093492224240399e-01	   4.9981779760277412e-01	   7.5479858064062011e-01	   7.1439371360987081e-01	   4.1073879259275875e-01	   5.4646147067784701e-01	   4.7598621699954419e-01	   2.8635150107727819e-01	   4.1145715346072204e-01	   4.0096093601197569e-01	   2.1916300490002488e-01	   1.0475650409547178e-01	   1.3356370993381403e-01	   1.0374483994629972e-02	   5.9476822892017400e-01	   5.4726307187050771e-01	   6.3009782371200662e-01	   4.9144039784670251e-01	   2.0963547679052685e-01	   2.2996097899870502e-01	   5.6859978526531707e-01	   5.1915524303264304e-01	   5.1687792334981197e-01	   5.3890212518295399e-01	   6.7558091681512322e-01	   6.5523437593955414e-01	   5.5817402874479338e-01	   5.0458979661568815e-01	   6.5475472373521848e-01	   5.1852307091704686e-01	   6.6382781452115136e-01	   5.9200377963351003e-01	   2.3377615871242829e-01	   8.2293678171949575e-02	   2.8828413932006802e-01	   3.2540836503859416e-01	   2.9677372459632223e-01	  -1.9023384179351346e-01	   3.5893798869912952e-01	   2.0554619041621630e-01	   3.9867100556260615e-01	   4.2510791725255809e-01	   4.6639113696332613e-01	   5.5879988817836246e-01	   3.4736882193945257e-01	   4.4892744089644199e-01	   1.1558496229673136e-01	  -1.1425997181999881e-01	   8.7919498051700379e-02	   2.2750530518666312e-01	   1.9171483092110531e-01	   2.2830201574263648e-01	   1.7022178496421714e-01	   3.1427468743631937e-01	   3.2360064633102675e-01	   1.9292688153676707e-01	   4.3454012275658427e-02	  -2.8261015577050441e-01	
