   0.0000000000000000e+00	   7.1625067308868351e-01	   6.3682209129207312e-01	   5.9179738629613032e-01	   6.2525195753522966e-01	   5.9878559666737918e-01	   6.9087782593365321e-01	   5.9619384773741779e-01	   5.3263246817356258e-01	   4.9480256196222072e-01	   8.0663113029823230e-01	   5.6137596552946845e-01	   6.5220608699807170e-01	   5.5008395523625708e-01	   6.6918353896946736e-01	   6.6021683970243139e-01	   7.0274064938623526e-01	   6.1258564097880686e-01	   8.1579158596746404e-01	   7.6224310782569860e-01	   6.4756757147556820e-01	   4.7194513716383002e-01	   6.4448886315005816e-01	   4.9019292764339784e-01	   5.5242523144673183e-01	   5.8477070542346166e-01	   5.5816504154138080e-01	   4.9835356655927571e-01	   6.2679760542976559e-01	   5.4727365792146565e-01	   5.6636701972417625e-01	   4.9945469578992646e-01	   7.8286903343773928e-01	   7.0079672523875736e-01	   5.1577162476144389e-01	   4.4895700877522299e-01	   3.8206216933200260e-01	   4.7712415931389468e-01	   8.4169018287558695e-01	   6.1350037048180173e-01	   6.0844886437536383e-01	   4.3025504648260754e-01	   6.0668628940335656e-01	   6.4854859638052564e-01	   6.3003011888967531e-01	   6.3737651732579781e-01	   6.7150135603753058e-01	   6.8349040872413946e-01	   5.6412793509525117e-01	   4.8150651383796672e-01	   6.8270211079592924e-01	   5.7857781905513717e-01	   6.0463461285354869e-01	   6.4979578064078469e-01	   7.7170895787673044e-01	   7.6376734699204962e-01	   7.4113423726100658e-01	   5.2653964398263398e-01	   8.4214110848508117e-01	   6.7404518799544055e-01	   8.0721807763842790e-01	   5.3261264204635417e-01	   7.9536984264155497e-01	   6.6149361060011480e-01	   4.4067122945244580e-01	   4.9725217014580481e-01	   7.2199215737285238e-01	   6.7097887380548815e-01	   7.1849759787079281e-01	   7.4732727424827661e-01	   3.1700364594475661e-01	   5.3368352063567617e-02	   4.8328556992181437e-01	   4.5936420504557179e-01	   3.9140127750721265e-01	   2.9864536021763682e-01	   5.8495925222304845e-01	   4.4384158533181850e-01	   6.3797128444583195e-01	   6.9199699452794772e-01	   8.1457477809260959e-01	   8.4326221767737719e-01	   6.3970777320138150e-01	   5.9315164627656713e-01	   7.5965005359513238e-01	   7.6034289351158801e-01	   7.0372869266141702e-01	   5.8049321952079269e-01	   6.6782838328854810e-01	   6.9700536749624342e-01	   2.9189491064082679e-01	   3.5404992886973041e-01	   7.2493257729248223e-02	   3.8790249598767784e-01	   2.9937536625438871e-01	   1.4891203001988298e-01	   7.3339656028399514e-01	   3.0713561889615082e-01	   6.4291668933206481e-01	   6.3141257991773225e-01	   5.4039314811706984e-02	   2.9399288237919630e-01	   2.7629030340099769e-01	   4.9660255832798839e-01	  -2.3447166287561794e-01	  -2.2062244020008070e-01	  -8.9766991562025417e-02	   1.5652250970011158e-01	  -2.8782623102395560e-01	   4.0600451588174541e-01	   5.7453572089365534e-01	   4.8416894974701230e-01	   3.3026805389225250e-01	   3.3583408823302419e-01	  -1.3555480977067244e-01	  -5.7464390347776761e-01	
   7.1625067308868351e-01	   0.0000000000000000e+00	   2.6238772894854684e-01	   1.7158219404307218e-01	   2.3999801600920151e-01	   2.1414743601205805e-01	   2.7125411589031095e-01	   1.8443588861167562e-01	   2.3584468659133029e-01	   7.7419559197500168e-02	   4.3485640349861665e-01	   4.4354187841754245e-01	   2.9156382243474965e-01	   3.1242457306829674e-01	   3.6013071538813424e-01	   3.0360655011826548e-01	   8.0173472603667961e-01	   8.0275153862381154e-01	   5.5763081467568387e-01	   6.2888482047107319e-01	   4.5784345321813447e-01	   3.6775043569367871e-01	   3.6716145325027438e-01	   1.8342335980264593e-01	   2.9753201429644505e-01	   3.5140399942590705e-01	   2.6441231595475673e-01	   2.9051614825637079e-01	   6.2839150806983501e-01	   7.1506893773652913e-01	   3.3946592663709713e-01	   2.5684628030547674e-01	   4.7519857035869151e-01	   3.8000950926149990e-01	   1.9513313921567496e-01	   7.3780559811402524e-02	   4.4002659601685457e-01	   5.4307464854235910e-01	   6.5005530680280810e-01	   5.3206472220838896e-01	   4.0438096809294322e-01	   4.1201298919298734e-01	   5.2074698539632680e-01	   5.9823429955898411e-01	   6.2773174667556442e-01	   6.6324904131329299e-01	   6.9915536769219588e-01	   6.5753124176538957e-01	   5.6304877857613911e-01	   4.1259200073231295e-01	   5.4824476103485376e-01	   4.6319538657093884e-01	   6.2946524343588384e-01	   5.3390674060746723e-01	   6.7985326697457293e-01	   6.7533619703139003e-01	   8.5687988173662966e-01	   8.7581492881698819e-01	   5.5901178877583413e-01	   5.8061931295189095e-01	   4.9069685387230821e-01	   3.6950234665145804e-01	   5.7512865208892971e-01	   6.1320612589890056e-01	   7.6482176927055640e-02	   1.2662756505449133e-01	   3.6140562769299756e-01	   3.1001892671841685e-01	   6.1712000278149304e-01	   5.2276831062102636e-01	   1.7588351439413200e-01	   1.8519797496085108e-02	   3.8464248830045955e-01	   5.1259134930049233e-01	   3.5467331167133553e-01	   3.9347495903233215e-01	   4.0899803302170623e-01	   2.7214619644500304e-01	   7.2448213427749353e-01	   7.4773587873069136e-01	   7.9528513935671374e-01	   8.0464753319555915e-01	   3.7369271434934831e-01	   4.1928274578189995e-01	   3.8253490915326949e-01	   4.3970824402728725e-01	   4.5374599604551735e-01	   3.8153967405323730e-01	   3.4246495327293336e-01	   4.1498606326215393e-01	   2.7298587740830896e-02	   9.2056493027233774e-03	  -2.4003802155739995e-01	  -1.5028398286597062e-02	   3.6509144444503894e-01	   1.5234994484106498e-01	   7.4680409842356865e-01	   4.0634698088075216e-01	   6.4993625788927867e-01	   4.3543164827807324e-01	  -3.0040035262699223e-02	  -9.5430852515631395e-02	   3.9997976046486700e-01	   1.7618307618156312e-01	  -4.4060969912331072e-01	  -3.3772843637796457e-01	  -1.5517582836103311e-01	   1.3980733221565123e-01	  -3.3876049967924898e-01	   3.3051128492491633e-01	   5.3923521840221189e-01	   2.7697342891412458e-01	   1.5606451226288781e-01	   3.2368486780616701e-01	  -1.5948120045203912e-01	  -5.2515769645250976e-01	
   6.3682209129207312e-01	   2.6238772894854684e-01	   0.0000000000000000e+00	   8.0797493364458250e-01	   8.5660789920392877e-01	   7.1298982213486961e-01	   8.7652525635774570e-01	   7.1972800074931309e-01	   8.3869195948963260e-01	   6.9631377055978960e-01	   7.2533447061078737e-01	   4.6921120444079589e-01	   7.1824328292846595e-01	   5.4664095498924148e-01	   8.7180163048104897e-01	   7.6119233980095546e-01	   2.5477366215910591e-01	   1.8920531825251552e-01	   7.5921862126653672e-01	   5.4960627747625568e-01	   6.7322157237534996e-01	   4.5648342227897626e-01	   8.1650139449782144e-01	   6.9319684575530238e-01	   6.2661638208309500e-01	   5.9509601013368441e-01	   7.2736622383990013e-01	   4.7797221242130450e-01	   3.8129434196327677e-01	   1.7914109082710494e-01	   6.6370953971884905e-01	   5.8711157506508660e-01	   8.0746562453988135e-01	   7.3180749680990198e-01	   6.6634261832433406e-01	   6.1605653927054904e-01	   2.9244559059064679e-01	   3.2431293027833491e-01	   6.3082619520419148e-01	   4.9036764566884949e-01	   5.6782444490500705e-01	   2.7764450679589892e-01	   5.8617062699187339e-01	   5.5579585333480885e-01	   4.2545393772641432e-01	   4.5165354108165212e-01	   4.8801614946300165e-01	   5.5715530671243563e-01	   3.7914272296097201e-01	   3.8119859818628166e-01	   5.9488771482502323e-01	   5.0926364637546662e-01	   4.0186831249699473e-01	   5.9371445436221704e-01	   5.9517363092859410e-01	   6.4064998515559002e-01	   2.7237417965710631e-01	   1.3103086498526989e-01	   6.4858880257839058e-01	   4.5074912986000876e-01	   6.5698487590517352e-01	   4.3346298133665229e-01	   4.5799652562840881e-01	   3.6033766299614567e-01	   7.0714263348501183e-01	   5.8994280716648739e-01	   7.3510385741829276e-01	   6.9855395095247441e-01	   4.7306594677809244e-01	   5.9559072805145596e-01	   4.8475553148881489e-01	   2.2006417978626372e-01	   4.0531003035914648e-01	   2.9032221993632967e-01	   2.8287152017329231e-01	   2.1502854751431219e-01	   5.8415266220037099e-01	   4.7901917432565200e-01	   3.2585802741761732e-01	   2.9909193021274627e-01	   4.6914721332445303e-01	   5.5545261914027910e-01	   6.3169188495285289e-01	   5.1425960679242522e-01	   8.6094430008791489e-01	   8.4941790115530402e-01	   5.1998459214497661e-01	   4.9285672133460501e-01	   7.8119070137103463e-01	   7.8793273641715089e-01	   5.5416276468849024e-01	   6.2228634980645547e-01	   4.1450336788938091e-01	   6.6624296119922122e-01	   2.0687465732556062e-01	   1.2601081386876342e-01	   5.4365727535208452e-01	   1.8385682061521941e-02	   5.1061264818410179e-01	   5.9741732163880801e-01	   2.6583546629794713e-01	   5.8223878985923738e-01	   2.8462529530403291e-01	   5.4360455899969329e-01	   3.8236342323084864e-02	  -7.9636724736658518e-02	   8.8124979391412672e-02	   1.6513183974051458e-02	  -1.5049359217040009e-01	   2.0794841341142584e-01	   3.8520148640367557e-01	   5.9207046094581683e-01	   5.4938125998256804e-01	   4.2348167713039364e-01	  -2.6034752610950652e-02	  -2.8440717599199367e-01	
   5.9179738629613032e-01	   1.7158219404307218e-01	   8.0797493364458250e-01	   0.0000000000000000e+00	   7.8711996858300481e-01	   8.6418100379843843e-01	   7.7973432030620315e-01	   9.2983211193806092e-01	   6.5063416158976362e-01	   8.2002178392179814e-01	   6.4660928571224940e-01	   6.3657949767424826e-01	   5.3885516448621673e-01	   6.2416732501786221e-01	   7.0166651798081014e-01	   8.5801952016218697e-01	   2.3384188096495767e-01	   1.0508213773507828e-01	   6.6787801388212820e-01	   6.3173119099853969e-01	   6.3190660998820980e-01	   4.9957009454468826e-01	   7.2977075381457190e-01	   8.4127720403458783e-01	   6.9402298906803361e-01	   7.0651418698174551e-01	   6.9276427339171043e-01	   5.9533397997717818e-01	   3.0895061296601889e-01	   1.7238066912849953e-01	   7.3899101949545887e-01	   7.3995553287007043e-01	   8.0186522900456580e-01	   8.5447466539241224e-01	   6.9576943420089643e-01	   6.9538303961850756e-01	   1.2483833078959730e-01	   1.7146028103945130e-01	   5.1877138059847683e-01	   4.5003758366361996e-01	   4.1753257329752569e-01	   1.7657408291156113e-01	   4.8620181610246194e-01	   4.3088062831855101e-01	   3.6257437831176909e-01	   3.7241998824250178e-01	   3.7343052711842678e-01	   4.4764010102763441e-01	   2.6077431746785662e-01	   2.8085803535210768e-01	   4.8740135269400886e-01	   4.3695524689634879e-01	   3.2036944153655011e-01	   5.2054779822683228e-01	   5.1906538880718611e-01	   5.7225502245070792e-01	   1.9995449219538194e-01	   5.3950679192980942e-03	   5.6477556251738026e-01	   4.8405776100866593e-01	   5.8280095172244928e-01	   6.2965311420292325e-01	   4.3098752227725862e-01	   5.0224772306851517e-01	   6.6667998581361787e-01	   7.4020403990916694e-01	   6.6722152715177674e-01	   7.4132860068850048e-01	   4.1771815804993134e-01	   6.3297333383557031e-01	   4.1355788008966649e-01	   2.9485338114949100e-01	   3.8406144987528007e-01	   2.9290536547045093e-01	   2.8451117638461021e-01	   1.5907674149167253e-01	   5.0671659233846933e-01	   5.6691797409090461e-01	   3.0506446560731382e-01	   2.9251841794503608e-01	   4.7144098181433591e-01	   5.6973907563946669e-01	   6.0888871469748185e-01	   4.8872864912858049e-01	   7.9974046904331009e-01	   8.8236128960472859e-01	   4.9577616611894287e-01	   5.2969659748337172e-01	   7.5312268718822051e-01	   7.7508089551109471e-01	   6.6932046763462361e-01	   6.3186800643494712e-01	   6.1325190122817819e-01	   6.7109314903560890e-01	   1.0074987305279659e-01	  -4.3076960900615413e-03	   4.7987287859460570e-01	  -1.0505443122159014e-02	   5.2212738481779741e-01	   5.7375872535645034e-01	   4.9520969203208154e-01	   5.4245582071119680e-01	   3.8015004933573621e-01	   5.7365964033340511e-01	   2.4308546914005258e-01	   2.4472566939500534e-02	   1.9089809869893712e-01	   6.2736040649433195e-02	   3.5515533816100425e-02	   2.6728842372679584e-01	   4.4684156997545471e-01	   6.5799579314999646e-01	   6.3012791522003408e-01	   4.6742384225000377e-01	   1.3637931891166286e-01	  -1.7592985546181072e-01	
   6.2525195753522966e-01	   2.3999801600920151e-01	   8.5660789920392877e-01	   7.8711996858300481e-01	   0.0000000000000000e+00	   8.2267811459663998e-01	   7.9528544826825098e-01	   7.5336435534386481e-01	   8.3645847521910643e-01	   7.6469726515403724e-01	   7.2908689862278631e-01	   4.9016126947534699e-01	   6.7505586511652216e-01	   5.7647793286868221e-01	   8.0236357833796590e-01	   8.0062928398306998e-01	   2.4168011021637706e-01	   1.3448029987310200e-01	   6.7364693556343636e-01	   5.6927703225351256e-01	   6.9390036928966559e-01	   5.1279517822103804e-01	   7.7380572511964862e-01	   6.8448806516263494e-01	   6.7803565305682456e-01	   6.9316942785345548e-01	   7.7810495050681217e-01	   6.4674304898787516e-01	   3.4460558285816412e-01	   1.8081406178799625e-01	   6.5477394840828995e-01	   5.5856412028373537e-01	   7.6051197527119141e-01	   7.5496714743010496e-01	   7.3880700367331864e-01	   6.9783865616933372e-01	   3.6469435680128626e-01	   3.5059765416168459e-01	   6.2438628299677479e-01	   5.4791540684603579e-01	   5.6108964746192647e-01	   2.9931904418496685e-01	   5.9965790495666060e-01	   5.5211902678853464e-01	   4.6870898382357462e-01	   4.6221225622148487e-01	   4.9573763459831410e-01	   5.5436074214867248e-01	   4.3054678133332847e-01	   3.9134789795583602e-01	   5.9458760754211482e-01	   4.8430145233253435e-01	   4.2258276088786179e-01	   5.9364054522389953e-01	   6.1582871398723904e-01	   6.2670586315243693e-01	   2.0034722071563918e-01	   3.4729452782187101e-02	   6.6846132136533776e-01	   4.3852967804792048e-01	   6.1290866389318643e-01	   5.3851867356095406e-01	   4.0825519548801764e-01	   3.1073440431861660e-01	   7.0598715244298038e-01	   6.3949001655207316e-01	   6.9777385308378381e-01	   7.0901566501576552e-01	   4.1623689665959773e-01	   5.5901272195971252e-01	   3.7139250883966990e-01	   1.3442810946641329e-01	   3.4273860769585363e-01	   2.3047023293127417e-01	   1.5729346102703418e-01	   1.8210030081037526e-01	   4.4296334038846052e-01	   4.1551700749391951e-01	   3.3049734839036538e-01	   3.4946317733354604e-01	   4.7991697784455645e-01	   5.5530735892893168e-01	   6.2158653407122610e-01	   6.2155667459833530e-01	   8.2517212141283136e-01	   7.9027082784971769e-01	   5.4045992650394536e-01	   6.1094098702978084e-01	   8.2639445083928287e-01	   7.9406241425448054e-01	   6.5330460099140475e-01	   6.6573251199153161e-01	   5.4379231348810886e-01	   6.7502224219976104e-01	   1.7918982169734057e-01	   1.7483251340330425e-01	   5.0052420893593630e-01	   1.1025674763177065e-01	   5.6165191623379918e-01	   6.8174848432975110e-01	   3.0947353215891116e-01	   5.7999429612895426e-01	   1.7506784617530458e-01	   5.5027502655096261e-01	   1.1043708088962739e-01	   1.0132411103149599e-01	   2.3171420576960128e-01	   2.4109927187654406e-02	  -1.0967084407533435e-01	   2.2541803009001948e-01	   4.8470130868355782e-01	   7.1119893592260919e-01	   6.2098121421513930e-01	   4.4518724335885251e-01	   9.9403790694194277e-02	  -1.5587528831527597e-01	
   5.9878559666737918e-01	   2.1414743601205805e-01	   7.1298982213486961e-01	   8.6418100379843843e-01	   8.2267811459663998e-01	   0.0000000000000000e+00	   7.5049463886497070e-01	   9.0214083512560173e-01	   6.9355493428679649e-01	   8.9803372863156461e-01	   6.7115765616037448e-01	   6.4361491781792712e-01	   5.6669343875982592e-01	   6.8640318105995335e-01	   6.5051461230452001e-01	   8.5293376189647152e-01	   2.3290770587643192e-01	   6.9674964589713839e-02	   6.2364867803778790e-01	   6.0576457215591406e-01	   6.3546144689582673e-01	   4.4364624505223804e-01	   6.2325135505047369e-01	   6.5159273118986893e-01	   5.9304713255379782e-01	   6.2662974723029707e-01	   6.6545698634985739e-01	   7.7715770736860779e-01	   2.4830249425265838e-01	   1.4408669820804829e-01	   5.7564854519541087e-01	   5.0937598269618511e-01	   6.9330741926540995e-01	   7.3451290828254467e-01	   6.2685904198820930e-01	   7.1352808340994534e-01	   1.9180273571817080e-01	   2.4922646289011166e-01	   5.3574647775435169e-01	   5.0135692873539073e-01	   4.3250191034518803e-01	   2.1485687291767053e-01	   5.9908297044061853e-01	   5.4343467698274495e-01	   5.0197488383618605e-01	   5.0369596331707156e-01	   4.9297862510634016e-01	   5.5546942893379436e-01	   4.4245890567497626e-01	   4.6075043559049011e-01	   6.0755389957019890e-01	   5.7303576358088448e-01	   4.5212559070379271e-01	   6.0669384154745964e-01	   6.4960406939190052e-01	   6.0513795939921788e-01	   1.9490835051281644e-01	   1.1941272994217666e-03	   6.6474400008283052e-01	   6.1153522363905921e-01	   5.8838923383961883e-01	   7.1208824258246373e-01	   4.1147345342354813e-01	   4.9516912163958021e-01	   5.9927103055120068e-01	   7.0195922779515385e-01	   6.6938513366182639e-01	   7.6366121210777993e-01	   4.1934417221143805e-01	   5.9810572230539116e-01	   2.6244438580403723e-01	   1.7497171979843273e-01	   3.1154654349938338e-01	   2.9970272020685512e-01	   2.1734454445218535e-01	   1.8018397062616928e-01	   3.9877738282287856e-01	   4.2180419893404630e-01	   2.2433197703429991e-01	   2.8941911390916136e-01	   4.8415707149710402e-01	   5.4564075870581452e-01	   5.5419109492363683e-01	   5.3327617677384553e-01	   7.4071176168669939e-01	   7.8246726712807146e-01	   5.7285021687271120e-01	   6.0874624475389860e-01	   8.4081058661392305e-01	   7.9116307252661611e-01	   7.0013071868480625e-01	   6.4250928969367926e-01	   5.8231216833249355e-01	   5.6598414167207012e-01	   9.4214440242476702e-02	   8.1058222084219783e-02	   4.9606171796553866e-01	   8.0942535113164099e-02	   5.9287068509437146e-01	   6.3321640970292181e-01	   5.0007251241310380e-01	   4.4533780462011996e-01	   2.9522141449643657e-01	   5.1162793702663079e-01	   2.5412436450124287e-01	   5.5915012337781081e-02	   3.2045826799457527e-01	   2.2456680260411740e-02	   1.8123815669462112e-02	   3.5764338178323496e-01	   5.5738259247635003e-01	   7.0163414235669785e-01	   6.5208973368501288e-01	   4.1828229931629912e-01	   1.9922670820409041e-01	  -1.3911209396359259e-01	
   6.9087782593365321e-01	   2.7125411589031095e-01	   8.7652525635774570e-01	   7.7973432030620315e-01	   7.9528544826825098e-01	   7.5049463886497070e-01	   0.0000000000000000e+00	   8.2204889042628337e-01	   8.6024405134340487e-01	   7.6858839504612908e-01	   8.5077704334097093e-01	   6.4772463621628140e-01	   8.3398329177830022e-01	   7.0843872881122483e-01	   8.4234575781847876e-01	   7.9973366144103508e-01	   3.2322203351029899e-01	   1.8591854343918043e-01	   7.8028876011993131e-01	   5.9205149573779192e-01	   6.1981911615810847e-01	   3.7018668928199572e-01	   6.8048392615780118e-01	   5.7516161657393328e-01	   4.1890701174973471e-01	   4.6583585483596079e-01	   5.5587731843042321e-01	   4.7920054063851725e-01	   4.9041020568771271e-01	   2.5982991339958439e-01	   5.2705867905982617e-01	   4.7111789311095964e-01	   7.6760238083477361e-01	   6.8405600284212187e-01	   4.8062077082933546e-01	   4.7441738446058607e-01	   1.9828128984603927e-01	   2.4789184358515637e-01	   5.9602124801959877e-01	   5.0488471345509700e-01	   5.0389876934350553e-01	   2.0812135509273882e-01	   5.6106344555971888e-01	   5.3553623877256351e-01	   3.9715194967940165e-01	   4.4125834734399150e-01	   4.3530881040252212e-01	   4.9459034977939637e-01	   3.8060206816451547e-01	   3.9266345906716443e-01	   5.7894526944609159e-01	   4.7398038283327959e-01	   3.6976744293162489e-01	   5.0800998947338571e-01	   5.8480070562087338e-01	   5.9269216132881830e-01	   2.4397876086596290e-01	   6.7313353145049049e-02	   6.9713161239503840e-01	   4.8887041733360725e-01	   8.1495559839849918e-01	   6.0179170818755179e-01	   5.5495346966684467e-01	   5.5118341480451138e-01	   6.7691868073007799e-01	   6.3204148243720393e-01	   6.9516003341075738e-01	   6.7785612632255643e-01	   4.0723487501795824e-01	   5.3458106760166402e-01	   4.8441551400126437e-01	   2.2051235134179403e-01	   4.2834452145149271e-01	   3.0801675974493936e-01	   3.5922464314863556e-01	   2.2128718362907346e-01	   5.1277640171017846e-01	   4.4895029003561127e-01	   3.6816142506745486e-01	   3.5637653738191860e-01	   4.9835120205469169e-01	   5.6338207334811119e-01	   5.4781878747916646e-01	   4.1177688352880232e-01	   7.8837275259708961e-01	   8.3014982427562312e-01	   5.1387944488643467e-01	   4.8026419563715206e-01	   8.0354600375165641e-01	   7.5353565241824205e-01	   4.8537834325127227e-01	   6.0464448009645655e-01	   3.4268826900445548e-01	   6.3077962040854030e-01	   8.3129734355813140e-02	   2.7117721088086660e-02	   4.4032007565185244e-01	  -5.4454641664836628e-02	   4.3827283577629061e-01	   5.5654090723352556e-01	   2.7727831973198386e-01	   6.3897536598856675e-01	   2.1379123873531636e-01	   5.4894485391024705e-01	  -5.9441285484226170e-02	  -1.9956527708464183e-01	   7.7250364970443353e-02	  -1.6534118303798154e-02	  -2.1256363217138305e-01	   1.4167891346078879e-01	   3.0826295790253289e-01	   4.7371006610834854e-01	   4.8666162640568938e-01	   3.0010952653648792e-01	  -1.2523882421627319e-01	  -3.9474970544086951e-01	
   5.9619384773741779e-01	   1.8443588861167562e-01	   7.1972800074931309e-01	   9.2983211193806092e-01	   7.5336435534386481e-01	   9.0214083512560173e-01	   8.2204889042628337e-01	   0.0000000000000000e+00	   6.8432714941109218e-01	   8.8565231602293515e-01	   6.8694767141288127e-01	   7.5181295102869916e-01	   5.9828467137950392e-01	   7.2358225584700619e-01	   6.5897774590499414e-01	   8.6697516805476704e-01	   2.3301487857322020e-01	   6.9424116384906989e-02	   6.4682954640053070e-01	   6.2409858743899060e-01	   5.7936193114627632e-01	   4.3023204324781772e-01	   6.1348127909165195e-01	   7.0489014068881106e-01	   5.5006129738575948e-01	   5.7784546254657387e-01	   5.8871380241287707e-01	   6.3621571827188994e-01	   2.9300597216286350e-01	   1.5367849147879253e-01	   5.8896289957041037e-01	   5.8002282434198238e-01	   7.2027595884043716e-01	   7.7822346452134550e-01	   5.7823752568389164e-01	   6.3535288992084671e-01	   6.1068216071568482e-02	   1.7866522538876237e-01	   4.7571531502161613e-01	   4.7753524245159096e-01	   3.4975144876330833e-01	   1.3836533272679483e-01	   4.9504214419632880e-01	   4.4659155532700290e-01	   3.5712547486189827e-01	   4.0553229763466636e-01	   3.6201307588340886e-01	   4.3511836124818137e-01	   3.0755474557532581e-01	   3.6348342067374939e-01	   5.2042269846287070e-01	   4.7487176214740134e-01	   3.5234911661373658e-01	   5.1936100715190958e-01	   5.5245480607982966e-01	   5.7029934393987569e-01	   1.6983411806669568e-01	  -2.2292389460641746e-02	   5.9458527016381613e-01	   5.4043975479948281e-01	   6.3877157976357124e-01	   7.6615532692775146e-01	   4.1873071904530396e-01	   6.0937235738228668e-01	   6.5392691176005424e-01	   7.7782933951892386e-01	   6.2424352967778307e-01	   7.2066372363049169e-01	   3.7109543499873343e-01	   5.7562287674335377e-01	   3.2313290662469069e-01	   2.2588766197243421e-01	   3.3383471247396157e-01	   2.8299346947347931e-01	   2.7426971380589782e-01	   1.9015602072502397e-01	   4.3149871044941940e-01	   5.1737239113968847e-01	   2.9298229303746348e-01	   3.1549454862221149e-01	   4.6487440957390680e-01	   5.6742748324437042e-01	   5.2955257065196970e-01	   4.2795477703361207e-01	   7.4528637226914984e-01	   8.4473738196837078e-01	   5.0029994701420366e-01	   5.4933389641017993e-01	   7.9271983163451709e-01	   7.5230853208062487e-01	   6.8323497392397592e-01	   6.4504661867000668e-01	   6.1850337898578234e-01	   6.3152161011871055e-01	   2.4669128426176849e-02	  -3.5045629365429043e-02	   4.1553159950514806e-01	  -4.1689642813882563e-03	   5.3875540436184122e-01	   5.9134674148042121e-01	   5.7341826743001700e-01	   5.4152853584832461e-01	   3.7479117252875271e-01	   5.5927566195459977e-01	   2.2029525052742491e-01	  -4.1875901413479522e-02	   2.7716203590687799e-01	   1.9076643073440074e-02	  -1.5524485291526030e-02	   2.4476329161544330e-01	   4.4053958148728156e-01	   6.0317747475356820e-01	   6.0827202260856206e-01	   3.7577541579484719e-01	   8.6686252458168744e-02	  -2.0688472869118457e-01	
   5.3263246817356258e-01	   2.3584468659133029e-01	   8.3869195948963260e-01	   6.5063416158976362e-01	   8.3645847521910643e-01	   6.9355493428679649e-01	   8.6024405134340487e-01	   6.8432714941109218e-01	   0.0000000000000000e+00	   7.5849463980298826e-01	   7.4063955282011273e-01	   4.9867371041335334e-01	   7.6877489804914745e-01	   5.7409163978320166e-01	   7.9528425239540534e-01	   6.9156485386482458e-01	   2.5726758623160334e-01	   1.8228036441761758e-01	   6.6480902693385024e-01	   4.9418541299414331e-01	   5.4650648165996540e-01	   2.9018488916618923e-01	   6.3875909163505895e-01	   4.9176961660154356e-01	   3.5602805687864936e-01	   4.1240805409667469e-01	   5.6274722690829482e-01	   4.8618902373708212e-01	   4.1951622107007058e-01	   2.2721690848121559e-01	   4.1841602065206662e-01	   3.3172569986923617e-01	   6.3638901084994004e-01	   5.6025644494675342e-01	   4.7377849851871034e-01	   4.4374813517457345e-01	   2.4287520769746054e-01	   3.5841777594536783e-01	   4.9560990038576747e-01	   4.9889595954446103e-01	   5.2071035614664085e-01	   2.8122108549704766e-01	   5.2098532420874499e-01	   4.8691457773233826e-01	   3.8056237812837390e-01	   4.2239452023922158e-01	   4.3938067305525791e-01	   4.8608460627780620e-01	   3.7642491136337680e-01	   3.9446975200166834e-01	   5.4739085772248586e-01	   4.5171162586284774e-01	   4.3837191170961515e-01	   5.3271694899652822e-01	   6.0119863974486420e-01	   5.9196664424796941e-01	   1.7092994141985804e-01	   7.0296596039350512e-02	   5.7984054222603065e-01	   4.0300090439725744e-01	   6.7299473941361909e-01	   5.2034488785154354e-01	   4.0124096100723911e-01	   3.5103995497570945e-01	   6.4255067858763160e-01	   5.3640423236441093e-01	   5.4895165135553015e-01	   5.3938993035135152e-01	   3.9217156924203056e-01	   4.7820782977687532e-01	   3.9484788677181154e-01	   1.0479302155641011e-01	   3.0073019066158613e-01	   2.1524018405334389e-01	   2.0275526783267006e-01	   1.7980257800724458e-01	   4.1871723962296109e-01	   3.0647457869960820e-01	   3.2966116979848187e-01	   2.9944370197745906e-01	   4.5839879722805132e-01	   4.6761172324144917e-01	   5.2634782287776527e-01	   4.9532959088128659e-01	   7.0577222247468363e-01	   7.1894551988454447e-01	   4.2681851544180682e-01	   5.3302613050041914e-01	   8.3091458606910218e-01	   7.0355109080849410e-01	   5.5971917040752794e-01	   5.9224420528078880e-01	   3.7857514436403367e-01	   5.6457021690897635e-01	   2.2855973817666009e-01	   2.1522944684264445e-01	   3.9412050261468967e-01	   5.7289364008977522e-02	   4.8572033056972264e-01	   5.3381593790804049e-01	   2.2107426964637625e-01	   5.5365873893654016e-01	   1.1156155251548189e-01	   5.0501712678390476e-01	  -8.6243325078735916e-02	  -5.3373676758046266e-02	   9.9804898120235186e-02	  -7.7815491939296350e-02	  -2.7569984723884211e-01	   8.8951358463132457e-02	   2.4930539590410222e-01	   4.7068791023954659e-01	   4.6391874060300942e-01	   1.8269095469258301e-01	  -1.1529705938066920e-01	  -2.9683789258522592e-01	
   4.9480256196222072e-01	   7.7419559197500168e-02	   6.9631377055978960e-01	   8.2002178392179814e-01	   7.6469726515403724e-01	   8.9803372863156461e-01	   7.6858839504612908e-01	   8.8565231602293515e-01	   7.5849463980298826e-01	   0.0000000000000000e+00	   6.1838266061821434e-01	   5.7344302288741456e-01	   5.6669378258143011e-01	   5.9132674329806545e-01	   6.2101888300185970e-01	   8.0408778103118528e-01	   1.8267217930806917e-01	   4.9929553758049833e-02	   5.7975982698031614e-01	   5.3715753453804294e-01	   4.9370894530436715e-01	   2.5679590228024363e-01	   5.1757736545830890e-01	   5.4871717461882352e-01	   3.9090084134094105e-01	   4.2077599221704698e-01	   5.3034149793677621e-01	   6.0286060203939817e-01	   2.0276060843643298e-01	   6.0123309187126737e-02	   3.9401553032135567e-01	   3.5471808056259962e-01	   5.7744610576173594e-01	   6.1057166033776888e-01	   5.0169676543582942e-01	   5.7979684348458460e-01	   5.4268983877918994e-02	   1.2324640249415415e-01	   4.0957357720630266e-01	   4.1478007427558294e-01	   3.6644264295586082e-01	   1.3786265713931889e-01	   4.5331008191142752e-01	   3.9404440895907006e-01	   3.1745443206364415e-01	   3.4461320237224036e-01	   3.2867973816117685e-01	   4.0159446471658783e-01	   2.7889406392746419e-01	   3.5196164916650130e-01	   4.9119880175638653e-01	   4.5090951271328189e-01	   3.6301342474877624e-01	   5.5566002832324179e-01	   5.4361998276261292e-01	   5.4314547697239801e-01	   1.2405139544624805e-01	  -8.2760580861166028e-02	   5.7302430496220991e-01	   5.3015231695338483e-01	   5.4632114630527595e-01	   6.7821448834500209e-01	   3.5710601725612789e-01	   4.4450520014948258e-01	   5.8817549177452755e-01	   6.4594914081670674e-01	   5.3938092683807481e-01	   6.1483802275804356e-01	   3.0581708673207564e-01	   4.9901894607732444e-01	   2.1727386067844567e-01	   8.9034001178911026e-02	   2.0282349513932824e-01	   1.3904290297969560e-01	   1.2263445411933550e-01	   2.4844761470518392e-02	   2.5556188921234413e-01	   2.5625455957010990e-01	   2.1821582570536427e-01	   2.4569650803011847e-01	   4.4757863767532313e-01	   4.6548416533545678e-01	   4.6768159038557655e-01	   4.6152573377126238e-01	   6.6147904358343279e-01	   7.4687190124610914e-01	   4.3672532455428992e-01	   5.4720985854250581e-01	   8.5648827049177401e-01	   7.6223902635043417e-01	   7.4223463391997657e-01	   6.9339183796473836e-01	   6.3404737932778876e-01	   6.4804197578041234e-01	   6.4565289043836779e-02	   1.1458640520156133e-01	   3.2549711498174139e-01	  -2.9147851097609772e-03	   4.7668409877193418e-01	   5.5384615308731311e-01	   4.6144369975866789e-01	   5.7295531517932663e-01	   2.0916397900839229e-01	   5.5942122816597983e-01	   2.7455840113625651e-01	   1.0584434892841130e-01	   3.1544496314612824e-01	   4.2800983541285191e-02	  -7.6518961413129111e-02	   1.7499745718470300e-01	   3.4827255755946096e-01	   6.0362321803872587e-01	   5.6503167347386329e-01	   2.4979450637107484e-01	   8.2857420284127112e-02	  -9.8119584220035846e-02	
   8.0663113029823230e-01	   4.3485640349861665e-01	   7.2533447061078737e-01	   6.4660928571224940e-01	   7.2908689862278631e-01	   6.7115765616037448e-01	   8.5077704334097093e-01	   6.8694767141288127e-01	   7.4063955282011273e-01	   6.1838266061821434e-01	   0.0000000000000000e+00	   6.3119946964194285e-01	   8.9658174560731996e-01	   7.0286358512719538e-01	   8.2502886295523248e-01	   7.6803720750650628e-01	   4.9823596697835781e-01	   3.6908749373229210e-01	   7.4897479526491062e-01	   5.5406613628188395e-01	   6.0548966536105231e-01	   3.8226056324999330e-01	   7.3208059391593927e-01	   5.4850576848898336e-01	   4.7480139303389002e-01	   5.6438015398174946e-01	   6.4045225381888682e-01	   5.5376800030842765e-01	   6.2043445897566696e-01	   4.1154858676568173e-01	   5.5364036075738987e-01	   5.2911677815871849e-01	   7.2306092556291801e-01	   6.4414699564086664e-01	   4.8843002815721503e-01	   4.3966994953124783e-01	   3.4904874046099182e-01	   3.9674010654192726e-01	   7.0175355078551271e-01	   5.6063739513614352e-01	   6.1082360167966598e-01	   2.7278424618374114e-01	   5.9311190925649770e-01	   6.3797442430960039e-01	   5.0602893743408961e-01	   5.3714541958756368e-01	   5.5011971992970354e-01	   5.5983971257131482e-01	   4.3769833712639716e-01	   3.9942013982628699e-01	   6.1404270475720535e-01	   5.2221349520777005e-01	   4.7879938012490653e-01	   5.3969121099330508e-01	   6.4693819080679704e-01	   6.4424525719157943e-01	   4.1352693836656962e-01	   2.4011143641095919e-01	   7.6024516466589243e-01	   5.1148300334396279e-01	   8.7203837830069086e-01	   6.1851260415969367e-01	   6.4642932312551260e-01	   5.5970426363206083e-01	   6.3934229758893579e-01	   6.5681140906510871e-01	   7.0820188346370605e-01	   6.6293346110217466e-01	   4.9767268747016802e-01	   5.9409312683599413e-01	   5.3750903727426491e-01	   1.7457777384276674e-01	   4.6623210311941277e-01	   3.5306975978994615e-01	   3.7399917170138719e-01	   2.4952526583392984e-01	   5.2576933843298346e-01	   3.9965291295484795e-01	   5.3032539337317186e-01	   5.5549498705516120e-01	   6.2118940264232192e-01	   6.7548466832987031e-01	   6.0719137256518096e-01	   4.7430219890153980e-01	   8.1174489891177570e-01	   7.9183156556791534e-01	   6.9677798205114483e-01	   5.9351673923471981e-01	   6.8848307278017995e-01	   6.8684747338625929e-01	   3.1424745041244184e-01	   3.8062591621304709e-01	   1.6387686179396216e-01	   4.1546825310755447e-01	   1.4634917369690570e-01	   5.5690058239916046e-02	   5.0823246965901658e-01	   8.6354635754961856e-02	   4.3199897987527713e-01	   4.6342534104924188e-01	   1.6550249394994922e-02	   4.1455140597068385e-01	   1.0267703321905414e-01	   4.4419236700262754e-01	  -2.5694784004837579e-01	  -2.2304446306769560e-01	  -1.1364855094651749e-01	   5.3826785909177312e-02	  -2.7119161414244985e-01	   3.5047071037854727e-01	   3.8875322533246071e-01	   3.5584716313817893e-01	   3.3874870559117065e-01	   2.4702590573610678e-01	  -2.4079893872673680e-01	  -5.6851814025952951e-01	
   5.6137596552946845e-01	   4.4354187841754245e-01	   4.6921120444079589e-01	   6.3657949767424826e-01	   4.9016126947534699e-01	   6.4361491781792712e-01	   6.4772463621628140e-01	   7.5181295102869916e-01	   4.9867371041335334e-01	   5.7344302288741456e-01	   6.3119946964194285e-01	   0.0000000000000000e+00	   5.3373018765241254e-01	   8.7098631134884885e-01	   6.0513878682340727e-01	   7.4054438996652627e-01	   4.7852574683855753e-01	   2.9660370010991804e-01	   6.0967873074824841e-01	   6.1465170385729140e-01	   4.8393126485746807e-01	   4.1459567084582494e-01	   5.5092202555443104e-01	   5.8062781649698225e-01	   3.8513817334580802e-01	   4.7944864981934171e-01	   4.0072259802584265e-01	   5.0804851698479614e-01	   5.9549684786241630e-01	   4.7386985021231681e-01	   5.5115690305935883e-01	   5.3365468583922770e-01	   6.4245061129861369e-01	   6.7066303077581357e-01	   2.6717724778345064e-01	   2.6470004712507467e-01	   1.3486321973758958e-01	   1.9764983859054341e-01	   4.3626842683681788e-01	   5.3116734214726125e-01	   2.9826317987590784e-01	   2.0297224429250260e-01	   4.3962296708416437e-01	   4.3796325299474970e-01	   3.8413517776450995e-01	   4.0978669098592924e-01	   4.0077308258698258e-01	   4.0408795961069688e-01	   3.3436222636804869e-01	   2.3937839117999049e-01	   4.4081400178272467e-01	   3.4077969369114691e-01	   3.5571072410078947e-01	   3.4222923319390020e-01	   5.1465732059999225e-01	   4.9856370516706039e-01	   2.8102725644495713e-01	   1.9909158836586044e-01	   4.8440336412879736e-01	   5.1246365737409760e-01	   6.1943763359850845e-01	   7.6098226039477046e-01	   5.2423887632742083e-01	   8.2830136815380562e-01	   4.0635586447401356e-01	   5.4509674741831571e-01	   4.1331832537291385e-01	   4.6604409721668061e-01	   3.1478012846250508e-01	   4.0627558508917211e-01	   3.6303894855093233e-01	   2.8252186121552636e-01	   4.3618862142290760e-01	   4.9763070933908482e-01	   4.4341776602393690e-01	   4.3493965209167407e-01	   4.4326266012889060e-01	   5.1471690124298219e-01	   4.5102324825156626e-01	   4.2807811241320565e-01	   5.6892436655331902e-01	   6.3539589811175579e-01	   4.6158096797319204e-01	   2.6253661530730332e-01	   5.3910860850228814e-01	   6.5464758062585493e-01	   3.8629469389923082e-01	   3.6552657297299707e-01	   6.3218029275887122e-01	   5.1062717756752840e-01	   3.4088091418978594e-01	   2.9823771716478537e-01	   2.1419026645603548e-01	   2.5282045276875370e-01	   7.4013285365293641e-02	  -8.1366705321665789e-02	   4.6824467877068865e-01	   1.6546003503656168e-01	   5.3174272057366645e-01	   4.0376394092371082e-01	   4.6387079551174182e-01	   2.1048708777293318e-01	   4.4057543447923864e-01	   3.1450703135359348e-01	  -8.5300590265022930e-03	  -1.8371674779004141e-01	   1.7483828938174631e-01	   1.3112565010994746e-02	  -4.0863837639300529e-02	   3.2347160963126365e-01	   4.5296721273000007e-01	   3.6963539924547617e-01	   4.1021967804390880e-01	   3.3678799474592974e-01	  -6.8038657435348399e-02	  -3.4121307434047410e-01	
   6.5220608699807170e-01	   2.9156382243474965e-01	   7.1824328292846595e-01	   5.3885516448621673e-01	   6.7505586511652216e-01	   5.6669343875982592e-01	   8.3398329177830022e-01	   5.9828467137950392e-01	   7.6877489804914745e-01	   5.6669378258143011e-01	   8.9658174560731996e-01	   5.3373018765241254e-01	   0.0000000000000000e+00	   6.9552988512530889e-01	   7.6341492149880164e-01	   6.3825644523244351e-01	   3.4519271670121032e-01	   2.3910881789168631e-01	   6.0297436713879327e-01	   3.5562224687377775e-01	   4.6196688761038646e-01	   1.8512223710737147e-01	   6.2681158807278914e-01	   4.2351836042060931e-01	   3.3738616868063659e-01	   4.2113897705927106e-01	   4.8729429242128808e-01	   3.5864372920453147e-01	   4.9611961090785395e-01	   2.9352880719942220e-01	   4.2307298006884991e-01	   4.0119046161580901e-01	   6.2947559079079118e-01	   5.4313368880048851e-01	   4.4373232682750141e-01	   4.0402885742256622e-01	   2.3597491626199074e-01	   2.8386617987013008e-01	   5.5299867225708932e-01	   4.9323588459605372e-01	   4.1116417666925698e-01	   1.2151964039553859e-01	   4.6106538520430851e-01	   4.9464940646433397e-01	   3.9048858494827565e-01	   4.1024904533233369e-01	   3.8703020587034020e-01	   4.0846423778974150e-01	   2.8234897281042548e-01	   3.0080623827994724e-01	   4.9102806878677108e-01	   3.6470065762078452e-01	   2.9653757081992921e-01	   3.5542069033023693e-01	   4.5375715225499347e-01	   4.7385322017877618e-01	   2.4665701207559415e-01	   1.1950767869184779e-01	   6.1369415706027408e-01	   3.2389447303286234e-01	   8.3889325379441304e-01	   5.4074459856440649e-01	   4.8403865717256345e-01	   4.2418741374048141e-01	   7.3313445345987116e-01	   6.6202546498118886e-01	   6.5100832754129134e-01	   5.8231744703200761e-01	   3.5756661926879285e-01	   4.2245124413850887e-01	   5.0044920043014685e-01	   2.0703921776305598e-01	   3.8826207105766603e-01	   2.7522861235961465e-01	   3.4472267186176542e-01	   2.2511790281741717e-01	   4.7544202339142272e-01	   3.1977750835805080e-01	   4.5184653824694931e-01	   4.4463492986009495e-01	   4.4207301222591722e-01	   5.0427642173850173e-01	   3.5458497435745323e-01	   2.8286141520464247e-01	   7.1516049838660400e-01	   6.7937154201532546e-01	   4.8622446659192231e-01	   3.8813512047551901e-01	   5.9901676596530062e-01	   5.5319013942861051e-01	   2.3042388287135726e-01	   3.3043012886047290e-01	   1.4501074349439916e-01	   3.7317935580319134e-01	   3.8807769346429308e-02	  -2.7111765802179014e-02	   3.5905556713541009e-01	   1.0003119029648674e-02	   2.5580886507021505e-01	   3.5518866824692424e-01	   6.3573214922335058e-02	   4.2968409631340093e-01	   8.1057918365242079e-02	   2.9517038918937560e-01	  -1.8843676664612263e-01	  -2.0533016174402913e-01	  -9.0004676225544700e-02	  -8.8807598604508514e-02	  -2.5382450889332647e-01	   2.2456959390500483e-01	   3.0335307439382142e-01	   2.6375240824756585e-01	   2.7383986342935701e-01	   1.4517092099695239e-01	  -1.9514835814621906e-01	  -4.3320351196802631e-01	
