   0.0000000000000000e+00	   8.5934761043996466e-01	   5.2172249690651062e-01	   5.5448761614706688e-01	   4.8104983098375653e-01	   4.8696921554065042e-01	   5.7678145765549504e-01	   5.0709703775709825e-01	   6.2738265499626567e-01	   6.3223606104495933e-01	   6.7404223735080537e-01	   5.1819780323416331e-01	   7.5489680793672254e-01	   5.3761300814431179e-01	   6.9743231639966619e-01	   5.3533133190458260e-01	   4.3470875737629178e-01	   4.8370004723423432e-01	   8.6123322231312593e-01	   8.2659857028852302e-01	   2.8057558729584609e-01	   2.2226375101675769e-01	   5.0410539491652206e-01	   4.9560933591417766e-01	   2.1373654933317521e-01	   3.3540634253001689e-01	   5.4907394338515692e-01	   5.6822618829902838e-01	   2.8269667290299255e-01	   2.0866683822922297e-01	   2.5811722073796067e-01	   2.2791382994294254e-01	   6.7778554720821316e-01	   5.0924686778265738e-01	   2.2959073407135916e-01	   2.2874646521169997e-01	   3.8960441460951978e-01	   4.1945843778970154e-01	   3.8527162397808068e-01	   4.8362720860048214e-01	   4.9057705306157440e-01	   5.0914439148022750e-01	   7.2720701647866215e-01	   7.1050643709792127e-01	   7.0469813333310782e-01	   7.3282159588626794e-01	   7.7466490114477904e-01	   7.7016123593933972e-01	   6.9514979232884211e-01	   7.2915249583581598e-01	   6.6849703534696048e-01	   5.9659274248064253e-01	   7.9074412931687499e-01	   7.0515991001424327e-01	   6.9856540503434950e-01	   7.2945808657643330e-01	   8.6128904384104255e-01	   7.9427241704358709e-01	   7.8547555038640171e-01	   7.0119736757204465e-01	   7.9190907928130505e-01	   5.0025930216276204e-01	   6.3002300988179361e-01	   3.7520948189630016e-01	   5.1086335613515654e-01	   4.7394984959759068e-01	   5.7722943522350756e-01	   4.6075978267577999e-01	   8.4108322880648878e-01	   8.4057116267918963e-01	  -1.5525499330809944e-01	  -1.3247729258846738e-01	   1.7616355519653883e-02	  -5.2592944183131415e-02	  -4.9416789006249136e-02	   2.0541702645174884e-02	   1.9519348406671282e-02	   1.7916377211414330e-01	   4.1449712213818679e-01	   4.4638760068583760e-01	   6.8349135134569150e-01	   6.7697270884164840e-01	   6.3256187527063701e-01	   4.1000809031752228e-01	   6.6677091314361481e-01	   6.3285885791091778e-01	   5.1114677788920859e-01	   5.4892297934034384e-01	   7.6289583447021392e-01	   8.1742505014981615e-01	   5.1564802632571682e-01	   4.5341255800212821e-01	   4.3593032507766111e-01	   3.3402066999788915e-01	  -7.4510422510819074e-02	   8.9274676669488240e-02	   5.0278827441044227e-01	   5.5104191499752786e-01	   7.4967931243624641e-01	   7.2867787547226426e-01	   4.7266927894131378e-01	   3.8138694623674774e-01	   3.2176953966756572e-01	   4.5226120605125447e-01	  -6.1928514551146153e-03	   1.4087050207074986e-01	   4.2058570739293727e-01	   3.8953736137703343e-01	   3.5611486609173397e-02	   3.4061249663739790e-01	   6.0546333453360235e-01	   6.0072933526272587e-01	   4.4876898649993008e-01	   3.3594556596500813e-01	   1.8728510557117009e-01	  -2.9664358435336441e-01	
   8.5934761043996466e-01	   0.0000000000000000e+00	   3.4229709758571530e-01	   4.5923174110293330e-01	   3.3821330956818313e-01	   3.7969859061632755e-01	   2.8747435159806645e-01	   3.3626676428756369e-01	   4.2901574921813918e-01	   4.9059589162327916e-01	   5.9315942069128513e-01	   4.6982612301049476e-01	   6.3506900768431451e-01	   5.0814900525216400e-01	   6.2733302636731669e-01	   5.8059156868461959e-01	   5.6533396131909175e-01	   6.6550236941526375e-01	   7.0988608989372348e-01	   8.4592856970177299e-01	   1.9855667568086274e-01	   2.3305281946185491e-01	   3.4436444763601015e-01	   4.2796311384329938e-01	   1.3893552355699385e-01	   3.0351962708495639e-01	   4.7628388305290859e-01	   4.7511564163031911e-01	   4.5419394462531693e-01	   4.0503733666016833e-01	   2.9066013236989152e-01	   2.9677989946016459e-01	   6.8475634509970051e-01	   5.6406212717197479e-01	   1.3040378040524139e-01	   1.1401879982525373e-01	   4.9080931971379199e-01	   5.6373720813270312e-01	   5.2204992984045828e-01	   6.3902162999619661e-01	   5.7175290540310197e-01	   5.8690248743498530e-01	   5.9136061679571372e-01	   6.1140693357863163e-01	   6.6602402252926574e-01	   6.7285983420638373e-01	   7.3785068917115793e-01	   7.3307753018898936e-01	   5.9272001147535780e-01	   5.7865536091078207e-01	   4.9997710250438387e-01	   4.3219134690683092e-01	   6.7090569236639086e-01	   6.1068628245232071e-01	   6.9836609098642188e-01	   7.1201483623262229e-01	   9.1883440862219323e-01	   9.0474479072101999e-01	   6.4665284564601611e-01	   5.6535255614846691e-01	   6.4998386625414861e-01	   4.7922375608714801e-01	   5.8571157975525079e-01	   4.1284597916769794e-01	   3.5635221658993088e-01	   3.2126731211532922e-01	   4.2809394056078309e-01	   3.6925718502849392e-01	   8.6979996716569075e-01	   8.2512799053384334e-01	  -2.2415421758046772e-01	  -2.0811885818270565e-01	   1.2065806762740630e-01	   1.2338742778954626e-01	   8.8426261498825889e-02	   1.0984489746745935e-01	   1.4891156527037078e-01	   2.7823078686044661e-01	   5.5879831728873164e-01	   6.1344803548564730e-01	   7.7732383177297060e-01	   7.3491271617965659e-01	   6.6839862697354380e-01	   4.5445285033877791e-01	   5.8858404711743795e-01	   5.2002564170642518e-01	   5.1437252713966297e-01	   5.0582618429316506e-01	   6.1288908271359044e-01	   6.7317491448118760e-01	   2.9578018935009748e-01	   1.9730826008741029e-01	   2.1939791059998548e-01	   6.5408712923876761e-02	   7.2983798687591028e-02	   1.8740583768165980e-01	   5.7750386233362083e-01	   6.0219197110260481e-01	   7.0966719293986269e-01	   6.5637916478813629e-01	   2.9277073798312114e-01	   2.2000412055183582e-01	   1.9614726074638353e-01	   4.0941668990514340e-01	   3.0825199650939390e-02	   6.0858747609616612e-02	   4.2338506758093220e-01	   1.0243793055710984e-01	   1.6717375687548061e-01	   4.3738713892515435e-01	   5.7674323547223405e-01	   5.7345168670896174e-01	   5.1291191434723249e-01	   3.7846164393115589e-01	   2.4614218271713878e-01	  -2.7439424401341361e-01	
   5.2172249690651062e-01	   3.4229709758571530e-01	   0.0000000000000000e+00	   7.1727362358781632e-01	   9.0687154772215872e-01	   6.1403928312382516e-01	   7.7541634111540481e-01	   4.7135441677839029e-01	   7.3546933957983884e-01	   7.1796620231145902e-01	   5.3849256262643119e-01	   8.6306259448246797e-02	   4.9171392795277646e-01	   1.3931102144544819e-01	   6.3463197642570301e-01	   4.0508872532415863e-01	   8.5613383447752101e-02	   1.8137847395156476e-01	   6.5798110319416969e-01	   4.6160300125274906e-01	   6.3238865514770892e-01	   3.9587112841367011e-01	   8.6551867457833209e-01	   7.3230843598009598e-01	   8.2107035930009731e-01	   7.3559406490014467e-01	   7.5219615500903392e-01	   6.1539435751753935e-01	   1.8635400033827000e-02	  -3.2698041749336652e-02	   5.2887800231193249e-01	   3.8523717534184643e-01	   5.5889147767033087e-01	   3.7785738568539368e-01	   7.7917847227337622e-01	   6.7699182186967133e-01	   4.2809580690265681e-01	   3.9388429232234778e-01	   4.3585993549008462e-01	   4.2258971739024698e-01	   4.1492236067342014e-01	   4.4236132943390871e-01	   7.6207114546563792e-01	   7.1463494669917371e-01	   5.8786020280609996e-01	   6.8458293125915182e-01	   6.8232110317363670e-01	   6.8210124638070324e-01	   6.3299628958639387e-01	   6.8055786764593162e-01	   7.4169456406669210e-01	   7.1243890619377681e-01	   6.6641276078065192e-01	   7.2325470297633254e-01	   6.4035619648256037e-01	   6.8892986526174982e-01	   4.7516964452887350e-01	   4.2425660810595123e-01	   6.2866634675127797e-01	   5.9999282349252125e-01	   4.2925412141410024e-01	   1.8499737665251506e-01	   2.0674198274889427e-01	   2.2856888115518108e-02	   8.3165442913181664e-01	   7.8301158561620243e-01	   7.9161080609775714e-01	   6.5845361456724061e-01	   4.8536418864418440e-01	   5.0394355936964008e-01	   8.9259609367934062e-02	  -9.6585455690910649e-02	   1.4453119462237121e-01	   7.0621860901855738e-02	   6.5547987352039538e-02	   1.9539032075597926e-03	   1.5991703697474760e-01	   2.5752841307826191e-01	   2.0026339155527725e-01	   3.4050323434056173e-01	   3.3678597104760943e-01	   4.9366341098815864e-01	   5.1954707185066062e-01	   4.1293720123754818e-01	   6.8848478999745522e-01	   7.0938662012878084e-01	   5.5666229977492776e-01	   6.2995247526651255e-01	   7.4383371143638977e-01	   7.3830537948657615e-01	   6.3849534222817450e-01	   6.9897375947560292e-01	   6.6078412094539574e-01	   7.1308367350975255e-01	   1.8983568137240175e-01	   2.3214081956564950e-01	   6.0797354884143351e-01	   5.9330012630906048e-01	   6.6507965577550743e-01	   7.1362453676751070e-01	   4.5420052498629943e-01	   6.0491621259953432e-01	   4.1664699504628977e-01	   5.0222894237077154e-01	   4.0920916350571157e-01	   5.2714163725560981e-01	   3.1740338272225488e-01	   6.3419979725491316e-01	   1.1608126038626726e-01	   3.9722463575707889e-01	   6.5923038776034382e-01	   6.8574334208195986e-01	   4.5171250995175005e-01	   3.8538156797525874e-01	   4.3667919237821401e-01	   1.9787643330090837e-02	
   5.5448761614706688e-01	   4.5923174110293330e-01	   7.1727362358781632e-01	   0.0000000000000000e+00	   6.6250884644852481e-01	   7.1926481309936197e-01	   6.9844745758616966e-01	   8.4594754301068664e-01	   5.7193407878285418e-01	   7.8917896062390647e-01	   5.4728442971843494e-01	   4.8459448798315252e-01	   4.2486820244551776e-01	   4.7198860538460530e-01	   6.7040050327886469e-01	   6.6292042473265445e-01	   2.6507815638819715e-01	   2.2555226459906136e-01	   6.9762174616057981e-01	   6.3498038513981681e-01	   4.8770909869066303e-01	   3.7938458371324568e-01	   7.7366010419028053e-01	   8.5320774376072972e-01	   6.0339738141272048e-01	   6.8727224275515519e-01	   6.3209583595851448e-01	   7.3879424009962080e-01	   1.2012292376791558e-01	   1.2153488886096603e-01	   5.2249432377989080e-01	   5.3537503019106591e-01	   6.1443282824063572e-01	   5.5188716710881747e-01	   6.0496826767280154e-01	   6.8806097197544758e-01	   3.4936453316517257e-01	   3.6287681782720482e-01	   3.7188760767570672e-01	   4.3808390428183119e-01	   4.0207216805804535e-01	   5.7755976826175304e-01	   6.4714378449202981e-01	   6.2845390881345775e-01	   5.6013182267238082e-01	   6.2968731176980075e-01	   6.1689834659679232e-01	   6.3840853694091704e-01	   5.6448886150538169e-01	   6.7460313629657531e-01	   6.5182181106484161e-01	   6.8348651304883568e-01	   6.1722310103579059e-01	   6.2075361421645292e-01	   5.9054992427016106e-01	   5.7569407893598668e-01	   4.4629576595187376e-01	   3.6311962141778226e-01	   5.5718875378844090e-01	   7.5188614586539670e-01	   5.0447950401847053e-01	   5.7996864032800799e-01	   4.2670830120545689e-01	   2.9421102783786446e-01	   6.1913818496887840e-01	   8.1038599995343374e-01	   6.8569893436802276e-01	   7.4651069004335346e-01	   4.7956730019482163e-01	   5.6987013745131465e-01	   3.9819994451095617e-02	  -2.5703102697987534e-02	   1.0135778187745116e-01	   8.2960921039811245e-02	  -4.0045956113448685e-03	   7.2954272725966191e-02	   1.4029205514921647e-01	   3.0952035652250237e-01	   2.1484814924784110e-01	   3.0033797580650534e-01	   4.2131982209687657e-01	   4.4005428708708622e-01	   6.4102787356553603e-01	   5.6881387983191212e-01	   6.2741923419637857e-01	   7.5901339223838815e-01	   5.1663724327486205e-01	   6.5514515096336545e-01	   7.1050437825100499e-01	   7.8312008240360464e-01	   6.4070966901200854e-01	   5.8864716837871822e-01	   7.7402399275234401e-01	   5.1568315854786262e-01	   4.7394761276906276e-02	   1.6085118699284984e-01	   4.9588067521767498e-01	   4.7156040113650965e-01	   7.3984693658465828e-01	   6.8308841044556423e-01	   6.6522850310220527e-01	   5.0370487837608169e-01	   5.2327955175242036e-01	   4.5075151983085454e-01	   2.5775585770314624e-01	   3.2948223459145809e-01	   2.8001417230362069e-01	   6.4587274868141498e-01	   1.4146790599598297e-01	   3.7270339365516203e-01	   5.7404898738884913e-01	   6.3295861458423563e-01	   5.4021659142006362e-01	   3.6946679671423016e-01	   3.8971328016801188e-01	  -1.2670618487241683e-01	
   4.8104983098375653e-01	   3.3821330956818313e-01	   9.0687154772215872e-01	   6.6250884644852481e-01	   0.0000000000000000e+00	   6.4430861425004682e-01	   7.3593056664724621e-01	   5.0968235339065460e-01	   7.5483956324776225e-01	   7.4030062638765481e-01	   4.5375484227920360e-01	   9.7288241219479155e-02	   4.8629418470320779e-01	   1.6968404878426185e-01	   6.1026244021410614e-01	   4.1353127951833635e-01	   6.5256506999615313e-02	   1.6702852111266567e-01	   6.1747953023653812e-01	   4.8759174067799682e-01	   6.2519666544752173e-01	   3.7695143007381327e-01	   8.1654958571813141e-01	   6.9502931481914187e-01	   8.1516686521574222e-01	   7.6557438009333934e-01	   7.8602365180428568e-01	   5.6325126004138704e-01	   5.3767458729224664e-02	   2.2691049155257919e-02	   5.3432308883722812e-01	   3.8488905665570855e-01	   5.2553183698431205e-01	   3.1226178075672467e-01	   7.4332302790541860e-01	   6.3621851716096856e-01	   3.8131859482754821e-01	   3.1442479219025160e-01	   4.1376941460692163e-01	   4.3296342926661391e-01	   4.1606359805620097e-01	   3.6926360393234481e-01	   7.0110746123393963e-01	   6.6428875109289487e-01	   5.8859720514670522e-01	   6.6111406500012193e-01	   6.1007627612360504e-01	   6.2570268710519206e-01	   6.5408838895054633e-01	   7.0808845341913951e-01	   7.2698425019452362e-01	   7.3989948756651291e-01	   6.5316773438585218e-01	   7.0646153873131401e-01	   6.1736647030329506e-01	   6.4372063743076013e-01	   4.4925839126154005e-01	   3.7676326385869086e-01	   5.9763964808808112e-01	   5.7417509959039958e-01	   3.8029013109521659e-01	   1.4723709783662556e-01	   1.4690738185647290e-01	   6.5242995556343102e-03	   7.7769814450371522e-01	   7.1751915755413109e-01	   7.7809483645445576e-01	   6.5415093751257714e-01	   4.9833751532409065e-01	   5.1354160061124343e-01	   4.8199304687706931e-02	  -9.5333661316179721e-02	   1.3240669055043203e-01	   4.6239739136104907e-02	   4.6135380563039237e-02	   6.8872953304671726e-03	   1.1410060872252659e-01	   2.7487003263782550e-01	   1.4289511237864064e-01	   2.6912848531665573e-01	   3.0379538815733187e-01	   4.7222463364111478e-01	   4.7897520058891430e-01	   4.7664970286816777e-01	   6.3995280804224597e-01	   6.3996323441734859e-01	   5.0941113642491864e-01	   6.1140506999602051e-01	   7.0858411211106320e-01	   7.1629808419385543e-01	   7.1592295227255731e-01	   7.6408842240449548e-01	   7.2858141119573949e-01	   7.7292325586981292e-01	   3.0616077279472903e-01	   2.5207205315983960e-01	   6.0604427704823116e-01	   5.8679555900364244e-01	   6.2658737894160788e-01	   6.9169485612163517e-01	   4.2895393037106744e-01	   7.1950800825087047e-01	   3.5128046814980518e-01	   5.5638423441945928e-01	   4.4120877141901682e-01	   5.6805181302429997e-01	   4.4638304311650884e-01	   6.7929937215537128e-01	   9.4387450219718033e-02	   3.4258426163765299e-01	   6.2619935454611142e-01	   6.5288069961541395e-01	   4.4317233868223094e-01	   2.8936222539975609e-01	   4.2569175235177448e-01	   1.1818324363918502e-01	
   4.8696921554065042e-01	   3.7969859061632755e-01	   6.1403928312382516e-01	   7.1926481309936197e-01	   6.4430861425004682e-01	   0.0000000000000000e+00	   6.4843751205804445e-01	   7.5679718366385118e-01	   6.4879173289345782e-01	   8.3115114015656422e-01	   4.7170943591007969e-01	   4.2759358775341605e-01	   4.7201857051256119e-01	   5.5701124602993146e-01	   5.8791184347085057e-01	   5.4413481911361472e-01	   2.2995230421544327e-01	   2.1680818382912284e-01	   6.1692574560236879e-01	   5.5281535214676680e-01	   5.7843584492161093e-01	   6.2862791010235719e-01	   6.6709545567308060e-01	   6.8666696554163187e-01	   5.8320826093149547e-01	   7.6587487066845761e-01	   5.1212957174635032e-01	   6.3660669693030858e-01	   2.3329630906512205e-01	   2.3157305397924560e-01	   5.6613602480594050e-01	   5.1233276810283646e-01	   5.5855413348918392e-01	   4.8061140938820385e-01	   6.2373613001808748e-01	   7.3629417441876366e-01	   4.1512215835937033e-01	   3.8197386377564013e-01	   4.1129956687130653e-01	   5.1017462456757812e-01	   5.2440706038307972e-01	   6.1381574909530212e-01	   5.4829183001557702e-01	   4.9949780990236353e-01	   5.6845383896424528e-01	   5.3881326495197612e-01	   5.1521091397062291e-01	   5.0173184976893082e-01	   5.3001466718030643e-01	   5.9416407289999473e-01	   6.2996525935694547e-01	   5.8811727184553164e-01	   6.0647528254410699e-01	   6.3887772776434326e-01	   5.2837392733713562e-01	   4.5736267002325048e-01	   4.3211739019910389e-01	   3.5559270558299660e-01	   5.1991267872637037e-01	   6.2491186060638726e-01	   4.9161941462759706e-01	   4.7026032887716090e-01	   3.6075495911130401e-01	   2.7434425298616877e-01	   5.6835280674812017e-01	   6.8954495045775155e-01	   5.9094061893130900e-01	   6.0481811995678036e-01	   4.7042961495729285e-01	   4.4276681967690507e-01	   1.0168613200248740e-01	   1.1302023577765985e-01	   1.0557691681513121e-01	   1.2207942743359948e-01	  -1.7121713011382843e-02	   6.3634767154805649e-02	   1.8733570555009255e-01	   3.4166802687336939e-01	   2.1653708678384084e-01	   2.7830113889030350e-01	   4.1062636296336197e-01	   4.2356974756164978e-01	   5.3496887827382600e-01	   5.4113496336874489e-01	   5.5468063879519192e-01	   5.9817757581370634e-01	   4.7625143660007607e-01	   6.2584806504893997e-01	   6.9815210278372442e-01	   6.7679825951526529e-01	   5.7786513064523670e-01	   5.8077933352931987e-01	   7.3011648970034848e-01	   5.7635023883820813e-01	   1.3235719195522389e-01	   1.2947368201336212e-01	   4.4743047698944793e-01	   4.0062700172016485e-01	   6.0103943361807244e-01	   5.6471595152033449e-01	   5.3392874476391228e-01	   5.0776302325580058e-01	   5.2376461479992986e-01	   5.6220530470744723e-01	   3.0200019196919059e-01	   3.4344969833456263e-01	   4.5546236108771221e-01	   5.6424556997156072e-01	   1.8288879465550248e-01	   3.5720965035512986e-01	   5.5008575626198586e-01	   5.3553885309153615e-01	   5.4477075743595527e-01	   3.9323495453728519e-01	   3.9572028725269692e-01	  -6.2245504791991473e-02	
   5.7678145765549504e-01	   2.8747435159806645e-01	   7.7541634111540481e-01	   6.9844745758616966e-01	   7.3593056664724621e-01	   6.4843751205804445e-01	   0.0000000000000000e+00	   7.2938244830495191e-01	   8.3971311976404917e-01	   7.6193514404358242e-01	   5.9158423115010117e-01	   4.1005937652651808e-01	   6.8598589788552167e-01	   4.2194739889244798e-01	   7.2645503584275051e-01	   5.0668851796277170e-01	   1.6530333063906255e-01	   1.6471589962477773e-01	   6.9909184275240532e-01	   4.7882452747432458e-01	   5.5413924608922249e-01	   4.4700803781308340e-01	   7.4113015083036238e-01	   6.7043158478564102e-01	   4.8655204659882034e-01	   5.5771698808685888e-01	   5.0742088142508113e-01	   5.5385695336891383e-01	   1.5828386913549838e-01	   9.8730888044261667e-02	   4.8269577513837625e-01	   4.0573755128855704e-01	   6.2145832000116585e-01	   4.8409122513528141e-01	   6.1301577095236248e-01	   5.8502527734178011e-01	   3.4113306127253623e-01	   2.9577925955079276e-01	   3.5550591260418135e-01	   3.3661111901293911e-01	   4.3887037716210353e-01	   4.2626127695539573e-01	   6.2396052523314693e-01	   5.9444705445421253e-01	   5.5290400929838501e-01	   5.5776757439705038e-01	   5.3893314534706671e-01	   5.3049653830171761e-01	   6.1422670505774069e-01	   6.5629865220453631e-01	   7.2534024513451345e-01	   6.7416069265057799e-01	   6.4753331603595399e-01	   6.4309676726975729e-01	   5.4930852282471598e-01	   5.7721410702977827e-01	   3.9351119703125592e-01	   3.0341131723021175e-01	   6.9402752530296785e-01	   6.7528608286114489e-01	   6.6353456287588131e-01	   4.6549788560659366e-01	   3.9959801757335400e-01	   2.6389276437925291e-01	   7.5531361976920608e-01	   7.2355733197013961e-01	   6.8416001567623708e-01	   5.9688818296190704e-01	   3.8497416206770796e-01	   4.2195569419631168e-01	   1.9811502082884874e-01	   1.0591356885230746e-01	   2.3220311801688487e-01	   8.6462793456279163e-02	   1.4269548204767341e-01	   1.6013899235766074e-01	   2.6233275178640048e-01	   3.6170898225909293e-01	   1.5750714662968957e-01	   1.9976596330956289e-01	   3.4061393996457329e-01	   4.1394658170122056e-01	   4.9451406262698361e-01	   4.4947909562345739e-01	   6.1239473170840220e-01	   6.8290473909963534e-01	   4.5692216750549308e-01	   5.5408320821711787e-01	   7.9626402776184624e-01	   7.4995956196838010e-01	   6.4960925246645296e-01	   6.2521097600683917e-01	   7.2267987196101979e-01	   6.3080042865634089e-01	   1.0325430205723568e-01	   2.0234410918779658e-01	   4.1032294328722552e-01	   4.6137464785492577e-01	   6.4603308236571488e-01	   6.3994433896016745e-01	   6.3079366623802791e-01	   6.1873162405495286e-01	   5.3379240619751644e-01	   5.7938308488423240e-01	   3.0335865722716665e-01	   4.2003617041368752e-01	   3.2419915643380104e-01	   7.0124749727079227e-01	   4.8232438185409114e-02	   3.1992509450358886e-01	   5.5014075513439098e-01	   5.7640308687766562e-01	   3.9024134557811008e-01	   2.9950732063331681e-01	   3.9210079460060776e-01	   1.1167883094468076e-02	
   5.0709703775709825e-01	   3.3626676428756369e-01	   4.7135441677839029e-01	   8.4594754301068664e-01	   5.0968235339065460e-01	   7.5679718366385118e-01	   7.2938244830495191e-01	   0.0000000000000000e+00	   5.8189509079710633e-01	   7.8545163350732183e-01	   4.8939957494828012e-01	   6.5195173111640570e-01	   4.8813636400942650e-01	   6.4580411064456789e-01	   6.1572040150444107e-01	   6.2745456842012104e-01	   2.5828825955722290e-01	   1.6954715077250437e-01	   6.1724668972925145e-01	   5.4939289411594527e-01	   3.9220777501792881e-01	   3.8831346936810751e-01	   5.9102219118541588e-01	   6.9598303666423389e-01	   3.3165604873254800e-01	   5.3649378729581243e-01	   4.3218430322839801e-01	   6.6467436031065374e-01	   1.9514743383001923e-01	   2.0336328094579390e-01	   4.2446313460719198e-01	   4.7369925589862066e-01	   5.5846891782693953e-01	   5.2587026563574690e-01	   4.2065513942782562e-01	   5.8936820557489944e-01	   2.1796669804542418e-01	   2.6969959194304266e-01	   2.5648206773962523e-01	   3.7458133729823762e-01	   3.3622814500173315e-01	   5.0879377801546810e-01	   5.1217433406904755e-01	   4.9410470713023680e-01	   4.9604233403531472e-01	   4.9112158332502143e-01	   4.7013776795224327e-01	   4.7204386913917823e-01	   5.1933863636001987e-01	   6.2785935502228352e-01	   6.0041801913737758e-01	   6.2870966477786050e-01	   5.8074881768897224e-01	   5.4309624945472912e-01	   4.8383418545098356e-01	   4.4568266952603719e-01	   3.2737866660015774e-01	   2.2711135096506546e-01	   5.3362367609894745e-01	   7.4204554656900290e-01	   5.9224609211540125e-01	   7.1461884720580882e-01	   4.9979200774110932e-01	   4.0828949475477438e-01	   4.8481448934908444e-01	   6.9762664363626337e-01	   5.5656677545715882e-01	   6.5628447393864575e-01	   3.5416335715466774e-01	   4.3859883581195519e-01	   4.6909045153515301e-02	   6.4043359074423184e-02	   4.7979919578765851e-02	   1.1091070144383146e-02	  -6.4909014446391716e-02	   6.4110959450917243e-02	   7.8977101743898825e-02	   2.5363333471797694e-01	   1.5677391218458245e-01	   1.5716049648526739e-01	   3.5522079211461549e-01	   3.3291405444495287e-01	   5.3090540891671156e-01	   5.3186314994201855e-01	   5.0880880024935760e-01	   6.4654216851007695e-01	   3.9215345750047487e-01	   5.3097184966224431e-01	   6.7884247535985942e-01	   7.0357111748340895e-01	   6.5236689598552933e-01	   5.2263960780916119e-01	   7.6759167719802013e-01	   4.3025334459627596e-01	  -8.0191087527020626e-03	   1.1136033801635015e-01	   3.3627481071896193e-01	   3.4360076879904711e-01	   6.4152955107501763e-01	   5.4583191226504935e-01	   6.5942375584758928e-01	   4.9965869175154187e-01	   5.7353586203854401e-01	   4.7963351287179207e-01	   1.9556448870233406e-01	   2.3746358441681423e-01	   3.6976871429282804e-01	   6.0275679434016372e-01	   1.0819098722476529e-01	   2.7475444761774825e-01	   4.4991724809117917e-01	   4.9074013997772931e-01	   4.1653083670120805e-01	   2.3166624980011985e-01	   3.1782696844321406e-01	  -5.9219767742181503e-02	
   6.2738265499626567e-01	   4.2901574921813918e-01	   7.3546933957983884e-01	   5.7193407878285418e-01	   7.5483956324776225e-01	   6.4879173289345782e-01	   8.3971311976404917e-01	   5.8189509079710633e-01	   0.0000000000000000e+00	   8.4609157478161456e-01	   5.8405607037804319e-01	   3.7414474327363917e-01	   7.5741617095800828e-01	   4.0105765689166517e-01	   7.9301522828936122e-01	   5.3305434830899145e-01	   2.2429702688693570e-01	   3.3826467725335241e-01	   7.2985829096852040e-01	   5.8831529270639038e-01	   4.6756590893463579e-01	   4.5122016978097235e-01	   7.9394811506398899e-01	   7.0581508905186263e-01	   4.6285614346986670e-01	   5.1709037429241533e-01	   5.3906971416368177e-01	   4.9878768039358234e-01	   2.6228818789161645e-01	   2.1893264177407018e-01	   4.5238493200010066e-01	   3.0729953403589022e-01	   6.2263188037277750e-01	   4.2305062705977781e-01	   5.5025589810466080e-01	   4.8700848424883009e-01	   3.5259961337627577e-01	   3.3835447094163706e-01	   3.8130679118715344e-01	   3.8468715182111207e-01	   5.1904244610441186e-01	   4.5853094134990147e-01	   6.1837733634033154e-01	   5.8425880493837035e-01	   5.9972287768743116e-01	   5.8757495870664767e-01	   5.7649085553308055e-01	   5.6207060777563589e-01	   6.4273865861434520e-01	   7.0194038935229353e-01	   6.7070404117249605e-01	   6.2720896535686077e-01	   6.9866539995756805e-01	   7.3102789806513835e-01	   5.8928971360157578e-01	   6.2227978892547275e-01	   5.4139299752211811e-01	   4.4030741882373514e-01	   7.2946449918802880e-01	   6.9963368681001481e-01	   6.7760875273474919e-01	   4.3411327918863352e-01	   3.7135123767573874e-01	   2.1971055068561512e-01	   7.9139727629729495e-01	   6.3182462535226214e-01	   6.1965814200315117e-01	   4.6435909183983282e-01	   5.3549901177159431e-01	   4.9522931801581704e-01	   3.6614933072847446e-03	  -1.2780693910799494e-02	   9.2158467418882326e-02	  -7.1751571232930573e-04	   4.4955808198878150e-02	  -3.9386896745630595e-03	   1.5430106413172018e-01	   2.4852412320562250e-01	   3.2764355197557943e-01	   3.3535382448567214e-01	   4.3493971262136211e-01	   5.6307990804299257e-01	   5.9785538061055954e-01	   5.2862353703382181e-01	   6.6188459880104378e-01	   6.4537750675424421e-01	   5.3725718216467622e-01	   5.4311955654116395e-01	   8.2384128810818258e-01	   7.3594539942749193e-01	   7.0126494513291826e-01	   6.7381266356528391e-01	   7.1409818654172330e-01	   6.5699189280707204e-01	   9.3686068110521770e-02	   2.0164042024085979e-01	   4.2190057802528769e-01	   5.0237902995981321e-01	   6.3392101405971757e-01	   6.3678072846922484e-01	   4.1918192751974526e-01	   5.8075300965760390e-01	   3.1298256986687767e-01	   5.1706072749103871e-01	   2.0636067751392173e-01	   3.6308854852018135e-01	   3.2506523204831506e-01	   5.5333246915355838e-01	  -1.2695143109338749e-02	   2.6591368122914044e-01	   5.5526045480540920e-01	   5.6316924783943167e-01	   3.9035049954851347e-01	   1.5900126490363770e-01	   3.3379506986961138e-01	   3.0785582684895584e-02	
   6.3223606104495933e-01	   4.9059589162327916e-01	   7.1796620231145902e-01	   7.8917896062390647e-01	   7.4030062638765481e-01	   8.3115114015656422e-01	   7.6193514404358242e-01	   7.8545163350732183e-01	   8.4609157478161456e-01	   0.0000000000000000e+00	   5.3771390161481958e-01	   4.3412283572713894e-01	   5.8646449635691189e-01	   5.0499263181318133e-01	   7.5290247014914902e-01	   6.2942685173005541e-01	   2.3837907495008046e-01	   2.9250459308764382e-01	   7.7131773729744724e-01	   6.5928306476948273e-01	   4.5752553140576391e-01	   4.5671228039702844e-01	   8.0577919395609010e-01	   8.2790285070981429e-01	   5.5534319172806557e-01	   6.7138779169278118e-01	   5.9730571339295746e-01	   7.0609201647757414e-01	   2.1250927945148396e-01	   1.9110067378176665e-01	   4.7509687411000640e-01	   4.1884115219237072e-01	   6.2366896914614234e-01	   4.6978819699498636e-01	   5.7376082526201633e-01	   6.3655791815436624e-01	   3.5334842480426876e-01	   3.4951321632461141e-01	   3.4938371951027863e-01	   4.5899339436729558e-01	   4.4428572368950425e-01	   5.5778921041824669e-01	   7.0117235170002090e-01	   6.6625690580470243e-01	   6.5769807983397699e-01	   6.8199566100089570e-01	   6.7201525739031764e-01	   6.5839447422039510e-01	   6.8606576408391406e-01	   7.6278229841818557e-01	   7.0884377008347732e-01	   7.1103222505849428e-01	   7.4379029529550333e-01	   7.9614204097464869e-01	   6.3306195732679127e-01	   6.4796478935339452e-01	   5.6741382442266586e-01	   4.6488083265546054e-01	   6.6667117045808744e-01	   7.9658083419852099e-01	   6.0077979513206814e-01	   5.3966931013870090e-01	   4.1159694218152609e-01	   2.3153803411165741e-01	   7.1651886968379475e-01	   7.4548725787606629e-01	   6.6516129700536286e-01	   6.1147633837904047e-01	   5.8894563515191645e-01	   5.7942775201032404e-01	  -1.0772023430724519e-01	  -5.4501929419567940e-02	  -1.8091210809885641e-02	  -3.0562741370740248e-02	  -8.4125670093906049e-02	  -3.4227561634118608e-02	   8.8839366946637993e-02	   2.8848943471647615e-01	   2.8767786310656163e-01	   3.4193143545310933e-01	   4.9108048557103701e-01	   5.5004694028239598e-01	   6.5180500879106562e-01	   5.7817339801474743e-01	   6.9017672302030630e-01	   7.3226953446663812e-01	   5.2771982138146678e-01	   6.3806892396253334e-01	   8.0048333331855348e-01	   8.1571998329349560e-01	   7.5059710399565882e-01	   7.1528351509508137e-01	   7.9993697496979776e-01	   6.3192432325918324e-01	   1.1455832879985446e-01	   2.2905560589607202e-01	   4.9939388396205686e-01	   5.4630925511037531e-01	   7.5636709388566281e-01	   7.3490339765950252e-01	   4.7733023735429009e-01	   5.8560521089666007e-01	   4.4212327251906519e-01	   5.6243019237597558e-01	   1.9826807053619319e-01	   2.9718161781974117e-01	   4.2396741441782759e-01	   6.0818225560786521e-01	   1.6577580504206982e-01	   3.4596948125512694e-01	   6.0944616251947581e-01	   6.4374208623043416e-01	   5.4096086941483668e-01	   2.9965184154273905e-01	   3.4898490526998271e-01	  -8.9458912748939967e-02	
   6.7404223735080537e-01	   5.9315942069128513e-01	   5.3849256262643119e-01	   5.4728442971843494e-01	   4.5375484227920360e-01	   4.7170943591007969e-01	   5.9158423115010117e-01	   4.8939957494828012e-01	   5.8405607037804319e-01	   5.3771390161481958e-01	   0.0000000000000000e+00	   6.0998705934658348e-01	   8.0946285646789140e-01	   5.5958941995284273e-01	   7.9908162486853085e-01	   6.6293332953099826e-01	   6.2709979105544167e-01	   5.5168265505906389e-01	   6.3260520919811991e-01	   5.8168971570436556e-01	   3.7522063292260899e-01	   5.6125746789901965e-01	   6.3249148156132740e-01	   6.0361203597178614e-01	   3.2865447305561191e-01	   4.3260127575796647e-01	   4.0901944485383956e-01	   5.1477430428316628e-01	   5.3240381149174043e-01	   4.5737523137771019e-01	   5.5516180079085520e-01	   5.2956247199215079e-01	   7.6903670519391931e-01	   6.9131793848599821e-01	   4.3908001116689332e-01	   3.8934057701827474e-01	   5.5289320915768225e-01	   5.8435774504841209e-01	   5.3940977299760395e-01	   5.2534181385341494e-01	   5.5723104919285715e-01	   5.5661289318954799e-01	   5.3034229959576540e-01	   5.1108006609520840e-01	   4.9439093849601279e-01	   4.7601721415908266e-01	   5.8611784659071753e-01	   5.7641242924640679e-01	   5.0613687825606524e-01	   4.7958841806522917e-01	   5.8484985684173907e-01	   4.8607430662739226e-01	   5.9195735097940572e-01	   5.6096679200653776e-01	   6.3509946804267503e-01	   6.1729084007044865e-01	   5.5591994939625444e-01	   5.6937549942313392e-01	   5.8779642621519779e-01	   4.4288988190870426e-01	   8.3072209662552754e-01	   6.2668306811743069e-01	   6.5763997120880213e-01	   5.8046414320729522e-01	   6.3556039952596233e-01	   5.2224929044905666e-01	   5.2443229517521628e-01	   4.3812037791965935e-01	   4.2373903550516601e-01	   3.8395420267180358e-01	   1.4500877796218992e-01	   8.6764478843934525e-02	   3.0865833738360754e-01	   3.2405646284595990e-01	   2.7778293880546923e-01	   3.3786835257421288e-01	   3.2160317090048979e-01	   3.6201458784979623e-01	   4.9567467799097298e-01	   4.4737503792197986e-01	   5.7648152363617844e-01	   6.1264666976894278e-01	   7.6254720587242653e-01	   5.1810131785393665e-01	   7.0143297764635348e-01	   6.7123703699967852e-01	   6.4392378246572846e-01	   6.6242932938114707e-01	   7.7222691946908895e-01	   6.3177718859620291e-01	   3.6386865943210367e-01	   2.5388800226408365e-01	   4.1817618712617921e-01	   2.6679017903610863e-01	   7.6332827826260788e-02	   3.3122702146135430e-01	   5.5177465724196784e-01	   6.2849516110422488e-01	   6.5450604993218175e-01	   5.8586417811207703e-01	   5.4611985494109749e-01	   4.1773129963036021e-01	   5.0410708835074258e-01	   4.5226704283045116e-01	   3.5554438396322569e-01	   4.6740245663190999e-01	   2.3032632782702842e-01	   1.9655767319401210e-01	   2.1475662314006649e-01	   5.6874853814775672e-01	   6.7829028746340259e-01	   6.4401836387512312e-01	   4.8619274054866729e-01	   4.6671744190986697e-01	   5.1433786049830332e-01	   3.0559730203022190e-02	
   5.1819780323416331e-01	   4.6982612301049476e-01	   8.6306259448246797e-02	   4.8459448798315252e-01	   9.7288241219479155e-02	   4.2759358775341605e-01	   4.1005937652651808e-01	   6.5195173111640570e-01	   3.7414474327363917e-01	   4.3412283572713894e-01	   6.0998705934658348e-01	   0.0000000000000000e+00	   5.7285254664471030e-01	   8.6683272869752870e-01	   6.4038930759157719e-01	   7.9308605761001949e-01	   6.1979434478497719e-01	   5.1828337939739977e-01	   4.4415885075208966e-01	   5.9909669984270764e-01	   1.9814823975972079e-01	   4.9332963381605022e-01	   3.3319293239435160e-01	   5.0101159514495097e-01	  -4.2043479872128545e-02	   2.0022506487497188e-01	   2.4918253571899168e-01	   4.1825181397932087e-01	   6.0451122176682959e-01	   6.2616281955349928e-01	   4.1356224903053518e-01	   5.1997191734318104e-01	   6.2521989170371539e-01	   6.6030704496082837e-01	   1.3369854386114624e-01	   2.1571235044435152e-01	   3.2634296473858448e-01	   4.0341512750928388e-01	   3.0737183470977425e-01	   3.5587754253005943e-01	   3.7900170176423775e-01	   5.8816391734641282e-01	   2.8944427268523498e-01	   3.4171998539088011e-01	   4.4894375629508604e-01	   3.3977916875922026e-01	   3.6283601326507275e-01	   3.6413103320378792e-01	   4.1072168509232826e-01	   3.9118098418669911e-01	   3.8123433525865258e-01	   3.5211484575598850e-01	   4.1119378475671575e-01	   3.4613045958020250e-01	   4.1354292651967550e-01	   3.5876201728274298e-01	   3.3791650933393813e-01	   2.9931201936479229e-01	   4.4606481898185768e-01	   5.2757280784152438e-01	   7.4508876941126756e-01	   8.4609605363280993e-01	   7.1234877344839553e-01	   7.4550991310652015e-01	   2.5739910880091554e-01	   3.3455573382456288e-01	   2.8735196466496332e-01	   3.6601546876686730e-01	   2.3766270478899923e-01	   2.7671762169989378e-01	   3.7923530818558426e-02	   1.2711556411511513e-01	   1.1531413438032542e-01	   1.6739499577126393e-01	   1.2906657191583763e-02	   1.8021391328173264e-01	   7.7843154963763594e-02	   2.4660818665625267e-01	   4.1972160843913786e-01	   2.2009153195732220e-01	   5.3992379203942797e-01	   4.8072417865924416e-01	   6.0771908728463420e-01	   6.0965860894707935e-01	   4.8905485288429973e-01	   5.3174902058668749e-01	   4.4636930261303553e-01	   4.4831873343546258e-01	   5.0876822881238692e-01	   4.9984525412194658e-01	   3.0323387187607714e-01	   1.4080617806381573e-01	   4.0958160994455439e-01	   5.0702515737561724e-02	  -1.3189529215092344e-01	   7.7001366598281371e-02	   2.5585270898494800e-01	   3.2177988450212625e-01	   5.0259996759272219e-01	   4.2232195948251594e-01	   5.9158362093077566e-01	   2.0651783160912579e-01	   5.0381771976102052e-01	   3.1035730903146552e-01	   9.4032571795381201e-02	   1.0730504504221440e-01	   2.4130595470155977e-01	   8.0240671649804876e-02	   1.5499207418666035e-02	   2.8814511718307273e-01	   4.0573182682277920e-01	   3.7380127365465393e-01	   4.2136726459726914e-01	   2.6532708135218147e-01	   3.3876401508120674e-01	  -4.8313529795288343e-02	
   7.5489680793672254e-01	   6.3506900768431451e-01	   4.9171392795277646e-01	   4.2486820244551776e-01	   4.8629418470320779e-01	   4.7201857051256119e-01	   6.8598589788552167e-01	   4.8813636400942650e-01	   7.5741617095800828e-01	   5.8646449635691189e-01	   8.0946285646789140e-01	   5.7285254664471030e-01	   0.0000000000000000e+00	   6.2256177484997344e-01	   7.6798128540329191e-01	   5.6464898548813036e-01	   5.0724491476189537e-01	   5.0651283780309497e-01	   6.3682058979495670e-01	   5.9138135968245875e-01	   3.2447730615115045e-01	   4.7449803190267736e-01	   5.4133049318443294e-01	   5.1577060403333830e-01	   1.7560716128572709e-01	   3.4354600543815883e-01	   3.9477331972638330e-01	   4.1473118803063264e-01	   4.5575674198748262e-01	   3.9417588170362172e-01	   4.0593114630648031e-01	   3.2211727760890185e-01	   7.0233381726180677e-01	   5.7540921646522247e-01	   3.0692623131382779e-01	   2.4572595627170152e-01	   4.7600420611924177e-01	   4.9839999536514878e-01	   5.0095243739954964e-01	   4.7829625433469714e-01	   5.7210335342068352e-01	   5.0998525517257176e-01	   5.1625507593675812e-01	   5.1286467845919770e-01	   5.0653030625881768e-01	   4.8453637468708843e-01	   5.5977172640515227e-01	   5.4596499775010154e-01	   5.5914214257579187e-01	   5.4425575787083658e-01	   6.0964014178454884e-01	   4.9492667396139756e-01	   6.2477968666651118e-01	   5.7469295697675282e-01	   6.2449650889293906e-01	   6.0343076198380319e-01	   6.5011896841096861e-01	   6.0907479089974281e-01	   6.9331191928455360e-01	   5.4073876295237966e-01	   8.6977866359266187e-01	   5.7596608466612820e-01	   5.9215336221628578e-01	   4.3057273665556584e-01	   6.1460228778861614e-01	   4.5694166781558371e-01	   4.7819277615834399e-01	   3.4726466392519012e-01	   5.5789261843817139e-01	   5.0062088490247403e-01	   3.7818399617104395e-03	  -7.2830363601763311e-03	   2.3652035960516457e-01	   1.4992670294210692e-01	   2.1855624927364278e-01	   2.2411302426057644e-01	   2.7358064218182992e-01	   3.1767763946227134e-01	   4.8619331835902579e-01	   4.2693980116163877e-01	   5.6674356265072168e-01	   6.2623766336688602e-01	   6.2178213219964418e-01	   4.3674059315004943e-01	   6.2281804948238106e-01	   5.7607965594522059e-01	   5.2327819982067147e-01	   5.3129922843402722e-01	   8.2799231389952088e-01	   6.7676545240557484e-01	   4.3176785983274579e-01	   2.9861752721143975e-01	   4.2744303195582267e-01	   3.0093772444642974e-01	   2.1446551388227708e-02	   1.9119697070045089e-01	   4.7454605283044932e-01	   5.2755031694393362e-01	   5.8711781176711308e-01	   5.5451175818483711e-01	   4.5768121128949324e-01	   3.8203659813016622e-01	   3.9333547279901693e-01	   4.4611561709735259e-01	   1.6618968656302940e-01	   3.0163110900814483e-01	   3.0896257109832137e-01	   2.4222662421839380e-01	   3.7229848465224348e-02	   4.1294365464188049e-01	   5.8243053884593465e-01	   5.3516411619861248e-01	   3.7550737676318047e-01	   2.6319373962042975e-01	   3.8107293405396248e-01	  -4.0259805116949147e-02	
