   0.0000000000000000e+00	   7.8836689910580060e-01	   3.0653783679429303e-01	  -1.1433170958971142e-01	  -2.5973735701473953e-02	   9.1493868298092987e-02	   1.3943964369563955e-01	  -3.2613554398310714e-02	   8.5300961703375963e-02	  -2.8000049511584368e-02	   6.0225624730888905e-01	   5.3370275255798971e-01	   5.2085201115164903e-01	   4.0462710779328787e-01	   4.1576615971113645e-01	   3.7291941530190537e-01	   6.4204230270238571e-01	   6.7602334462026692e-01	   4.8164200513465116e-01	   4.3528380786008969e-01	  -1.0478358621796009e-01	   2.7265510933086497e-02	  -1.9063377886138873e-02	   5.5652892755514036e-02	  -5.0995217966284756e-01	  -3.9430076985862689e-01	  -1.4499918779379656e-01	  -4.5521345895504398e-02	   5.2945551205914188e-01	   5.2380583933272329e-01	   1.9385816755778246e-01	  -5.6111427426196344e-04	   4.2639899875560416e-01	   3.5924227709594797e-01	  -3.3228171100821624e-01	  -3.7645359320898464e-01	   1.5501458105359145e-01	   1.4260107937523767e-01	  -1.1401759449258095e-01	  -3.0244651363175390e-02	   9.6505606901829244e-02	   4.5876096830090729e-01	   2.7858940089704570e-01	   4.6528343974810277e-01	   2.6333491944809639e-01	   4.9113855950471685e-01	   4.0468876090139233e-01	   4.7430402458621357e-01	   4.4582139097600371e-01	   5.3996473962852976e-01	   5.2120850557769072e-01	   4.2686748938751989e-01	   6.4112564464179289e-01	   5.6969123546086964e-01	   4.8211823664158138e-01	   5.4371277390458594e-01	   7.2955255535664099e-01	   6.6663837264847015e-01	   3.6224739320940563e-01	   2.5301317927882638e-01	   5.1772538327087780e-01	   2.8105763384575871e-01	   5.2971950391615119e-01	   5.5560211353566580e-01	  -1.6597182488557002e-01	  -4.2072464419252498e-01	  -3.1495822207957846e-01	  -4.3507185563963224e-01	   4.0792922555599986e-01	   3.5634663628452529e-01	   2.4648113587842180e-01	   1.5797136884827578e-01	   4.6070999209794294e-01	   4.9029963385854985e-01	   4.9309553299488784e-01	   5.0482580952916556e-01	   3.0206433265343802e-01	   2.6770184722081347e-01	   4.0897852885910324e-01	   4.3706617659690139e-01	   3.0619185718201786e-01	   4.7491330863915315e-01	   2.8225061383877825e-01	   3.3041415526184342e-01	   1.1868023092793663e-01	   2.1867862992326895e-01	   7.1387885568686776e-02	   1.1591964078151860e-01	   3.0590233392007565e-01	   3.5682512366101060e-01	   2.3950460130106235e-01	   1.3898426860901877e-01	  -2.7754438970374362e-01	  -3.0739255119611231e-01	  -6.6401919323849992e-02	   6.2135425325661631e-02	   6.5886087348831640e-02	   7.9235936471593119e-02	   4.9541546667139658e-01	   6.2911200220748442e-01	  -5.0254705700066515e-02	  -1.6231304807733474e-01	   2.3416380291316630e-01	   3.3777573016715756e-01	  -4.3678850205849939e-01	  -4.9875115785620716e-01	  -1.1947521827296391e-01	  -1.0186212165416349e-01	  -6.5386284145168616e-02	   3.7711613994235904e-01	   2.8161294372735439e-03	   4.5072003609142974e-01	   1.9480540682452607e-01	   7.9088384102274770e-02	   8.9569771168322695e-02	   2.9029740277656778e-02	
   7.8836689910580060e-01	   0.0000000000000000e+00	   3.0464111313466008e-01	  -2.0419488513283918e-01	  -1.1532159518894150e-01	  -2.5404164067219120e-03	  -1.9067993402890223e-02	  -1.3215889360434774e-01	  -5.7742392053785840e-02	  -1.2526651150643800e-01	   5.4762792761865087e-01	   5.7194791995182470e-01	   4.0492687880611777e-01	   3.7708258582333581e-01	   3.4097957618463309e-01	   4.5268056420737723e-01	   7.3818698456584475e-01	   7.8443925974195006e-01	   5.4306956520173688e-01	   5.4329901651054968e-01	  -6.0283409704234278e-02	   1.8906019733293239e-01	   2.4447767605926110e-02	   9.8644935773730222e-02	  -5.6414260362065360e-01	  -4.9089424429252138e-01	  -1.5330573980601414e-01	  -7.9773684652658328e-02	   5.9928825918209172e-01	   6.1949025789804324e-01	   2.8583476052066625e-01	  -1.4379535289615483e-02	   4.9925540451572403e-01	   3.4039544732061761e-01	  -3.0434274494239993e-01	  -4.0320084677795909e-01	   2.6819438196435808e-01	   1.5126140300070584e-01	  -1.5114258778912401e-01	  -8.0775299994365057e-02	   1.2292370702053888e-01	   4.2042052750953340e-01	   2.2381586845529944e-01	   4.6657217504424825e-01	   3.4758619040543171e-01	   5.7530975873253509e-01	   4.1483044417849757e-01	   4.2925133462537224e-01	   5.8152733003633139e-01	   6.5870629639378220e-01	   6.4669985957076814e-01	   5.6887397581482357e-01	   6.5207150381649415e-01	   6.0830267450616060e-01	   4.7683383054625450e-01	   5.7440022795821155e-01	   7.8796353016312071e-01	   7.8072042872668512e-01	   1.6442817521733444e-01	   1.5031234021178014e-01	   3.5618039976651372e-01	   1.2413049929007303e-01	   5.5716353494842430e-01	   5.8107289304525866e-01	  -3.0568117075531406e-02	  -4.3226698393841723e-01	  -3.5639089440177718e-01	  -4.4084502567833872e-01	   4.9955668103358819e-01	   4.8756606882088072e-01	   1.8547158208781370e-01	   1.5353111464275809e-01	   5.1400856007763851e-01	   6.2236273103474815e-01	   4.7640069495236803e-01	   4.8239132580111793e-01	   2.4077216513522626e-01	   3.5935775030512968e-01	   5.7391396076668999e-01	   4.9269563996510907e-01	   3.6248683174819185e-01	   5.1924673049163739e-01	   3.8296139658444417e-01	   4.3872865328512423e-01	   2.6715571055227316e-01	   2.9816063320566694e-01	   2.5736461885080947e-01	   2.2235118681505894e-01	   2.8357529696303030e-01	   3.8725763415693693e-01	   2.1929544905853263e-01	   4.5757611682445895e-03	  -3.7564708459483770e-01	  -4.2336601169086979e-01	  -2.8683066975810278e-03	   1.5578894488056499e-01	   7.2469888925646417e-02	   1.0200004707842358e-01	   4.7933415682451369e-01	   5.3957267526733421e-01	  -1.3733897407165574e-01	  -3.2003000541089532e-01	   1.8667617303483672e-01	   1.8946395634016405e-01	  -5.2823962897200127e-01	  -6.0227240639329183e-01	  -2.4661674202704581e-01	  -1.8853095655816987e-01	   2.3301804979439407e-02	   4.0400452919932339e-01	   1.1556911790115781e-02	   4.4037998381362514e-01	   2.4427020691790735e-01	   1.4649992572147116e-01	   4.5645334561525128e-02	   2.1123929910683051e-01	
   3.0653783679429303e-01	   3.0464111313466008e-01	   0.0000000000000000e+00	   3.8731261576285692e-01	   4.2005287592317353e-01	   2.8845641869727795e-01	   4.0245949468378583e-01	  -1.5767547458700770e-01	   1.5934911451115125e-01	  -1.0843647162389546e-01	   4.1808944920390678e-01	   4.9154407216922918e-01	   3.6161791264153720e-01	   2.2279773037421799e-01	   5.3921277652182154e-01	   5.4107090530628299e-01	   4.3547571385459954e-01	   3.9113165160076724e-01	   6.4485193252176354e-01	   5.6761122925183027e-01	   5.4602669814167493e-01	   2.5894095031158959e-01	   7.2080490941458064e-01	   7.3924689040701863e-01	   2.5784558221319583e-02	   1.4837405452405464e-01	   5.3078320523740274e-01	   2.4301396149057647e-01	   5.4399774193873562e-01	   5.4917847849489743e-01	   7.0431300373331407e-01	   5.3897865634662034e-01	   5.0654378628679952e-01	   3.0962953503568313e-01	   3.7888124701864040e-01	   7.6819976944824231e-02	   3.9650955923334652e-01	   3.8181229230577202e-01	   3.8078877785702035e-02	   3.1350690114408319e-01	   4.9395863678827712e-01	   4.4070292248435061e-01	   4.2663534896219568e-01	   4.1654960597659813e-01	   1.7408287466310279e-01	   2.7521877887023494e-01	   4.8936374482379064e-01	   5.6061152354341859e-01	   2.4029744242635354e-01	   2.8575879163193196e-01	   5.3874283613943297e-01	   5.0587351379587409e-01	   5.5331278540055984e-01	   4.7392807125289527e-01	   6.0881848358379986e-01	   6.7383042000217985e-01	   1.9398672284764631e-01	   2.3926597069372149e-01	   3.3231836269302106e-01	   1.2317212616480175e-01	   3.3080604562959054e-01	  -5.2545938834509434e-02	   5.2376881333809888e-01	   3.8394255988910819e-01	   5.4802809877369696e-01	  -3.0749264210882601e-02	   4.0371457157161983e-01	   2.0449963767315343e-01	   4.1875695628504866e-01	   3.8805694794483314e-01	   3.3959291390031682e-01	   2.0737728444113795e-01	   5.0810973426590433e-01	   4.0789632411724380e-01	   3.9379438337216732e-01	   2.0441400690534522e-01	   5.0372608885101666e-01	   4.0672061390069469e-01	   3.8735622812569231e-01	   5.0429863612820625e-01	   3.6538206683386393e-01	   4.6394311528964272e-01	   6.2499714257465278e-01	   6.9107905457454077e-01	   6.3488488509237473e-01	   6.6780686759803665e-01	   4.9627071936332429e-01	   6.0523694632674430e-01	   5.0144858140660886e-01	   6.5553725504832039e-01	   4.5116066558425838e-01	   6.3170428351369812e-01	   2.2423635141259027e-01	   2.5436075241804518e-01	   3.5770276107533377e-01	   3.6323412252203802e-01	   4.7052746364683340e-01	   4.8929645278656297e-01	   4.0287356853774942e-01	   6.3087604767045469e-01	   2.0829922958711031e-01	   1.7900269113373535e-01	   4.6171582366080482e-01	   4.1863601314778387e-01	   1.4224867155905329e-02	   1.0714912562712517e-02	   7.8824491106420785e-02	   2.1539072922662275e-01	  -2.1811535307498686e-01	   2.3555272267729116e-01	   2.8451137746905669e-01	   3.4821858319447052e-01	   3.2462859267475924e-01	   2.7613273457255677e-01	   3.2782797359867250e-01	   4.4048764231210777e-02	
  -1.1433170958971142e-01	  -2.0419488513283918e-01	   3.8731261576285692e-01	   0.0000000000000000e+00	   3.4409454167657927e-01	   7.0052865858699254e-01	   4.1353937917589956e-01	   6.2370807613062507e-01	   2.4804264897942493e-01	   4.6147001771245255e-01	  -1.5276507921906655e-02	   2.2200657560118384e-01	  -3.6310109917383968e-02	   9.3329824787599769e-02	   1.5087622878234203e-01	   3.5317332275373803e-01	   8.2658886477495183e-02	  -2.8229248908847662e-02	   1.4478517506050800e-01	   2.1658500374705389e-01	   2.9236807784144070e-01	   7.3783267521787793e-02	   1.8218279502616375e-01	   6.1572687848451801e-01	   1.3048824704916359e-01	   3.9927348894984183e-01	   2.0319014554885007e-01	   1.6935345564242016e-01	   2.4483502659082401e-01	   2.6166999496707133e-01	   1.2080603006485001e-01	   3.1763311225687280e-01	   1.1334615503972916e-02	   1.7685746216861875e-01	   1.2007805254544007e-01	   1.8474923683496428e-01	   3.7997718164947202e-02	   2.0879855641025713e-01	  -6.6959865236350710e-02	   2.6391245676476405e-01	   1.3893880769141986e-01	   8.4124882675570292e-02	   2.6486150172556688e-01	   1.6024477484671101e-01	   1.4031489125607990e-02	   8.0699801036385937e-02	   2.9141895652108046e-01	   3.2190008954506283e-01	  -1.7356031061111632e-01	  -1.3370620146251896e-01	   4.5863622486228071e-02	  -2.2724420752230336e-02	   1.1247291473252514e-01	   1.0638442920759891e-01	   1.5968068789816633e-01	   2.6867905899059735e-01	  -8.8274251180906010e-02	  -1.4489203757563451e-01	   1.7996321226359568e-01	   3.6111478802345764e-01	   1.6170138438819459e-01	   4.2659961096816618e-01	   1.8003362891481628e-01	   1.7799961526362573e-01	   2.8542906798081624e-01	   4.5570919073329774e-01	   5.1159471877995555e-01	   6.0569073710105115e-01	   2.0928215362421251e-01	   1.6449508227043652e-01	   1.8000281911781174e-01	   3.3756855672562669e-01	   6.2859807400064499e-02	  -2.9361580195964639e-02	   8.1393543817723790e-02	   4.0869671166853874e-02	   3.2794309574694180e-01	   8.4049078520415474e-02	   1.6734356424379038e-01	   2.7547789063203287e-01	   2.5087607013856428e-01	   1.9010758655127080e-01	   3.4405592098855275e-01	   3.4353795870563841e-01	   3.1750508541642714e-01	   5.7845880174450770e-01	   2.8681036518065117e-01	   3.6177063354003514e-01	   1.3075340552822035e-01	   3.8395825830238806e-01	   4.1731621415033926e-01	   3.4027233584242794e-01	   6.2327821035973974e-01	   1.6853581250259653e-01	   3.5147968666639928e-01	   3.1706616707301610e-01	   4.0005161219160629e-01	   3.9059288467247000e-01	   2.4472907541361669e-01	   2.7616586063560489e-01	   6.6647635570606145e-01	   3.7953980497905715e-01	   3.6647196225029077e-01	   3.4179342934497947e-01	   2.3607470649222104e-01	   2.0414769544998346e-01	  -8.6370703830479970e-02	   2.7686777740556540e-01	  -2.1201471078590214e-01	   6.5462680672526294e-02	   1.8874962126105016e-01	   5.0312362353194487e-02	   3.8463073238772322e-02	   2.1202385963163553e-01	   3.4909211295253373e-02	  -2.8644724106274642e-03	
  -2.5973735701473953e-02	  -1.1532159518894150e-01	   4.2005287592317353e-01	   3.4409454167657927e-01	   0.0000000000000000e+00	   2.5655203217832545e-01	   3.6952184866248738e-01	   6.6472797833921349e-02	   4.3947953407863316e-01	   1.9531677989848544e-02	  -4.2543860203185201e-02	  -2.8175828798172979e-02	   5.0721672085581176e-02	  -1.6420935884932923e-02	   2.4356044442265895e-01	   5.6869915790671646e-02	  -1.2535680559337772e-01	  -6.0287617519376682e-02	  -1.0599667256364925e-01	  -5.3026382068284250e-02	   3.0331937075758686e-01	   1.2151534863336874e-01	   5.4141685836364739e-01	   2.9634075961299572e-01	   5.1420360191334702e-01	   4.6099423738566075e-01	   4.9700043702749441e-01	   1.6768594447602633e-01	   1.2749304478676463e-02	  -1.6360847059373289e-02	   4.1098951564538388e-01	   5.1534148192736440e-01	   8.3194588684108853e-02	   1.0677751580282738e-01	   5.9036546489277708e-01	   5.1146622668281005e-01	   2.0495865185774034e-01	   1.6686940337796108e-01	   2.1910907787595421e-01	   2.7879482137795203e-01	   1.4655368273214650e-01	   1.0815604929285251e-01	   3.7986146638724475e-02	  -3.4252008517966660e-03	  -3.9809361926412615e-02	  -1.1246453121563016e-01	   5.2166755427871400e-02	   6.4738209493402865e-02	  -1.8675688892236159e-01	  -1.9044025146988688e-01	   1.5719799342950541e-01	   4.6894021385976009e-02	   1.2205263939540054e-01	  -3.3027374573102730e-02	   1.5482376673940362e-01	   9.7375822365446257e-02	  -7.1087656784277281e-02	  -5.6210043445891186e-02	   4.4496261344592591e-01	   1.0716386394597299e-01	   2.6701819839344632e-01	   1.6348944401537657e-01	  -8.0685454966491557e-02	  -3.8276893983781667e-02	   4.9650367549996893e-01	   4.9098331458361244e-01	   3.9845055827274545e-01	   3.9526714698434517e-01	   3.7458732284486604e-03	  -1.9171074241195938e-02	   1.3700078162582718e-01	   7.9878058941362740e-02	   1.0922102787628984e-01	   4.5675641512546980e-02	   8.2892989389830335e-02	  -1.1808450401378301e-01	   1.7743236224194697e-01	  -3.0698385029541496e-02	   3.7130635653869704e-02	   1.1393596561808381e-01	   2.4931627301496347e-02	   1.1248169761713687e-01	   3.2223827453251488e-02	   7.0196871396127319e-02	   1.7866884525782672e-01	   2.9098202615074426e-01	   9.5502008918251918e-02	   1.2182326125948478e-01	   3.6018123044953898e-01	   2.2222343991893867e-01	   9.4314150412054126e-02	   3.9772039669273018e-01	   3.0851086702718711e-01	   4.2227914758987173e-01	   2.0953623896253115e-01	   1.9092441810742328e-01	   2.6128695087065379e-01	   3.1067694527518885e-01	  -9.3116947440581785e-03	   2.2900659066191448e-01	   2.8125858832972978e-01	   4.1339063548546678e-01	   1.6754998939071633e-01	   1.8273879154791678e-01	   1.3916414198421556e-01	   3.1239067619129679e-01	   2.4414978569944490e-01	   2.9584382615444443e-01	  -3.6084752624793526e-01	  -1.2384310429789215e-01	   3.1651017657502045e-01	   1.1235988046501330e-01	   4.0898020331779927e-01	   2.7310423344068108e-01	   2.4160105039746099e-01	  -1.1135423908584988e-01	
   9.1493868298092987e-02	  -2.5404164067219120e-03	   2.8845641869727795e-01	   7.0052865858699254e-01	   2.5655203217832545e-01	   0.0000000000000000e+00	   4.5443076592367815e-01	   6.6174057339067893e-01	   3.5281347057956008e-01	   7.6021348251029042e-01	   3.6041783217117140e-01	   5.0798665432696810e-01	   2.9137817057523752e-01	   4.9851671536398706e-01	   3.6789699498455741e-01	   5.9277111096519963e-01	   2.7210768282478859e-01	   1.3701058631925500e-01	   7.6292246096098457e-02	   2.3046752076269428e-01	   5.8611786284555462e-02	   2.1736932100116077e-01	   2.3281274087907738e-01	   6.7082112616585776e-01	  -1.5837580645916066e-03	   2.5269401722503593e-01	   1.2372262767069846e-01	   3.1614070227219154e-01	   3.1627511609876890e-01	   4.1221578212239751e-01	   7.1739541088609221e-02	   3.2561208481068504e-01	   1.8232351696980295e-01	   3.1414453532651193e-01	   4.5892535463598727e-02	   8.7389927406480397e-02	   1.2975670646234036e-01	   1.9861985345556621e-01	  -5.5104163345629051e-02	   8.6615110380453553e-02	  -7.9490779503956166e-02	  -5.3104380796794581e-02	   4.6573056551361258e-01	   3.5400590789346009e-01	   3.0460568770166407e-01	   2.9408807313432384e-01	   4.2353723161678491e-01	   4.0788148316351103e-01	   1.3595262793709975e-01	   9.4599275269440203e-02	   2.5527758884095020e-01	   2.2302302876238514e-01	   2.8732754031456431e-01	   1.4265781878096645e-01	   2.8290102091855207e-01	   3.0386926705831030e-01	  -1.5684638271848916e-02	  -5.1433264143672611e-03	   3.2479123706988067e-01	   5.5933924514045341e-01	   3.7749072750481433e-01	   5.8578464869316060e-01	   4.3910932923254825e-01	   3.9195659289045548e-01	   4.0129077003680247e-01	   3.8262583832506158e-01	   4.2752848504961893e-01	   4.9329502316835183e-01	   1.0535189445832382e-01	   1.1374044371737976e-01	   2.0959633812467970e-01	   4.1793056921645177e-01	   1.4539298306745324e-01	   9.6427065529733985e-02	   1.6994162536922330e-01	   1.6015463995075388e-01	   3.0376440408558186e-01	   1.5907905110757486e-01	   3.8791001405415504e-01	   3.1567566764542576e-01	   3.7934950742570223e-01	   3.8868527940992220e-01	   2.4589141169565470e-01	   2.3753793690856770e-01	   4.7938173067605111e-01	   6.0504448253471432e-01	   2.0485720091951931e-01	   2.8574394434979300e-01	   3.0865408740431366e-01	   4.3348351150412245e-01	   4.6260362674184452e-01	   3.6058120751491496e-01	   5.8034298590809996e-01	   1.7686107634085727e-01	   8.7937681955581742e-02	   1.6515757405373735e-01	   1.9030545885217093e-01	   2.3188922176183130e-01	   3.6714937675821530e-01	   4.1462734826636338e-01	   6.0155723779170356e-01	   4.0735931633865385e-01	   2.5002428379654840e-01	   4.8149240810700555e-01	  -3.0154054920803058e-02	   3.8499614047468378e-02	  -1.2106417654061138e-01	   1.0545835939496020e-01	  -1.2384527182937385e-01	   1.8365731647694528e-01	   2.7582417433549450e-01	   3.2246877006628349e-01	   2.3341610304957822e-01	   3.9187238178948280e-01	   1.8360275067312734e-01	   1.0687471119876968e-01	
   1.3943964369563955e-01	  -1.9067993402890223e-02	   4.0245949468378583e-01	   4.1353937917589956e-01	   3.6952184866248738e-01	   4.5443076592367815e-01	   0.0000000000000000e+00	   5.4399088871536294e-01	   4.6296962636623840e-01	   1.7486385610221297e-01	   3.1351998417228150e-01	   3.1559600353959361e-01	   5.4508899318305826e-01	   3.8624942160058956e-01	   5.1677095300036646e-01	   4.5823313408412697e-01	   2.2757338526255638e-01	   6.6491365706744215e-02	   1.0184831492921625e-01	   5.7808128765866454e-02	   3.7840681265034165e-01	   2.5047453117534191e-01	   3.4614303338648245e-01	   3.7345750861489085e-01	   1.8680415003182849e-01	   3.1656697247265875e-01	   1.7758635748538984e-01	   4.9897162461113165e-01	   3.9000193010751544e-01	   4.2211169375149388e-01	   3.5281378608089159e-01	   5.5135823353391444e-01	   5.4545065238814749e-01	   6.0741657385181935e-01	   9.8439140542657122e-02	   1.5417273997889688e-01	   3.5694341604439989e-01	   1.9469720964433268e-01	   2.0687820862346268e-01	   1.4312343110155618e-01	   2.7503216193695446e-01	   1.6524582499679752e-01	   4.5155711747390037e-01	   3.4467588724768217e-01	   2.2535565752938913e-01	   1.1118154665701946e-01	   3.7003158882924270e-01	   3.9936907269392419e-01	   5.0623767392582841e-02	  -4.2663440100927819e-02	   2.3783150711334500e-01	   2.0046014927661407e-01	   1.4944097302985945e-01	   5.4548483636785244e-02	   3.6404628195017491e-01	   2.6520566815929558e-01	  -1.0639410472263361e-01	  -1.9101268791031750e-01	   5.4661875103450086e-01	   2.5762177703613021e-01	   4.9638121509394662e-01	   2.3866640979323733e-01	   3.9068718651600060e-01	   3.6599513743407686e-01	   2.1783482120874667e-01	   1.9619542729710826e-01	   6.9437809286973506e-01	   5.0704883500897557e-01	   8.2795447335031358e-02	   5.6971924745304388e-02	   2.9142746684597232e-01	   1.2638298490169364e-01	   2.8489239253425336e-01	   2.0271951657894946e-01	   3.2969882494295732e-01	   2.5186649081282420e-01	   6.0082946296030315e-01	   3.3847364883534403e-01	   2.7118997249749743e-01	   2.7711402861606876e-01	   4.4768327781632361e-01	   4.5275448106134952e-01	   3.2896622998148206e-01	   2.2113887190511036e-01	   4.5857186980187614e-01	   5.0469983230509685e-01	   2.1768831145717518e-01	   1.9102148181401765e-01	   5.3275331089889189e-01	   2.7057064523056462e-01	   3.5223520526817925e-01	   3.5385974749632776e-01	   4.2755972695960448e-01	   2.2692528522157263e-01	   9.5315855700149998e-02	   2.1205983575092316e-01	   3.2463213233248889e-01	   1.9250175965172694e-01	   2.9572131198706392e-01	   3.3764965318581908e-01	   4.9913490253888720e-01	   4.8270612659075207e-01	   3.3080537129471199e-01	   5.0692281241697357e-01	   8.7995578868199226e-02	   2.6949094132749490e-01	   2.3483331460996119e-02	   1.3200417742869389e-01	  -2.8960643359601335e-04	   2.2576036842658875e-01	   4.5999779662896523e-01	   3.1261043732869270e-01	   2.5187595737151730e-01	   1.7304711580502774e-01	   3.8046823835673221e-01	   1.0547130320246179e-01	
  -3.2613554398310714e-02	  -1.3215889360434774e-01	  -1.5767547458700770e-01	   6.2370807613062507e-01	   6.6472797833921349e-02	   6.6174057339067893e-01	   5.4399088871536294e-01	   0.0000000000000000e+00	   2.9222685486392685e-01	   5.9460437196880744e-01	   1.1596967766777758e-01	   2.7387095023161617e-01	   1.9088047500357808e-01	   3.7228004391954816e-01	   1.7164411405561322e-01	   3.3873146386381792e-01	   9.1263391758654749e-02	  -5.9531257679366650e-02	  -1.4059445781612762e-01	  -4.8527476113750440e-02	  -6.5017718106308256e-02	   3.5217964793520323e-02	  -2.1778328133408625e-01	   2.3497088823880335e-01	  -9.9222813720487635e-02	   2.0654103446740585e-01	  -2.4630390950905501e-01	   1.2538684009848136e-01	   1.9165367997100113e-01	   2.3802156329693183e-01	  -2.4873621734712548e-01	   1.0140884319681573e-01	   1.4654794251650075e-01	   4.1524792489249690e-01	  -2.5824542946465628e-01	   1.3241676691106694e-02	  -3.9847137201307774e-02	  -6.0515958332289344e-02	   2.5190949645056862e-04	  -4.0725174122817051e-02	  -8.5612277497800995e-02	  -6.3313306206234099e-02	   2.3208931378018202e-01	   2.0414617332389318e-01	   2.0922355074164478e-01	   2.0397002684501184e-01	   2.4867676992413146e-01	   1.9750480506403673e-01	   1.7151903511425544e-02	  -1.1643156163273497e-02	   6.3092654198626530e-03	  -6.9981569493483119e-03	   6.0001780733195363e-03	  -2.6861273923225907e-02	   7.2763866351513426e-02	   1.9354415565365619e-02	  -1.2634613528801927e-01	  -2.3588561217288107e-01	   2.6469478836809190e-01	   5.1054735237930404e-01	   3.3396965062896250e-01	   6.4346636854811379e-01	   2.1444307587586003e-01	   3.2124372919068939e-01	  -8.8840221391079693e-02	   3.8953103170422437e-01	   3.8713280696188135e-01	   5.3893837400244804e-01	  -1.3004584452425017e-02	   2.0798862070361371e-02	   8.5745746394234990e-02	   2.3289631050981532e-01	   5.2932492245378378e-03	   2.2472509282953065e-02	   1.0695021530581947e-01	   2.0518390272077661e-01	   2.6640589812538695e-01	  -3.1038014979776631e-02	   1.7690691233977499e-01	   1.1562520264558046e-01	   2.8841156653196653e-01	   2.1957386019157532e-01	   1.1072667690120538e-01	  -1.4061120918255735e-02	   1.4309315967429109e-01	   3.3679342867554313e-01	   4.3772852079461494e-02	  -3.9022587942469225e-02	   9.1853126560305642e-02	   1.1951652588101452e-01	   2.9988729720974350e-01	  -7.7912888299419364e-02	   4.5124522074649859e-01	  -1.0178367819207941e-01	   3.5598896877996923e-03	   1.1061584475958000e-01	   8.7167947667734336e-02	   3.9952241634476512e-02	   2.7918932756923509e-01	   7.3504107337415261e-02	   6.1484084543258999e-01	   2.9292804909204911e-01	   1.6162371333336031e-01	   3.1111979141966262e-01	   2.4287530385000408e-02	  -4.3835656435973923e-03	  -1.5407595864593004e-01	   2.1252705983396195e-02	  -1.3747309429128968e-02	   7.4430364994049897e-02	   1.1006807304398947e-01	   1.1328905732743086e-01	  -5.3278324850061898e-02	   3.7880751743708869e-02	   1.7011110381858617e-02	   1.5156761180577852e-01	
   8.5300961703375963e-02	  -5.7742392053785840e-02	   1.5934911451115125e-01	   2.4804264897942493e-01	   4.3947953407863316e-01	   3.5281347057956008e-01	   4.6296962636623840e-01	   2.9222685486392685e-01	   0.0000000000000000e+00	   3.9217561406573564e-01	   5.8519673701026502e-02	   1.1700311655060239e-01	   3.2778797698874229e-01	   3.5612434776675250e-01	   4.0069294091960300e-01	   2.5060320275400738e-01	   2.0025709787593014e-02	  -4.0438300037934242e-02	  -1.9222835503703117e-01	  -1.7887049146288311e-01	   1.1601793374479820e-01	   1.7732462500308904e-01	   3.1243266471019693e-01	   2.0406953259411456e-01	   2.0149401882723514e-01	   1.4090650581318112e-01	   1.1722759839515810e-01	   1.9694799408863997e-01	   9.8491705438912003e-02	   5.9693483922018280e-02	  -6.4001870038337613e-02	   8.8877762995580534e-02	   7.3711809478343035e-02	   1.4855363372863245e-01	   1.6289059646144211e-01	   2.5269019125973768e-01	   1.8711818825362944e-01	   2.4025059358759968e-01	   3.1072352466075598e-01	   3.5360079715379411e-01	   4.9365772877334083e-02	   3.6305989373904356e-02	   1.1070538168448077e-01	  -2.7530077303614398e-02	  -1.5482327673770435e-01	  -1.8327392945973081e-01	   1.0963742577196417e-01	   4.5589707849872395e-02	  -1.3690528751132089e-01	  -1.8429611033049564e-01	   4.0499936913053945e-02	  -3.3662427574674561e-03	  -1.2695454602255456e-02	  -8.4255181415778646e-02	   1.6753591282615082e-01	   4.8258750325527726e-02	  -3.6929828271383636e-02	  -5.0165917909026733e-02	   4.7794068699404862e-01	   3.1170528136520181e-01	   3.7064984496443976e-01	   3.1295359736071182e-01	  -4.3918658812935656e-02	   1.9256570946356157e-02	   2.1554861445485557e-01	   4.1249034083495884e-01	   2.4562104633233875e-01	   1.8267213085201961e-01	   1.4605824977024051e-01	   1.6250065777286954e-01	   9.5212905362204753e-02	   7.9811208078012064e-02	   2.7347128119782984e-02	   2.3955421181201891e-02	   1.7511970110575201e-01	   1.0348619197427099e-01	   2.5602571778369781e-01	  -1.9020676170913301e-02	   1.5404706538528434e-01	   1.8444855469898017e-01	   1.7776984871341123e-01	   1.3190304196561375e-01	   7.5890733100132876e-02	  -1.1427321200683496e-03	   1.7215999322329445e-01	   1.4094734748335080e-01	  -1.1903557953547170e-02	   3.0521612437569279e-02	   5.1238205661506486e-01	   2.9980368065376384e-01	   1.9822382632402876e-02	   3.3467421674716447e-01	   2.3763264558869937e-01	   3.1292361304990368e-01	   1.5339121399468697e-01	   1.6376000847216210e-01	   2.3245318598611459e-01	   1.7672822456971962e-01	   7.3708974338581052e-03	   1.4038460349822088e-01	   2.3303270047314717e-01	   3.5067895770125529e-01	   5.9480933685118351e-02	   2.1036213621137678e-01	  -1.8304029013080956e-02	   2.8343707068655438e-01	   6.3443121580083361e-02	   3.2172210151720393e-01	  -3.3306228972840252e-01	  -9.1779272696382280e-02	   2.1708044540273319e-01	  -1.6586310127804377e-01	   6.9198672226515850e-02	   1.9818383620308247e-01	   1.4100729437525544e-01	  -1.2063427232477296e-01	
  -2.8000049511584368e-02	  -1.2526651150643800e-01	  -1.0843647162389546e-01	   4.6147001771245255e-01	   1.9531677989848544e-02	   7.6021348251029042e-01	   1.7486385610221297e-01	   5.9460437196880744e-01	   3.9217561406573564e-01	   0.0000000000000000e+00	   1.3672510793096335e-01	   2.1768274683283173e-01	   6.9487291243796795e-02	   3.9502566366523373e-01	   4.6784460301014373e-02	   3.0258233469353024e-01	   3.4277869586902689e-02	  -3.7091800718300261e-02	  -2.2605883866959822e-01	  -9.7482128226568585e-02	  -1.7187379675058295e-01	   1.0507340080580399e-01	   2.9374364321119957e-02	   3.3970432052079613e-01	   5.6444634454298814e-02	   1.8073358295075043e-01	  -4.2187955937256893e-03	   1.2475911621018194e-01	  -3.5428688007417698e-02	   4.9009168607798165e-02	  -3.2350150963293922e-01	  -1.5167069735034046e-02	  -7.6504333046258810e-02	   5.7919009354570380e-02	  -1.6739977644032716e-02	   1.5405273979297637e-01	   3.1405997318507510e-02	   1.9317841131372837e-01	   1.5188067181182280e-01	   6.6679961635335294e-02	  -3.0660256937048580e-01	  -1.9452683257615427e-01	   1.9100832614621646e-01	   1.0854543189513484e-01	   1.9840295526665480e-01	   1.3120324919793958e-01	   1.4446781062989317e-01	   1.2025550584066254e-01	   8.9419846379399981e-02	  -4.4534972701302192e-03	   3.0110653831667319e-02	   1.0782013509417425e-01	   5.2537385424311890e-02	  -2.3663884501588347e-02	   5.6834107776796067e-02	  -9.2593654113738415e-03	  -4.8638868482380318e-02	  -1.0104386553225656e-02	   2.2935200962847102e-01	   5.4553309355838775e-01	   2.1780361573007281e-01	   5.9398873850126188e-01	   1.1689287457538658e-01	   1.0074463509798874e-01	   2.0464110984788478e-01	   5.1690789097637135e-01	   1.8339889475567295e-01	   3.4703179227192921e-01	  -8.5506440386439495e-02	  -2.3459581822906823e-02	   7.2977535920746489e-02	   2.8730994260290810e-01	  -1.2018636706397173e-01	  -6.1998823018028469e-02	   1.4810401046726908e-02	   9.3461326174568593e-02	   9.8269855368771173e-03	  -1.2705047918050880e-01	   2.2026813236786230e-01	   7.0514353512202088e-02	   1.7450108481674026e-01	   1.1727988834691866e-01	  -9.4871383935765968e-02	  -1.1089645561146803e-01	   2.3256798413637408e-01	   2.5877273166873449e-01	   6.9963963284256664e-02	   7.6982765744130766e-02	   2.3842830183698716e-01	   2.9037240289470717e-01	   1.9452454298998845e-01	   1.5209477315107922e-01	   4.1629068715186857e-01	   1.3249326877609738e-01	  -3.6861575808471714e-02	  -7.0909703945671388e-03	  -3.3613928830537369e-02	   2.1478279729492126e-02	   5.9254514152837487e-02	   4.3276923883139265e-02	   4.2400475847636471e-01	   3.1098836178805789e-01	   5.5391479837421055e-03	   2.4868318912537923e-01	  -6.4718800246410135e-02	   6.2234101685088278e-02	  -6.4333786600990442e-02	   1.1239184811511066e-01	  -4.6458829378543794e-02	   8.6431314635974019e-02	   1.3932294536143480e-01	  -2.3287259119973931e-02	   3.7407742797371427e-02	   2.2718986790740947e-01	   3.5918484002083154e-02	  -5.0765694006065662e-02	
   6.0225624730888905e-01	   5.4762792761865087e-01	   4.1808944920390678e-01	  -1.5276507921906655e-02	  -4.2543860203185201e-02	   3.6041783217117140e-01	   3.1351998417228150e-01	   1.1596967766777758e-01	   5.8519673701026502e-02	   1.3672510793096335e-01	   0.0000000000000000e+00	   8.4414740773834884e-01	   8.2928533177128694e-01	   7.1308547027394209e-01	   6.7572748012398498e-01	   6.3669270727212501e-01	   6.6054815912912845e-01	   5.3117883608517036e-01	   4.4727280719677187e-01	   4.0298993993236781e-01	   7.2495228570005371e-02	   2.2273369214270922e-01	   2.4373827458559694e-01	   4.2643758873711624e-01	  -5.0350513740945779e-01	  -3.8415442344432787e-01	  -1.4835554125445938e-01	  -9.0691659276112384e-03	   6.8453223458044055e-01	   6.9429661673672205e-01	   2.2097630651903627e-01	   2.1062892659077154e-01	   5.6502262903165801e-01	   4.2323864629434466e-01	  -2.2458133730836866e-01	  -3.6352830239240597e-01	   2.3332559020110588e-01	   1.2718158698479257e-01	  -2.3079289461748345e-01	  -1.2817120805215837e-01	   2.4361566693094042e-01	   2.8770949851966093e-01	   4.2924333369445095e-01	   5.8109356769549037e-01	   3.4561248276129974e-01	   4.1618989242459653e-01	   5.0834550463979133e-01	   5.6378563681489913e-01	   4.6002822243485375e-01	   5.1978593315262289e-01	   5.5750161182192692e-01	   6.9960789936871570e-01	   5.7027962650988429e-01	   4.5255488204998306e-01	   4.8208685033410870e-01	   5.2826036223542971e-01	   2.6702630902492525e-01	   3.0524181166652875e-01	   1.2184277378601943e-01	   3.0303611357528859e-01	   4.2635324077668452e-01	   1.0767164378011373e-01	   7.4176271552524775e-01	   6.3795070109651397e-01	   1.6822936939868488e-01	  -3.0959038048307297e-01	   1.8217592578550379e-02	  -1.5506327608038284e-01	   1.8700678590762532e-01	   1.2932589432717931e-01	   3.3456896735542452e-01	   2.9727547507285185e-01	   6.8231756642792840e-01	   6.6570653172122973e-01	   6.0817920159367567e-01	   5.7445405952679152e-01	   2.8026414382740050e-01	   4.5812160862668827e-01	   6.1997811530712199e-01	   5.5587954164222131e-01	   6.1427126023621292e-01	   6.2642740507741035e-01	   4.3842389055369407e-01	   3.7489338829481450e-01	   5.6696984685560359e-01	   5.1339826109659770e-01	   2.9223364770864757e-01	   1.5334760701955813e-01	   3.2038075760090751e-01	   4.6484545462767723e-01	   4.4142354178752985e-01	   2.9504189457796920e-01	   1.4506931914974244e-01	  -6.6565863257887811e-02	   4.3936946072441613e-02	   2.4039146000259920e-01	   1.2456282748949897e-01	   1.5787344516542295e-01	   5.2897465861280435e-01	   5.1376407220524412e-01	   2.3477904322004139e-01	   3.9097294709618910e-02	   2.0154471565280835e-01	   2.8479571444911944e-01	  -3.7076387129104216e-01	  -4.5003741696467842e-01	  -1.3164076098604438e-01	  -2.5619612748732001e-01	   2.4799617081689034e-02	   4.9944655462208998e-01	   1.4300662751542867e-01	   4.8268371481277383e-01	   2.5042753724202776e-01	   1.9607180575244693e-01	   2.8574591544926531e-01	   2.1964349819358570e-01	
   5.3370275255798971e-01	   5.7194791995182470e-01	   4.9154407216922918e-01	   2.2200657560118384e-01	  -2.8175828798172979e-02	   5.0798665432696810e-01	   3.1559600353959361e-01	   2.7387095023161617e-01	   1.1700311655060239e-01	   2.1768274683283173e-01	   8.4414740773834884e-01	   0.0000000000000000e+00	   6.7093562924694206e-01	   7.3644304277806349e-01	   6.4839860365799040e-01	   8.3157207141441991e-01	   7.1849429652229135e-01	   5.9671019711083828e-01	   5.1124839220525709e-01	   5.6678926086311465e-01	   9.9334691584801960e-02	   2.2775736545730568e-01	   2.5960688589208003e-01	   6.1871120016369296e-01	  -5.5949127439887625e-01	  -3.4152874884796303e-01	  -1.5005584120987636e-01	   8.6069985672218852e-03	   7.3792463435036959e-01	   8.2503586855821276e-01	   2.5969767363644930e-01	   2.4858600572152595e-01	   5.6683774468537451e-01	   4.6672390680607689e-01	  -1.9898134581922783e-01	  -3.3468471896788743e-01	   1.7034872478961305e-01	   1.1254350574471003e-01	  -2.0686753205732572e-01	  -4.9283391486700349e-02	   2.5992303499787761e-01	   3.1196920995576782e-01	   4.4986808629865160e-01	   5.6395122631522354e-01	   3.9431634520884234e-01	   5.1919726558724599e-01	   6.1936274660632795e-01	   5.8534264237475997e-01	   4.6256157192999392e-01	   4.9210997925480210e-01	   5.0815294232298647e-01	   6.0805321739323936e-01	   5.8076917328750000e-01	   4.2338432515575064e-01	   5.2033979760066029e-01	   6.1966358811782762e-01	   3.4247520211654370e-01	   3.4280336150444779e-01	   1.5084140211549613e-01	   4.2069648687276123e-01	   4.9125786394706583e-01	   2.9088407645679004e-01	   8.3198174514811984e-01	   7.6700502685927918e-01	   2.8464690171355927e-01	  -2.0819176177108373e-01	   8.6186987454374905e-02	  -1.1915717467527559e-02	   2.8447280816550680e-01	   2.5466508026940787e-01	   3.6660279599909262e-01	   3.5722397072230128e-01	   6.9042885613408078e-01	   6.8311533966594351e-01	   5.5400187296673764e-01	   5.5183276292378525e-01	   3.5314760554945979e-01	   4.6461513827932605e-01	   6.7634288461747050e-01	   5.9971805657117838e-01	   6.1979663751459890e-01	   6.6378993004361142e-01	   5.5629191675704248e-01	   5.2067717079922704e-01	   6.6586978940254804e-01	   6.7441416129307985e-01	   3.2445283770272659e-01	   3.2189044075809525e-01	   3.4982787670499038e-01	   6.3233905564809623e-01	   5.2240238115929105e-01	   2.8329788463036076e-01	   1.9041890241192666e-01	  -9.9588257251743639e-02	   1.0861878523152854e-01	   2.9332617446271647e-01	   2.1743538956085851e-01	   2.5470592288750138e-01	   6.5612425878035485e-01	   5.6054024824616100e-01	   3.1341341790976052e-01	  -7.2642958284738811e-03	   3.4825394246211755e-01	   3.0691848388930693e-01	  -3.9545412125628665e-01	  -4.4409727094466289e-01	  -1.4708863617263096e-01	  -2.2901306620984810e-01	  -5.6214341787386886e-02	   4.6706194496205611e-01	   1.1226229406993993e-01	   4.8685092873491898e-01	   2.1311120774648618e-01	   2.8056727479118521e-01	   2.7340556562660567e-01	   3.2163207545164207e-01	
   5.2085201115164903e-01	   4.0492687880611777e-01	   3.6161791264153720e-01	  -3.6310109917383968e-02	   5.0721672085581176e-02	   2.9137817057523752e-01	   5.4508899318305826e-01	   1.9088047500357808e-01	   3.2778797698874229e-01	   6.9487291243796795e-02	   8.2928533177128694e-01	   6.7093562924694206e-01	   0.0000000000000000e+00	   7.8338606951838208e-01	   8.1866384298308958e-01	   5.7956055025497699e-01	   5.0516943154871241e-01	   3.8035159913225514e-01	   2.6500792894644626e-01	   1.7191405072388236e-01	   2.0012244071138463e-01	   2.4358931310827697e-01	   3.0758198923133029e-01	   3.0369098891348351e-01	  -3.7098024263096918e-01	  -3.2318552943919066e-01	  -3.9946009350811676e-02	   1.2283190810871743e-01	   6.5170910181946085e-01	   6.0013992259075022e-01	   1.7949814513655621e-01	   2.3952590813659586e-01	   5.7304993617584965e-01	   4.6617380989495150e-01	  -1.4064371286425706e-01	  -2.8146423549685523e-01	   3.7882689208503983e-01	   1.9932182192674186e-01	  -3.8539343775520804e-02	   1.3494932534311532e-01	   4.0982912006049599e-01	   3.0855385281099268e-01	   3.3814745425078113e-01	   4.0859715457236684e-01	   1.8577907957000087e-01	   1.8303816114193916e-01	   3.9061491500616063e-01	   4.7983994960879761e-01	   2.7764194080920895e-01	   2.9544222551683236e-01	   3.8979078377995907e-01	   4.8807529754742385e-01	   3.5449833433273747e-01	   2.5127745234851717e-01	   5.1338648534173414e-01	   4.5979174609359064e-01	   1.4298048923870826e-01	   1.7619844568307125e-01	   4.1857383611903265e-01	   3.7331504797921133e-01	   6.3496985986106091e-01	   1.9133287512580302e-01	   6.3079050123735469e-01	   5.9108999756655400e-01	   1.4003796938354227e-01	  -2.1132230428383086e-01	   1.9769531219281433e-01	  -6.0115465881915027e-02	   1.2133965957484227e-01	   1.3824437613517110e-01	   3.6708222919896100e-01	   2.1078831692439665e-01	   5.4021216556036611e-01	   5.1912648852410381e-01	   5.8528355749163419e-01	   5.3369232241056974e-01	   3.5798934363405521e-01	   3.7458033778183630e-01	   5.3707309181405405e-01	   5.1081262007742767e-01	   5.6798143814040158e-01	   5.7521204846037910e-01	   4.4265600422159679e-01	   3.0921826903737526e-01	   4.5680667172068445e-01	   4.3939081542086833e-01	   2.1199847427272503e-01	   1.2788240012001589e-01	   5.4122413421161319e-01	   4.7844271250566262e-01	   2.9996150646115172e-01	   3.5613877689260620e-01	   1.5584924705550995e-01	   7.7601115832781120e-02	   1.5696202090478056e-01	   2.9351829051961037e-01	   2.4042174064599908e-01	   1.9954252229417974e-01	   3.6383930798402003e-01	   4.7293329680519469e-01	   2.3529160478044026e-01	   1.2822552136950438e-01	   1.8702291504263896e-01	   3.5671182698437731e-01	  -2.6185612713299705e-01	  -3.0587661094147289e-01	  -6.8974083718484278e-02	  -9.0236683148494909e-02	  -8.3932271140914533e-02	   3.0899185580144295e-01	   1.5349385373826105e-01	   3.1410987746648028e-01	   2.0057593340736440e-01	   6.3863376116058551e-02	   2.4925537414383847e-01	   6.2136918409665856e-02	
