   0.0000000000000000e+00	   8.0792225024812903e-01	   2.9732823668906339e-01	   2.9014976097805018e-01	   1.6017225017221948e-01	   3.9869432185814035e-01	   5.1995204373097226e-01	   4.0761260004265576e-01	   3.4029166709046899e-01	   4.8469093946306757e-01	   6.6141411388621529e-01	   7.0016178202674095e-01	   6.6238675933161262e-01	   6.2633257490930050e-01	   4.4003776175902376e-01	   3.4094982729233925e-01	   6.4556748950414788e-01	   5.8558718887820604e-01	   6.1289403331744996e-01	   5.1392512886228059e-01	   4.0253603151774647e-01	   4.9826801439653490e-01	   1.4720639159547358e-01	   9.6372965257018203e-02	   6.1766804740834465e-03	   3.5415996750652629e-02	   1.6541250379112429e-01	   4.0231141723282682e-01	   6.0564575952014155e-01	   6.2320692139822009e-01	   3.2126198890695346e-01	   3.6902389382046452e-01	   5.6674775709348646e-01	   5.0974528315407452e-01	   1.0380620445742075e-01	  -2.0534021601980784e-02	   3.9380060380553045e-01	   4.0236464020132356e-01	   3.2162447563888119e-01	   3.9232366239948602e-01	   4.7764359474401014e-01	   3.1278976117329771e-01	   2.3784710339474557e-01	   2.7557850311876642e-01	   1.0535784026659720e-01	   8.0631820585954556e-02	   3.4474596183567907e-01	   3.6190777087214632e-01	   2.0354572386489417e-01	   2.5383624911043218e-01	   4.0849143284381895e-01	   2.6322191966732439e-01	   5.5464052411248899e-01	   3.7391249587596442e-01	   5.8175547771404046e-01	   4.5705487413575091e-01	   8.5876367412304888e-01	   7.6875891690341691e-01	   6.3234566583273866e-01	   5.2625274582577231e-01	   6.4006714151555433e-01	   5.2105318642638365e-01	   6.2505596863288204e-01	   5.8095561489803949e-01	   5.7857489556971266e-02	   1.2239384343922333e-01	   8.8135311001637212e-02	   7.5644904796244583e-02	   6.5216603728374711e-01	   1.3869945969869604e-01	   4.2057135410899793e-01	   3.4245781705199729e-01	   3.6397032119337147e-01	   4.4966262929878142e-01	   3.7073626793705655e-01	   3.6607519501137020e-01	   6.7840667257532372e-01	   5.8902292755548624e-01	   4.8631072012681531e-01	   5.1389208119868690e-01	   6.6601153578583627e-01	   5.9479792020061195e-01	   5.3101326116956660e-01	   2.6290883386793501e-01	   5.1579656244001404e-01	   4.9622778570519754e-01	   1.6691388529576792e-01	   2.6295732051776793e-01	   6.6704092602653153e-01	   6.6109613950039692e-01	   2.5859404552084875e-01	   3.8190039532149211e-01	   2.4483916861762584e-01	   1.8336227102875358e-01	   4.7209100573910567e-01	   2.4207471471384312e-01	   5.7285331015831864e-01	   5.1251642137585429e-01	   5.7705908132988570e-01	   6.0949399265716764e-01	   3.2670139406200815e-01	   3.4918605067822622e-01	   4.4249702341323860e-01	   6.8616203115716268e-01	   2.6860126242257143e-01	   4.3061636413198479e-01	   2.3306335110404591e-01	   3.1788145783533223e-01	   1.5970593732316923e-01	   5.4235490319471114e-01	   4.7103108679426842e-01	   6.2735102467652126e-01	   3.7595146873366658e-01	   3.6112459344194303e-01	   3.4657781642224322e-01	   1.6456660158634018e-01	
   8.0792225024812903e-01	   0.0000000000000000e+00	   2.8784880731045653e-01	   2.2913016521098736e-01	   1.0084257272857347e-01	   3.0808167427937244e-01	   4.5667199756497684e-01	   3.7118826038431724e-01	   3.0532651735156213e-01	   5.2298745474476005e-01	   5.3882303327270331e-01	   7.2348730661329119e-01	   6.9550936444259603e-01	   6.3191694906147866e-01	   3.9716332050714465e-01	   2.5311247764726669e-01	   5.8459626511923812e-01	   5.8412839920147963e-01	   4.9607068308943980e-01	   4.9159116512743561e-01	   4.2793781160529798e-01	   5.1382801450864346e-01	   2.1405097635995021e-01	   8.7753998319864385e-02	   8.8417992417335264e-02	   1.6864881158627647e-02	   1.4170607389745254e-01	   3.6220959661235785e-01	   5.8615753208446786e-01	   6.1824077808365208e-01	   4.3216994634513328e-01	   3.8214162960229081e-01	   6.5376614435601077e-01	   6.0587574120988041e-01	   2.2153367355260714e-01	   5.1627366788185136e-02	   4.7080270176619565e-01	   5.4430560962058405e-01	   3.9485026745829543e-01	   5.0367722521855673e-01	   5.3676284627255866e-01	   3.9329199735098341e-01	   3.4735980729428484e-01	   3.2432058174658229e-01	   3.1058158140687797e-01	   2.1058635711291251e-01	   3.4556104894183926e-01	   3.1803738235525919e-01	   1.8135805850916492e-01	   2.2363457871204476e-01	   3.8634187890713378e-01	   1.7409109150790980e-01	   4.4022558671772799e-01	   2.3332791494747279e-01	   4.9894725528340583e-01	   4.1386086969615127e-01	   8.5161170089088434e-01	   9.0224362269085845e-01	   5.0012587255835594e-01	   5.5380167055352914e-01	   7.0806843928991936e-01	   5.3083311026082924e-01	   6.5495375605883277e-01	   6.4496554953545848e-01	   1.5032200568472043e-01	   1.0531234895978224e-01	   2.2311329824380532e-01	   1.2431716382521581e-01	   6.6958534468999498e-01	   1.6347107087003887e-01	   4.0527087799771494e-01	   3.0901747456850193e-01	   4.1941896391870775e-01	   5.3158614470619914e-01	   5.0415487545612248e-01	   5.3378990856133712e-01	   7.0922001153641467e-01	   6.2756263553252101e-01	   4.3116261884227525e-01	   4.3223937726351680e-01	   6.0473287705073786e-01	   5.1432695581637811e-01	   4.9753642105452944e-01	   2.6383774251402720e-01	   5.0867358836541343e-01	   4.7302890026904842e-01	   2.1349471197120284e-01	   3.9937443406883599e-01	   7.2419053652459220e-01	   7.1557201405783410e-01	   2.0268985113937485e-01	   2.7858400821917861e-01	   3.0970977330555505e-01	   2.0704306405652212e-01	   4.9605150804206488e-01	   2.8851839690526315e-01	   6.4010368473236956e-01	   5.7927506934077932e-01	   5.7646599444450897e-01	   4.8564550194687278e-01	   4.7942365748820115e-01	   4.0819647389964836e-01	   6.2819389103214573e-01	   6.3103652434968061e-01	   2.6706128952986968e-01	   3.8829644578290162e-01	   2.5326757062760202e-01	   3.1357333235946228e-01	   4.5421527234944747e-02	   5.5531763457912930e-01	   5.6207607100529255e-01	   5.7101844654802469e-01	   3.2798603937569737e-01	   3.4189980092285011e-01	   2.8923476449947905e-01	   1.1310454019489405e-01	
   2.9732823668906339e-01	   2.8784880731045653e-01	   0.0000000000000000e+00	   6.9049706266096345e-01	   7.4634704298167187e-01	   3.8320651045261334e-01	   7.0912803659178447e-01	   5.3372811156523214e-01	   3.8310600552197188e-01	   3.7843953017839704e-01	   9.1015743052456272e-02	   1.3003318291852217e-01	   4.8443525065051098e-02	  -6.0769717469295525e-03	   3.2955961818241869e-01	   3.7902437385562332e-01	   2.3759704952929842e-01	   1.8602128475583285e-01	   2.3599727631647222e-01	   2.1193807272588855e-01	   6.4039529283570151e-01	   4.5079588507941909e-01	   7.8809086926057692e-01	   5.7796320360121656e-01	   7.3552446590614007e-01	   6.9617905343756992e-01	   6.3883359251245553e-01	   4.0089405038293802e-01	   1.1718534036338235e-01	   1.1397247296709258e-01	   5.2347403241013479e-01	   6.5979232231121632e-01	   4.5308549029731643e-01	   5.6903209468512461e-01	   6.8641065139191970e-01	   6.0293033362956527e-01	   5.4344480016052266e-01	   4.7046293262854721e-01	   4.5709298958670341e-01	   4.2149381181257861e-01	   1.7601206761388677e-01	   1.9543285699433388e-01	   3.8530213065296759e-01	   3.4045075809629727e-01	   4.3101002639554270e-01	   4.3234889229874363e-01	   3.3184795969534164e-01	   3.3033190882392582e-01	   2.4268737123101936e-01	   1.7503897371391031e-01	   3.9967701628892766e-01	   2.7331961507741814e-01	   3.4470835395642030e-01	   1.8437202727876706e-01	   3.7591962076268565e-01	   2.9600792667618370e-01	   3.7228844781371379e-01	   2.3476111306252939e-01	   2.7454929704806696e-01	   2.3940691640424189e-01	   3.2422166705140543e-01	   3.7736038822869677e-01	   3.1975735421968215e-02	   1.7884837665891340e-01	   6.1835304497565502e-01	   6.2845904897863292e-01	   6.4662728636954081e-01	   6.1102479417507727e-01	   2.1176494946955671e-01	   3.2850927258099022e-01	   5.2677117729154010e-01	   4.9355037255993084e-01	   4.6260458756525108e-01	   3.0776795293492198e-01	   3.7425373091974951e-01	   3.8641538428850264e-01	   4.8603036816970480e-01	   5.6408370562136811e-01	   2.1446562211319134e-01	   3.7810776276093838e-01	   1.5986798162672800e-01	   2.6906200918158391e-01	   1.5539719031300814e-01	   1.2032018350115439e-02	   4.9941250404004023e-01	   5.0391621035063916e-01	   2.5061637318041879e-01	   3.7121549902875434e-01	   4.1323947906208086e-01	   5.3534035344348918e-01	   4.4965051534356193e-01	   4.9076603464234275e-01	   5.3872349064143132e-01	   5.6975096161021666e-01	   4.5574741935842944e-01	   2.7849296090741443e-01	   5.8486827452011814e-01	   3.6736360126539025e-01	   3.3959954955884675e-01	   2.8784343477469720e-01	   5.4016767868743187e-01	   5.9328270805564842e-01	   3.1080797662135012e-01	   2.9904567168717350e-01	   3.9899861937417613e-01	   5.5658938984227535e-01	   3.3152188926785120e-01	   1.4983037463389998e-01	   3.4383673962232358e-01	   2.9653943066973948e-01	   4.7760522025202856e-01	   3.0198095316643747e-01	   2.0466528655910057e-01	   3.3498261014744657e-01	   2.6684099519199861e-01	   2.3566302477212875e-01	
   2.9014976097805018e-01	   2.2913016521098736e-01	   6.9049706266096345e-01	   0.0000000000000000e+00	   7.4142148841106092e-01	   7.6220909779386314e-01	   6.2706000274372631e-01	   8.1894891017822502e-01	   4.5829754922784666e-01	   5.6701392039918086e-01	   3.0917108900400053e-01	   2.7300243809594693e-01	  -2.4918908151204559e-02	   1.8780828835322916e-01	   5.4737078443054366e-01	   7.1964014302043078e-01	   2.3706820026682157e-01	   1.7228231844149416e-01	   2.0719038157152442e-01	   2.3593791421472285e-01	   5.0166784809016585e-01	   3.8766541175857444e-01	   7.4176870962041108e-01	   8.1712577707303580e-01	   6.2191710296308189e-01	   7.8883482548098161e-01	   5.0320511203454910e-01	   4.1676007607569143e-01	   1.2291779227828177e-01	   1.4849343346503813e-01	   3.8490637902838476e-01	   7.5109294156487272e-01	   4.1149701772975350e-01	   6.2462315037834848e-01	   5.2854754234883283e-01	   5.5892728096960131e-01	   5.0374695268944636e-01	   5.0534786263822262e-01	   4.3160687529750080e-01	   4.6491858170856032e-01	   3.7770518578591661e-01	   3.5445479552290982e-01	   6.4423648980843351e-01	   6.3977647832718898e-01	   5.1005197332858787e-01	   6.3607094975899237e-01	   6.7618748042571575e-01	   6.8344048809000446e-01	   6.5892149748658102e-01	   6.0060374917753012e-01	   7.5707084227515786e-01	   6.2450329910332125e-01	   5.4814346978267325e-01	   4.0864684258748163e-01	   6.3367716200820889e-01	   6.1537209622564459e-01	   3.2144825517647968e-01	   1.3067654861062367e-01	   4.0672630652716923e-01	   3.2888068974697671e-01	   2.1754000226948461e-01	   6.0180313927381635e-01	  -8.2543446686782332e-02	   2.1317702110033077e-01	   6.2994367010432095e-01	   8.8314369097195111e-01	   6.4889351144538332e-01	   7.0915234939058869e-01	   9.7031747401480156e-02	   1.5008870306151004e-01	   3.1120237360833347e-01	   3.7061063760447188e-01	   3.2496630593273856e-01	   2.5566069020110938e-01	   1.9379703030165588e-01	   3.5067085587157720e-01	   5.4123859500406502e-01	   5.7652610732420573e-01	   2.4208239112880009e-01	   2.3267599921358531e-01	   1.8607688893517219e-01	   2.8301360340230541e-01	   3.7492164965388641e-01	   2.9184034511348123e-01	   6.7440834101572189e-01	   6.7561992448727048e-01	   1.8443344959620067e-01	   4.5076825634914336e-01	   3.4814660485661908e-01	   4.9874712259905224e-01	   7.0197391442797308e-01	   5.7787986469990094e-01	   7.1722694040184987e-01	   4.7819848565859646e-01	   4.1938978527769832e-01	   1.1920945288058665e-01	   5.5603392724286327e-01	   4.8504368159577749e-01	   6.4837184340746490e-01	   6.3172223541696326e-01	   5.4834635779654706e-01	   4.3210723943954032e-01	   3.6565241387806691e-01	   3.9826136420119285e-01	   1.7520226087593632e-01	   2.4738998831906889e-01	   3.3275781554623907e-01	   3.8493474616484313e-01	   1.0412383660175822e-01	   3.0127100907378090e-01	   5.0468399980956802e-01	   4.3816256321494074e-01	   5.4816088679591890e-01	   4.6543222831712577e-01	   3.1767342226092471e-01	  -1.0373914744487220e-01	
   1.6017225017221948e-01	   1.0084257272857347e-01	   7.4634704298167187e-01	   7.4142148841106092e-01	   0.0000000000000000e+00	   5.8043743600754172e-01	   6.4966687628690800e-01	   6.3417735235366890e-01	   5.6776421092359430e-01	   4.8575540095596004e-01	   2.3421678676176211e-01	   1.0892443975240476e-01	   3.9105469386545480e-02	   2.7055878024509525e-02	   5.1889238031722196e-01	   5.9188397079885058e-01	   1.4264626862307966e-01	   9.7762584436062602e-02	   2.1162332292648167e-01	   2.4268477630583252e-01	   4.2845450452735645e-01	   3.0942870791281463e-01	   7.0839920491788677e-01	   6.3099000734594923e-01	   5.5757277027872654e-01	   6.4341287736002306e-01	   6.2144001097123769e-01	   3.5715053068641756e-01	  -2.2358393937879487e-02	   3.5973508599669003e-02	   2.5074443823950920e-01	   5.2902805782361506e-01	   2.7529600995010606e-01	   4.0750680083930829e-01	   5.8321083790186767e-01	   5.4841522557352562e-01	   3.1563111993801224e-01	   3.5551327840942065e-01	   2.5999380155233653e-01	   3.2734426845228554e-01	   1.8211324323978612e-01	   1.7918687517422485e-01	   3.8672306828997571e-01	   3.7946874725509905e-01	   3.6776890979225274e-01	   4.2753012648045463e-01	   3.9623206137750216e-01	   3.5308445139177258e-01	   3.1946323891864509e-01	   3.1635125144978266e-01	   4.4873069700448209e-01	   3.2040495947561959e-01	   3.3363120612109531e-01	   2.2259907392893336e-01	   3.2968447624605052e-01	   2.8614361424804524e-01	   1.4192553703933333e-01	   4.2923295146825774e-02	   2.1450271218255029e-01	   1.5102449308212643e-01	   1.8049387796954258e-01	   4.0008651989105198e-01	  -8.7031788606968363e-02	   1.2407232376411648e-01	   6.5445730422230253e-01	   6.7645211780364156e-01	   5.8129901702522058e-01	   5.6865455057993319e-01	   7.3129172997908470e-02	   2.5950834314137483e-01	   3.4573339799502978e-01	   3.2770150501881501e-01	   3.0511310645800827e-01	   9.2757611111449104e-02	   2.4972432590819604e-01	   2.1345580392613298e-01	   3.2664411211664607e-01	   4.0113010883308858e-01	   8.1625189707721535e-02	   1.3491295585378538e-01	   7.0065617839956143e-02	   1.7981798116188377e-01	   2.3525161827772956e-01	   2.3942171808644208e-01	   5.7191579268674864e-01	   5.2496423890853561e-01	   1.6229318569766538e-01	   4.1613540394145276e-01	   3.4357516897643114e-01	   4.3904173567107652e-01	   4.8576748255606583e-01	   5.5357385129628689e-01	   6.4213428969083186e-01	   6.2444875871096783e-01	   2.6083104177915578e-01	   5.0598004795824943e-02	   2.8517641628383700e-01	   1.9869516750940938e-01	   2.7915113682972270e-01	   2.8743124088473992e-01	   4.6546655221659305e-01	   5.6380223761622739e-01	   2.1354573617052330e-01	   2.5064575859383320e-01	   1.6262519041038140e-01	   2.5331113511122388e-01	   1.7942449825696866e-01	   1.9771000633609620e-01	   1.4660931047929482e-01	   1.0623480052733247e-01	   3.4510207247095603e-01	   2.1866155440292759e-01	   2.1912699311158290e-01	   3.4132259522410219e-01	   9.5983512573542942e-02	   3.0464008471330635e-02	
   3.9869432185814035e-01	   3.0808167427937244e-01	   3.8320651045261334e-01	   7.6220909779386314e-01	   5.8043743600754172e-01	   0.0000000000000000e+00	   6.3814497391099712e-01	   8.2821503414134756e-01	   6.7453323666333698e-01	   7.7375074587121695e-01	   4.9462392304741176e-01	   4.8833370726885839e-01	   2.9655233310174417e-01	   4.5618778741562271e-01	   5.6670291983837218e-01	   6.3412977952349336e-01	   1.7354364350690060e-01	   2.9772297565446255e-02	   1.4945202946763614e-01	   2.9434707788951997e-01	   2.5873812605070273e-01	   2.6969082430764019e-01	   3.6764360026437426e-01	   4.9699585311882211e-01	   2.3784688483555183e-01	   5.4560879510519844e-01	   2.0883513358732655e-01	   4.7768723860266471e-01	   9.0459497633457467e-02	   1.7454957142738381e-01	   1.3330210381146029e-01	   5.0054747633390806e-01	   2.2872354263294964e-01	   4.1419517359993313e-01	   2.7213337083926914e-01	   2.8307079384760048e-01	   1.6493768183362004e-01	   2.6642650897364828e-01	   1.2305185687601863e-01	   2.2366020303905140e-01	   4.0013005553532655e-01	   1.0246413461539920e-01	   5.3078107295668864e-01	   5.0329672881243515e-01	   2.9831305605410491e-01	   4.2860555488307556e-01	   6.1911434632154461e-01	   5.8574689749446673e-01	   6.6563993020216017e-01	   6.8380024087435354e-01	   7.7299913118541996e-01	   6.9849006373376965e-01	   6.8462204151049999e-01	   5.9326934621570904e-01	   5.7966644177085247e-01	   5.9886204658761288e-01	   2.7773999130556132e-01	   1.8897197396428081e-01	   5.9905126242939810e-01	   4.3432788031071512e-01	   4.1493175646637964e-01	   7.6500960137031560e-01	  -4.8876712650197038e-03	   2.6871361136128852e-01	   3.4442611724623717e-01	   6.0336604774845592e-01	   2.9901731912550655e-01	   3.7356362660022524e-01	   1.6086880233216350e-01	   9.0634017091013069e-02	   1.2044110238536121e-01	   2.6186380108236379e-01	   1.1937840304718095e-01	   5.9536232658711011e-02	   9.8525300972191560e-02	   1.3103991145957400e-01	   3.7887842106594721e-01	   3.2963292461974147e-01	   8.1621424462970313e-02	   2.3473350617963629e-02	   1.9306642990306047e-01	   2.2335325054274885e-01	   4.5167644272376523e-01	   2.1201380578257945e-01	   5.4678052192492377e-01	   5.0856015766627394e-01	  -4.7372478684174352e-02	   2.1328560978947925e-01	   3.8917706956469666e-01	   5.4678045310212087e-01	   7.0230766880630269e-01	   5.3106329463622470e-01	   6.6753097981768983e-01	   3.9102182723758372e-01	   3.3624762577859924e-01	  -5.2385985768699961e-02	   3.1889786411915400e-01	   3.2863882052073534e-01	   6.5000367079424448e-01	   6.9485554054445053e-01	   5.4689058064395935e-01	   4.6089278361217323e-01	   3.3616574418043976e-01	   5.5327936002783418e-01	   1.2746193477776369e-01	   1.1115305122431798e-01	   3.7790909942688555e-01	   4.8827732514279870e-01	  -3.6214161721521171e-02	   2.3365440138769009e-01	   2.6984852908899010e-01	   4.4536786910667181e-01	   4.5846410366580914e-01	   4.2153846607447060e-01	   2.9944592414187476e-01	  -2.2255259789478762e-01	
   5.1995204373097226e-01	   4.5667199756497684e-01	   7.0912803659178447e-01	   6.2706000274372631e-01	   6.4966687628690800e-01	   6.3814497391099712e-01	   0.0000000000000000e+00	   7.7961312660778082e-01	   7.2821619663925852e-01	   6.6415915157078143e-01	   5.9916215686778107e-01	   4.7974605218880861e-01	   5.2196086331751601e-01	   3.4153703793212464e-01	   6.3442409406095468e-01	   5.0812454764097759e-01	   5.4054442798443070e-01	   4.3494096059651727e-01	   3.0813775790964032e-01	   3.5817834560479733e-01	   4.4178280485949128e-01	   2.9778583684206028e-01	   4.4061680057220132e-01	   3.3382642629705717e-01	   2.2470785029719390e-01	   4.1438275907773664e-01	   1.8388815398044450e-01	   2.9030876022223590e-01	   4.1199290693818041e-01	   4.4205497060363474e-01	   2.9219165339786424e-01	   5.0556103274059450e-01	   5.4901125211352730e-01	   5.9448146237856814e-01	   3.5015142647515113e-01	   2.6599746689790760e-01	   4.2537889028268883e-01	   3.9449035848705705e-01	   2.5654142144607928e-01	   2.7974076645617191e-01	   4.4458804752607156e-01	   2.3530382618685353e-01	   3.7266340076108045e-01	   3.8590747388470059e-01	   3.3288541022756479e-01	   3.5364439742600090e-01	   4.3070008249318437e-01	   3.9465423010023881e-01	   3.3358272262586069e-01	   3.5196193947057974e-01	   5.0651802822995051e-01	   3.2929269094135061e-01	   5.4451413347388478e-01	   3.2388434253513282e-01	   4.2979536164842747e-01	   3.7046866142130458e-01	   4.7944691388519578e-01	   4.2817561855146857e-01	   5.2969891759680887e-01	   3.1046764280492439e-01	   6.8984656931435295e-01	   6.3040057357385249e-01	   3.3285072190632237e-01	   5.6415277800405150e-01	   5.6041017073838995e-01	   5.4660240712757424e-01	   4.1904583426129127e-01	   3.8702395746875728e-01	   2.9684128526531856e-01	   7.4917386230891780e-02	   4.4428697679944495e-01	   4.2069951404026212e-01	   5.3064612524893928e-01	   4.2553143558073725e-01	   4.2939290022565041e-01	   4.9296103478331998e-01	   6.2947258550052965e-01	   5.5092095771397520e-01	   3.7901242199513829e-01	   4.0300575142507816e-01	   4.5969737397184168e-01	   5.3855373254843220e-01	   4.5217200129070084e-01	   1.4530910018248955e-01	   6.7649382608777087e-01	   6.7479464235313380e-01	   3.4564495744070459e-02	   3.0197352200171834e-01	   5.7187978250612459e-01	   5.8532015587473907e-01	   3.8407340091588965e-01	   4.3623042743569662e-01	   4.5443285883002354e-01	   4.4695997572616636e-01	   3.8178980754315550e-01	   1.2346258923106682e-01	   4.2891778791824620e-01	   3.9802487691812061e-01	   4.9666244918089741e-01	   4.6861557892863442e-01	   5.2951419888489437e-01	   5.6028434426991713e-01	   3.9246175660148264e-01	   4.6417836932553042e-01	   2.2424403100786880e-01	   3.4669414926766934e-01	   1.7588069691524158e-01	   3.2638127922033355e-01	   1.8796493093801231e-01	   4.1506081390501065e-01	   3.7605508431284496e-01	   4.7539017453034760e-01	   3.5548325938856346e-01	   4.3680977731121856e-01	   2.6849625418264245e-01	   7.2792941118411572e-02	
   4.0761260004265576e-01	   3.7118826038431724e-01	   5.3372811156523214e-01	   8.1894891017822502e-01	   6.3417735235366890e-01	   8.2821503414134756e-01	   7.7961312660778082e-01	   0.0000000000000000e+00	   6.6241516961227398e-01	   7.2284231945916311e-01	   4.7273092865584365e-01	   4.4705359625439378e-01	   3.3731864094814140e-01	   3.6282304432035267e-01	   5.1349731785918640e-01	   5.9068811076853145e-01	   3.5989980665823873e-01	   2.5109353502428500e-01	   1.5724044218432806e-01	   2.3785743078995417e-01	   3.4562018579025711e-01	   3.5354196589885561e-01	   4.1704689746328150e-01	   4.4379713099469309e-01	   3.1672444308119985e-01	   5.9252867869975945e-01	   1.7731296333460445e-01	   3.7573783586428483e-01	   3.0158444598506162e-01	   3.6093291695385371e-01	   3.0413162217569234e-01	   5.9548249811396181e-01	   5.0477388367739717e-01	   6.5564880746409693e-01	   4.0138627209501165e-01	   4.2213631966266418e-01	   4.1646883342725460e-01	   4.1223346495759550e-01	   3.2927887098304098e-01	   4.1107613793231412e-01	   4.7070542100495616e-01	   2.9083111538424283e-01	   5.4860052878065313e-01	   5.4894527123792058e-01	   4.5977891177385477e-01	   5.4537788226081840e-01	   5.8247116672219246e-01	   5.6056146683768171e-01	   5.7078426952887429e-01	   5.3229767408646811e-01	   6.4658066380078605e-01	   5.0241822154146631e-01	   5.3916007910527952e-01	   3.5584733575200611e-01	   5.0659894934520988e-01	   4.8708475344689783e-01	   4.2510843397324949e-01	   2.9375717423359737e-01	   5.0690072150714827e-01	   3.6349262824478590e-01	   5.0298519709420964e-01	   7.4207040985161199e-01	   1.6479519396400044e-01	   4.3761500582734203e-01	   4.4337766727162092e-01	   7.0742163133933289e-01	   5.5398489521861283e-01	   6.0027353292238383e-01	   1.4962897207611731e-01	   7.0823380150033213e-02	   3.2351988292368572e-01	   3.7914795077683144e-01	   3.8923202235198839e-01	   3.3561718832632120e-01	   2.9180288862552023e-01	   4.4061591726290983e-01	   5.8295378311271684e-01	   5.4555148443617330e-01	   3.0799245706364797e-01	   2.3012795833876276e-01	   3.6500641776049880e-01	   4.0829018734305556e-01	   4.8993685973346141e-01	   2.8064248247215484e-01	   6.3825368017687756e-01	   6.3295422176440452e-01	  -4.2535964848292758e-02	   3.0516173780365474e-01	   4.0060561628568736e-01	   5.2788858797214200e-01	   6.2100991804290073e-01	   5.1788801862013700e-01	   6.4873569145166754e-01	   4.1512583207022102e-01	   3.9311004158512497e-01	   1.6764721451034043e-01	   4.6927178411610831e-01	   4.6835837589610252e-01	   6.5157789258213594e-01	   5.9155473578812356e-01	   5.9752629026713011e-01	   3.8969457185493173e-01	   4.7204255786361976e-01	   5.1273646511984083e-01	   2.3342200162053567e-01	   2.6877142688051814e-01	   3.2603096855163560e-01	   4.2236820368145567e-01	   1.0706929775511703e-01	   3.8744119421033985e-01	   4.7476172495194302e-01	   4.4943895405826279e-01	   5.2971651153199562e-01	   3.8804018839465282e-01	   3.1863358124875918e-01	  -1.2464044373610912e-01	
   3.4029166709046899e-01	   3.0532651735156213e-01	   3.8310600552197188e-01	   4.5829754922784666e-01	   5.6776421092359430e-01	   6.7453323666333698e-01	   7.2821619663925852e-01	   6.6241516961227398e-01	   0.0000000000000000e+00	   7.8769123220440085e-01	   5.1313569269232562e-01	   3.3954183583019781e-01	   5.2688763361465729e-01	   2.7665043801026051e-01	   5.6378845197657734e-01	   3.1372782517946762e-01	   2.6490612164949412e-01	   1.5217081739308924e-01	   6.1168637422733207e-02	   1.6375650985756429e-01	   9.2091780530559567e-02	   7.5087435739202638e-02	   2.1126449198169428e-01	   1.3508771879260906e-01	   4.4495285130000256e-02	   2.5430879319033534e-01	   4.3230011186650721e-02	   2.0052782890361259e-01	   8.3857827511083324e-02	   2.0718877603622537e-01	  -9.2016973157383330e-02	   1.7424421163239848e-01	   2.2570255917796023e-01	   2.4849641047037804e-01	   2.6541362004682256e-01	   1.6987801788460904e-01	   1.7911927990149210e-01	   1.9668022694869286e-01	   1.7204488521555834e-02	   9.9811165094644494e-02	   1.8877356914208349e-01	  -2.2076149524316791e-02	   1.8402800744208481e-01	   1.2828372699796409e-01	   1.0643504388773900e-01	   8.6231301151515144e-02	   2.7897924621576853e-01	   2.1418039438859215e-01	   3.4367265886207382e-01	   3.5438719631142035e-01	   5.0343934618107022e-01	   3.8272262397981671e-01	   5.4540216758116200e-01	   3.8106139772186887e-01	   3.8688289595077274e-01	   3.1058739464182583e-01	   2.0531382262238423e-01	   2.2055117449539172e-01	   6.1398667779637139e-01	   3.2797428729344563e-01	   6.0875210812833558e-01	   6.7181581633954657e-01	   7.0090115325412469e-02	   3.2338387424760362e-01	   3.9367452379749912e-01	   3.7164714508596119e-01	   1.5901051049640108e-01	   8.6095117825501014e-02	   2.0221586445396689e-01	  -5.2355463154789415e-02	   1.1541853359482437e-01	   1.0520148552654415e-01	   1.7573932275386675e-01	   1.2181463682078225e-01	   2.1426010895712028e-01	   2.1671773064454772e-01	   3.3706037707064695e-01	   2.5327355532049883e-01	   1.2133566311785071e-01	   1.4796495124661929e-01	   1.9878478630731800e-01	   2.4768812077946126e-01	   2.8761523608487749e-01	  -5.9585856640116293e-03	   4.2957708302526021e-01	   2.7066568370249722e-01	  -3.9025637715152703e-02	   7.1879997292672082e-02	   5.3524904006071539e-01	   5.0135628418721068e-01	   2.7835330660075319e-01	   3.4111378485738431e-01	   4.1872491345528129e-01	   4.2632441079701611e-01	   1.7292509124710176e-01	  -5.9134597272994124e-02	   1.2311678859425636e-01	   1.4046314803182361e-01	   4.2985481658875846e-01	   3.5007379018532542e-01	   3.8396577199604676e-01	   4.2047500427924434e-01	   1.6141552892375338e-01	   3.7256380362817121e-01	   1.1586253571221650e-01	   1.0694907201136883e-01	   1.1253105591803478e-01	   2.3740356306044497e-01	   1.6270356451944940e-02	   2.2624168658900964e-01	   1.0767609862648830e-01	   2.8602476427120949e-01	   3.5405215673859441e-01	   3.7526152056534601e-01	   2.5501429560060451e-01	  -4.7942218216799226e-02	
   4.8469093946306757e-01	   5.2298745474476005e-01	   3.7843953017839704e-01	   5.6701392039918086e-01	   4.8575540095596004e-01	   7.7375074587121695e-01	   6.6415915157078143e-01	   7.2284231945916311e-01	   7.8769123220440085e-01	   0.0000000000000000e+00	   4.8757548746215229e-01	   4.6298211073571705e-01	   5.3803119641637065e-01	   4.4608766334886507e-01	   6.0979639077945025e-01	   4.5819561119992624e-01	   2.8632441049199253e-01	   1.1129814309513644e-01	   1.3991578777189306e-01	   2.2612529409970403e-01	   2.2565355958895755e-01	   2.8538375641180658e-01	   2.8324861313959804e-01	   2.8819824715219294e-01	   2.1627909450967250e-01	   3.4076025363277984e-01	   1.1873297555928146e-01	   3.0920400318053942e-01	   1.7105152333545071e-01	   2.7224297146456683e-01	   1.1353010773827354e-01	   4.1310698373735033e-01	   3.4647775335588593e-01	   3.9704476333726590e-01	   3.5467917799368509e-01	   2.5470877409622084e-01	   2.9299360420083909e-01	   4.5228868592514437e-01	   2.5648810080774215e-01	   3.6063860582547069e-01	   3.1660061685228968e-01	   1.7174531236420296e-01	   4.3748286348189763e-01	   4.1779277898883949e-01	   2.2246904863446826e-01	   2.3397903727096081e-01	   5.5046057770790024e-01	   4.6226611985984961e-01	   4.5989837155651780e-01	   4.6312476346840181e-01	   7.1084457775138743e-01	   5.4047828495264882e-01	   7.0645085818300657e-01	   5.3311144735305138e-01	   5.8770765882193421e-01	   5.0655618531695867e-01	   3.9041739506733586e-01	   3.7429038385061270e-01	   5.9639256897362070e-01	   4.0049931716019660e-01	   6.2601413843705811e-01	   7.7641079661769807e-01	   1.2875259647879589e-01	   3.1126622819883071e-01	   2.9201705531148570e-01	   4.1277564520020071e-01	   2.2708480000401632e-01	   1.6313832602908618e-01	   3.0540648955009064e-01	  -7.4900514702595275e-02	   1.6396440461711398e-01	   2.3475691167141435e-01	   2.1513273339894368e-01	   2.1365691752777843e-01	   2.7476640407696995e-01	   3.3296040005479782e-01	   4.8384440164671549e-01	   4.0446585670095236e-01	   1.8119188827744942e-01	   1.4387544350097775e-01	   2.5786062771237755e-01	   2.9984513440165644e-01	   3.6383771733119019e-01	   3.9447638040643440e-02	   4.5836497984852864e-01	   3.7021620870702304e-01	  -6.9881624247124546e-02	   1.7235416555849847e-01	   5.2346245174780059e-01	   5.9607089048332806e-01	   4.7756741493376131e-01	   3.7918288906372138e-01	   5.6882911753231102e-01	   3.6771973099203298e-01	   3.4939668131250867e-01	   5.2751029034396255e-02	   4.0946341471399139e-01	   3.6683771171713503e-01	   6.7020683787496693e-01	   5.7618806892317387e-01	   5.7840235967297293e-01	   4.7731127543885205e-01	   4.0607116762382406e-01	   5.1276526902669184e-01	   1.2027622293745459e-01	   2.0932434119204030e-01	   2.3506885611562639e-01	   3.3479216849471821e-01	  -2.0924381000698631e-02	   3.9584896223457355e-01	   3.7949468699749345e-01	   4.5463568760930273e-01	   4.2309676655283834e-01	   4.0160185031006329e-01	   3.7012405888471650e-01	  -4.6758398060530046e-02	
   6.6141411388621529e-01	   5.3882303327270331e-01	   9.1015743052456272e-02	   3.0917108900400053e-01	   2.3421678676176211e-01	   4.9462392304741176e-01	   5.9916215686778107e-01	   4.7273092865584365e-01	   5.1313569269232562e-01	   4.8757548746215229e-01	   0.0000000000000000e+00	   7.2290699466766606e-01	   6.5403601986320370e-01	   6.7424166072126113e-01	   7.5777294358298342e-01	   5.6430150454334138e-01	   6.3820391752056849e-01	   5.9050737954611465e-01	   5.1857096975316297e-01	   4.6558121617008402e-01	   2.0451193437089299e-01	   1.7050337809275523e-01	   7.6076718290027878e-02	   1.4243818299035532e-01	  -3.0069004934751015e-01	  -5.4873723346606229e-02	  -9.9374047790826009e-02	   1.5954782132073081e-01	   6.0177259961484786e-01	   6.3069566124209708e-01	   3.0511869383274000e-02	   2.4584192513822686e-01	   3.8492998041883358e-01	   3.4976461983306567e-01	  -1.7322318874792242e-01	  -2.7049390673071699e-01	   2.3421133254147131e-01	   2.3311607295361614e-01	   6.7275009480840031e-02	   1.0605978633895949e-01	   5.1110604241119761e-01	   2.5661891455973113e-01	   1.9958016752202698e-01	   2.5343019274686807e-01	   3.1719485525296007e-02	   4.9037652451476565e-02	   3.3088712395402731e-01	   3.1117261435059840e-01	   2.8214641026579140e-01	   4.4018144514578184e-01	   4.4507971659460432e-01	   3.2010144367899196e-01	   5.3588010514554041e-01	   3.7448342338440932e-01	   4.8305091074401740e-01	   4.1866415292166614e-01	   4.7034940884592336e-01	   4.7772796775855714e-01	   5.5287849279118528e-01	   3.5013900881615900e-01	   5.9675043478344969e-01	   5.3806348975880958e-01	   5.3710822606980224e-01	   6.6147982308185616e-01	   2.5542964920446454e-01	   2.1355794273547768e-01	  -8.0355513677908691e-02	  -8.9098403779304364e-02	   4.2218817856562096e-01	  -1.1499635857677880e-01	   2.8714325859256246e-01	   1.8147361857676692e-01	   4.2966682586205884e-01	   3.9603078284956850e-01	   4.3452650936923315e-01	   3.5788646187828821e-01	   5.7779217937824423e-01	   4.2449410987094449e-01	   4.1454161759707919e-01	   3.7310727134022603e-01	   6.2140137650127159e-01	   6.0714753791256437e-01	   6.5689037219641155e-01	   3.5231531759130774e-01	   6.8378794055094883e-01	   6.2079889508165920e-01	   2.1621711676472860e-01	   3.4790797085302816e-01	   5.9414425607792165e-01	   4.2176929592830054e-01	   1.2903482354242612e-01	   2.3214705089477011e-01	   1.2795343803433976e-01	  -4.7962240081920087e-03	   2.6291523429944424e-01	  -2.2872710882007881e-02	   2.0712726286671665e-01	   3.9007853828842942e-01	   4.8883238457422451e-01	   6.0494056956408715e-01	   1.6174358992458024e-01	   1.2987065954935395e-01	   3.1106390300797754e-01	   4.3746374202127369e-01	   3.4841353671990635e-02	   1.0686910472745652e-01	   1.2000868467017268e-02	   3.0139068073785946e-01	  -1.2097340288805250e-02	   4.1201473797233051e-01	   1.9448250042505805e-01	   6.1040473089423575e-01	   4.2316026762702724e-01	   5.2139333045631631e-01	   2.9605672569057723e-01	   4.3612923323397668e-02	
   7.0016178202674095e-01	   7.2348730661329119e-01	   1.3003318291852217e-01	   2.7300243809594693e-01	   1.0892443975240476e-01	   4.8833370726885839e-01	   4.7974605218880861e-01	   4.4705359625439378e-01	   3.3954183583019781e-01	   4.6298211073571705e-01	   7.2290699466766606e-01	   0.0000000000000000e+00	   7.2194005518079296e-01	   9.0028032265166280e-01	   4.8070563859761628e-01	   4.6943749546967217e-01	   4.8542738391136697e-01	   4.6098181012659262e-01	   4.7115663209073677e-01	   4.7712536447308074e-01	   3.0278018321482680e-01	   3.7541344494054962e-01	   8.2913685803363779e-02	   1.1821545250037463e-01	  -1.9230258791320379e-01	  -1.4195187491433961e-02	   1.8648270215344841e-02	   3.5600048550938818e-01	   5.3577524186171954e-01	   5.7353738334713711e-01	   1.9029091354444128e-01	   3.0212128866986465e-01	   4.0175300817397630e-01	   4.2964076543798879e-01	  -2.6130427840337530e-02	  -5.3204238984300350e-02	   2.1908196192173357e-01	   2.8958549511130094e-01	   1.4801877003654670e-01	   2.6398457211959636e-01	   5.9593374188993342e-01	   2.4372148460120968e-01	   2.9057070581002808e-01	   2.6347807278015956e-01	   2.0520107387317230e-01	   1.8665364123261802e-01	   3.5972704276720047e-01	   3.0423346777901455e-01	   2.9164974063767857e-01	   3.8706930326303124e-01	   4.4979553600751920e-01	   3.4826983039805459e-01	   6.0238580658514373e-01	   3.7159790011964866e-01	   5.5260279177807259e-01	   5.3998044256710598e-01	   5.9489665340467690e-01	   6.6629969352506857e-01	   5.8657577760923152e-01	   5.4765268733421546e-01	   6.7476723414631423e-01	   6.6258881273992865e-01	   5.9477563232885022e-01	   6.6825157378008493e-01	   1.0112045405330368e-01	   1.5173327665134351e-01	   8.1331843405664545e-02	   7.1792769113527194e-02	   5.0416443886602036e-01	  -2.9512350479135802e-03	   2.6625338795870224e-01	   3.2439574034868357e-01	   3.6097499015240164e-01	   4.4096890745689571e-01	   3.0171219376578118e-01	   4.2643713031947694e-01	   5.7576798793767614e-01	   5.1575333882299224e-01	   2.0730722925439415e-01	   2.4255459927151513e-01	   5.2611867041986471e-01	   4.4204987505461502e-01	   5.9032278936301463e-01	   3.7058224390637939e-01	   5.1866543464939419e-01	   5.5336454249615974e-01	   1.0688482826826723e-01	   3.4986236291545381e-01	   6.8345062096559284e-01	   7.1618298159229876e-01	   2.7156354896000834e-01	   3.2489565044582991e-01	   2.3178670808118471e-01	   9.7929806593187244e-02	   3.0125512220112421e-01	   7.7032249397147520e-02	   4.0276464946748924e-01	   4.2760820854711967e-01	   5.3562777097871828e-01	   5.6845896554566822e-01	   3.2992166083592833e-01	   2.8660075900915072e-01	   4.5181713090021841e-01	   5.8885764205657143e-01	   1.6193577512092053e-01	   2.6838912735944709e-01	   3.5412627018679632e-01	   4.7440091726682548e-01	  -7.6886295747186015e-02	   3.8758844189229247e-01	   2.8116541562816277e-01	   5.2045179176198164e-01	   2.8150368480232402e-01	   2.5735839142297640e-01	   1.7923220122311517e-01	  -1.5656708684246728e-01	
   6.6238675933161262e-01	   6.9550936444259603e-01	   4.8443525065051098e-02	  -2.4918908151204559e-02	   3.9105469386545480e-02	   2.9655233310174417e-01	   5.2196086331751601e-01	   3.3731864094814140e-01	   5.2688763361465729e-01	   5.3803119641637065e-01	   6.5403601986320370e-01	   7.2194005518079296e-01	   0.0000000000000000e+00	   6.8675509298103776e-01	   3.7857179374205707e-01	   7.8042989422441006e-02	   4.9787705332954180e-01	   4.2150634357723793e-01	   2.6110540244146418e-01	   2.8538909687003317e-01	   6.6133329164516544e-02	   1.4524525971664465e-01	  -1.6740760959230422e-01	  -2.7928651316313979e-01	  -3.5129782177291091e-01	  -2.7684330522060818e-01	  -1.8450447902655667e-01	   1.4342417477611533e-01	   5.0518691669031002e-01	   5.1440115924503160e-01	  -3.9582753230599052e-02	   7.1859781965067371e-03	   3.6063661494565902e-01	   2.5225584511043764e-01	  -4.5159407243671658e-02	  -1.3638388993030531e-01	   1.9319218349859119e-01	   2.3427150314226805e-01	   8.8828230625962429e-02	   2.3183948280707156e-01	   4.3860119182177781e-01	   1.9571213537017629e-01	   1.3102947857820971e-01	   9.1438029087122938e-02	   4.5311615853793827e-02	  -4.3429783332766814e-02	   2.0069373507914931e-01	   9.4712582028623746e-02	   7.6687827014259358e-02	   1.1953500467318207e-01	   2.3234207568589596e-01	   5.0759150271904967e-02	   4.3171424496030891e-01	   1.1833375095944812e-01	   3.1521086417084149e-01	   2.4335182991425669e-01	   5.8841339590632358e-01	   6.7873911455771252e-01	   5.5775739996605833e-01	   4.0819659719834817e-01	   8.4659701038111057e-01	   5.6663713671660199e-01	   6.3649606055666552e-01	   5.9944163582946519e-01	   9.9586353308530468e-03	  -7.5501249748709309e-02	  -2.6754265004582622e-02	  -1.2343388036960951e-01	   4.9831885275886639e-01	  -8.1300407009692252e-02	   2.3138256004270777e-01	   1.9436902061660277e-01	   2.6258499342796093e-01	   3.2046136646291667e-01	   3.7084523695572280e-01	   3.4030852869871064e-01	   4.9361968084772734e-01	   3.9527678693197077e-01	   2.5882271799670153e-01	   2.6475639973418363e-01	   4.9951203053353893e-01	   4.1812602835609136e-01	   3.3273479488366992e-01	   1.1568085223888525e-01	   2.7014214553579491e-01	   2.8497631846079025e-01	  -1.3820512332622087e-01	   9.6817903943355058e-02	   6.5021566467282588e-01	   5.2957127974173079e-01	   3.4718905865218475e-02	   1.3924895566669335e-01	   5.7829187228828946e-02	   1.4591844634003481e-01	   2.2496932989731527e-01	   1.2594132897717547e-01	   2.5357770833845228e-01	   2.8874441797937878e-01	   3.4643893504801482e-01	   3.1570873398188160e-01	   2.4164236206039313e-01	   2.9299681312926190e-01	   3.7849145889246483e-01	   4.6747079072127878e-01	   2.2480945509496991e-01	   2.6541617345479696e-01	   9.9602998774423121e-02	   2.1099679619289463e-01	   2.6744343037922329e-02	   3.7765893244231558e-01	   2.3901203749888530e-01	   4.1417386251761523e-01	   1.7163772085472656e-01	   2.0565006090478447e-01	   1.9489416117079755e-01	   3.9397016245713137e-02	
