   0.0000000000000000e+00	   7.0169870599638495e-01	   2.7835731227936866e-01	   3.8818071319097908e-01	   3.9569966324612227e-01	   3.9998496762349156e-01	   3.4019557262229827e-01	   5.1056294917270639e-01	   1.0420566574470852e-01	   1.0102926373407962e-01	   4.3213458616385558e-01	   5.4974257967239204e-01	   3.9082481250367718e-01	   4.6457201262194719e-01	   5.4994798683152490e-01	   5.4046504089546699e-01	   4.0911790932019088e-01	   3.9902164923669992e-01	   7.4920543103772674e-01	   6.8901379849928723e-01	   4.6822024825092651e-02	   2.6241121287439984e-01	   3.0456968893273295e-01	   2.5665378564107988e-01	   1.7511726516142034e-01	   1.7560519521059617e-01	   3.4736974893904948e-01	   4.5055133062053448e-01	   4.7154178415958126e-01	   4.6639819397812343e-01	   1.1242090862062848e-01	   1.8620614502940333e-01	   5.1188080957116311e-01	   5.1813878103297384e-01	   1.5533537844445017e-01	   2.0721139145507766e-01	   2.8772686866282071e-01	   1.8275151717879323e-01	   3.7151472132512880e-01	   2.7289399274967530e-01	   2.8255610062563541e-01	   8.7176776136551684e-02	   4.3745442484427854e-01	   3.8590598556459205e-01	   2.9549177122535103e-01	   2.4436385343683420e-01	   4.4195736565239546e-01	   4.1708458342150428e-01	   3.0147523104645324e-01	   3.0010378372275620e-01	   3.5921987320793553e-01	   2.1022631782632564e-01	   3.0333356469165978e-01	   4.0289334699583990e-01	   3.9368909838819321e-01	   5.1954123578115030e-01	   7.7130032116805625e-01	   6.5261575805743932e-01	   3.6222927809960936e-01	   3.7195661840176236e-01	   5.0709874209891437e-01	   4.5153957477188444e-01	   6.3977148286931118e-01	   5.0127249846073763e-01	   1.6693619193296161e-01	   2.1453633962814589e-01	   3.4275650023850773e-01	   4.1196363175640671e-01	   5.0255120877391835e-01	   4.6889749661125268e-01	  -4.3241012519735285e-02	   1.4785339757203014e-01	   4.6328401911234207e-01	   5.1364708971172512e-01	   4.9645635356586310e-01	   4.5924124340218314e-01	   5.1557969955426930e-01	   6.0138383290995923e-01	   2.3693765753179075e-01	   4.9197443726995727e-01	   5.4147390919028027e-01	   6.2158787035722274e-01	   5.1106046512306758e-01	   3.6971023604200626e-01	   4.5833436086932455e-01	   4.3643689459018759e-01	   3.6190126432363501e-01	   3.2862555803957344e-01	   4.4986298740356589e-01	   4.1877513261552324e-01	   3.4576138907026793e-01	   2.7807502289253233e-01	   1.5305939818411532e-01	   2.4973517693121128e-01	   3.0245593789103464e-01	   1.3980576304566192e-01	   4.2977792815311522e-01	   4.6323492908597513e-01	   5.5320157271488990e-01	   6.4102520628939397e-01	   2.0551902291951535e-01	   3.5495792057403408e-01	   4.1224418965521470e-01	   5.5478831813070906e-01	   1.5152621929947657e-01	  -2.7067123205883198e-02	   1.2624124349784993e-01	   2.6350419558034560e-01	   8.2351549523460611e-03	   1.1877717594306411e-01	   5.3118862435828484e-01	   4.9504810516420023e-01	   4.0048462773114335e-01	   5.1267086414568341e-01	   2.0720011509322755e-01	   1.4133536504153593e-01	
   7.0169870599638495e-01	   0.0000000000000000e+00	   1.6600303781606793e-01	   3.3282933102782469e-01	   3.6544833460993409e-01	   3.7744751001832927e-01	   2.4470001477487158e-01	   4.1534241186297916e-01	   6.0777126660946035e-02	   1.2854961087617733e-01	   3.5189223246274814e-01	   4.3084632712476700e-01	   3.0551578296967319e-01	   4.0809998909595691e-01	   5.4984973653837577e-01	   6.0036710418277150e-01	   3.3840713017653890e-01	   5.1593745936625701e-01	   6.9802158427961847e-01	   7.9497204472898586e-01	  -4.1340897895468721e-02	   2.1060504107212830e-01	   2.9423795036752076e-01	   3.0098878979932209e-01	   2.1965558613654854e-01	   2.1502830853885865e-01	   4.7726286707531718e-01	   6.0978510676633557e-01	   3.6360641370267965e-01	   4.3993022294354894e-01	   5.5732679724818227e-02	   1.4414718977018995e-01	   3.9720348814965367e-01	   3.9963769000750271e-01	  -5.7883874052677808e-02	  -3.9166262929365321e-03	   3.8343959552969009e-01	   1.0983507007460472e-01	   4.1086973021026657e-01	   2.0470655382081138e-01	   3.9126426273143977e-01	   6.5310506061866122e-03	   4.7566447278887347e-01	   4.7297242538033990e-01	   3.1733813732894511e-01	   3.5961680227192827e-01	   5.0748475513882085e-01	   4.9478017889670400e-01	   4.3257537624585118e-01	   3.9528845571128945e-01	   4.1883556959968660e-01	   2.4047314412064053e-01	   4.1791350066984656e-01	   4.5268108008738583e-01	   4.3923467195786575e-01	   4.9655589966896030e-01	   6.3092593001611363e-01	   7.0347021394489939e-01	   2.5519809630528578e-01	   2.8372332343273821e-01	   2.0534968198936471e-01	   2.0025607855126343e-01	   5.4575632354567549e-01	   4.2284571937421522e-01	   1.6945533452549004e-02	  -3.9267811727927135e-02	   2.4971275674692994e-01	   2.4779006366859324e-01	   5.1367740330742562e-01	   4.9926468079334241e-01	  -8.4541627112352302e-02	   1.4095249026253115e-01	   2.6604580817011586e-01	   5.2454552367037455e-01	   4.2887190279595289e-01	   4.3071197886719231e-01	   3.1166288261332786e-01	   4.8777184460808420e-01	   2.5227054430861473e-01	   5.4837387945233462e-01	   6.3104691063733798e-01	   7.0528952305373582e-01	   4.1760309275646279e-01	   3.5788806596665285e-01	   4.1536362817053496e-01	   3.6801448916482998e-01	   2.2988498810689340e-01	   2.2725640643850298e-01	   3.7742265866528779e-01	   3.4340293307455116e-01	   4.3035662240512595e-01	   2.9083418376330727e-01	   1.7223890619935656e-01	   2.7478964179184245e-01	   3.0885507392459643e-01	   1.7950931259400854e-01	   5.1887419942665480e-01	   4.9120279398554489e-01	   6.2091015253109039e-01	   5.2216290209968097e-01	   2.2657512168545732e-01	   3.3073095098900024e-01	   3.7250321643509365e-01	   4.8127922673231111e-01	   2.8045887553239240e-01	   2.1481829095609134e-01	   3.1348873797976934e-01	   3.5259525125706959e-01	  -4.3459169683175342e-02	   2.3868325668861973e-01	   4.8292992319777905e-01	   5.3684193537516234e-01	   4.6236040805722878e-01	   4.9887336348842404e-01	   2.8667886563939465e-01	   2.2555132252546262e-01	
   2.7835731227936866e-01	   1.6600303781606793e-01	   0.0000000000000000e+00	   8.1513860658846959e-01	   7.8477790540755021e-01	   4.4947870136944501e-01	   8.4197390817279461e-01	   6.0470377190874913e-01	   6.0042741730222737e-01	   5.7725658285331349e-01	   4.5226823829823604e-01	   3.2707767780145869e-01	   5.4938018996664739e-01	   4.9653304911833540e-01	   5.8245867783447891e-01	   4.0245887001359054e-01	  -3.0705802922126935e-01	  -2.4724494819826279e-01	   3.7672039488420639e-01	   3.4565197392298663e-01	   1.6031361504766195e-01	   1.6484848143204525e-01	   8.8655181496915070e-01	   7.8030692258321166e-01	   6.7751513521245066e-01	   5.7305918617219587e-01	   7.1158333395365658e-01	   5.5617922210377280e-01	  -1.8934620306759961e-01	  -1.1101287084129383e-01	   4.5675189833755497e-01	   4.0828457413934616e-01	   5.4715017868141913e-01	   5.4102103286752201e-01	   4.6453490476522757e-01	   5.1523362843921583e-01	   2.9463602064302707e-01	   1.6625275130241057e-01	   4.8637705720583535e-01	   3.8500533405094373e-01	   6.9161022579805068e-02	  -4.3676224035744789e-02	   2.7931255248112635e-01	   2.2714777092234412e-01	   3.3202745153222268e-01	   2.8952985892089567e-01	   2.3378521351549209e-01	   3.6573193787349095e-01	   5.6362153361544087e-01	   7.0522449646503516e-01	   7.5869176276769834e-01	   8.3115445873339033e-01	   5.2667350281439973e-01	   5.5872719232962720e-01	   6.1090575853338458e-01	   5.6041119459939381e-01	   6.2143726822783338e-02	   4.3606999546870961e-01	   7.7896944239684929e-01	   8.0626632483321004e-01	   6.3461841370074734e-01	   5.6226554072940171e-01	  -4.3851013124782109e-02	   1.9649391328788118e-01	   7.9823426087649285e-01	   7.1390144559794666e-01	   8.8224262877396364e-01	   7.9199734340614203e-01	   5.2960682263853087e-01	   6.4363593888056114e-01	   6.0746425170029823e-02	   6.7058369697838932e-02	   1.7899249660235506e-01	   1.6180523922620241e-01	   1.5179774088238829e-01	   9.8482093145222493e-02	   1.7778733804184982e-01	   3.3699047528152748e-01	  -4.7014929038413728e-02	   3.3706690981696742e-02	  -1.5015480447709345e-01	   1.0306384976151453e-01	   6.1547093489924076e-01	   1.1434085262314084e-01	   6.5977984269792755e-01	   7.5690700076232931e-01	   3.2534729465083317e-01	   4.5501027258565274e-01	   7.2450336002105842e-01	   8.7166064516789943e-01	   6.0370396162270124e-01	   6.4547882482669894e-01	   5.1200703272243420e-01	   6.6043065933080980e-01	   4.5048853609815398e-01	   2.1013125656134873e-01	   4.2913131852320374e-01	   4.4130088974288040e-01	   3.8808430888723910e-01	   4.2510768868402815e-01	   4.2179607837046706e-01	   5.6043918120486014e-01	   3.8827646456303860e-01	   6.2038263882367395e-01	   2.5733451007737262e-01	   3.0366288179722634e-01	   2.4746234663658648e-01	   5.1674294460169501e-01	   5.4765823303936324e-03	   6.5019247525153742e-02	   4.6290104183954950e-01	   4.3839964603361747e-01	   5.5125079787232467e-01	   5.1975052158042856e-01	   4.0120351240160634e-01	  -1.4730749229957607e-01	
   3.8818071319097908e-01	   3.3282933102782469e-01	   8.1513860658846959e-01	   0.0000000000000000e+00	   7.7033089965463286e-01	   6.8007502118481433e-01	   6.9335694468199494e-01	   8.4548800868417917e-01	   4.2815521096463882e-01	   5.7641579765835704e-01	   4.0972667758650316e-01	   4.2386001334238316e-01	   4.8616674537707577e-01	   6.0029951281813798e-01	   5.4104695891341326e-01	   5.8202609832446295e-01	  -2.8217535273123839e-01	  -2.0830046222311133e-01	   5.4086371599995187e-01	   5.5765118104389966e-01	   1.1012613626475432e-01	   1.8911732753049024e-01	   8.0316550998721636e-01	   8.2794994601375682e-01	   7.4873254922093035e-01	   7.3466653359083023e-01	   7.2384479496335052e-01	   7.3387386162570656e-01	  -1.1700591762551553e-01	   1.5648700654232569e-02	   5.5363700749213240e-01	   5.5309174680718298e-01	   6.7684281641383048e-01	   7.0212827324941363e-01	   4.7143804563133396e-01	   5.4389494112325432e-01	   2.9362062595698069e-01	   1.2332635507717046e-01	   4.5297365090737740e-01	   4.0785312947430102e-01	   2.1776642589287404e-01	   1.2546301369949478e-01	   4.0436303770735599e-01	   3.2774440277064532e-01	   3.5610390505195222e-01	   2.8431624216256601e-01	   4.0336190783226522e-01	   5.1088952371029550e-01	   5.0411827699200829e-01	   5.7471682464669405e-01	   7.1242694463942180e-01	   7.4675567792441755e-01	   6.3734910574577530e-01	   6.7635107930495919e-01	   5.8123653730331426e-01	   5.9724859641063044e-01	   2.0236928516760172e-01	   4.5807663945340560e-01	   6.8867350746801459e-01	   7.0089226353796097e-01	   6.6444898657364870e-01	   6.3415498079110666e-01	   6.3798733037990593e-02	   2.4492137382037893e-01	   6.8138506480794603e-01	   7.3448844392897572e-01	   7.5928789947398556e-01	   7.5176672374478681e-01	   5.9695567947096462e-01	   7.3524732895270217e-01	  -3.3282880562931508e-02	   1.4170655158155102e-01	   3.0994341007565118e-01	   3.0272092460010763e-01	   2.4738729321558750e-01	   1.7208667128131178e-01	   2.7154575812208237e-01	   3.6248478423779562e-01	  -9.7681250853459925e-02	   6.9070761088890167e-02	  -1.9550649900035497e-02	   2.0534427193646954e-01	   5.7484980515589623e-01	   2.8211751275112473e-01	   6.4357509159701110e-01	   7.8256085673422970e-01	   3.0659850956044871e-01	   4.9062713540369302e-01	   7.9072000323855551e-01	   8.5366997914149179e-01	   7.8091186382173083e-01	   6.6457998511669258e-01	   5.9895284921516345e-01	   6.3903791320114178e-01	   4.3718565277839005e-01	   2.0692650084337760e-01	   5.0128461393290003e-01	   4.5139046684443024e-01	   6.0877491910843107e-01	   6.0136766589803925e-01	   4.6273351447326694e-01	   5.1098465554800476e-01	   4.8208250163816246e-01	   6.9391177742486820e-01	   2.4172262990960969e-01	   1.8835344743732516e-01	   2.2554173295765861e-01	   5.4555567934269455e-01	  -5.6451137010661220e-02	  -3.2593145977270449e-02	   5.0669112613646894e-01	   6.1447144859990632e-01	   5.7141708309402350e-01	   4.9326121640113757e-01	   3.1583950945759520e-01	  -1.7351827148038779e-01	
   3.9569966324612227e-01	   3.6544833460993409e-01	   7.8477790540755021e-01	   7.7033089965463286e-01	   0.0000000000000000e+00	   7.6719324445467119e-01	   7.6235326250276469e-01	   6.7576169464514058e-01	   5.9196235040297673e-01	   6.1382155555047779e-01	   5.6701180725259126e-01	   4.4029527329784718e-01	   7.1894389842159068e-01	   6.7358067010476397e-01	   6.8140370022387597e-01	   5.6002172195558475e-01	  -2.7810789547729586e-01	  -2.1895456765963228e-01	   6.0364685367940751e-01	   5.8205168128616269e-01	   1.8532830435995944e-02	   2.3362482871643664e-01	   8.2677101237817374e-01	   7.2354874299948002e-01	   6.2627367226926833e-01	   5.3375926292101339e-01	   7.3814845359121639e-01	   7.4916016750061321e-01	  -1.1632583571488639e-01	   3.2324544962101402e-02	   3.4824749044980913e-01	   3.4352460199041007e-01	   5.1691054343329024e-01	   5.2383876609316515e-01	   3.8362974178315956e-01	   4.5052466805581237e-01	   2.5466926964203329e-01	   9.2087621829541454e-03	   3.5853130475272721e-01	   1.6818273520784352e-01	   1.1855545544574439e-01	  -7.6646667080277675e-02	   4.0146653947562239e-01	   3.0821941188605034e-01	   3.9802334517249466e-01	   2.7828838865981287e-01	   3.7926077453094165e-01	   4.7702513436628263e-01	   6.4602137081084376e-01	   6.5567405804608370e-01	   7.3127574613237867e-01	   7.4600320764031081e-01	   7.0393555822820475e-01	   6.6960931218793229e-01	   5.0063802413678526e-01	   4.9542276581834699e-01	   2.0813354436316389e-01	   4.3830218592929404e-01	   7.6876219567923809e-01	   7.2873978631707859e-01	   6.7100810451473225e-01	   5.7166370703620828e-01	  -8.5019452685796915e-02	   3.7104228006076184e-02	   6.1742607855466836e-01	   6.5694615170502035e-01	   7.4949577620210339e-01	   6.5198939016711566e-01	   6.3846740224036902e-01	   7.6236357657229803e-01	   1.4039977843213564e-01	   1.9397674207530496e-01	   2.2805956868282912e-01	   1.9629355227810152e-01	   2.9045363415851011e-01	   1.4213863715788444e-01	   2.9838128295058897e-01	   3.6706864350579738e-01	  -1.4309473428116579e-01	   1.3387955414709402e-01	  -1.2668095337067949e-04	   2.0150947313072842e-01	   6.3418237675072109e-01	   1.1802269124644565e-01	   6.2977343104675643e-01	   6.4144992583368543e-01	   2.7476722038717705e-01	   2.4066421000231547e-01	   7.2047433855010423e-01	   7.8653860514943696e-01	   7.1498894155972148e-01	   7.7613725388869759e-01	   6.2787990973433572e-01	   7.8749056168724585e-01	   4.3568077880430833e-01	   2.2376151315293258e-01	   4.3407468456180875e-01	   3.7441561816292546e-01	   5.0074528989799971e-01	   6.0454634753146386e-01	   4.0514883895036330e-01	   6.7104960836751859e-01	   4.7737526759726057e-01	   6.9030515192854780e-01	   2.9118677904853663e-01	   3.0224886196522827e-01	   2.5737868562951793e-01	   6.0857854233035247e-01	   5.6281299914302231e-02	  -2.2053690089226426e-02	   3.9203082493287333e-01	   5.4419124145437059e-01	   6.5176082488657805e-01	   5.8290953808173751e-01	   3.9852665906483831e-01	  -1.0869182712095224e-01	
   3.9998496762349156e-01	   3.7744751001832927e-01	   4.4947870136944501e-01	   6.8007502118481433e-01	   7.6719324445467119e-01	   0.0000000000000000e+00	   5.1854567606152080e-01	   7.3856600371904813e-01	   1.8712743813410346e-01	   5.2959940333084854e-01	   5.6986691063872430e-01	   5.8664575918298523e-01	   7.2618896095705998e-01	   8.0068751534423843e-01	   6.6516169048949236e-01	   7.2125002337372013e-01	  -1.1352119824856946e-01	  -9.8087549670544977e-02	   5.7384883780372453e-01	   5.1110654704420766e-01	  -9.2968334805897279e-02	   1.6485659127408955e-01	   5.6430943944819267e-01	   5.4350354602582862e-01	   4.1313143287888621e-01	   3.8788241432032283e-01	   4.5090801680269887e-01	   6.9874841009179245e-01	   1.8810108008922211e-01	   2.8805968709245733e-01	   2.3153192858275101e-01	   2.8638623578429656e-01	   3.8378504065453956e-01	   4.6607148682266014e-01	   2.0812784496393091e-01	   2.6997977912732940e-01	   2.2210229139986365e-01	  -1.5458215461748201e-02	   2.3372879145990633e-01	   1.9562522899272508e-01	   2.0837793829223103e-01	   9.1439603020680063e-02	   4.1118573757193799e-01	   2.8804048393466675e-01	   3.7061133646510547e-01	   2.5122067173068263e-01	   4.6012092698591067e-01	   4.9897262661834763e-01	   5.7801596605707606e-01	   4.5634753336871769e-01	   6.0245691934565060e-01	   5.1681430516076121e-01	   6.3219739502762839e-01	   5.8747403481329130e-01	   4.5204912898273419e-01	   4.9067311805622138e-01	   1.5310289242606170e-01	   2.6919691065031320e-01	   6.0041928523702204e-01	   5.3453409429536491e-01	   6.6393777054055569e-01	   5.5990933072751548e-01	   3.2161331200212202e-02	   2.6863750331083579e-02	   4.5089787032596051e-01	   5.3382318165314369e-01	   4.6469982525637255e-01	   4.2769165995531022e-01	   4.2822581413598515e-01	   6.2067621020537933e-01	   3.5568494655543709e-02	   2.3463559979684312e-01	   4.1594113229884655e-01	   3.5070901742437111e-01	   4.6613679342866210e-01	   3.1040355588654378e-01	   3.6172714835873160e-01	   3.9964910984384122e-01	  -3.5827408170940003e-02	   2.7109847223216527e-01	   2.1466207870355317e-01	   3.1734293608721365e-01	   6.1422816000420899e-01	   2.9335520894924116e-01	   5.9353695805370732e-01	   5.3768924412562979e-01	   2.8266118022361375e-01	   2.0726861597145596e-01	   7.1346695480336697e-01	   5.9494111538823669e-01	   6.3286361337871044e-01	   6.2949858590937868e-01	   5.7653810219660029e-01	   6.2230877616756164e-01	   3.4762878829456045e-01	   1.2246125360647014e-01	   4.7405177811869503e-01	   3.1843643188075132e-01	   5.7780944476303731e-01	   6.4081654057705151e-01	   2.6466043279119356e-01	   4.8030102946309516e-01	   3.9324061950722494e-01	   4.9646235352245904e-01	   1.7011975723647932e-01	   3.5119496882744822e-02	   1.7666777158198638e-01	   4.0322640266662224e-01	   3.2733168078785305e-02	   3.4231472922489570e-02	   3.5394099596014389e-01	   4.9650059139459862e-01	   5.2226171659971454e-01	   4.6625240243186084e-01	   3.0274957884125631e-01	   3.0451169157763872e-02	
   3.4019557262229827e-01	   2.4470001477487158e-01	   8.4197390817279461e-01	   6.9335694468199494e-01	   7.6235326250276469e-01	   5.1854567606152080e-01	   0.0000000000000000e+00	   7.1995241638738139e-01	   7.1291351668149949e-01	   7.6757742863297707e-01	   7.1794759006475761e-01	   5.6679694765164079e-01	   7.8742746548434539e-01	   5.7210802749568679e-01	   6.5004751193509946e-01	   5.1467946556761468e-01	  -2.0839252434644467e-01	  -1.2810703557448291e-01	   5.4864443080798919e-01	   4.3308485301697336e-01	   1.4973861577271524e-01	   1.5413785107348821e-01	   7.3727721909744326e-01	   6.2356872720170187e-01	   3.3478613371963173e-01	   3.0592350953507841e-01	   5.0106050813533276e-01	   5.3454415228227670e-01	   2.9989423902738302e-02	   8.8437513073621701e-02	   2.1587912152314226e-01	   1.9034470950641674e-01	   4.3456008177614391e-01	   4.2314490694849877e-01	   2.2969938825610248e-01	   2.4708073942525510e-01	   1.3159651139972403e-01	  -7.6246240657883574e-02	   3.8826035440449724e-01	   1.8739414099374288e-01	   1.1033835196332928e-01	  -1.2069497449340172e-01	   2.7261682435309342e-01	   1.7383534039974657e-01	   3.9201249427669616e-01	   2.9358947814807151e-01	   1.8956070642380837e-01	   3.3371835598492794e-01	   5.5296097820763390e-01	   6.1252990329961254e-01	   6.3727263616255048e-01	   6.5700668734222867e-01	   4.0993323821420224e-01	   4.5928985225475227e-01	   4.3076942418962472e-01	   4.3407481929074898e-01	   3.9754741084264807e-02	   4.5477929345392198e-01	   8.2509683767842579e-01	   8.3584180644233053e-01	   7.6373741084323588e-01	   7.1683142280253453e-01	   7.3324862899250193e-02	   2.7501697531940672e-01	   6.8573105991942462e-01	   6.1472764906606603e-01	   8.2305627086382815e-01	   6.9788127470415517e-01	   4.3202559758398479e-01	   5.6234137640467519e-01	   1.3162459735278656e-01	   1.4619308970003911e-01	   1.7852514625032528e-01	   1.8938816644953288e-01	   2.0392192153249877e-01	   2.1971859390772583e-01	   3.2567671613317556e-01	   4.1167826240226779e-01	  -1.6066984659782102e-01	   6.5484961365562422e-02	   6.2505629535963947e-02	   2.3023762675281356e-01	   6.0118006504474253e-01	   9.9308241013583071e-02	   6.3141649262894572e-01	   6.1929049550415927e-01	   8.9089608393912875e-02	   1.5512714965357799e-01	   7.3973512502807581e-01	   7.1694180497832050e-01	   6.0997515352643861e-01	   7.4407327741633444e-01	   5.0674734034314728e-01	   7.4192414636507231e-01	   4.1823541360911798e-01	   1.4035947663707335e-01	   3.1639709902259455e-01	   2.9352701630547146e-01	   3.6787910744242341e-01	   5.1298550569215151e-01	   4.4257436064661676e-01	   6.3885453890905808e-01	   4.5407780373905260e-01	   6.7701338381553833e-01	   2.3094359949946180e-01	   3.1408357907781514e-01	   2.3494158116406794e-01	   5.1240877522611106e-01	  -6.5309741081725103e-02	  -6.2572165905902366e-02	   3.1220323267026728e-01	   3.8659428367258120e-01	   4.8223138391099396e-01	   4.0287664479601615e-01	   2.7699653140070957e-01	  -6.6996646840821725e-02	
   5.1056294917270639e-01	   4.1534241186297916e-01	   6.0470377190874913e-01	   8.4548800868417917e-01	   6.7576169464514058e-01	   7.3856600371904813e-01	   7.1995241638738139e-01	   0.0000000000000000e+00	   4.2937890172385385e-01	   6.8183706259236587e-01	   6.6900577741971090e-01	   6.6927331266366197e-01	   6.5484846133926888e-01	   6.9171746739266715e-01	   6.0775388508144546e-01	   7.1533081158039657e-01	  -3.9980646311023965e-02	   5.0888534592374621e-02	   6.8193354920851856e-01	   6.1148992909456257e-01	   9.0740266890034199e-02	   1.6500930206160197e-01	   6.4214132394415069e-01	   6.7079022995568560e-01	   4.1580635179142589e-01	   4.8477970916858737e-01	   5.0832268700020000e-01	   6.7807588152842835e-01	   1.7882829790192295e-01	   3.2690713026026985e-01	   4.0849826234772446e-01	   4.3844970518504700e-01	   6.0789108604822950e-01	   6.3333242216898833e-01	   2.5521145237648302e-01	   2.9189146695248813e-01	   1.8526751488606885e-01	  -1.8323763296083373e-02	   3.0512916856799932e-01	   2.7393373283623412e-01	   2.9253757085545928e-01	   1.6023407383957397e-01	   4.7600681663221456e-01	   3.9048562067101356e-01	   4.5325044282583959e-01	   3.4391750548204825e-01	   4.8942834401967739e-01	   5.6669684621355365e-01	   5.4303977689759975e-01	   4.5773532480893864e-01	   6.0647188924515338e-01	   5.4105852253870279e-01	   6.0753658513832098e-01	   6.6351111675945118e-01	   4.6614510838746614e-01	   5.6703160573839384e-01	   2.5282702166920495e-01	   4.2734835841898300e-01	   6.6467938807233484e-01	   6.3401381037135052e-01	   7.4890339320502675e-01	   7.7423438068391448e-01	   2.4106819710497163e-01	   3.5191301117967716e-01	   5.4720617875124289e-01	   6.0810285205006909e-01	   6.0409232762233445e-01	   5.8612776673474709e-01	   4.7574902168392641e-01	   5.9906509896802396e-01	   5.0697356347512643e-02	   2.3958020170696132e-01	   3.7171556435401970e-01	   4.1540645348466387e-01	   3.5980624517702148e-01	   3.1946595315075255e-01	   4.1817751875063003e-01	   4.4459983487949684e-01	  -5.0536111710031882e-02	   2.2603631290233583e-01	   2.8779447604709207e-01	   4.3433719472398413e-01	   6.2075713589265669e-01	   3.6489123752260400e-01	   6.6989206300117410e-01	   6.6326283168688727e-01	   1.5819365993682591e-01	   3.1143738254266917e-01	   7.8011104286355204e-01	   6.8959357725868775e-01	   7.7497444917571157e-01	   6.7102109230006968e-01	   5.7162909486540936e-01	   6.2992254073160503e-01	   3.6471549615815391e-01	   1.3375488925956203e-01	   4.4809832188647658e-01	   3.5867241767038699e-01	   7.1683785021269530e-01	   7.5992386865647832e-01	   4.9116196457608818e-01	   5.6736051817201616e-01	   5.6568602259267875e-01	   6.8368530484460832e-01	   1.7626924248084702e-01	   6.4209138299666596e-02	   1.6532574943239720e-01	   3.9652414892090160e-01	  -2.0359128229454813e-02	  -1.1025606210247439e-01	   4.3548151995279893e-01	   6.1096228117315210e-01	   5.2357408393621296e-01	   3.9206156909252143e-01	   2.0976731823198724e-01	  -8.4705906284984311e-02	
   1.0420566574470852e-01	   6.0777126660946035e-02	   6.0042741730222737e-01	   4.2815521096463882e-01	   5.9196235040297673e-01	   1.8712743813410346e-01	   7.1291351668149949e-01	   4.2937890172385385e-01	   0.0000000000000000e+00	   7.3074055916372238e-01	   5.0061246407793936e-01	   2.1568988630341188e-01	   4.4141923287997548e-01	   1.6894751682972817e-01	   3.0228354686985648e-01	   1.3440924760846379e-01	  -3.1923535251511970e-01	  -2.7988555125918135e-01	   3.3958158826432006e-01	   2.6530138034033540e-01	   2.2290189762331702e-01	   1.9658151172493243e-01	   5.0872734725542013e-01	   4.4479114858061231e-01	   2.5490907041178951e-01	   3.7231183870292661e-01	   5.1160645175266795e-01	   3.5583388528615201e-01	  -3.0320334352266765e-01	  -1.6268546832423059e-01	   1.9211541893950354e-01	   1.5145253044733081e-01	   2.7876951702903446e-01	   2.5698569797581117e-01	   9.3148980553483085e-02	   1.7043846620189990e-01	  -5.2649759470135359e-02	  -2.3764701394270610e-01	   1.1879852732669884e-01	  -8.5677109768202780e-02	  -1.0496887371587496e-01	  -1.9256149469046688e-01	   2.4848656245980585e-01	   1.8212078128696169e-01	   1.7942392048210892e-01	   2.2566897441443684e-01	   1.4070022070232241e-01	   2.8006828922010990e-01	   3.7552495856685697e-01	   4.9397367910319423e-01	   4.0166184688892781e-01	   5.5487322275497830e-01	   3.3487376799627794e-01	   4.3454275509080115e-01	   1.6760979904126672e-01	   1.9723065621867664e-01	   1.7958637874029074e-02	   2.3672424814663573e-01	   4.4184893475416154e-01	   5.2113499343671243e-01	   4.0139485260272439e-01	   4.5737950960267504e-01	  -1.2197955933797958e-01	   6.9091359229036295e-02	   3.4938042523110707e-01	   4.1289488960808174e-01	   4.4246379761669585e-01	   3.6204154068622607e-01	   3.4657298429431144e-01	   4.0324192520137958e-01	   2.3024909699962628e-01	   1.0728299466714347e-01	  -1.8000927358621691e-02	  -4.4959245344834524e-02	   6.8469820765938161e-02	   6.9258353392071103e-03	   4.1270443043991689e-02	   8.0567124691180728e-02	  -3.8384266444852211e-01	  -2.0173304182010629e-01	  -1.6243592176103294e-01	   4.2152720446222676e-03	   1.7934636425229389e-01	  -1.6466082175246485e-01	   1.8690997805315174e-01	   3.2511099087800649e-01	  -2.5206274506287901e-01	  -6.1716513944285269e-02	   3.1504343877213875e-01	   4.1779401778312575e-01	   3.5744197724200533e-01	   4.2242083448891354e-01	   2.4121538486619995e-01	   4.3669888855819439e-01	   8.3735751004618691e-02	  -3.4048531690412415e-02	  -2.3539730175967763e-02	   5.6314852155511547e-02	   1.4580281444210980e-01	   2.6896071693486667e-01	   2.3548511196729677e-01	   3.8878912274664335e-01	   1.6650864950112829e-01	   4.1233830037435976e-01	   1.9475082125828581e-02	   1.3090436635839167e-01	   7.8817976085843455e-02	   3.3270299061267217e-01	  -1.2431185207469157e-01	  -2.8443130522698457e-01	   3.3330502430816283e-03	   1.3266868783353508e-01	   2.4870496499231684e-01	   1.0269229466972080e-01	   1.7318935749583736e-03	  -2.6995626552426349e-01	
   1.0102926373407962e-01	   1.2854961087617733e-01	   5.7725658285331349e-01	   5.7641579765835704e-01	   6.1382155555047779e-01	   5.2959940333084854e-01	   7.6757742863297707e-01	   6.8183706259236587e-01	   7.3074055916372238e-01	   0.0000000000000000e+00	   6.3915231341603684e-01	   4.0238695730243512e-01	   6.1742200568091221e-01	   4.0140854931176873e-01	   4.5463586540105005e-01	   4.0538678045066390e-01	  -2.5507797918039765e-01	  -1.8644841946893564e-01	   4.3457600169634902e-01	   3.6090374421029292e-01	   2.2563910879760862e-01	   2.1617453067059200e-01	   5.5956052388246913e-01	   5.2624351508925105e-01	   3.0506847396372205e-01	   4.2884226167106498e-01	   4.3327730355739813e-01	   4.6832029872092951e-01	  -1.3565966353844683e-01	  -3.5006873657681334e-03	   2.5355687400800081e-01	   2.2583530610247990e-01	   3.0747234896908926e-01	   3.0135338841839732e-01	   3.4045285843781310e-02	   1.1472382150791022e-01	   5.6843087855672825e-02	  -2.5483001679343908e-01	   2.0521363482861163e-01	   2.8083049706943912e-02	   5.8757047129475617e-02	  -1.8859828688903679e-01	   2.8343570715807109e-01	   2.1551228595278835e-01	   2.7203232821870643e-01	   2.7164358265041338e-01	   2.5830320995620165e-01	   3.8856369790927131e-01	   5.0583097724280179e-01	   4.5745427133051619e-01	   4.8418784151490524e-01	   5.2697561557356776e-01	   4.2841375140210342e-01	   4.7512980552959633e-01	   2.4665312907229564e-01	   2.9513700021023070e-01	  -1.0423155024975389e-01	   1.7884867321234138e-01	   5.5673748452656380e-01	   5.6168186081381566e-01	   5.6802786212952072e-01	   6.2398227212484780e-01	  -5.8668365759227833e-02	   1.0461580693090694e-01	   4.5948523984047085e-01	   5.1705816069499166e-01	   4.6669189938006828e-01	   3.3911171722141836e-01	   3.8632837925504254e-01	   5.2259954824520982e-01	   2.3253464180461703e-01	   2.1687982368868869e-01	   7.9076235227338115e-02	   5.4771444908008893e-02	   1.9443348725568183e-01	   1.5267704315217956e-01	   1.8068546578802885e-01	   2.0526390671288405e-01	  -3.4760738087813819e-01	  -5.0151861047592866e-02	   3.6246584090682793e-02	   1.3359735023044844e-01	   3.7854101895531622e-01	   6.1196318465110981e-04	   4.2086150369859066e-01	   4.7182577879111387e-01	  -1.2615714268793210e-01	   4.9781355284981788e-02	   5.7051027441469726e-01	   4.9707983758176638e-01	   5.7830562609894920e-01	   6.2436856630194804e-01	   5.2207548427003436e-01	   6.2607283714600126e-01	   2.2555819333180149e-01	   1.7714417063867963e-02	   1.7364119703727515e-01	   1.3434502813611959e-01	   3.0526728405351367e-01	   4.3796475369093035e-01	   3.9134321070092298e-01	   5.1788151259085025e-01	   3.9571769769359105e-01	   4.6595456582842243e-01	   1.1966392079318855e-01	   1.3536606847249893e-01	   1.3569047904827108e-01	   3.5874716870318857e-01	  -9.6508313396063847e-02	  -1.9283447301002499e-01	   9.8963156003092426e-02	   2.7169687831301742e-01	   2.8138919721717831e-01	   1.3418361740898227e-01	   1.1353294200634592e-01	  -1.6960754902834149e-01	
   4.3213458616385558e-01	   3.5189223246274814e-01	   4.5226823829823604e-01	   4.0972667758650316e-01	   5.6701180725259126e-01	   5.6986691063872430e-01	   7.1794759006475761e-01	   6.6900577741971090e-01	   5.0061246407793936e-01	   6.3915231341603684e-01	   0.0000000000000000e+00	   7.8913866002275168e-01	   8.7608329706279209e-01	   7.0058509460514862e-01	   7.4459656221895132e-01	   6.4420789746356510e-01	   2.2636461335464192e-01	   2.1693524151730853e-01	   5.2592710989536950e-01	   3.4821952629669173e-01	  -7.4005495226538695e-02	   3.5953191243475804e-02	   4.7659089905595409e-01	   3.9464173727483448e-01	   7.1833887409348152e-02	   1.3422276132888572e-01	   2.4466509769020994e-01	   3.5207585087286541e-01	   4.1559125554364562e-01	   4.5274053196663977e-01	   1.3244277528925075e-01	   1.6221277786637539e-01	   2.9977529282701332e-01	   3.4705993316058958e-01	   9.9643467985675693e-02	   1.1243211987541944e-02	   1.9342058545216062e-01	  -2.4381788314241336e-02	   2.6026212696289985e-01	   9.1039637335525142e-02	   8.4455819349194133e-02	  -5.1252554896091283e-02	   3.6794139664444148e-01	   3.0655038832939741e-01	   4.7715100131578109e-01	   3.4672989881840433e-01	   3.5962777791698508e-01	   3.8210628613141562e-01	   5.8572830971145107e-01	   5.2486352686804638e-01	   5.3384684974460650e-01	   4.1369808531584229e-01	   4.5572827421578355e-01	   5.1193812272311201e-01	   4.3053946669119736e-01	   4.4949729169471631e-01	   3.9146487708024306e-02	   2.6628051646702988e-01	   5.4173600362064422e-01	   5.3312186999361233e-01	   6.3157195715657366e-01	   6.8759297614015924e-01	   2.0851060127714213e-01	   2.5937913306769805e-01	   4.4909371509381574e-01	   4.2544651607707074e-01	   4.3583213605343502e-01	   4.1582916974507600e-01	   1.5787988333583988e-01	   3.1128781121917848e-01	   2.5123829062809411e-01	   2.8377261474800014e-01	   3.5311111225241443e-01	   4.3574441869033192e-01	   4.1203702504584916e-01	   3.9274140760707443e-01	   4.8668243061145966e-01	   5.5953861712593422e-01	   7.0986146211880125e-02	   3.5965204515810606e-01	   3.4269414525239295e-01	   4.7447415520184288e-01	   6.1436832375676342e-01	   1.3361611877702009e-01	   5.9251520611395470e-01	   4.5835197929967486e-01	   5.6462239152906449e-02	   2.2828313271753012e-02	   6.0617957275703271e-01	   4.2117241187626475e-01	   4.5533742866280258e-01	   4.8000907301014789e-01	   4.3438163500801985e-01	   4.6257201627549771e-01	   3.6590274729796579e-01	   1.3690001223936551e-01	   3.9038639390696106e-01	   2.4530958227709737e-01	   4.8695772334917453e-01	   5.0617986873277776e-01	   3.9778234140414526e-01	   3.4252556619323382e-01	   4.2028025710697181e-01	   3.5187405423177970e-01	   1.3888687836792701e-01	   4.6248636195101230e-02	   1.2268258449348154e-01	   2.3709500085066743e-01	   5.9979563854482901e-02	   7.1613310616301717e-02	   3.0638797734012302e-01	   3.5574098881195815e-01	   4.8029741113811153e-01	   3.5066553282892982e-01	   3.5574118862333626e-01	   1.8198343064338265e-01	
   5.4974257967239204e-01	   4.3084632712476700e-01	   3.2707767780145869e-01	   4.2386001334238316e-01	   4.4029527329784718e-01	   5.8664575918298523e-01	   5.6679694765164079e-01	   6.6927331266366197e-01	   2.1568988630341188e-01	   4.0238695730243512e-01	   7.8913866002275168e-01	   0.0000000000000000e+00	   7.4827834967604323e-01	   7.9936880708928437e-01	   6.5797152735402253e-01	   7.1402050393507932e-01	   3.1785111186697146e-01	   3.6341399612995501e-01	   5.6718465597979728e-01	   4.0814916892331304e-01	   2.4559610849425170e-03	   1.3031833958117539e-01	   3.5510693741607108e-01	   3.2629210475309389e-01	   5.5351579266444016e-03	   1.8805999052099984e-02	   1.3603972006704934e-01	   4.3582449835665671e-01	   6.3855531140239741e-01	   6.8435492330811232e-01	   1.1192203936597518e-01	   1.8061091944068505e-01	   3.8120659122195444e-01	   4.8113374020930255e-01	   8.5564562588952620e-02	   7.2472039614675850e-03	   2.0753438902022486e-01	  -1.1777375459705313e-02	   2.9018772876463012e-01	   1.7032582336174393e-01	   3.1621355121119088e-01	   2.3164253863745743e-01	   3.6429780835707792e-01	   3.2464777096307151e-01	   5.4060218970798379e-01	   3.9328187145346383e-01	   3.5776009714453011e-01	   3.8413005355523500e-01	   4.7417709549969145e-01	   4.7075431965356385e-01	   4.4455981569452230e-01	   3.1479039455242286e-01	   3.1230702116063147e-01	   3.4859387973105516e-01	   4.2446033491659568e-01	   4.6521684466437224e-01	   2.2341141082677629e-01	   4.4309964595844797e-01	   5.7268797982349962e-01	   5.9750639869287114e-01	   6.8102740640238280e-01	   6.8224984742465788e-01	   4.9280917548632158e-01	   5.3818059408598873e-01	   3.5067735592186866e-01	   3.2625324486137186e-01	   4.6625621868286482e-01	   5.3045025870999374e-01	   3.2205746601998951e-02	   2.2478201304698336e-01	   9.7150568420112576e-02	   2.0530839698201531e-01	   5.7562813151068437e-01	   6.2190683919985501e-01	   5.5745429985028938e-01	   5.2727920317789700e-01	   4.7358073689157487e-01	   5.5811737011581275e-01	   3.0698402214375309e-01	   4.2597830906887457e-01	   4.4997947508866765e-01	   5.2885180851511460e-01	   6.2215833328811132e-01	   3.4997208579457506e-01	   5.6520408937722277e-01	   4.2447452126680019e-01	   1.6034245377962653e-01	   3.8640680251097674e-02	   6.0478333995999822e-01	   3.9547491853551286e-01	   4.2596953653168601e-01	   3.6601494053718225e-01	   3.1789332039559309e-01	   3.6641887272405416e-01	   2.9615585514592846e-01	   1.3453044107680934e-01	   4.3749110008056452e-01	   2.6629619611484912e-01	   5.2394141840069053e-01	   5.0640141150846740e-01	   2.5868024904135845e-01	   2.4999088498439503e-01	   3.7263934164916712e-01	   4.4002842547373877e-01	   9.4511535271766436e-02	   2.5521785459682804e-02	   2.8923905069215516e-01	   2.1129864493636002e-01	  -1.6412845599566423e-02	   8.5163364491024962e-02	   3.8915696348033324e-01	   3.5875468743270389e-01	   3.8521858461714109e-01	   3.2001970526615908e-01	   2.4442793763471338e-01	   2.1799371365168574e-01	
   3.9082481250367718e-01	   3.0551578296967319e-01	   5.4938018996664739e-01	   4.8616674537707577e-01	   7.1894389842159068e-01	   7.2618896095705998e-01	   7.8742746548434539e-01	   6.5484846133926888e-01	   4.4141923287997548e-01	   6.1742200568091221e-01	   8.7608329706279209e-01	   7.4827834967604323e-01	   0.0000000000000000e+00	   8.0984519958297896e-01	   8.1769502379132164e-01	   6.9604601582547110e-01	  -1.5819815101355973e-02	   9.4842392586843328e-03	   5.7736057218342896e-01	   3.9925544455161499e-01	  -7.1527149234190152e-02	   3.2433853653667813e-02	   5.8850713914062980e-01	   4.4779519663934936e-01	   1.5049638501868240e-01	   9.5153543437289281e-02	   3.3473684176825114e-01	   5.0747346102212765e-01	   2.9381436445072118e-01	   3.2026848028488664e-01	   3.7500191514095997e-02	   5.9772382753575902e-02	   2.5044303491168174e-01	   2.9667201470585114e-01	   1.1562639628012064e-01	   7.4367550260207096e-02	   1.3069512875479411e-01	  -7.3901724222792994e-02	   2.3043599470962756e-01	   7.5920428057400929e-02	   8.2225671439169284e-02	  -5.6730163643009070e-02	   3.2580416781644328e-01	   2.1064860946425804e-01	   4.3394487980012009e-01	   2.3991782019544081e-01	   2.7077606379664848e-01	   3.4425064771303698e-01	   5.7582439217686632e-01	   5.2396652874495697e-01	   5.6808431531832548e-01	   4.8758126161322041e-01	   4.4133442887997365e-01	   4.4466241422496278e-01	   4.0148877915183501e-01	   4.0805690651205051e-01	  -1.2087797365049075e-02	   2.8898918916195554e-01	   6.8643450384668903e-01	   6.3473808150946165e-01	   7.0650873038719120e-01	   6.2555840237650773e-01	   9.4733946060392427e-02	   1.4455365764578582e-01	   5.3647745260326507e-01	   4.8135202206710287e-01	   5.9731837840750868e-01	   5.0605356850740313e-01	   2.8133799785305469e-01	   4.4802638271073758e-01	   2.3216298441069216e-01	   2.6831528238574992e-01	   3.0678330607066473e-01	   3.4030226367693639e-01	   3.9544368586091067e-01	   4.1879579900559649e-01	   4.5708937589133847e-01	   5.2125276278979449e-01	  -3.0596324492441200e-02	   2.7658601597913374e-01	   2.4033582103330220e-01	   3.8430709999550688e-01	   6.9138447367843525e-01	   1.5068022215901630e-01	   6.4845861161919793e-01	   5.2428262980941542e-01	   1.8503389304349843e-01	   3.7493761676471796e-02	   7.1826254678156864e-01	   5.4341164897304828e-01	   5.1658805945310382e-01	   6.5051488295684501e-01	   4.8463286804867567e-01	   6.3452850506468217e-01	   4.1501969590700938e-01	   7.3482944993735963e-02	   3.3893939795333033e-01	   2.0732028011627429e-01	   4.0609698443041964e-01	   5.2709224330141269e-01	   3.1168481626298611e-01	   4.8653693925735497e-01	   4.0560552994411236e-01	   4.5118046160343928e-01	   1.6113734456413353e-01	   1.1473366237305338e-01	   1.2707001422809400e-01	   3.5892216401882182e-01	   4.5936843958636481e-02	   1.5876860043333722e-02	   2.6633951450296972e-01	   3.4565267412116946e-01	   4.7644705244621599e-01	   3.8125215320174399e-01	   3.0122252116351889e-01	   7.8416929647063385e-02	
