   0.0000000000000000e+00	   5.4457219135669266e-01	   2.9381650448687807e-01	   2.3361474052944464e-01	   2.4776336271249511e-01	   3.8936276724929453e-01	   5.7817622039669381e-01	   4.7118560590445990e-01	   3.5474674102065135e-01	   3.2354042363015656e-01	   6.8521843453653852e-01	   6.6372396125414790e-01	   6.1905178491825519e-01	   4.1017752540303976e-01	   3.5879688695837342e-01	   4.6497915197223993e-01	   3.1215081809404233e-01	   2.6385322169216985e-01	   4.1126940194099965e-01	   3.7497832519604335e-01	  -1.1148817674169891e-01	   2.8518781602813896e-02	   9.2881828126056748e-02	   1.0056517542509412e-01	  -2.5784889882200673e-01	  -1.5490450641415474e-01	  -5.0745561467020833e-02	   6.5019077897509880e-02	   2.7763638689231618e-01	   1.6125542764136641e-01	  -1.0371001340105551e-01	  -6.0550750575119786e-02	   1.1601659578478690e-01	   2.5891834347954124e-01	   1.7022433998882280e-01	   1.0994875458509414e-01	   1.9626012988231145e-01	   2.4588715456187799e-01	   1.5691650521502998e-01	   1.8687329113037165e-01	   2.3650204778354200e-01	   9.8143978586953576e-02	   1.3116635308000172e-02	   7.0133750465211447e-02	   1.3854696972964348e-02	   1.7141279236435369e-01	   1.7115369308146119e-01	   1.0491340575203245e-01	   2.6701221386411822e-01	   3.7722235328057219e-01	   2.7050950454259443e-01	   2.6599629254480389e-01	   4.8036575814929561e-01	   7.6427655605980249e-02	   3.7398168407515953e-01	   3.3971895476193381e-01	   3.1286075402707064e-01	   4.0177547488611248e-01	   6.1544080898782005e-01	   5.4022702788863819e-01	   7.5853575006164686e-01	   6.6822617180780308e-01	   4.8327741865403123e-01	   4.3670854524978764e-01	   4.2498308937328944e-01	   5.2565182225155738e-01	   1.6851996776508302e-01	   1.3660928478527118e-02	   4.2091984516931585e-01	   4.1972804656987012e-01	   3.1268262057945595e-01	   4.2343806780057325e-01	   4.0069386500601378e-01	   3.7842950002778186e-01	   3.7028969482515484e-01	   3.8170375588885908e-01	   5.2564865852802156e-01	   4.6552772532253595e-01	   4.9193288865495774e-02	   3.6318151526305398e-01	   1.9874848634948350e-01	   2.7978899472333169e-01	   2.2153889917526753e-01	   1.2307006445374546e-01	   3.7541491310538683e-01	   1.4101514876224208e-01	   3.5799945465837918e-01	   1.4715330264486515e-01	   5.8755022412295199e-01	   4.2517371572586993e-01	   8.5138215429988423e-02	  -1.3249932002949946e-01	   9.1806472599351499e-02	   2.4646820824628302e-01	   7.3447355311045182e-02	   1.2614025695637118e-02	   1.6656358513588743e-01	   8.2735415421743341e-02	   1.9697691320851168e-01	   3.1400735390342738e-01	   2.1550450113472211e-01	   5.2126271928754053e-01	   4.0981364786305330e-01	   4.5019961728785740e-01	   1.5923848625739981e-01	   1.7357105163750408e-01	   3.4227349305835286e-01	   3.1542243390722002e-01	   6.1148627664256078e-02	   2.4140957874875921e-01	   7.3589565493758030e-02	   2.7043469962529898e-01	   1.8087587715762651e-01	  -7.0613471254903470e-02	   1.1505231313634209e-01	   1.5856988609769773e-01	
   5.4457219135669266e-01	   0.0000000000000000e+00	   2.6260727584839944e-01	   3.7667075109182485e-01	  -2.4181907087028226e-01	   2.8777735006632804e-01	   1.6606941552545690e-01	   3.9160189807798201e-01	   1.1625034574677298e-01	   5.1943228686498011e-01	   1.0980879644686739e-01	   6.6088131507396564e-01	   3.3345588374355917e-01	   4.0768726614538991e-01	   5.4751537170346809e-01	   5.9007596595962197e-01	   7.3225771106394610e-01	   7.0713789216106104e-01	   5.7407712401447819e-01	   7.2892351046643711e-01	   3.2397199745122257e-02	   3.3187080034668204e-01	   1.8025897824288334e-01	   2.9072212877503423e-01	   9.3038117307058202e-02	   1.1524324082841403e-01	   1.0527596516056684e-01	   2.3133662616470307e-01	   6.2730084922073870e-01	   5.4897434348196850e-01	   3.3622138652391581e-01	   3.5770745298029266e-01	   5.1698404819162280e-01	   6.4852608649238586e-01	  -1.7746761931758764e-01	  -1.0583843962518644e-01	   3.1553145822472417e-01	   3.5407257441583662e-01	   3.8941797648889259e-01	   3.4743864165836769e-01	   5.2923746865701937e-01	   1.9059116880342780e-01	  -9.5623135715850512e-03	   2.8745148052432064e-02	  -6.0643604192412215e-02	   1.2304919751480634e-01	   7.2384337861657669e-02	   8.3144012604739442e-02	  -2.0499058118818438e-02	   5.2991637682501827e-02	  -3.6766742254607888e-02	   1.4831966092290101e-02	   1.8573095311814175e-01	   1.0872306374358613e-01	   5.1811765731012827e-01	   4.7801073314888598e-01	   7.9942831850364926e-01	   9.1124317451913228e-01	   1.3556758421686382e-01	   5.1363675809589315e-01	   2.9178431545389460e-01	   3.6221397005747058e-01	   7.8414046960703865e-01	   8.7306304543595470e-01	  -1.1183172290915311e-01	   2.2087532980739460e-01	  -5.7790015382659703e-02	   2.2777046598841894e-01	   5.6061271016084280e-01	   5.5260542233667909e-01	   2.0081402777838497e-01	   2.7201802222940857e-01	   6.6803554074906257e-01	   7.1053133933753143e-01	   5.2673625573774374e-01	   6.9472276673276134e-01	   6.8971395927147316e-01	   7.2176333927558733e-01	   5.1893775345583293e-01	   7.0930340968595129e-01	   6.2983499854256642e-01	   6.5141615618958837e-01	   4.6546065768962486e-01	   2.3078037390328857e-01	   4.2089871034675252e-01	   4.2859375035447178e-01	   5.7069162883417612e-01	   4.1063238277054237e-01	   2.3643768661303122e-01	   3.7595604281822248e-01	   2.5744303309517967e-03	  -3.3503840447729005e-01	  -3.4312520026012455e-02	  -1.9667252025810489e-01	   1.5498986349982710e-01	   2.0324235969013865e-01	   5.4010004126822131e-01	   1.4135825662601700e-01	   3.4787237904914164e-01	   8.6010168595402614e-02	   2.9962815633147932e-01	   6.9753582168532280e-02	   5.2885255909848405e-01	   1.9145343338466680e-01	   2.8378435972958599e-01	  -1.9008122477947611e-02	   8.2812977976410934e-02	   6.7107870480001136e-02	   2.7487907171116288e-01	   2.9817995304880635e-01	   1.8378467105497753e-01	   3.2671369837385750e-01	   6.2808898142481057e-02	   1.0586922333070493e-02	   1.4247539671502835e-01	   1.4175017425315417e-01	
   2.9381650448687807e-01	   2.6260727584839944e-01	   0.0000000000000000e+00	   7.8047675744316081e-01	   7.0862509660097606e-02	   2.3868997901416089e-01	   1.8298001846246156e-01	   3.7461697388151255e-01	   2.0340769880397369e-01	   2.7003884272842582e-01	   1.1449255832765773e-01	   2.7021774164599094e-01	   4.4727518053308801e-01	   5.2635422289005729e-01	   5.3160925949782134e-01	   4.6394552904137032e-01	   2.1271610995362494e-01	   2.3972702779104202e-01	   7.0282151834201767e-01	   5.6500895003914353e-01	  -5.1113841682866541e-02	   2.6486857395224189e-01	   8.1460701526980106e-01	   8.2732772813868694e-01	   4.6552807599161938e-01	   5.0854774614123965e-01	   4.3634701153877997e-01	   3.0154908496333677e-01	   4.0567022644775415e-02	   6.0034293660295224e-02	   4.3873631815736075e-01	   6.4236458528137841e-01	   4.3463997909214303e-01	   4.5988501737732690e-01	   2.0239635961821353e-01	   8.7313255066379519e-02	   2.5851122446664060e-01	   1.5900591020382915e-01	   3.2171258664187324e-01	   2.3474214088991596e-01	   3.9377359325269690e-01	  -1.3113499497150577e-01	   5.4877078259271850e-01	   5.3132483137117426e-01	   5.4011219472500394e-01	   6.5173805482949121e-01	   6.0115033331539802e-01	   5.7586771373111212e-01	   4.4705848424162542e-01	   4.6468872665929006e-01	   5.9160201286862202e-01	   5.7974402298096872e-01	   4.3480287963638431e-01	   5.8347714702331233e-01	   6.1685139845290393e-01	   6.4780402201017073e-01	   1.7189274856524878e-01	   2.0412837349237420e-01	   7.7298625132473209e-02	   3.0046918112877519e-01	  -1.0989925697689982e-02	  -6.4753068118998808e-02	   2.5792343423043507e-01	   2.8578049037070791e-01	   9.3298675422374272e-02	   1.2636831161763268e-01	   3.3651614094188487e-01	   5.0058521309657644e-01	   6.1122298306549683e-01	   4.1386880642493729e-01	   3.0796133934899617e-01	   4.6016605095047391e-01	   3.7008797374555180e-01	   3.3601849914708454e-01	   3.4223831861917814e-01	   4.1191343855072537e-01	   4.9503487751236985e-01	   4.3293510339319347e-01	   1.0973511915535002e-01	   3.0435846243238968e-01	   2.2869338225556213e-01	   2.5046956615093430e-01	   1.8789168890299351e-01	   1.2080120012030417e-01	   6.4065483997400507e-01	   6.8024147301950477e-01	   5.8660085624709157e-01	   7.2110026757966517e-01	   3.9639206991275072e-01	   7.1244792875346674e-01	   6.5894883263003368e-01	   3.7604175902748727e-01	   5.8107720961240128e-01	   5.1508415353346948e-01	  -1.3544287265087157e-01	   1.8468465054819244e-01	   3.1242178315842706e-01	   1.5216384096621277e-01	   6.5345557145226441e-01	   5.8995193744548624e-01	   6.9862392443893540e-01	   4.4415964880012909e-01	   4.6347406693974891e-01	   4.0615822844321131e-01	   1.0304982428808229e-01	   1.6557577131315249e-01	   2.1325355457143247e-01	   3.8396912972949754e-01	   4.5792537166992033e-02	   3.2108155064215377e-01	   2.4918156567998370e-01	   3.0937621094774254e-01	   2.7232747437350668e-01	   2.9249474980473666e-01	   4.2352450752553783e-01	  -1.0599353163907738e-01	
   2.3361474052944464e-01	   3.7667075109182485e-01	   7.8047675744316081e-01	   0.0000000000000000e+00	   2.8978615625545406e-02	   5.4185605015191896e-01	   2.2720225046302245e-01	   6.9558939451038837e-01	   3.4458590335807676e-01	   5.2903467417694672e-01	  -6.3408775882387121e-03	   4.5306396386485481e-01	   2.6636084946246125e-01	   5.6127763824930088e-01	   4.3106371423808532e-01	   5.3654818423326311e-01	   1.8999178815224949e-01	   2.5487525667465072e-01	   6.5025471627640963e-01	   6.7493645211422426e-01	  -4.0276283465682239e-02	   3.3502028528933447e-01	   6.9185351921928939e-01	   8.6413056740546401e-01	   3.6345100326616608e-01	   5.3088148196634266e-01	   2.8387122416824084e-01	   3.6802033062731543e-01	   6.3535469734341515e-02	   8.8856682658276190e-02	   4.2569736898048216e-01	   7.3541591350901925e-01	   4.8405176132121275e-01	   5.6168345043930668e-01	   1.6708848069446286e-01	   1.7176240912863044e-01	   1.7539066287304675e-01	   1.6306982028835776e-01	   2.5272984009927107e-01	   2.1316259503682228e-01	   2.8396672715248350e-01	  -1.1877050531579719e-01	   4.4976363178547762e-01	   4.4144300935875930e-01	   4.4126525576482456e-01	   6.2794874456310734e-01	   5.5957083092632864e-01	   5.3230387400136103e-01	   3.6687297128440055e-01	   4.6206717298729594e-01	   4.7257827167659161e-01	   5.1528656340082735e-01	   3.5228783511056916e-01	   4.8941117863903216e-01	   5.6745564060387421e-01	   6.0867227104798149e-01	   1.6186819485411763e-01	   2.7920143680757892e-01	   9.7418766994681869e-02	   4.4698159823858347e-01	   6.1044617580829359e-02	   1.5027804828360955e-01	   2.9719581985978816e-01	   4.0570719244410258e-01	   1.3618282461650077e-01	   3.9438154490194460e-01	   3.0273283402822493e-01	   6.1787791420680827e-01	   6.0753085792475026e-01	   6.1364668568713521e-01	   1.0964909485749955e-01	   3.7565072618322515e-01	   4.6289927919742879e-01	   5.6841627752607193e-01	   3.8357437936411398e-01	   5.3399816869096772e-01	   5.5331660983223241e-01	   5.4454681545681471e-01	   1.1267629161308924e-01	   3.2691878507536715e-01	   2.1052056061003521e-01	   2.4949026216900555e-01	   1.4990935289949595e-01	   1.3317372735300436e-02	   5.1102703427681395e-01	   6.1928126801296979e-01	   4.9040842125850903e-01	   6.5253919064571630e-01	   3.7383855597269844e-01	   7.0097188660874099e-01	   7.1092225679603538e-01	   3.0155275741992532e-01	   6.7603731586667637e-01	   3.5073573709482231e-01	  -1.0935506587493357e-01	   1.0011364495278120e-01	   3.6444739798154346e-01	   6.4570323699059615e-02	   6.8545864153779978e-01	   5.4304852662783187e-01	   8.4165746921065754e-01	   2.9508326527773415e-01	   6.0675235706687558e-01	   3.1417589793221751e-01	   2.2857988373290838e-01	   1.3595182626298313e-01	   1.3540455439220858e-01	   2.2336377575670957e-01	   6.2922840793833132e-02	   1.6711610285959785e-01	   2.2257711174972911e-01	   4.1639189158544476e-01	   2.4502000645725713e-01	   2.2926346172407297e-01	   2.8107075426659112e-01	  -8.9403002095172934e-02	
   2.4776336271249511e-01	  -2.4181907087028226e-01	   7.0862509660097606e-02	   2.8978615625545406e-02	   0.0000000000000000e+00	   5.8100207429714945e-01	   4.3876968094872448e-01	   2.4410131197821469e-01	   5.1872401930883238e-01	   1.1981719153322468e-01	   4.3566142832986665e-01	   5.2273230799001785e-02	   1.2800838817890348e-01	   6.4838575451896543e-02	  -1.0834611964322730e-01	   2.0768886539849547e-02	  -1.9551930155485620e-01	  -2.1430397672571927e-01	  -2.2069122799537955e-01	  -1.5438064730539058e-01	   1.0346336297231844e-02	   4.3658322327111997e-02	  -1.0241324127537016e-01	  -1.0545465769271331e-01	  -8.4788384634813002e-02	   8.6686999543815979e-02	   1.1085709922188472e-01	   3.2616588682235276e-01	  -2.2448375925431011e-01	  -2.2701388661403593e-01	  -2.3283698870817732e-01	  -2.1036824580904218e-01	  -2.3363943710758533e-01	  -2.3968401659403601e-01	   5.3077086722166256e-01	   4.0707218299482628e-01	   2.8767856667983809e-02	  -1.1568968723029831e-02	  -1.7856543200974830e-02	  -2.6373091960001316e-02	  -2.5362150713417819e-01	   4.1297661238433092e-02	   1.3720142632111023e-02	  -1.1836237880294127e-02	   1.7070454002001589e-01	   1.0279440502260720e-01	   1.4359483140537765e-01	   4.4108919075427577e-02	   2.5603595806035445e-01	   2.1164327017086110e-01	   3.2697530256799334e-01	   2.5580893799613019e-01	   2.7549685428567344e-01	   1.5770017833201453e-02	  -2.9736871087048790e-02	  -4.9796202218259471e-02	  -3.4205832854888213e-01	  -2.8152724054628792e-01	   4.2813853837737365e-01	   1.6067573191911152e-02	   4.3218457403864097e-01	   3.2087682518010258e-01	  -2.8961356422174017e-01	  -3.5634289599090041e-01	   5.4905260934329070e-01	   4.1362105658001080e-01	   5.1095426216193862e-01	   1.1761707212297391e-01	   2.3988308251073130e-03	   7.4976669965215903e-02	   1.9092361141489111e-01	   1.3583670986779389e-01	  -1.8527585953495485e-01	  -1.5503650658982632e-01	  -1.1456251837864180e-01	  -3.3421327924982497e-01	   4.2443889465683671e-02	  -4.4817893896547015e-02	  -2.9961213542460008e-01	  -2.7806983590651652e-01	  -2.7994104713712809e-01	  -2.0621531038799018e-01	  -1.1386086817120972e-01	   9.3090782169651221e-02	   3.1986089248875277e-02	  -1.4121030475627697e-01	  -1.5271707631589576e-01	  -8.7757053597458654e-02	   5.3437726437279509e-01	   1.5153857049756525e-01	   1.9273054999646394e-01	   2.5938678911559110e-01	   4.1320149066518597e-01	   5.2076325382511623e-01	   2.6339098258213889e-01	   7.9394141019017248e-02	  -3.5238124983715632e-02	   2.0581445937893883e-01	   6.7395827975241698e-02	   3.3131942679330872e-01	   1.6681800233789681e-01	   5.6416552409102261e-01	   1.4393465019095289e-01	   2.3794625314633128e-01	   2.4656713346180698e-01	   3.9395445031961718e-01	   4.4099739991856907e-01	   1.5001407719338314e-01	  -9.3134261110782240e-02	   2.2065783912261031e-01	   1.3662367049222182e-01	   4.4030805458259527e-02	   2.0929746100215987e-01	   1.2211212668832379e-01	   2.0288949550805663e-01	   2.1559188015744793e-01	
   3.8936276724929453e-01	   2.8777735006632804e-01	   2.3868997901416089e-01	   5.4185605015191896e-01	   5.8100207429714945e-01	   0.0000000000000000e+00	   5.1689102281381771e-01	   7.4338533652591154e-01	   7.2153010464638268e-01	   7.1521330180941167e-01	   2.4622887582479441e-01	   4.7113502689979059e-01	   1.1684846402053799e-01	   3.2743928521383375e-01	   1.3228894441664923e-01	   4.2906977508310201e-01	   1.1981111396429435e-01	   1.5250025613566770e-01	   1.4013779199140527e-01	   3.3426876710771469e-01	   6.6684181301913670e-02	   3.0352014262390303e-01	   1.5662532082686476e-01	   3.1390260206756193e-01	  -5.7270319461903071e-03	   3.0140274814747037e-01	   8.5089483728845700e-02	   5.7899336532115753e-01	   9.5086870297237919e-02	   7.5803162826372492e-02	   1.0736482257078644e-01	   2.8855973565901216e-01	   2.5417468376335228e-01	   3.5398619980872315e-01	   3.6603755023184409e-01	   4.3841146121559077e-01	   1.8002670846539506e-01	   1.7484592446817815e-01	   2.5711408848387723e-01	   2.2904689668580644e-01	   7.9621052024324096e-02	   7.5137613099665199e-02	  -1.2760474888990188e-02	   8.9791209952004951e-03	   1.0864134175665342e-01	   2.3473163146519871e-01	   2.0843504133703611e-01	   1.4346520640891558e-01	   2.3915337515884849e-01	   3.1238703785347355e-01	   3.4562018434890407e-01	   3.5976742310510890e-01	   4.3205843852329773e-01	   2.6764864514577069e-01	   3.7341940469877466e-01	   3.2935832664640052e-01	  -2.4655677923574627e-03	   1.7630692381718677e-01	   4.8286094872221946e-01	   4.3787879995403467e-01	   5.6193472745883921e-01	   5.6254666613779269e-01	   1.6947320539826166e-01	   2.3822846710486084e-01	   5.1557968124688336e-01	   7.8143392435043912e-01	   4.8098976520196257e-01	   4.9551644790866045e-01	   4.0947047417369004e-01	   5.7248676968803169e-01	   1.2378559016656845e-01	   2.5724341652730182e-01	   2.6139638978068069e-01	   4.1172361891073950e-01	   2.8770783774221953e-01	   1.6551850344686725e-01	   4.2997920769108866e-01	   4.0871530843706017e-01	  -2.2689230121393705e-02	   1.3780733056096392e-01	   5.1326774913648635e-02	   1.4243859832364203e-01	   8.0195176839144122e-02	   7.7536454749153091e-02	   1.7466620111780234e-01	   1.7062967549011882e-01	   1.7987403610095706e-01	   2.0765761641714831e-01	   6.4022711425469581e-01	   5.2711209481698962e-01	   3.9241766503808168e-01	   1.4781728404196404e-01	   5.3272949312537521e-01	   3.0498738700872607e-01	   1.3633734443108717e-01	   8.1159401207164056e-02	   2.5118298791095395e-01	   1.4920024530614318e-01	   3.6800716588562343e-01	   3.3564723899359888e-01	   5.1720485313954423e-01	   4.5074623858606078e-01	   4.9021940752757431e-01	   2.7995881200773010e-01	   3.8935042290105132e-01	   2.8398557044602102e-01	   3.2746658529187456e-01	   8.6187895139224313e-02	  -3.4583006669742723e-03	   2.2513924191848092e-01	   2.3765133333752253e-01	   3.2752002375366751e-01	   2.3086601383026611e-01	   8.7179614067867589e-02	   2.1560711344070088e-01	   1.1971804639605479e-01	
   5.7817622039669381e-01	   1.6606941552545690e-01	   1.8298001846246156e-01	   2.2720225046302245e-01	   4.3876968094872448e-01	   5.1689102281381771e-01	   0.0000000000000000e+00	   6.7050611147965156e-01	   7.3011311895481068e-01	   5.4639836490902116e-01	   6.1033586632194936e-01	   5.9914237658122738e-01	   3.4502679329697117e-01	   4.5189547846545336e-01	  -1.8861443373139913e-02	   3.2126980511146908e-01	   3.2782678078499029e-02	  -5.3009695994241171e-02	   4.3366237935618952e-02	   3.8290153536234481e-02	  -2.6198589997624661e-01	  -1.2988742873330084e-01	  -8.9970282939484572e-02	  -1.6265619143902812e-02	  -5.5628076520450609e-01	  -3.6705012880010518e-01	  -3.8800402399238898e-01	  -7.2170393988545370e-02	   5.4184277677707393e-02	  -7.4483998313667504e-02	  -3.2119556557119211e-01	  -1.4687599469914098e-01	   1.2443807369063317e-01	   1.7163693714207651e-01	   2.3234687539328835e-02	   1.6988116317387329e-02	  -1.0831408794952491e-01	  -3.2131689613720413e-02	  -1.6311668465171630e-01	  -1.5257595369516708e-01	  -8.6462591671639374e-02	  -8.2117751278341006e-02	  -7.8412691121453135e-03	   1.1088829310254575e-01	   4.4535607074277492e-02	   1.2769585636610931e-01	   9.2694605246121525e-02	  -1.4219433897695810e-02	   2.7339189134468878e-01	   2.1063375653788330e-01	   2.7757811907688046e-01	   1.1835130418242198e-01	   3.7125235450969563e-01	   7.5707333308092428e-02	   1.0929626002630344e-01	   4.1088275553723491e-02	  -5.8619338317154129e-02	  -2.4611597083159609e-04	   5.4273507814143751e-01	   2.0671451877659813e-01	   7.7074407093478969e-01	   6.8515537937216675e-01	   1.7911604225856342e-01	   1.7544753149349665e-01	   8.2466105929446176e-01	   7.2194917131041647e-01	   3.0382740353355353e-01	   6.3729042409464226e-02	   1.7742531653730026e-01	   2.5862183151625745e-01	   8.8671228208176842e-02	   2.0172207434528938e-01	   1.9923888323972416e-01	   1.9841139049415563e-01	   2.6764956588964761e-01	   1.6963214259933385e-01	   4.1602531843028895e-01	   2.7969390550627088e-01	  -2.7463059300038972e-01	   2.1794809952080163e-02	  -1.4372173616081810e-01	  -1.5614203117966529e-02	  -9.9510368112220457e-02	  -1.0564804224077387e-01	  -7.0806152105594045e-02	  -1.1772775867655057e-01	  -8.6082767021233936e-02	  -1.9590832855466336e-01	   4.3513811417373099e-01	   1.9713630918974548e-01	   6.1195451904356199e-02	  -1.1032185626635410e-01	   1.6604648273735878e-01	   2.8951722387072032e-01	  -9.0035162774438959e-02	  -1.2641989168397205e-01	  -3.0492777258452935e-02	  -1.1545472976569077e-01	   9.1079783369170775e-02	   2.2901537714859171e-01	   3.1518763851660736e-01	   6.0679567316177230e-01	   3.0907899387824489e-01	   3.5285306262750060e-01	   2.0770745602279006e-01	   3.5466424200625885e-01	   3.3875003810358872e-01	   3.0293738688929306e-01	  -2.9541249189702076e-02	   1.9661170839764905e-01	  -4.0493641315242510e-02	   3.4983528594899649e-01	   4.0777362035794318e-01	   7.8756206776958673e-02	   8.9661772541731175e-02	   1.4233811916573350e-01	
   4.7118560590445990e-01	   3.9160189807798201e-01	   3.7461697388151255e-01	   6.9558939451038837e-01	   2.4410131197821469e-01	   7.4338533652591154e-01	   6.7050611147965156e-01	   0.0000000000000000e+00	   6.1282056604057356e-01	   7.2577494729956071e-01	   3.0505520942149839e-01	   7.3349552043216160e-01	   2.7164316367301300e-01	   6.0527267190634482e-01	   1.9307569318843062e-01	   5.1473322288101386e-01	   1.5380921546789186e-01	   1.4349295929561157e-01	   3.0994308061919706e-01	   4.7894704980008590e-01	  -1.4177891073950002e-01	   1.7417171168720033e-01	   2.0136779005252856e-01	   3.8441926971017282e-01	  -1.6541952963466475e-01	   8.9094841622834958e-02	  -1.1863009538341435e-01	   2.1667662778463148e-01	   1.1320570785419276e-01	   3.0223254930615971e-02	   4.0576869994751658e-02	   3.1921986859149853e-01	   3.2127278475629956e-01	   4.5985529456070018e-01	   3.8874848065228326e-02	   1.1774912054828260e-01	   1.1904558406823895e-02	   8.1384756215070894e-02	   5.1535692555896150e-02	   3.5700824489393768e-02	   7.2695771652202312e-02	  -1.3815757197757489e-01	   1.4653092809725299e-01	   1.9067484844666674e-01	   1.7014643915675215e-01	   3.3600812840845706e-01	   3.0685206887700378e-01	   2.1787398490272972e-01	   3.0588510454494316e-01	   3.4888094263612679e-01	   3.2803091084345815e-01	   3.3012818459471716e-01	   3.8957364451013377e-01	   2.8150919979805827e-01	   3.7058723317445030e-01	   3.5727609474673783e-01	   5.4385906875064643e-02	   2.0863314920060608e-01	   4.5277604569957652e-01	   5.1614648363780335e-01	   5.5960789611915918e-01	   6.6543588715712521e-01	   3.3742539940559202e-01	   4.3824121124153614e-01	   5.2929839187683803e-01	   8.3001922747769741e-01	   3.2023667373516207e-01	   4.3576274610621490e-01	   4.4562056508193115e-01	   5.8652260492631392e-01	   7.9586718055166886e-02	   3.3395441291960259e-01	   3.6741794084276636e-01	   5.2562100141341928e-01	   3.1161583447424596e-01	   4.3669679239525394e-01	   5.6837044498102063e-01	   5.3872956440118092e-01	  -6.8134189917600840e-02	   2.2335706354343832e-01	   8.5643289595246030e-02	   1.8127597868433115e-01	   3.3586306124484336e-02	  -1.0608709179777549e-01	   1.9346843001691799e-01	   2.6123787403816262e-01	   2.1583930891154168e-01	   1.6547936771025676e-01	   4.7911469737488910e-01	   5.1385855694789329e-01	   3.9799733246709229e-01	  -1.9650991639181062e-02	   4.8335901676800386e-01	   1.8059053257580465e-01	  -1.2222740283517976e-01	  -5.8846018963470963e-02	   1.9585455067620469e-01	  -7.1602157288684978e-02	   3.8675398428806895e-01	   3.2718929021365872e-01	   6.9586478665158114e-01	   4.1764846063218519e-01	   6.0385254288667278e-01	   3.1265137858113751e-01	   3.5059167882536368e-01	   2.3213790508702153e-01	   2.7889598029517254e-01	   2.3014666887924212e-01	   9.6587977747838713e-02	   1.3415479828991328e-01	   7.1042463262842567e-02	   3.7292234706674920e-01	   2.8609606023474377e-01	   1.4659312382709405e-01	   1.7172225542919631e-01	   9.7253290038921830e-02	
   3.5474674102065135e-01	   1.1625034574677298e-01	   2.0340769880397369e-01	   3.4458590335807676e-01	   5.1872401930883238e-01	   7.2153010464638268e-01	   7.3011311895481068e-01	   6.1282056604057356e-01	   0.0000000000000000e+00	   7.0638175273100479e-01	   3.7045498804691068e-01	   4.3319836616840290e-01	   2.1032027280637405e-01	   3.7952805304589365e-01	   1.6251928223290496e-01	   4.3196477626821050e-01	  -2.4138114485718447e-02	  -2.5878847722072107e-02	   4.9187254349384479e-02	   7.6737327508547920e-02	  -6.1442955092617301e-03	   9.9177995055279411e-02	   1.8904469831896653e-01	   2.5322867001760957e-01	  -2.2986365409117354e-01	   2.9380818261040297e-02	  -8.9012604727783856e-02	   2.6735752376854621e-01	   4.5876452914469026e-02	  -4.2202364199060940e-02	  -7.3362914763832138e-02	   8.1184986950457158e-02	   1.8790434493352562e-01	   1.8679009580569289e-01	   1.6546258914108158e-01	   1.3704046059142805e-01	   3.2992310685299037e-02	   1.4847590386155386e-02	   2.9533969149797730e-03	   1.0762722867679393e-03	  -1.1940190951550373e-02	  -8.6784413113105141e-03	   3.9762343061813227e-02	   1.0862656095839297e-01	   1.0114147794309938e-01	   1.3948204760927002e-01	   2.3007965818611470e-01	   1.4743426127965542e-01	   3.3456118730996515e-01	   3.0810109623228932e-01	   4.3085050850442375e-01	   3.2294195988871655e-01	   4.6913115352134471e-01	   3.0145609075447111e-01	   2.4359494717468005e-01	   2.4661959720714746e-01	  -1.5035792798824466e-01	  -8.0100898274145627e-02	   4.9714775249236443e-01	   2.7818642852223752e-01	   5.8151091111461140e-01	   5.1291546116845543e-01	   5.0009730767042224e-02	   8.5444784628648240e-02	   6.5985057640151024e-01	   6.9890842723290048e-01	   2.4540697120124472e-01	   1.8314504110153337e-01	   2.8215648114471686e-01	   3.3181083713036741e-01	   6.7132940759130288e-02	   2.2473050917616466e-01	   2.2174786033835070e-01	   1.7114137066581703e-01	   2.4531741376841881e-01	   5.7887821630498902e-02	   3.1942772651919243e-01	   2.5412328560562830e-01	  -1.9502624027501303e-01	   2.4414053127007576e-02	  -1.0060353287882108e-01	  -1.4338281010794653e-02	   1.9038906146171108e-02	   1.2465901626065128e-02	  -6.0995095785808529e-02	  -6.0893468770436221e-02	  -2.4408153501553710e-02	   1.4681916770860642e-02	   5.2806605634802395e-01	   4.0599629656493663e-01	   2.7442168688726298e-01	   1.4136181728211719e-01	   3.3683368747863385e-01	   2.9893469493363151e-01	  -3.9426110431476568e-03	  -6.7178965418123432e-02	   1.0863099453467144e-01	  -5.0732535437560025e-02	   3.0577179380877362e-01	   3.1298015007912688e-01	   3.6726939157781535e-01	   4.6637272262742829e-01	   3.4753117993842864e-01	   2.4639158665503416e-01	   2.2838962903324619e-01	   2.7988165674626986e-01	   2.8249715902928063e-01	   1.6382317324422768e-01	  -1.1195188662199694e-01	   9.5947294306877304e-02	   5.0590675385235331e-02	   2.6516567220905535e-01	   2.7817427122386984e-01	   9.9727094053979268e-02	   2.1183212276168212e-01	  -1.6808668720285413e-02	
   3.2354042363015656e-01	   5.1943228686498011e-01	   2.7003884272842582e-01	   5.2903467417694672e-01	   1.1981719153322468e-01	   7.1521330180941167e-01	   5.4639836490902116e-01	   7.2577494729956071e-01	   7.0638175273100479e-01	   0.0000000000000000e+00	   6.1570968797827988e-02	   5.4575782243771798e-01	   1.3204133855512179e-01	   4.6457839433552778e-01	   3.2516321163234585e-01	   6.4693464088773966e-01	   4.5832226258284570e-01	   4.5964756121504979e-01	   3.4232434344326201e-01	   4.9633345005112006e-01	   9.8325147961649415e-02	   3.0594740653262931e-01	   2.3769854923361855e-01	   3.7371586138184398e-01	  -2.9066666187056757e-02	   1.4032965653357060e-01	  -1.9646375467855776e-02	   3.7450688597025678e-01	   4.5000592243182297e-01	   3.8672840741879422e-01	   2.9377896671157383e-01	   4.2914518015163616e-01	   5.8827811950702735e-01	   6.8750072787999872e-01	   3.4687421366569968e-03	   1.6621460758610576e-01	   2.1404267043170183e-01	   1.9679097409041779e-01	   2.7346503772868669e-01	   1.7847249665171555e-01	   3.3508849312082994e-01	   8.2371407585336454e-02	  -2.8040535908660232e-02	   5.8837981137813869e-02	   2.8807508007497450e-02	   1.7949419518022164e-01	   1.6193418926424086e-01	   1.4583846045904006e-01	   1.7156207325499745e-01	   1.6533396272561113e-01	   2.6713645373880118e-01	   1.7103129642860632e-01	   3.7292218708386715e-01	   4.2077277254518497e-01	   4.9755280031492122e-01	   4.0751873032654595e-01	   3.3055774747119998e-01	   3.7439684045622756e-01	   3.2552383834393805e-01	   4.1786249555249283e-01	   4.3981844267864117e-01	   4.3770636497501147e-01	   5.0449842679491708e-01	   5.9571117986562905e-01	   3.9272872842281814e-01	   6.5585180219841421e-01	   1.9563925260659121e-01	   4.4325940423649268e-01	   4.7156742045534705e-01	   5.2453874411774315e-01	  -3.3168817569313759e-02	   1.5150977630374554e-01	   5.1053998812052803e-01	   5.8184542172322262e-01	   4.3463937826714105e-01	   4.3400029821635094e-01	   6.0202028491056758e-01	   6.1171124683803724e-01	   2.6961176853433622e-01	   4.8400059887035696e-01	   3.8254240147349999e-01	   4.3201259735203879e-01	   2.9683347277839028e-01	   1.2464512533741295e-01	   1.5138195939063109e-01	   2.5763561939803492e-01	   2.6974218237584130e-01	   2.1609826415270578e-01	   3.9253127136353633e-01	   4.9194719630956552e-01	   2.6268135566753342e-01	  -2.3213839737589080e-02	   2.5087372879754116e-01	  -4.1791749395424984e-03	   1.0291343969245251e-02	   7.0619577962940022e-02	   3.8473825071242862e-01	   2.2285888928462297e-02	   4.3721667087521404e-01	   2.2210534319104944e-01	   5.2138675200389639e-01	   2.4087131221214836e-01	   5.4971575463955125e-01	   2.9951306597883176e-01	   3.3864080772940675e-01	   1.4198174435212207e-01	   2.0214457425141050e-01	  -1.6616030772176126e-02	   8.1333911339007234e-02	   2.7667339651260220e-01	   2.3240957881038476e-01	   3.6315810057344422e-01	   1.6501816652035980e-01	   1.4393243620784080e-01	   2.2826680739465835e-01	  -2.4192464310930827e-02	
   6.8521843453653852e-01	   1.0980879644686739e-01	   1.1449255832765773e-01	  -6.3408775882387121e-03	   4.3566142832986665e-01	   2.4622887582479441e-01	   6.1033586632194936e-01	   3.0505520942149839e-01	   3.7045498804691068e-01	   6.1570968797827988e-02	   0.0000000000000000e+00	   5.1409904061136280e-01	   7.3489764482620579e-01	   3.9104997445036460e-01	   1.2048656357600142e-01	   1.5421745296727424e-01	  -6.9163395262594657e-02	  -1.9888589245874605e-01	   4.7355505575414313e-02	  -1.0765004995899451e-01	  -3.0248339483746112e-01	  -3.8416233880465456e-01	  -1.1330772121513304e-02	  -7.3187876829262102e-02	  -5.0939827963367645e-01	  -4.1799890054550104e-01	  -2.0873557583448149e-01	  -2.0567454312680841e-01	  -1.2070664705974662e-01	  -2.3197419919308321e-01	  -4.9174556223620558e-01	  -4.5270195497691079e-01	  -4.0625887805559202e-01	  -2.8485949239016600e-01	   7.5398670445518600e-03	  -1.2760194366283045e-01	  -1.5590911132838520e-01	  -1.3219747954864935e-01	  -2.4063426815197725e-01	  -2.0630636307259007e-01	  -2.0318221951391557e-01	  -2.0107028038582109e-01	   2.4927061689817553e-01	   2.9361074079556970e-01	   1.6853262003889052e-01	   1.7316164079950139e-01	   2.6689295327787566e-01	   1.7197629905015907e-01	   3.4958224292552009e-01	   3.3753861066742463e-01	   2.4626496945986720e-01	   2.3232797887409262e-01	   3.2982466256829035e-01	  -7.2394255783067157e-02	  -4.5786966036652547e-02	   1.4276570107176844e-02	  -1.8265201305141052e-01	  -6.5510333380867300e-02	   3.6727883990750981e-01	   5.6399744998244725e-02	   5.7339058479349192e-01	   5.7851141089571212e-01	  -5.2083700962644704e-02	  -9.6617152810077642e-02	   5.3226086688056062e-01	   3.8048125964172069e-01	  -5.9593345176459131e-02	  -3.5742141625396340e-01	   6.7127558353111613e-02	   6.4628863694395806e-03	   3.9419514900179919e-01	   3.3678846658481004e-01	  -7.7395013631761808e-02	  -1.0511380049416924e-01	   1.4514250639428783e-01	   3.7741067972886282e-02	   1.9656119710421688e-01	   3.8404299952608412e-02	  -3.2122410560836773e-01	  -7.2927514391478349e-02	  -2.1995412931571581e-01	  -1.2011242551698297e-01	  -1.1445290973729949e-01	  -1.1632245857734885e-01	   1.4211926320649904e-01	  -1.7799113876553690e-01	  -1.6880861962633362e-02	  -1.1753431890189618e-01	   3.9524434369413514e-01	   1.5057131778548186e-01	   1.9583202217923250e-02	  -8.7138227285431719e-02	   1.3662804291173009e-01	   4.0388182822022117e-01	  -5.4755110474598795e-03	  -1.2147283356446249e-01	  -8.7916247104097511e-02	  -7.3340455276538014e-02	  -1.8658598331007491e-02	   3.1828201813156248e-01	   3.5808651689474384e-02	   6.3622262625926829e-01	   4.5010367583149816e-02	   1.8973597786766166e-01	   1.5247740835326107e-03	   1.6215392742330650e-01	   2.0138983831390811e-01	   2.6665576144255237e-01	   6.5470611969512996e-02	   1.7278907848370562e-01	  -1.1433799996013035e-01	   2.9386159247426735e-01	   4.5219062735736237e-01	   1.3502648156865329e-01	   1.8372670048134745e-01	   2.1019832233952565e-01	
   6.6372396125414790e-01	   6.6088131507396564e-01	   2.7021774164599094e-01	   4.5306396386485481e-01	   5.2273230799001785e-02	   4.7113502689979059e-01	   5.9914237658122738e-01	   7.3349552043216160e-01	   4.3319836616840290e-01	   5.4575782243771798e-01	   5.1409904061136280e-01	   0.0000000000000000e+00	   5.1443734294866506e-01	   7.2433835900287757e-01	   3.1843196579480254e-01	   5.6361101331778918e-01	   3.7720913350479779e-01	   3.5070302213770072e-01	   4.4214211022389049e-01	   5.1042356467826244e-01	  -2.4387437028849124e-01	   4.6862696013297983e-02	   1.2574833666729143e-01	   2.7716510532838101e-01	  -3.0519168996300511e-01	  -1.0281500409704304e-01	  -1.9339107862290078e-01	   2.4165019085073680e-02	   3.0177364188598127e-01	   1.7244058207284629e-01	  -6.3044052120262012e-02	   1.4566925301383010e-01	   2.7393015566572843e-01	   3.8410491914990080e-01	  -1.9316708007326677e-01	  -1.4905833462916449e-01	   4.9834140259509663e-02	   1.8866617661564683e-01	   9.5283135114980003e-02	   7.6706554397864141e-02	   1.6406980445932712e-01	  -8.9727672993666269e-02	   9.2267916877329881e-02	   1.7243863979173568e-01	   6.0114417993624727e-02	   2.3905955728513995e-01	   1.9790593652348032e-01	   1.1914717994101759e-01	   1.4590632816453947e-01	   1.7569084743434057e-01	   6.1226921895824488e-02	   6.8301477285256235e-02	   2.6718131976283971e-01	   9.4802090781546285e-03	   2.7409943169853945e-01	   2.9597916451126383e-01	   3.2854485339270423e-01	   4.6873604118533413e-01	   2.8514336874473178e-01	   4.0009102299209809e-01	   5.7658067284003467e-01	   7.1068701277585822e-01	   5.4203279437762208e-01	   5.9464915847684607e-01	   3.8625737691956930e-01	   5.7139351658550686e-01	  -3.0323519955115827e-02	   7.9139161593910226e-02	   4.6506123943277655e-01	   4.5973354011759854e-01	   2.0225525866175253e-01	   3.4660751824672820e-01	   4.6072071559921501e-01	   5.5219373418434525e-01	   4.2583754857540768e-01	   5.9777297542483721e-01	   6.7507539704710917e-01	   5.9999440626081779e-01	   9.8089731307111044e-02	   4.1254797844072311e-01	   2.3158077832065541e-01	   3.1569713601927979e-01	   1.2724488842796705e-01	  -8.4311566647131367e-02	   2.9224220933561468e-01	   2.1496366596716007e-01	   3.8260819450919331e-01	   1.8488695645681202e-01	   3.6128903202870505e-01	   3.5599987283410661e-01	   2.6659334228541231e-02	  -3.2685432726491048e-01	   1.4129120503092979e-01	   1.6847998562072638e-03	  -7.3534180229446050e-02	  -8.1728638329822911e-02	   2.3719837435700097e-01	  -1.0619861094268923e-01	   1.8626943507892038e-01	   1.2013566950456292e-01	   4.1050809887122941e-01	   3.3067874340675552e-01	   3.9396329113371359e-01	   2.0845596960310320e-01	   1.8118047640230445e-01	   1.5077281794676295e-01	   1.0912413504785723e-01	   1.7871401294265277e-01	   3.2479915152967564e-01	   2.4563773429269725e-01	   6.2451134730512172e-03	   4.1079883701347464e-01	   3.2025326887114847e-01	   6.0498613379560195e-02	   9.1945942349964449e-02	   2.9895285080564749e-01	
   6.1905178491825519e-01	   3.3345588374355917e-01	   4.4727518053308801e-01	   2.6636084946246125e-01	   1.2800838817890348e-01	   1.1684846402053799e-01	   3.4502679329697117e-01	   2.7164316367301300e-01	   2.1032027280637405e-01	   1.3204133855512179e-01	   7.3489764482620579e-01	   5.1443734294866506e-01	   0.0000000000000000e+00	   6.9688121260680269e-01	   6.0993366803121063e-01	   4.9394482664727224e-01	   1.9690486206141325e-01	   1.5138460750538185e-01	   4.7675212600476419e-01	   2.7043663592992623e-01	  -1.1748228368632031e-01	  -1.0976063025515650e-01	   4.4947899556131238e-01	   3.8191041387467933e-01	  -3.5723688143694157e-02	  -2.7081808767799913e-02	   1.4375324481823437e-01	  -6.8380779491797355e-02	   1.0889920519964813e-01	   5.1272537405394863e-02	   4.0118750213555942e-03	  -6.5531799359948824e-03	  -9.2438583950448933e-02	   7.0662955048393275e-02	   3.8074332828097898e-02	  -1.1224056940744562e-01	   3.0667250464057834e-02	  -2.0448784972623619e-05	   4.7664837413552867e-02	   3.1603438882662569e-03	   1.9076991332825660e-01	  -2.0335773985173561e-01	   4.6557534715813914e-01	   4.9685623860300288e-01	   3.2921472055907353e-01	   3.7611557307869103e-01	   4.7097203976695007e-01	   4.4993025599162539e-01	   3.6848404908073618e-01	   4.1643661540642707e-01	   3.9629845340340875e-01	   3.9920079635758376e-01	   3.2878262232504407e-01	   2.5272080811586040e-01	   3.3194856908865411e-01	   4.2163085555698943e-01	   6.8103535245781985e-02	   1.1752717312926483e-01	   1.5990426742052663e-01	   1.3324455636376892e-01	   2.3089599829321061e-01	   2.3804725460170109e-01	   1.5913127298241828e-01	   1.9792078730272752e-01	   1.9942388386122506e-01	   1.1167964043058307e-01	  -1.3238098513461966e-01	  -1.3429219126201372e-01	   3.3827857049035515e-01	   1.9368933805318367e-01	   4.2608346550276399e-01	   4.3664000008319298e-01	   1.8479058783795138e-01	   1.8265248341949725e-01	   2.8800307070490438e-01	   3.8802978364300694e-01	   3.5906904339705659e-01	   2.7096517487455263e-01	   2.8075198305506581e-02	   3.4581070516391521e-01	   1.7645132263420582e-01	   2.8820698567532549e-01	   1.6261682311884612e-01	   5.6278478876260016e-02	   6.0545414758755733e-01	   3.6943217608284107e-01	   3.3740569843121998e-01	   3.6578368739197020e-01	   3.9942314800049528e-01	   4.6737743743761689e-01	   2.2863589555219621e-01	  -1.0717343719638958e-01	   2.0239250048998411e-01	   3.0189367352830454e-01	  -7.9367410626687757e-02	   5.9174236780704173e-02	   1.4565113170088007e-01	   2.2108012760559403e-02	   3.1116220714982629e-01	   3.5092576607223985e-01	   2.3076677523732320e-01	   4.3950699883600625e-01	   1.7567484370013928e-01	   1.6359021416235697e-01	  -1.0377859277461159e-01	  -5.3732426397189059e-02	   1.0225233799935336e-01	   2.6452375140711842e-01	   5.0583430128739804e-03	   2.0633482452268354e-01	  -1.7666385063225910e-02	   2.3646616299901652e-01	   2.6181543379778632e-01	   2.2338428639195398e-01	   3.4101964462118894e-01	  -3.3289054619770310e-02	
