   0.0000000000000000e+00	   8.1934800603098989e-01	   4.8484016507638916e-01	   6.0370519027159564e-01	   4.4326722080040482e-01	   6.0738367717097341e-01	   6.7374422852039584e-01	   7.2610841804035120e-01	   3.9652562917094802e-01	   4.0692445948768652e-01	   8.5381064396735251e-01	   8.0507567536637215e-01	   7.7270095686461848e-01	   8.3907155075515050e-01	   7.2279238161328185e-01	   8.5425423641884235e-01	   8.0235855217107166e-01	   7.7221592675016160e-01	   8.6546137674102330e-01	   8.4144868624265545e-01	   3.9008529966736366e-01	   5.7851563235560677e-01	   5.4438517046753021e-01	   6.2401977339240577e-01	   4.5278264556205949e-01	   5.8723868376670307e-01	   3.4540034518242679e-01	   5.7969434151992694e-01	   8.1422765499294802e-01	   7.6311169870461759e-01	   6.4669177579385451e-01	   6.9003875413168592e-01	   8.0589049790185818e-01	   7.9819807553515287e-01	   4.6619301527543233e-01	   4.2970635832170823e-01	   5.5161541292534944e-01	   5.5640226761825007e-01	   7.0751850649378434e-01	   7.0561868024417906e-01	   7.2572343632597835e-01	   6.7844611305561142e-01	   7.8836131352969230e-01	   7.8519080544178821e-01	   6.5309048942925818e-01	   6.1293818073191975e-01	   8.0966514147022839e-01	   7.8506655156879079e-01	   6.3336638462079486e-01	   4.4555783165644919e-01	   5.7038170081170148e-01	   6.0497459254719299e-01	   6.2488241564226155e-01	   5.5197063628394649e-01	   7.8485370679972766e-01	   7.8440460597427153e-01	   8.1290473016897979e-01	   7.5125491011373424e-01	   6.3723026311782494e-01	   5.9304066982958092e-01	   8.2395591100728249e-01	   7.7275914767079357e-01	   7.6033351296867457e-01	   7.4051586607161579e-01	   4.4366192048444658e-01	   6.3688254473520889e-01	   4.8645532658477775e-01	   6.1914274354580034e-01	   7.0405833726491351e-01	   7.4323351796028880e-01	   5.1348555779733884e-01	   5.9069558109914988e-01	   8.1024085562151882e-01	   7.6389629960853278e-01	   7.9594091794329225e-01	   7.4428329155170259e-01	   7.3722366840827480e-01	   6.6117968045705644e-01	   7.1263832407387628e-01	   7.7719918361188833e-01	   7.9927430732354354e-01	   8.1851445385867250e-01	   7.3436154324040404e-01	   7.7678433981653294e-01	   7.7415315684331465e-01	   7.3644529470639908e-01	   5.0574650711963076e-01	   6.0755345497364333e-01	   7.6493325076843943e-01	   7.9089172805963892e-01	   5.2831274514504378e-01	   5.2214363432439881e-01	   4.1830845800994837e-01	   2.8089439873502398e-01	   1.3949329876220304e-01	   1.7570152278566964e-01	   7.5753063164047241e-01	   7.1235971360523209e-01	   7.7711926102756834e-01	   7.5148082607098732e-01	   5.5228126825492607e-01	   5.3701877417960375e-01	   6.2056477331383886e-01	   7.1465511801496107e-01	   1.0120770901939788e-01	   1.7756205785350701e-01	   3.6765813552132365e-01	   4.2543236149912139e-01	   4.9855072799853295e-01	   4.2169013368848157e-01	   7.8336221428789299e-01	   7.8565242919027833e-01	   6.5880161660907843e-01	   6.7732626577132893e-01	   5.8562805385624617e-01	  -2.9855083261979071e-01	
   8.1934800603098989e-01	   0.0000000000000000e+00	   2.1830246616932902e-01	   5.9925408598425600e-01	   2.9160482456260378e-01	   5.2805995169227937e-01	   5.0816582404626032e-01	   6.9940382025241477e-01	   4.5804242476080675e-01	   4.7676441186673041e-01	   7.6650513915893448e-01	   8.5088117342725089e-01	   6.7560554361666969e-01	   8.0054212952432025e-01	   5.8116422685746005e-01	   7.8828559129742193e-01	   8.1263243935543106e-01	   8.2939386546589278e-01	   7.5288125684281471e-01	   8.6952475916942618e-01	   1.2973091784646662e-01	   4.0263896481557415e-01	   2.9018569195998839e-01	   5.0910171863534970e-01	   1.9566640864004339e-01	   4.0135512611845459e-01	   1.7597485529256066e-01	   4.3984350130477229e-01	   7.6761196957576827e-01	   7.2600443703454487e-01	   4.2963976200387000e-01	   5.5152146771161281e-01	   6.0283458514883104e-01	   6.6097172982252039e-01	   1.7191950038983556e-01	   2.0531824215042715e-01	   5.6611508143611744e-01	   6.4347686749335065e-01	   6.6660298842994681e-01	   7.6719632448253172e-01	   7.3298009223075744e-01	   7.5486026903164938e-01	   6.4535862649021336e-01	   5.8803235051283742e-01	   4.7478195246673704e-01	   4.5939355192212150e-01	   6.4783732274911021e-01	   6.5877083192346508e-01	   4.1691953631145973e-01	   3.2622777062152725e-01	   3.2289705952213765e-01	   4.5907037184823862e-01	   5.6989987930094888e-01	   5.7570653157830343e-01	   7.0360413427404866e-01	   7.4678892468361435e-01	   7.5308664477102627e-01	   8.0336578828749983e-01	   4.0206802328883245e-01	   5.2494388759318700e-01	   6.8597831969118706e-01	   8.1332906292171570e-01	   7.1026525139313557e-01	   7.0191577919906067e-01	   2.8718056010254522e-01	   6.1125148331854851e-01	   2.3658316327571943e-01	   4.1361616931808276e-01	   7.4997759285841736e-01	   7.5403955323397986e-01	   3.2221869257084645e-01	   5.6805945740255048e-01	   7.1139092987184882e-01	   7.4356259361888632e-01	   6.5166007072229548e-01	   7.7552078868655017e-01	   6.9299179939114497e-01	   7.6118339283366065e-01	   7.2487545879887350e-01	   7.9908680703741286e-01	   8.2599438970259964e-01	   8.6369181121115157e-01	   6.8982631411799900e-01	   8.3782499432464586e-01	   6.5821426444649500e-01	   7.0248380144407763e-01	   3.7981822705810986e-01	   5.7020384798721002e-01	   6.5432690761586532e-01	   6.9819649228059233e-01	   5.5217933227478178e-01	   4.2624912297089579e-01	   4.6188666576371962e-01	   1.2472591049262366e-01	   2.2522020550697142e-01	   2.8668998002683421e-01	   6.5064787773867616e-01	   6.2589007616459313e-01	   7.4458587761635830e-01	   6.7102705686153374e-01	   6.6165194478425238e-01	   3.8203571184281604e-01	   6.6153128955058360e-01	   6.2050572849536623e-01	   1.3588547371553861e-01	   1.0935167588039896e-01	   4.3969886190936858e-01	   3.2122017597315733e-01	   5.1824746810470057e-01	   4.8075012595322741e-01	   6.2887517357959055e-01	   6.9112533194464465e-01	   5.8380969986033282e-01	   7.2981109494686858e-01	   6.1499657279405229e-01	  -1.3955759905245485e-01	
   4.8484016507638916e-01	   2.1830246616932902e-01	   0.0000000000000000e+00	   6.2139682062983803e-01	   8.3496326930597065e-01	   6.0307826250591889e-01	   8.3031777676763385e-01	   4.6736525149301278e-01	   5.4501129368333345e-01	   4.1714142094787315e-01	   5.1185459105248965e-01	   3.1673787592386271e-01	   5.0795909242881976e-01	   3.9054639078031145e-01	   5.5441765222534634e-01	   4.4439199741892860e-01	   2.0151031915187381e-01	   2.8088398836728196e-01	   5.8339872273777027e-01	   3.7148664218816757e-01	   5.7386321821062491e-01	   5.8065375577035616e-01	   8.7889177772745031e-01	   6.9224069591586213e-01	   8.5296582916397756e-01	   7.5358755466080618e-01	   7.3598023565153747e-01	   7.6663546267657157e-01	   3.2280961652696455e-01	   3.3494211414511171e-01	   7.1427398869341963e-01	   5.9296974477019315e-01	   6.2499309687528459e-01	   5.5219160868479200e-01	   8.0616619148431334e-01	   7.8077354505902186e-01	   1.8237126461780195e-01	   2.4214826189561089e-01	   4.3594728800670546e-01	   2.9796015464443160e-01	   3.5245581107540180e-01	   2.3840123008305053e-01	   5.5634134971992610e-01	   3.4975503446079886e-01	   5.7989605217531603e-01	   3.7454010979458563e-01	   4.3497273743117920e-01	   4.0179450069214617e-01	   6.5468052539428434e-01	   2.8257395069960428e-01	   7.8688897255777879e-01	   5.3408914986259104e-01	   5.9998197952284738e-01	   4.1119202553733697e-01	   5.1062950835282017e-01	   4.3022675075373817e-01	   2.6159105311116115e-01	   3.7266375284970255e-01	   6.6392461309633921e-01	   4.3081505441809609e-01	   5.2363693308486525e-01	   3.1495009748114622e-01	   3.5842073540652025e-01	   4.2679085860021226e-01	   7.7080370425563816e-01	   4.4265619332453843e-01	   8.6769660680393601e-01	   7.3437073724978097e-01	   1.9893266654403885e-01	   3.8405300653949764e-01	   4.2899491277146651e-01	   2.0316342367705031e-01	   4.3633333420105702e-01	   3.3603448418415377e-01	   3.7181722647952375e-01	   2.3180750633380284e-01	   1.8643768897491766e-01	   1.1494993051005725e-01	   2.6859826522586938e-01	   3.0520065045207145e-01	   2.5539829432456596e-01	   2.7888864936614322e-01	   3.5978504253130478e-01	   3.5623917984215092e-01	   6.4804629920934387e-01	   5.2410872008474119e-01	   3.9351519312393657e-01	   4.7857309989118657e-01	   7.2336758723564687e-01	   6.8157396283594540e-01	   4.2195583227920913e-01	   6.1360721886712410e-01	   4.1266765358388657e-01	   6.3003414074005848e-01	   7.3878506218046341e-02	   3.5620895955660759e-02	   5.1658196243316479e-01	   4.0942345503349659e-01	   5.2366302278046151e-01	   5.4183817903862319e-01	   3.2567834445193522e-01	   6.0989819846126236e-01	   4.1745414040435935e-01	   6.3329323420466166e-01	   3.4996118082968541e-01	   5.9192430206195601e-01	   3.9440494818779209e-01	   5.1612304758967431e-01	   2.2323825667016295e-01	   2.1507071865486743e-01	   6.2574267235433900e-01	   5.3456266373629890e-01	   4.7758932058018522e-01	   3.3092056559782879e-01	   2.9701397119037293e-01	  -3.3300388002142367e-01	
   6.0370519027159564e-01	   5.9925408598425600e-01	   6.2139682062983803e-01	   0.0000000000000000e+00	   6.8514352300909498e-01	   8.5048669372974994e-01	   7.8292466505767777e-01	   8.5873448656649121e-01	   7.2350781873960379e-01	   7.7754394581519581e-01	   7.1235765705142351e-01	   7.7252676083087746e-01	   6.9543912740903746e-01	   7.4019556269486009e-01	   5.9599148830285154e-01	   7.9009917687476960e-01	   4.6669252691334723e-01	   4.8851263123211885e-01	   6.8922184982692192e-01	   7.1813077610872200e-01	   3.8410833130141597e-01	   6.3326040674507689e-01	   6.2160776570076015e-01	   8.2195568622153670e-01	   5.8362096925376594e-01	   7.2723880665020679e-01	   5.2977864104291628e-01	   8.1904594467006619e-01	   5.9955512744149009e-01	   6.5321339170791393e-01	   6.3495689633339958e-01	   7.5457925289110672e-01	   6.4305939081186159e-01	   7.4305121310725786e-01	   5.3437504372778122e-01	   5.9186266660140829e-01	   3.5849883975714397e-01	   5.7689242722507927e-01	   6.4141267041982619e-01	   6.8100562750391014e-01	   5.6944766266354430e-01	   5.9386362492642797e-01	   6.6901050816857976e-01	   4.3133491503305854e-01	   5.4545446396312280e-01	   3.9575667506352968e-01	   5.9289308760858983e-01	   5.2451516147370381e-01	   6.0522178189009734e-01	   2.9558703842804313e-01	   6.3067760218539382e-01	   6.1275177284955240e-01	   7.1718303200579203e-01	   5.5769021988711898e-01	   7.0121202582338782e-01	   6.7672455911750951e-01	   2.9674464643536136e-01	   4.5190428160208573e-01	   5.9826126703675708e-01	   5.4990946708348920e-01	   6.5466499081478546e-01	   7.8254072658135554e-01	   4.8586683532837877e-01	   6.3464207741953760e-01	   6.4828763621795527e-01	   8.1393370972021062e-01	   6.4243123643379574e-01	   7.3002817510047635e-01	   4.5598231096195851e-01	   5.8921655054472533e-01	   1.8121147437544222e-01	   3.8182579335833089e-01	   5.5802704266047132e-01	   5.7138427831499827e-01	   4.7655719737465141e-01	   4.8471377643346475e-01	   3.0089733672270025e-01	   4.0872801983389767e-01	   4.4803669201200969e-01	   5.2754194388219944e-01	   4.9707667051647764e-01	   5.5316130479086933e-01	   5.7334019122892133e-01	   6.4874730011882942e-01	   7.7991644574788244e-01	   8.4254353690952821e-01	   4.2396678001308974e-01	   6.8898199116589054e-01	   7.8711166157490287e-01	   8.5708282103702516e-01	   6.5231281267706653e-01	   5.2902218284765856e-01	   6.4208687422858990e-01	   3.3466590389466278e-01	   4.6236373263595398e-01	   4.4913336836660595e-01	   7.5116824711437191e-01	   6.6799425180279215e-01	   7.4711614018883277e-01	   6.2718583315912735e-01	   5.5572585345336711e-01	   3.8592861833942155e-01	   6.0711782185776519e-01	   5.7934065547591240e-01	   4.6914339435962188e-01	   4.8502196780075368e-01	   5.2828801577621531e-01	   3.8487556168590076e-01	   6.2826065161213207e-01	   5.4604380678750308e-01	   7.0382370315535203e-01	   6.8497636384431293e-01	   7.0292789611690232e-01	   5.8225466649675939e-01	   6.2802122096695978e-01	  -8.5312660897210083e-02	
   4.4326722080040482e-01	   2.9160482456260378e-01	   8.3496326930597065e-01	   6.8514352300909498e-01	   0.0000000000000000e+00	   6.1800527626421897e-01	   7.3355116295367817e-01	   4.6617566422587747e-01	   7.4452362041250564e-01	   4.3880545603551047e-01	   5.1499687287808937e-01	   3.7175872000284410e-01	   5.3315380072278873e-01	   4.0629835408914816e-01	   4.8974217037361112e-01	   4.6282024972398006e-01	   2.6868303720139791e-01	   3.0624712380519886e-01	   5.8459400040888065e-01	   4.3324574805072930e-01	   4.7935356172986249e-01	   4.8360493145553052e-01	   7.4927401409240035e-01	   6.5960553203573580e-01	   7.3427254197186831e-01	   6.6102769506821302e-01	   7.0332411912999615e-01	   7.1050947010158805e-01	   3.8399869914895179e-01	   3.8688906491591601e-01	   5.7955837192542714e-01	   5.4136565321568131e-01	   5.3422386092714502e-01	   5.1112094466677394e-01	   6.1829840712980877e-01	   5.9857666635899576e-01	   1.3726359655349207e-01	   2.5433008846584426e-01	   3.7446713541045507e-01	   3.0120134322401904e-01	   2.7290794730852530e-01	   2.4164630652667263e-01	   4.0937513078374255e-01	   1.8730653674894698e-01	   3.5973881665082519e-01	   1.7707545361139349e-01	   3.2745281918712515e-01	   2.6481918950212180e-01	   4.6336684554079133e-01	   1.5413675167316768e-01	   6.2736886182734719e-01	   4.4929547303427841e-01	   5.3860584951254031e-01	   3.5777834556672483e-01	   4.1158517141130685e-01	   3.2734629038004304e-01	   2.4729598595696758e-01	   4.1153166429313492e-01	   5.5187668848158711e-01	   4.1760549724654089e-01	   4.4811865909703452e-01	   3.8443161498606393e-01	   3.6170351187579564e-01	   4.0886151930735187e-01	   7.4095152331741665e-01	   5.2700838089082080e-01	   7.0044624981242243e-01	   5.9080069553156334e-01	   3.2030140982308253e-01	   4.3780497801912588e-01	   3.1915337751074047e-01	   2.1815636952479506e-01	   3.8888586553907722e-01	   3.0396885787492489e-01	   3.2504071876574975e-01	   2.2328146400970628e-01	   1.4499782314299411e-01	   1.7619456229548147e-01	   3.6308877884285196e-01	   3.8052660610870737e-01	   3.6195642815712814e-01	   3.3915717703944614e-01	   3.9983510483471718e-01	   3.6067521733047125e-01	   6.7495359102675079e-01	   5.5124741588187054e-01	   3.5337050935806835e-01	   4.8626501703325514e-01	   6.1791151692486213e-01	   6.6432980157953758e-01	   3.7337875128273762e-01	   4.7609800730405238e-01	   3.8165710580935297e-01	   4.8886301308605995e-01	   2.9879931850863550e-01	   1.8627572338604659e-01	   4.9461335214991253e-01	   4.0401372105506733e-01	   4.2568397379530243e-01	   3.8111940869648919e-01	   2.5267798875285485e-01	   4.8480317405685058e-01	   3.2129664838764360e-01	   5.6033039889047243e-01	   3.5424334528399459e-01	   5.2157085758388044e-01	   5.4360256106592986e-01	   5.4515155077518662e-01	   2.7075148545498207e-01	   3.4073199195330034e-01	   5.2323197488981510e-01	   3.9281551746511023e-01	   3.7290246968386931e-01	   2.6151110193497890e-01	   3.2797951702244837e-01	  -2.2117605216544539e-01	
   6.0738367717097341e-01	   5.2805995169227937e-01	   6.0307826250591889e-01	   8.5048669372974994e-01	   6.1800527626421897e-01	   0.0000000000000000e+00	   8.3448104305599125e-01	   8.9203278354588544e-01	   6.1745907249044274e-01	   8.5114880737513054e-01	   6.6341663971025522e-01	   7.4475657073985968e-01	   6.5486182236823653e-01	   7.4725142340864625e-01	   5.0192516084329808e-01	   6.9448287848123025e-01	   4.2717276535477622e-01	   4.4461719413632567e-01	   6.3498393462025271e-01	   6.7262991395661076e-01	   4.1645698991723640e-01	   5.7696598616042416e-01	   5.1091280225797409e-01	   6.3000239009642089e-01	   5.4925275580389976e-01	   7.1914866798122312e-01	   4.1913340044548020e-01	   8.4776360770939374e-01	   5.3965567923967173e-01	   5.9652263208488254e-01	   6.1011866600186182e-01	   6.7502338635576753e-01	   6.3880962622940729e-01	   7.3179320658738189e-01	   4.9849841467289646e-01	   5.6633765388861534e-01	   1.6603365895452946e-01	   3.7805411198410799e-01	   5.1912299627815328e-01	   5.1481410312788412e-01	   4.7576079579185038e-01	   4.3617196741099862e-01	   6.7423659009088266e-01	   4.9514184127664029e-01	   6.3291981741863657e-01	   5.1092849554351516e-01	   5.6285844159092380e-01	   5.4982312900530084e-01	   6.9258453979104917e-01	   3.0617399134164341e-01	   6.4129180004004782e-01	   5.5840022443455162e-01	   6.6345784959334220e-01	   4.8019317249549032e-01	   6.0230600087754460e-01	   5.9898449852369073e-01	   3.4674090848911776e-01	   3.9685367375698799e-01	   7.2802746811227070e-01	   6.1790508544101397e-01	   7.3341697338158229e-01	   7.8714723792641683e-01	   5.5574464403287160e-01	   6.6185324448674310e-01	   4.7668179072173045e-01	   6.5125963127717690e-01	   6.3537343600781659e-01	   7.4650138537441002e-01	   4.0957958360495733e-01	   6.2275687326588780e-01	   1.3016355783244513e-01	   3.0904094737642396e-01	   5.0149383311410500e-01	   4.9850540775533181e-01	   4.5293383904837536e-01	   4.3503648060821126e-01	   1.9636442938174137e-01	   2.4181079437506103e-01	   3.9750348536305025e-01	   4.8732324043914266e-01	   4.8501390469240951e-01	   4.9579373957879747e-01	   4.4432158383866327e-01	   5.9807624643639390e-01	   6.2586978031909091e-01	   6.3705802752081098e-01	   2.4976630266925390e-01	   4.2853047163931990e-01	   7.1334394930502465e-01	   7.6376906523439636e-01	   6.7744933748648573e-01	   5.8764828139915648e-01	   5.7711994218094165e-01	   3.4877588208470645e-01	   3.2043738363607216e-01	   2.9998783808711982e-01	   6.3716451053675638e-01	   5.8331166088869923e-01	   6.8836657998906126e-01	   6.1269321140487520e-01	   5.5988943117407552e-01	   4.4731306800417348e-01	   5.6593698446241658e-01	   5.4633975830925208e-01	   3.3121199334605284e-01	   3.7012834265916150e-01	   4.3898700594145879e-01	   3.6644730654821434e-01	   5.7055868161112988e-01	   4.3866108895098066e-01	   6.5930330708452667e-01	   6.4351506582874829e-01	   6.0285930026519952e-01	   4.5477969975708582e-01	   4.3995735665562880e-01	  -7.1662433050479937e-02	
   6.7374422852039584e-01	   5.0816582404626032e-01	   8.3031777676763385e-01	   7.8292466505767777e-01	   7.3355116295367817e-01	   8.3448104305599125e-01	   0.0000000000000000e+00	   8.1313472269918163e-01	   6.3088775941590569e-01	   6.2964769268683018e-01	   7.4262847406037946e-01	   6.5829185668654078e-01	   7.3986172450568444e-01	   7.2515708607560281e-01	   6.0227448308038156e-01	   6.8638761686227179e-01	   4.7033664392791114e-01	   4.8899903842741799e-01	   7.2542838446418489e-01	   6.3110328979156027e-01	   5.1270153459596413e-01	   6.3814589398677746e-01	   6.8463545066135945e-01	   6.6237144829946237e-01	   6.5135879961464915e-01	   7.4786860596504656e-01	   4.8080862017816961e-01	   8.0371771056634667e-01	   5.7290640363931478e-01	   5.8422984787914256e-01	   7.4592951138930252e-01	   7.2175729058827953e-01	   7.3793758440971691e-01	   7.5634305551429870e-01	   6.7047939321419259e-01	   6.8447335671977128e-01	   2.4539676654454778e-01	   3.6084105783671172e-01	   5.5761223390954340e-01	   5.0145699920869813e-01	   5.2952162752183929e-01	   4.3262354143353254e-01	   6.9839679995989346e-01	   5.1273429833741857e-01	   6.7515408740465255e-01	   5.2607483673643030e-01	   5.7257824539595847e-01	   5.4966216472383289e-01	   7.3943230417297823e-01	   3.0537150683210845e-01	   7.4791516338559560e-01	   5.6324515291429922e-01	   6.6828326056382781e-01	   4.9438897349156186e-01	   6.3447883141653161e-01	   5.8524853433778823e-01	   4.3463369069554336e-01	   5.2879653151162964e-01	   7.8225528030161651e-01	   5.8047267227114352e-01	   8.1303818003431405e-01	   6.8298219198480481e-01	   6.2232741703940264e-01	   7.0081547880979711e-01	   6.4481183949681475e-01	   6.0129441312902454e-01	   7.6946485657486063e-01	   7.8634531895820581e-01	   4.0528018044714076e-01	   6.1257574860812158e-01	   3.5134661587856242e-01	   3.2366210202039125e-01	   5.9268699085671239e-01	   5.2128146856035662e-01	   4.9739938644148340e-01	   4.2759185695124308e-01	   3.3628875213796167e-01	   2.8421593434187720e-01	   4.4883373848451918e-01	   5.3975155478417214e-01	   5.2752039527537353e-01	   5.4510825199124557e-01	   4.9504848755732411e-01	   5.8764014303388346e-01	   7.1611380051328699e-01	   6.7864742345625162e-01	   3.8998712638141902e-01	   5.0254991475725785e-01	   7.9389164144290780e-01	   7.9476822204846798e-01	   6.0486597267537157e-01	   6.6748602021674130e-01	   5.8798770540611367e-01	   5.6368074218242781e-01	   1.6172368326975550e-01	   1.2942073823335759e-01	   6.4269184964680137e-01	   5.3018158376482816e-01	   7.0308866581698082e-01	   6.6216941895130799e-01	   5.7860065262778870e-01	   6.5968383457953472e-01	   6.3537011767368501e-01	   7.2666255819515591e-01	   2.9816281822288143e-01	   5.0522690748460208e-01	   4.1086527968969921e-01	   4.2752948529558948e-01	   5.1643708535445443e-01	   3.8489397234422712e-01	   6.9734741837270664e-01	   7.1337637360428641e-01	   6.3462232160885845e-01	   5.3675355451910089e-01	   4.1543792203364582e-01	  -2.3738782345972037e-01	
   7.2610841804035120e-01	   6.9940382025241477e-01	   4.6736525149301278e-01	   8.5873448656649121e-01	   4.6617566422587747e-01	   8.9203278354588544e-01	   8.1313472269918163e-01	   0.0000000000000000e+00	   5.4302623965379326e-01	   7.7123488678383856e-01	   7.9258862671283192e-01	   8.7225710428620085e-01	   7.4837451866307780e-01	   8.8961371528296473e-01	   5.7527452410349378e-01	   8.1248475024757005e-01	   6.1697686684973263e-01	   6.0327605380806315e-01	   7.0562892224641272e-01	   7.7546911345033342e-01	   2.9612063410478540e-01	   5.8655801790783746e-01	   4.3585282225024269e-01	   6.1646895784063638e-01	   4.1112705454810750e-01	   6.4153624599228143e-01	   2.2255478916860311e-01	   7.1749878229534392e-01	   7.1552097522511393e-01	   7.4558912596412463e-01	   6.4757200220097189e-01	   7.5575209367951945e-01	   7.0689015970573843e-01	   8.2110416667294905e-01	   4.4933485277477819e-01	   4.9976085126751563e-01	   3.6072750490730976e-01	   5.2735566925231858e-01	   6.6088895509979673e-01	   7.0436226156019599e-01	   6.6909230596485902e-01	   6.3573055994608019e-01	   7.3836708700819165e-01	   6.1729253162963849e-01	   6.6762018864636186e-01	   5.8354599558133646e-01	   6.8206910228290485e-01	   6.7280113799368169e-01	   6.6774586365614119e-01	   3.5248786093865997e-01	   5.3952909609479272e-01	   5.7488093972970811e-01	   6.4354653754986579e-01	   5.4672042237182794e-01	   7.2461559283213750e-01	   7.3042988648410923e-01	   4.6516888042973309e-01	   5.2701625228146376e-01	   6.8689846084832951e-01	   6.2337557206757044e-01	   8.3790570066264092e-01	   9.1476809324201325e-01	   6.8255999071596263e-01	   7.8506363966324355e-01	   4.4638513865125162e-01	   7.2376948398370333e-01	   5.4776942192513456e-01	   7.2004722049528325e-01	   5.0305899086183470e-01	   6.7314258990787512e-01	   1.6467867157925675e-01	   4.2058633154938430e-01	   6.4949250725884633e-01	   6.4819976046465322e-01	   5.7703764391437606e-01	   5.9604947691736354e-01	   4.5005930120561044e-01	   4.7463237948468884e-01	   5.3134838574955390e-01	   6.5951666414505805e-01	   6.3903810443023934e-01	   6.7717164378825423e-01	   6.1156855452898640e-01	   7.3523937838675613e-01	   6.9453402001467113e-01	   7.4653978855229197e-01	   3.7970150615925691e-01	   5.6445923022958333e-01	   7.4386973517178379e-01	   7.9849099686045499e-01	   6.5627509297616060e-01	   5.0722349672297418e-01	   5.9510070704565543e-01	   2.4273923776547057e-01	   2.9358613972776432e-01	   3.1530668714641436e-01	   7.2880541978695801e-01	   6.8125697820181252e-01	   7.7653915625928838e-01	   6.6948459504786917e-01	   6.4774871977300041e-01	   4.1323648119614054e-01	   6.6136605056829800e-01	   5.8492753052284541e-01	   2.5418057156824275e-01	   2.7961956835563295e-01	   4.0945183592925571e-01	   2.7404425434472263e-01	   6.6513856414910366e-01	   5.0895867211261403e-01	   7.1294244727489275e-01	   7.4525293828150052e-01	   6.7486508344293394e-01	   6.1334170815985001e-01	   5.8127953489565176e-01	  -1.2448917122262931e-01	
   3.9652562917094802e-01	   4.5804242476080675e-01	   5.4501129368333345e-01	   7.2350781873960379e-01	   7.4452362041250564e-01	   6.1745907249044274e-01	   6.3088775941590569e-01	   5.4302623965379326e-01	   0.0000000000000000e+00	   5.9706590805369775e-01	   5.1719318035415041e-01	   5.2559544232525535e-01	   5.6681116093872130e-01	   5.0867024837897756e-01	   3.5458814935685273e-01	   4.6539569831480965e-01	   3.3963843811775041e-01	   3.5981115141188130e-01	   5.0769204877076990e-01	   5.2306989221097921e-01	   3.5630130426850215e-01	   4.8130649684590210e-01	   4.9555798543038959e-01	   6.3133167529233247e-01	   4.4492644906138212e-01	   5.7178582005586531e-01	   4.9783112244242411e-01	   5.8119737254960391e-01	   4.3082517442648327e-01	   4.3239309918139057e-01	   4.2278272482054019e-01	   5.2524851530130334e-01	   3.9820981446246073e-01	   4.5757420160039297e-01	   2.6096906403796699e-01	   3.1578914194674540e-01	   2.2814894512981426e-01	   4.3266100883113534e-01	   4.0170298776643854e-01	   4.2449126063796966e-01	   3.3505457470440358e-01	   3.9696386195339606e-01	   3.7072591593409154e-01	   1.1579354077005852e-01	   1.8234497021911694e-01	  -5.1946455147861541e-03	   3.1548010175068703e-01	   1.5936159652833345e-01	   2.5250148381449783e-01	  -6.3662121408148281e-03	   4.0399102249999808e-01	   3.4179302481955554e-01	   5.5635044193063277e-01	   4.6326048349106713e-01	   4.0683334936774818e-01	   3.7223043773997616e-01	   2.0783414780682893e-01	   3.7968444893916564e-01	   3.4365857222619983e-01	   3.0961356085952807e-01	   4.0511126231846506e-01	   4.5979479983473481e-01	   3.1608801410574927e-01	   3.9551225914980603e-01	   5.1014381453637514e-01	   5.2928549469953656e-01	   3.6207210471968354e-01	   3.4414798622834752e-01	   3.7295360012100770e-01	   3.9585825001898217e-01	   2.4014867066959644e-01	   3.5905790497689516e-01	   3.9031502606116653e-01	   3.6588364469145551e-01	   3.3075443142162952e-01	   3.4394803594892814e-01	   1.6485714949511154e-01	   3.2457821607016490e-01	   3.7482839976049537e-01	   4.2729825648143616e-01	   4.0669264987197878e-01	   4.4864515588098269e-01	   3.2260571270924809e-01	   4.2160086753748960e-01	   5.8001427276064632e-01	   6.2142966630297347e-01	   2.7004085733821614e-01	   5.0418578578444939e-01	   5.2096050253727311e-01	   5.8057740306049554e-01	   4.4036075296282284e-01	   3.7705828305329436e-01	   4.4431009404589961e-01	   3.3282404229040718e-01	   4.0227114862206126e-01	   2.9849165284111934e-01	   4.7456703253516963e-01	   3.8726973107419238e-01	   4.4521141925175900e-01	   3.2987675025002544e-01	   3.3278851342345828e-01	   3.6569338606935198e-01	   3.8726329220409550e-01	   4.0167730647112276e-01	   3.6198056051156025e-01	   3.9323276691240372e-01	   5.7993777172019445e-01	   3.5328085256231251e-01	   4.8227824465928426e-01	   5.1558984928797991e-01	   4.4829180436889338e-01	   3.1810159894592527e-01	   3.5916313051246079e-01	   3.7560174405282032e-01	   4.7015325890132764e-01	  -8.9974315432201510e-02	
   4.0692445948768652e-01	   4.7676441186673041e-01	   4.1714142094787315e-01	   7.7754394581519581e-01	   4.3880545603551047e-01	   8.5114880737513054e-01	   6.2964769268683018e-01	   7.7123488678383856e-01	   5.9706590805369775e-01	   0.0000000000000000e+00	   5.3234882152013807e-01	   6.7818315686481645e-01	   5.1862827682458412e-01	   6.3234049816602733e-01	   4.3276108922681955e-01	   5.3447096067164601e-01	   2.7867932291209951e-01	   3.0799276559970956e-01	   4.5180274893730910e-01	   5.2716894760080657e-01	   2.4319856505114307e-01	   4.4744532315975238e-01	   3.5436640104779060e-01	   5.6650973967551521e-01	   3.5406844802891962e-01	   5.8127822559829556e-01	   3.6914309698204484e-01	   6.6952223213123374e-01	   3.8302756023135315e-01	   4.4760255148453759e-01	   3.5057026463286300e-01	   4.8463956883979831e-01	   3.7521455497033862e-01	   5.0013647104926096e-01	   3.0414981255398627e-01	   3.8731680819917369e-01	   2.0436638830743764e-01	   4.2715188886210514e-01	   4.9891305516443396e-01	   5.2010842752599440e-01	   4.1655698755461368e-01	   3.9911549970459936e-01	   5.6632089752573433e-01	   3.3047125416750667e-01	   4.3986535502350277e-01	   3.1959315459884069e-01	   4.7811713790440141e-01	   4.1734591339027138e-01	   5.0598975994810391e-01	   2.3343710668155560e-01	   4.7523065985968316e-01	   4.3372847875536941e-01	   6.4003549718959851e-01	   4.8494371657069962e-01	   5.6351073380945671e-01	   5.4499093969690349e-01	   1.5569266977322127e-01	   2.3635640143977357e-01	   5.2810115607254016e-01	   4.9801050279201109e-01	   5.1368734336160482e-01	   7.0114856914834078e-01	   3.4598425690775797e-01	   4.9917363422444483e-01	   3.5851863680651364e-01	   5.6575567278709804e-01	   4.2669032886461844e-01	   5.1590236675796075e-01	   3.3759959083056146e-01	   4.4487173080501990e-01	  -1.8837143223819526e-03	   2.5470276528622898e-01	   3.4430854042358405e-01	   3.8566593524474613e-01	   3.5141705098649023e-01	   3.7643253997396742e-01	   1.0886448840393052e-01	   2.5056117652085397e-01	   2.7845857173426053e-01	   3.5453179968105830e-01	   3.7498328499152350e-01	   4.1327884911021273e-01	   3.5378396714788152e-01	   4.9896542166685204e-01	   5.4491176498101757e-01	   5.6638618511513283e-01	   1.5331099153052372e-01	   3.9831986039298561e-01	   6.3241459480192685e-01	   5.9740023548023791e-01	   5.9978533038301352e-01	   4.6259829116410434e-01	   4.7554576650333014e-01	   2.1175988567184556e-01	   3.3065585745021364e-01	   3.1020179890291255e-01	   5.2353486593540755e-01	   5.0564785444622273e-01	   5.9618823761641992e-01	   5.2300156995949076e-01	   4.6653336633448539e-01	   1.8535595649724895e-01	   4.4462725791053559e-01	   4.1715778697069783e-01	   3.8101469536537819e-01	   3.4745467343249886e-01	   4.3205457386222029e-01	   2.1439571238439309e-01	   5.2381716162981062e-01	   4.3890628670847726e-01	   4.7997703479379106e-01	   5.2500514752936023e-01	   5.4675445631609410e-01	   3.8802523858348298e-01	   4.4004065423298921e-01	  -6.4354322703744690e-03	
   8.5381064396735251e-01	   7.6650513915893448e-01	   5.1185459105248965e-01	   7.1235765705142351e-01	   5.1499687287808937e-01	   6.6341663971025522e-01	   7.4262847406037946e-01	   7.9258862671283192e-01	   5.1719318035415041e-01	   5.3234882152013807e-01	   0.0000000000000000e+00	   8.3148634067317451e-01	   9.4629730138863954e-01	   8.8912742615353124e-01	   7.7908639432447357e-01	   8.6663461313635493e-01	   7.5675152367645704e-01	   6.9399684113697613e-01	   8.2537707303793895e-01	   7.6662837628733371e-01	   3.9249669482820054e-01	   6.4448250982701161e-01	   6.2607796496834145e-01	   7.2227796190856797e-01	   4.7204342118667808e-01	   6.3799519976014929e-01	   3.9411349869007151e-01	   6.3108366970762142e-01	   8.2182328473219635e-01	   7.6355936229674992e-01	   7.2103007716007994e-01	   7.8712931366444594e-01	   7.7494959324327761e-01	   8.1091771448409444e-01	   5.0389046698461359e-01	   4.5866897447888089e-01	   5.4376016020763518e-01	   6.5222215610298995e-01	   6.9931352520873591e-01	   7.1885520061444852e-01	   7.3411515248380410e-01	   6.8655223537914556e-01	   6.8480350591282524e-01	   6.3451875812296310e-01	   6.0707429315830197e-01	   5.4722631744115791e-01	   7.2932007013268174e-01	   6.6012726003719413e-01	   6.3936149931009967e-01	   3.9294574139788269e-01	   6.0931375747613903e-01	   6.4308940907555701e-01	   5.7426094482375878e-01	   5.0710075184477599e-01	   7.7176551309810737e-01	   7.3060479162223047e-01	   5.2088925881370407e-01	   6.1970768301002721e-01	   5.5413094080636760e-01	   4.6574201700840889e-01	   8.2958417075557978e-01	   7.5910870727658297e-01	   6.7150232291023393e-01	   7.0518609267021448e-01	   5.9194989693253419e-01	   6.9556095877871504e-01	   5.2234981454838725e-01	   6.3759603125758935e-01	   5.4431004112707482e-01	   6.0935992871579236e-01	   5.1946239525830584e-01	   6.3707141277978119e-01	   8.2691048859220961e-01	   8.2036005460703643e-01	   7.9460716519140839e-01	   7.7058710199014557e-01	   6.9179945705505930e-01	   6.2228864954021024e-01	   7.2513404711716412e-01	   7.5590744920870723e-01	   7.6334233655618755e-01	   7.8706186709081971e-01	   6.9478407068274584e-01	   7.2608074621046881e-01	   8.3263184451377459e-01	   8.0011373097205818e-01	   5.3046211586103820e-01	   6.6267069963803849e-01	   7.9930389827456538e-01	   7.6248210372620784e-01	   4.3837288592914392e-01	   4.1400686112311313e-01	   4.1271623644422933e-01	   2.4612992630240135e-01	   2.1408677887886307e-01	   1.4711213149006938e-01	   7.6399780859954747e-01	   7.2880962497446200e-01	   6.9615848289065707e-01	   6.1522506241649300e-01	   4.2902114097426014e-01	   4.6489894261922909e-01	   5.5199902566441650e-01	   6.1559097192848278e-01	   1.4043279341116682e-01	   2.1697738923939303e-01	   2.5724959459490060e-01	   2.3753284186155252e-01	   6.4288127985535481e-01	   5.5370617337248129e-01	   7.8224450506611665e-01	   7.0156756385422092e-01	   6.3125120750525676e-01	   6.6337176116742880e-01	   6.5605426499209119e-01	  -2.3723292546164113e-01	
   8.0507567536637215e-01	   8.5088117342725089e-01	   3.1673787592386271e-01	   7.7252676083087746e-01	   3.7175872000284410e-01	   7.4475657073985968e-01	   6.5829185668654078e-01	   8.7225710428620085e-01	   5.2559544232525535e-01	   6.7818315686481645e-01	   8.3148634067317451e-01	   0.0000000000000000e+00	   7.7414692128559814e-01	   9.4627078274231491e-01	   6.1928445096216167e-01	   8.9308140065138164e-01	   7.4382826224806364e-01	   7.0689136782244855e-01	   7.2087213097903224e-01	   8.4065619982538697e-01	   2.7093560845653764e-01	   5.7089580725359690e-01	   3.6326349688248605e-01	   6.5161357668429853e-01	   3.3238371384642984e-01	   6.0014334944804570e-01	   2.0817602614809247e-01	   5.9383590593394175e-01	   8.1760356368394915e-01	   8.0857190233199594e-01	   5.4587276436744669e-01	   7.0217441311646844e-01	   6.8044185222638254e-01	   7.9849599649165404e-01	   2.7065585685765886e-01	   3.0861988192169082e-01	   5.1588904135841251e-01	   6.5359128299020497e-01	   6.8079840508028899e-01	   7.5115444846100887e-01	   6.8502026342320810e-01	   7.4154181771710870e-01	   7.2334012918069190e-01	   6.2105912848210865e-01	   5.4960083297650586e-01	   5.0268113487140098e-01	   6.8697812676076475e-01	   6.2064331530820716e-01	   5.3206784098948989e-01	   2.7989776499196856e-01	   4.8084315763476715e-01	   5.5483148931259851e-01	   5.7410762494716849e-01	   5.5856671567552008e-01	   7.2129310949192327e-01	   7.2579646386217367e-01	   5.6144185452107276e-01	   5.6903689465506013e-01	   4.8816697779210422e-01	   5.0227560378097325e-01	   7.5330656440315757e-01	   9.1257323014073810e-01	   6.7193087869289858e-01	   7.4448595244058824e-01	   3.5546569294075281e-01	   7.7126969685812863e-01	   3.5756068711840089e-01	   5.6028569755909252e-01	   6.8581186049856391e-01	   6.9935687537989577e-01	   3.1892123577980602e-01	   5.7912911391292154e-01	   7.3249484864403747e-01	   7.6368162137719353e-01	   6.7799200669416959e-01	   7.2828118963279498e-01	   5.6444231991422356e-01	   6.5293649806658238e-01	   6.7177804489237314e-01	   7.1333415254476062e-01	   7.8646228686587616e-01	   8.0668481157672334e-01	   6.7514272068613712e-01	   7.7724614082055643e-01	   7.5841885284670985e-01	   8.3335321466961187e-01	   3.8708958984728981e-01	   5.6451683444421719e-01	   6.8123221771270481e-01	   7.3888298273025310e-01	   5.8036486909238838e-01	   3.9611049352665623e-01	   5.2708665140837907e-01	   1.0519666461446045e-01	   3.4580348587638110e-01	   3.8841811046001040e-01	   7.2943658829328795e-01	   7.1178792433126004e-01	   7.4905532601206548e-01	   6.2293912928989603e-01	   6.2200513143084557e-01	   3.5042624285377427e-01	   6.2048659155186392e-01	   5.4953341571446601e-01	   2.3717957628348502e-01	   1.8697439960908740e-01	   3.7745965699214673e-01	   2.4252705951718667e-01	   6.7160223239854167e-01	   5.5471304391529130e-01	   6.9451769444115885e-01	   7.0485972389707441e-01	   6.5492640608766606e-01	   6.9737576288200565e-01	   6.9041788914819358e-01	  -3.6901049333256199e-02	
   7.7270095686461848e-01	   6.7560554361666969e-01	   5.0795909242881976e-01	   6.9543912740903746e-01	   5.3315380072278873e-01	   6.5486182236823653e-01	   7.3986172450568444e-01	   7.4837451866307780e-01	   5.6681116093872130e-01	   5.1862827682458412e-01	   9.4629730138863954e-01	   7.7414692128559814e-01	   0.0000000000000000e+00	   8.6845699396375065e-01	   7.2081667822659812e-01	   8.4468409136864042e-01	   6.5577668932142663e-01	   5.8099233330790545e-01	   7.2173751885229542e-01	   6.6848311760009249e-01	   4.4010105593682036e-01	   6.3122388505805815e-01	   5.9046137922013719e-01	   7.2892697964644726e-01	   4.3928909410114902e-01	   6.0663925461561907e-01	   4.4450606663262371e-01	   6.3890840371212398e-01	   7.2371391982286215e-01	   6.9526893055026995e-01	   6.2253145133400112e-01	   7.0029955966849133e-01	   6.5575734173889944e-01	   7.1207797953794350e-01	   4.4614121556343256e-01	   3.9082168680998747e-01	   5.0746397953714562e-01	   6.1513749594007483e-01	   6.3158916445728830e-01	   6.7254010350784998e-01	   6.5110196811095378e-01	   6.5049042164928150e-01	   6.3464080143707202e-01	   5.6963830776507607e-01	   5.4400569480797889e-01	   4.6669230043013954e-01	   6.9729237930092469e-01	   5.7381948919905468e-01	   6.2054628050130445e-01	   3.7712323413262189e-01	   6.5322968335183118e-01	   6.4224961375741874e-01	   5.9806236146065161e-01	   4.6887717699937737e-01	   7.4681071915324893e-01	   6.7570638846180830e-01	   4.1557866621098472e-01	   5.2552270751659003e-01	   5.4147243275219326e-01	   4.3765377788205440e-01	   8.2871657782489283e-01	   6.9610587023195336e-01	   5.7157381803683183e-01	   6.2412105131407158e-01	   5.7922860702685064e-01	   6.4204168599758749e-01	   4.7984749646269098e-01	   5.8413445759439364e-01	   4.7421451946391791e-01	   5.2937904647211342e-01	   4.3895872377947120e-01	   5.6012523161963990e-01	   7.1669684657274435e-01	   7.3184815682784543e-01	   6.9790054577761551e-01	   6.6007553969530108e-01	   5.5202513843364798e-01	   5.1018193775802700e-01	   6.4076185938911367e-01	   6.5611404140792873e-01	   6.7646303509540640e-01	   6.9624948485344440e-01	   5.6664978435994640e-01	   6.5630373833119748e-01	   7.6137517089475182e-01	   7.5533657292359002e-01	   4.3240655991677945e-01	   6.2371138701268924e-01	   7.7297686631872586e-01	   7.1023391056593899e-01	   4.3405747843718123e-01	   3.9427553968847151e-01	   4.2781117493489751e-01	   2.6663605044733446e-01	   2.2010814280285856e-01	   1.6067120654380085e-01	   7.3813064660678063e-01	   6.8646909532035605e-01	   6.5502271386243571e-01	   5.4527311849723414e-01	   4.0433770653930023e-01	   4.4848497261272124e-01	   5.1841688724597457e-01	   5.4235134373055005e-01	   2.1935430804566042e-01	   2.3244505424858955e-01	   2.7164704383301863e-01	   2.2064338326193239e-01	   6.1275772095717751e-01	   4.9107689228661588e-01	   7.1414374654860857e-01	   6.4034763828025343e-01	   5.9613694780022386e-01	   5.9643713189490577e-01	   6.1209985462004490e-01	  -2.1517616836358569e-01	
