   0.0000000000000000e+00	   8.4950390887710048e-01	   6.4559749533891597e-01	   7.4496539892876301e-01	   6.1326250796500736e-01	   6.0241804318117431e-01	   4.6169236489591908e-01	   5.5988670432886023e-01	   4.1341246289561190e-01	   5.2536891156698018e-01	   6.4403710284695137e-01	   5.8142992887684875e-01	   5.0723289721000919e-01	   5.5116860152128899e-01	   5.9575798618839804e-01	   6.6727254009681480e-01	   6.3677027082363102e-01	   6.4011440922837304e-01	   6.1658173240344749e-01	   5.7141974498781256e-01	   5.7833634941075540e-01	   5.1238182966174484e-01	   7.2276998052267116e-01	   6.5170660271385283e-01	   7.1928526051260455e-01	   5.9024041474067457e-01	   5.1008034196745822e-01	   4.2562840409477254e-01	   4.3464701551101570e-01	   4.9694641342145485e-01	   6.2247100081526774e-01	   7.1285959159645784e-01	   7.5222341672745374e-01	   7.1301603167156247e-01	   6.1769373541397399e-01	   6.4052536901574197e-01	   4.4219771459326773e-01	   5.2151076311529421e-01	   6.5014002853189212e-01	   6.4851688146937581e-01	   6.4047372707887695e-01	   5.8833264874811730e-01	   5.9901285708511243e-01	   5.3024970578400432e-01	   3.2252502987977982e-01	   3.3906410691714234e-01	   6.2272665837544738e-01	   6.4435726313847086e-01	   4.8358275273259765e-01	   4.3121830717155540e-01	   6.7329898352574813e-01	   6.2441617746118616e-01	   4.2230677982559933e-01	   4.7247416202267600e-01	   6.8067302757915715e-01	   6.4605534387622410e-01	   7.8929247197439123e-01	   7.5085946327006103e-01	   5.5824341413984113e-01	   5.1206882683470700e-01	   5.2973977682288031e-01	   2.8534522444818561e-01	   4.3753920145603042e-01	   3.6253194790983384e-01	   4.1161373148024727e-01	   5.9221408050879809e-01	   5.6789530229973861e-01	   5.9276091466060787e-01	   5.7435635635466642e-01	   5.9170414297381324e-01	   6.1946859578399649e-01	   5.2237466929610044e-01	   5.2878855488867238e-01	   5.2563540208768544e-01	   4.9022451942726042e-01	   5.4800258666448776e-01	   5.7867541219376739e-01	   5.2889525551281291e-01	   5.9139983828300924e-01	   6.1188605886224923e-01	   7.0458620457787358e-01	   7.1994614617033625e-01	   7.4924102058293596e-01	   6.1927008234684799e-01	   6.5127749221595621e-01	   7.3605247581714495e-01	   7.6328805757485652e-01	   6.0303458313462588e-01	   6.2584938433207915e-01	   6.6791151529683290e-01	   4.3834004640500729e-01	   5.2514835618331324e-01	   4.1506069571647358e-01	   5.3481713379623808e-01	  -1.3706629454394814e-01	   3.8784503958280550e-02	   6.9021017436723864e-01	   5.8278627755552814e-01	   5.1770064525320691e-01	   6.0691566047543744e-01	   1.8490008353692494e-01	   5.2229636464791862e-01	   4.0931808486736476e-01	   3.5737788293243089e-01	   4.1184605677827779e-02	   4.2069826659953424e-01	   9.9526946610788231e-02	   1.6251017707735860e-01	   3.6308300231511284e-03	   1.9861048592973529e-01	   5.8091608883626955e-01	   5.2118611592353303e-01	   2.7555678396228661e-01	   5.3944415904921605e-01	   4.5539284332132957e-01	  -2.7262228517369613e-01	
   8.4950390887710048e-01	   0.0000000000000000e+00	   4.2793768577569613e-01	   6.6148257775570940e-01	   4.5304316024816726e-01	   5.0123834004394308e-01	   3.5295651594707600e-01	   5.1050482874938963e-01	   2.8230061708270510e-01	   3.6295620176047017e-01	   4.7565290493978241e-01	   5.6178958485016195e-01	   3.2823810434579637e-01	   4.5148217035079674e-01	   4.4259048091273534e-01	   5.2851950589562091e-01	   6.3212050211467352e-01	   7.2734500123271606e-01	   6.1335414948095313e-01	   5.9676909646695941e-01	   5.6831074995968756e-01	   6.1639816710997852e-01	   5.1854567242716776e-01	   5.6031139070610503e-01	   5.7861038114593366e-01	   5.1189465401080603e-01	   4.3606031428049152e-01	   3.9850269349226353e-01	   5.4054449250052294e-01	   6.2121488865854213e-01	   5.2167235073474494e-01	   5.8639117129420426e-01	   7.0874210952063210e-01	   6.9174280569340674e-01	   4.1885889251766550e-01	   4.4127360106728175e-01	   5.2763194921640122e-01	   6.2793079851291755e-01	   6.4767796513616205e-01	   7.0431061238533132e-01	   6.5881876381450566e-01	   6.6395278508869793e-01	   5.2929270612883239e-01	   5.1624619588578280e-01	   3.0827657193235547e-01	   3.7914023144103476e-01	   5.8980717419357975e-01	   5.8376516069436180e-01	   4.6044191236429854e-01	   4.9380841636329581e-01	   6.0444071997330795e-01	   6.1065545350609429e-01	   4.6966336761579136e-01	   5.0620177269612165e-01	   6.5547221057218163e-01	   6.2913150780222549e-01	   8.5166431461682013e-01	   8.3227837608679356e-01	   4.4997955709011134e-01	   4.5912756888177453e-01	   4.5462248385604898e-01	   2.7831948423680475e-01	   4.6688736552104093e-01	   4.5911708077155239e-01	   2.3368178439947276e-01	   4.3746851429818229e-01	   4.1085387789169725e-01	   4.6331573443677421e-01	   5.4092131624621853e-01	   5.8911670998813948e-01	   5.2487050732539997e-01	   5.3106720379125527e-01	   5.6417137234541381e-01	   5.8730433671285232e-01	   4.9812411164035342e-01	   5.3792716783132410e-01	   5.0084292393416907e-01	   5.1932608137911962e-01	   6.4133054250977195e-01	   6.0264433742599277e-01	   7.0160836399237880e-01	   7.6123569290947968e-01	   7.3333771783132407e-01	   6.8898022347853216e-01	   5.9145931936701512e-01	   6.9062256300665803e-01	   7.2617163387766637e-01	   6.6109497417112117e-01	   5.8576598878947084e-01	   5.9029616903634785e-01	   3.0398436154352504e-01	   3.3816765126084880e-01	   2.1937367152048945e-01	   2.9830199835009197e-01	   5.2336255939320508e-02	   2.1265109311485253e-01	   7.0924517774638207e-01	   6.7340476857079246e-01	   5.5412390367611464e-01	   5.8577959977524463e-01	   1.3808520161612287e-01	   3.5131677852815207e-01	   3.7297627153678403e-01	   3.2106403547170581e-01	   6.1895974735925445e-02	   2.7675936500544618e-01	   1.7792846979563953e-01	   1.1858142695171831e-01	   1.4889519840451607e-01	   2.8487070837214307e-01	   5.2181112949597652e-01	   5.3744503300768121e-01	   3.1995137881038094e-01	   4.9633541318266589e-01	   4.5940821018752498e-01	  -8.5644704499389684e-02	
   6.4559749533891597e-01	   4.2793768577569613e-01	   0.0000000000000000e+00	   7.3875690437729413e-01	   5.6466080124849505e-01	   4.1748237455885606e-01	   7.2569549289692725e-01	   4.6578291543723604e-01	   3.3009259858909379e-01	   3.0295049119912876e-01	   2.4421133665196856e-01	   2.0980385076835409e-01	   2.4057723994007255e-01	   2.4594640361139850e-01	   2.4545492699011703e-01	   3.8159537012793199e-01	   1.6206321682366007e-01	   1.5608298531520537e-01	   5.3669646926824188e-01	   5.3463373247635426e-01	   4.3448626721351463e-01	   2.4870954136265547e-01	   8.3557357518093500e-01	   6.9677639433762473e-01	   7.2459213049674431e-01	   5.4294023641377487e-01	   3.9146856865121826e-01	   2.3989720152715011e-01	   6.8213170069175461e-02	   3.7839987627063726e-02	   6.0741203911372688e-01	   6.0953758601099417e-01	   5.7763467173524119e-01	   5.8031573986462215e-01	   7.9108386135564757e-01	   7.7472909704890180e-01	  -4.5883738771053586e-03	   9.6292085383370238e-02	   3.5234516479947631e-01	   2.6964378700380076e-01	   1.8386767856759872e-01	   1.8166257205100070e-01	   5.5874126418762071e-01	   4.2213117957496604e-01	   4.2908624329976880e-01	   3.7710801115749903e-01	   4.8019697118840043e-01	   4.5116135566163329e-01	   4.8770849271224481e-01	   3.6246201110477982e-01	   6.7872470874755431e-01	   4.5677195868464093e-01	   4.6339025800275180e-01	   4.4171324289766944e-01	   4.2371319605649371e-01	   3.9301767247216990e-01	   3.7384165572498124e-01	   3.7537658100045473e-01	   5.9060921201062799e-01	   4.5502945550961982e-01	   3.6458415773135933e-01	   2.0618012165914326e-01	   1.9230735246784431e-01	   8.8810987622651466e-02	   7.0388329642274916e-01	   6.3763998513572118e-01	   7.7130948724650295e-01	   7.1438171439815412e-01	   5.8007094732907372e-01	   5.8883927953094239e-01	   2.7387113420295039e-01	   1.2354322888444375e-01	   6.0963925775924410e-02	   5.8833573028090502e-02	   5.8155798629997583e-02	   1.0193081971623343e-01	   2.1224472751272469e-01	   1.4932894201980734e-01	   2.3811606583941908e-01	   2.1989887903088856e-01	   3.8251213693032127e-01	   3.7239148344610729e-01	   5.2035437938218154e-01	   4.7226821217742798e-01	   5.0193675260227544e-01	   5.8355339173710941e-01	   4.8458388082828502e-01	   4.4342608213930779e-01	   4.5815495466041545e-01	   6.3107926794978852e-01	   5.9623447165888632e-01	   5.9759511718599789e-01	   4.9420855113981232e-01	   6.8047211716865896e-01	  -9.0385190771891305e-02	  -7.6487985893456914e-02	   4.3792578975943652e-01	   3.6996410322435946e-01	   3.9312708911468963e-01	   3.6353313296355405e-01	   3.7542483223775036e-01	   6.1377741527536656e-01	   4.4396457890276875e-01	   4.1276353426419077e-01	   8.6241202071531797e-02	   3.9748011093984281e-01	   2.1617367145128352e-01	   3.8416803411926759e-01	  -1.3466387415272074e-01	   2.2734900636815392e-03	   4.7597154082823634e-01	   3.6210553406538848e-01	   1.8456200659213978e-01	   1.8681949435800022e-01	   1.6071913793687592e-01	  -2.8688736681427168e-01	
   7.4496539892876301e-01	   6.6148257775570940e-01	   7.3875690437729413e-01	   0.0000000000000000e+00	   4.6191005995739154e-01	   5.6402376455816661e-01	   6.0816887296135380e-01	   7.4510417975330334e-01	   3.8727974423653616e-01	   5.0348234830879068e-01	   4.1103241323055784e-01	   4.9812348642345494e-01	   3.7312142700214657e-01	   4.9568102368084499e-01	   4.4912824482068359e-01	   5.4915097231694376e-01	   4.1527984475276325e-01	   2.9728514515378818e-01	   6.3750548856380362e-01	   7.5377168274219442e-01	   5.2268471980366016e-01	   3.9178234276992840e-01	   8.1779310334379063e-01	   9.0056674059830255e-01	   6.8749098223703242e-01	   5.3828087503208377e-01	   3.6286782393157008e-01	   2.9661870676240676e-01	   2.9083605472056195e-01	   3.1683970238913217e-01	   6.3745003838630698e-01	   7.0279026947807388e-01	   6.6902927912026200e-01	   6.8945046843254576e-01	   6.1093969283018734e-01	   6.8623975928958370e-01	   2.1711106574981021e-01	   3.9287427299881872e-01	   5.1612917241427581e-01	   5.0552164196342275e-01	   4.1312754702633087e-01	   3.9675330551007637e-01	   6.9273178142745229e-01	   5.8444939975056309e-01	   5.4295048088484565e-01	   5.9943709624616037e-01	   6.3827708355277546e-01	   6.8238656992864510e-01	   6.5173674162961104e-01	   6.2434103305116473e-01	   7.7718395087745484e-01	   6.0512963500888395e-01	   6.0582698535021962e-01	   6.2131740483546760e-01	   6.7713694544335890e-01	   6.5007913518019389e-01	   5.2788449432157980e-01	   5.3584596899992298e-01	   7.4622256854730018e-01	   7.2407930503923112e-01	   5.0105724827289522e-01	   4.0910943505713315e-01	   3.1401809951287102e-01	   1.5709277496781565e-01	   4.2155180443924428e-01	   7.3147602865707850e-01	   7.1409761070440581e-01	   7.3684804437641493e-01	   6.6156124182731968e-01	   7.6232697606789923e-01	   4.2633615553428406e-01	   3.4122627844729103e-01	   2.6014378928088422e-01	   2.7943224619254620e-01	   1.9053536075316380e-01	   3.0029369919249338e-01	   3.1101603983702353e-01	   3.1178948169886667e-01	   4.9849370789185266e-01	   4.3659749367067630e-01	   7.0485861931457128e-01	   5.3946871845344835e-01	   6.8280863172379835e-01	   6.1081970062341107e-01	   7.1268059282851959e-01	   7.3169996810308002e-01	   7.2123785311098643e-01	   5.5217523038307426e-01	   7.0748768521292049e-01	   8.1403719973206701e-01	   7.0069160309847045e-01	   5.4928879150177867e-01	   5.9622886245537310e-01	   5.5825818865685883e-01	  -9.4658326579291213e-02	   1.1404881419049914e-01	   6.9335762675374046e-01	   6.6638049616743622e-01	   6.2876307912286289e-01	   5.6347586038002095e-01	   4.8787903351839235e-01	   5.9500941842291311e-01	   5.9624368282415552e-01	   5.6015718974063877e-01	   1.8090252030083390e-01	   4.5900816824637991e-01	   4.0848434225202490e-01	   4.2703738433286453e-01	  -6.3692838405886715e-02	   1.6817138452696034e-01	   6.7840459836433831e-01	   5.6213808666415943e-01	   3.1318884671217428e-01	   4.7336924403376301e-01	   2.9147708157218988e-01	  -9.8785447668514270e-02	
   6.1326250796500736e-01	   4.5304316024816726e-01	   5.6466080124849505e-01	   4.6191005995739154e-01	   0.0000000000000000e+00	   7.9301534063383805e-01	   4.1132971168399524e-01	   4.9187106623339649e-01	   7.6543553229502248e-01	   7.7551268420726738e-01	   4.9917322053732482e-01	   3.7369323423123341e-01	   4.4954633696768037e-01	   4.9726032664214059e-01	   6.6892032012283864e-01	   7.4892977917271408e-01	   4.3419615979164627e-01	   4.3566450537311213e-01	   4.0755207211782829e-01	   3.6177816150956255e-01	   3.5806491500681792e-01	   3.2118071027446959e-01	   6.3389156558644921e-01	   4.4097092083209904e-01	   5.4444037414581414e-01	   3.3306276083525099e-01	   6.7451096788931286e-01	   5.5456133028939103e-01	   3.0637677965991861e-01	   3.0120914460183518e-01	   5.2864707562099178e-01	   5.4858675319553107e-01	   6.3189783116566134e-01	   5.6739761743944206e-01	   6.4593428328681668e-01	   6.4250711380094128e-01	   2.3839436152132826e-01	   3.0334162002475468e-01	   3.8629992288698345e-01	   4.1496726408371742e-01	   4.6424833718150749e-01	   4.0282308758691343e-01	   5.0273019173870093e-01	   4.4673941027027686e-01	   3.9022054049294125e-01	   3.0014232861450213e-01	   5.2098606320123464e-01	   5.4642573445109233e-01	   4.1285563242426038e-01	   3.5494777330503363e-01	   5.2526150657621229e-01	   5.3917600228488272e-01	   3.6293037881268631e-01	   3.2574437029864867e-01	   4.7220490947852267e-01	   4.4321856501790657e-01	   4.1992794568375535e-01	   4.8909261016398120e-01	   4.7369529840493635e-01	   3.0965326644742347e-01	   3.9087993551878808e-01	   3.5668475860081528e-01	   1.9547335993414416e-01	   9.0738733380581374e-02	   7.6465985331120501e-01	   6.6900667446211026e-01	   5.6442777596468108e-01	   5.7535157039912632e-01	   2.7409601084909896e-01	   2.8940931376057299e-01	   4.8040537450536747e-01	   3.2752885080192368e-01	   3.7978737296823273e-01	   3.1247189329122099e-01	   3.3179288094050841e-01	   3.8584076812514134e-01	   3.6308617023487200e-01	   3.5028611563002693e-01	   4.4068873227724048e-01	   3.2228047937912591e-01	   4.3577959264506572e-01	   5.3601390469765675e-01	   5.8822077217833380e-01	   3.5944253995856651e-01	   5.8741351323618529e-01	   5.1438330992998982e-01	   3.8075072443598779e-01	   2.2074289512701131e-01	   5.5338706055152886e-01	   3.6184827738091324e-01	   5.0802005230334157e-01	   5.4530311516973851e-01	   5.6014575340294581e-01	   6.0859287022666841e-01	  -3.1036955468989225e-01	  -1.2726829449380811e-01	   4.5513482939302885e-01	   2.8883970352454436e-01	   4.9568210036423754e-01	   5.3982551517168742e-01	   2.3657069621951277e-01	   3.1705196539780378e-01	   2.2006055549218689e-01	   1.1945402919075637e-01	   1.6643254681301373e-01	   3.6315524806091659e-01	  -1.4004880632704882e-02	  -1.0115535361095579e-01	  -1.4778227973976982e-01	  -6.8555972036017779e-02	   4.5334325145779264e-01	   5.4989804273269005e-01	   3.1301780832601023e-01	   5.0458025605220902e-01	   4.3446153484452782e-01	  -2.5179724510519608e-01	
   6.0241804318117431e-01	   5.0123834004394308e-01	   4.1748237455885606e-01	   5.6402376455816661e-01	   7.9301534063383805e-01	   0.0000000000000000e+00	   2.7212252317834190e-01	   5.4874501032859213e-01	   6.7903159508150868e-01	   7.8652975379426282e-01	   4.8130157916677807e-01	   4.3456046347362243e-01	   4.3064938057431285e-01	   4.7821091614574052e-01	   6.6397268281125732e-01	   7.5801091166861234e-01	   5.1508540896040800e-01	   4.0537721353727241e-01	   3.3038693408882969e-01	   3.7232728190451175e-01	   5.1771303674579650e-01	   5.3349143069436022e-01	   5.8180925219079516e-01	   5.7754506787393767e-01	   4.8085842607770746e-01	   4.5874383622892179e-01	   6.6115540231807679e-01	   6.9698860346815172e-01	   3.7167440741768210e-01	   3.9386493303966291e-01	   5.8038198387466766e-01	   6.4089598827433858e-01	   6.0005989246114289e-01	   5.5092239673244969e-01	   3.9671407988449381e-01	   4.4720885827288598e-01	   3.2571731033631968e-01	   4.2387134886590855e-01	   4.9409753528141387e-01	   5.3718564815170666e-01	   4.5050561226150376e-01	   3.8193405470207997e-01	   5.2898435733668814e-01	   4.8309690229940860e-01	   2.9991325930354118e-01	   2.8364092010051389e-01	   5.3105488571065196e-01	   5.7615882404334040e-01	   3.6397804842609105e-01	   3.5613491872912839e-01	   4.3525448606351702e-01	   4.6524385750585784e-01	   3.7688645615180183e-01	   3.0031547241578993e-01	   5.7101527164988208e-01	   5.1136015997240314e-01	   4.9471804223283145e-01	   5.7481354821023567e-01	   4.3115888267868308e-01	   3.9023636794034333e-01	   4.3316928662183796e-01	   4.9309600241726925e-01	   2.6702891463904144e-01	   1.0718428015014336e-01	   5.4058235479926919e-01	   6.9739948493004167e-01	   3.9229032933843710e-01	   4.3144586777937194e-01	   4.1009725699067512e-01	   4.2222793734174485e-01	   4.2680167922901796e-01	   2.8102976658245049e-01	   3.4171034089055408e-01	   2.9579068784395079e-01	   2.5114282194852022e-01	   3.4573104907400465e-01	   3.5110501513157144e-01	   3.7632039319653965e-01	   5.7397124239520481e-01	   3.6425490543495864e-01	   5.9452352995163704e-01	   5.1933449919726371e-01	   5.4579099248281382e-01	   3.5305057856431710e-01	   6.0175758980427707e-01	   5.8024962311295269e-01	   4.6363910885460757e-01	   2.8998366973717316e-01	   5.9513267191985797e-01	   4.6457424077124859e-01	   4.5203048784766386e-01	   4.2080458321360514e-01	   5.5982307067383585e-01	   4.6086759572592506e-01	  -1.4854992722981947e-01	   2.5482129329300239e-02	   5.5042851743462418e-01	   3.8790755966785262e-01	   4.4134869343920358e-01	   4.9768283049514839e-01	   2.2970301904310567e-01	   2.5364989126143739e-01	   1.3516958932855136e-01	   9.0804731649222259e-02	   1.3610441244828517e-01	   3.4019392356554295e-01	   3.5770580278535913e-02	  -4.4632563456891435e-02	  -7.9910869759506763e-04	   2.0378774275345496e-01	   4.9049589659289172e-01	   5.0667542498407592e-01	   3.0700437666947478e-01	   5.1941037026239534e-01	   4.1077611316444507e-01	  -1.3908679574507948e-01	
   4.6169236489591908e-01	   3.5295651594707600e-01	   7.2569549289692725e-01	   6.0816887296135380e-01	   4.1132971168399524e-01	   2.7212252317834190e-01	   0.0000000000000000e+00	   7.2151087791049018e-01	   4.5318814577061617e-01	   2.5774432759694116e-01	   3.4060264847231259e-01	   4.2577607730648415e-01	   4.7062954488544545e-01	   4.4337004892909987e-01	   2.9248226693745710e-01	   3.1926930569656758e-01	   2.2675019555614456e-01	   2.6071560140692462e-01	   3.8866332669633735e-01	   4.2822715595185107e-01	   1.7763410530122117e-01	   1.5559187786621942e-01	   5.1329468606034467e-01	   5.0352673368982970e-01	   2.8115784676084421e-01	   1.3854362346986362e-01	   2.5251613422930620e-02	  -4.8378312382928175e-02	   3.4653566109739581e-01	   2.6938309708259622e-01	   4.5746999361897300e-01	   4.0051869454903255e-01	   5.8963859043812927e-01	   6.2273384480583760e-01	   4.1249773048612504e-01	   4.6964454682536894e-01	   4.1527103932548326e-02	   1.1406063222942589e-01	   2.3392472526876884e-01	   1.6297444824689394e-01	   2.7453906091926283e-01	   3.6006759140272560e-01	   4.7473528682905752e-01	   4.4809871136178125e-01	   3.8342310966689580e-01	   4.0271663453408085e-01	   4.2659829626269863e-01	   3.3575224842390416e-01	   4.9958991773887884e-01	   3.4509437734688764e-01	   6.4568099366938636e-01	   4.8036637848774089e-01	   4.4148288399320501e-01	   4.3252799825953270e-01	   3.6196267315807612e-01	   3.5496650806513419e-01	   1.6029850201962051e-01	   1.6306772963561195e-01	   6.2370099851085559e-01	   5.4580026551228689e-01	   6.2541156266441600e-01	   5.4261374363909676e-01	   3.4297978098390103e-01	   4.2278621362891350e-01	   4.7155357639953033e-01	   5.3101069162777581e-01	   6.6356271907356246e-01	   6.5268220631027718e-01	   2.4754122005197574e-01	   3.5795362969865152e-01	   3.3484095834358485e-01	   1.9190581680524671e-01	   2.5198893817418294e-01	   2.4995911446675345e-01	   1.9590104141884501e-01	   2.4481193006654492e-01	   3.1455180082490675e-01	   2.9008035581516073e-01	   2.0997929040876831e-01	   2.9578825953258175e-01	   3.2624332142149404e-01	   3.3146187578908470e-01	   4.6379164680657087e-01	   4.0297037569290373e-01	   3.7640465651032157e-01	   4.3202175417185040e-01	   2.8918104777316322e-01	   2.4683283857445348e-01	   4.6759632861043243e-01	   6.1963068124885612e-01	   6.0354991205953323e-01	   5.2990542274252506e-01	   3.9936717449013054e-01	   4.6969325598892631e-01	  -1.1088969265202643e-01	   3.5323443111061954e-02	   3.5751913291746906e-01	   3.4619998404770941e-01	   5.5172737989016174e-01	   3.6485526055727996e-01	   4.9606965043081441e-01	   5.3562488770552030e-01	   5.1040637639645547e-01	   4.7926709536297107e-01	   1.0430026696106112e-01	   3.8133984690880196e-01	   3.0055458793667478e-01	   3.7798159778273643e-01	  -2.3253100450501680e-02	   6.7987528691536389e-02	   4.7680511968444683e-01	   4.3907754506246310e-01	   4.4794906532867873e-01	   2.4289512421868359e-01	   1.5945071104064223e-01	  -1.5584451970056645e-01	
   5.5988670432886023e-01	   5.1050482874938963e-01	   4.6578291543723604e-01	   7.4510417975330334e-01	   4.9187106623339649e-01	   5.4874501032859213e-01	   7.2151087791049018e-01	   0.0000000000000000e+00	   6.4610122690444682e-01	   6.3774498526101253e-01	   5.6270256840165178e-01	   7.2494069303157971e-01	   6.3486620281041661e-01	   7.7058796718838662e-01	   6.2935270176420088e-01	   5.9458368804673012e-01	   5.3834954902136500e-01	   4.5591971775107154e-01	   3.8424143757925489e-01	   5.0789852726866702e-01	   2.0090322487852758e-01	   2.2911027917360610e-01	   4.9953025829886238e-01	   5.7776368670662059e-01	   2.0691614920557966e-01	   6.7896368237105764e-02	   1.0693013588677931e-01	   6.2323392192127992e-02	   5.8576703151975584e-01	   5.6442600462456305e-01	   4.7984884776171521e-01	   5.5137841868161908e-01	   7.1781980146901125e-01	   7.5486919006590392e-01	   3.2759040380623589e-01	   4.6588597364840001e-01	   2.5152444940537100e-01	   3.6542023700123527e-01	   3.7362658384167974e-01	   3.7838209037032938e-01	   5.3082830206011500e-01	   5.4811355861057476e-01	   5.8240221290123528e-01	   5.9357982180644087e-01	   4.8920258844915837e-01	   5.6090182951761025e-01	   5.7716747736305418e-01	   5.9199757245385320e-01	   6.1646449164905837e-01	   5.3287440991855806e-01	   7.2009048142922949e-01	   6.5676045279358286e-01	   5.5228103772535841e-01	   4.9609189855234487e-01	   5.9978753681623120e-01	   5.8561548812468078e-01	   3.0004505633591783e-01	   3.2682744023646826e-01	   6.8683199528990246e-01	   7.0585645028248889e-01	   7.0057630092174694e-01	   7.3092982051600486e-01	   4.7029254952506933e-01	   4.6243426238823720e-01	   3.9958936674492934e-01	   6.8240686238410797e-01	   6.0300192641820005e-01	   6.6547808995111002e-01	   2.2613266388760220e-01	   3.8446309098638448e-01	   5.7330530670221513e-01	   4.6297323596493922e-01	   5.0137650066677131e-01	   5.3599139120243589e-01	   3.7141328785992261e-01	   5.3076790254338979e-01	   5.2826881320839425e-01	   5.7401281385919245e-01	   5.0282854250516240e-01	   4.9521468270734115e-01	   5.7601572133381529e-01	   4.7759568474609182e-01	   5.7617201688428754e-01	   4.3051948475508600e-01	   5.9746699347337917e-01	   5.5675400148455023e-01	   4.6278458909044945e-01	   2.6631465666584658e-01	   7.1003073001536143e-01	   6.3714604018338972e-01	   6.7949741751127779e-01	   4.6802921917230467e-01	   5.4627051564058915e-01	   4.0750420388684744e-01	  -2.4014944844976588e-01	   7.0466755555924812e-02	   5.9743328706219101e-01	   5.0077908939532467e-01	   7.3741906084953368e-01	   5.8231263202559957e-01	   5.2581715475414403e-01	   4.2012056008608722e-01	   5.3196624232129097e-01	   4.7452248047660495e-01	   1.6123158092687295e-01	   3.8883345315147194e-01	   3.2189534508031020e-01	   2.0616654421425851e-01	  -1.7429076888887497e-02	   9.1037283929916085e-02	   6.2095850161216015e-01	   6.3554567633363346e-01	   4.9293232224752204e-01	   5.3230852675953155e-01	   3.1317085934328592e-01	  -1.3037427603964902e-01	
   4.1341246289561190e-01	   2.8230061708270510e-01	   3.3009259858909379e-01	   3.8727974423653616e-01	   7.6543553229502248e-01	   6.7903159508150868e-01	   4.5318814577061617e-01	   6.4610122690444682e-01	   0.0000000000000000e+00	   8.3871632220249248e-01	   5.4840327085645924e-01	   5.3611709613505476e-01	   6.6630312365350730e-01	   6.6170542074014937e-01	   7.8488107770192006e-01	   7.3181793728020872e-01	   5.1127105425980202e-01	   4.4870788845713921e-01	   2.9199455684414971e-01	   2.7214383678404852e-01	   1.0174902078827133e-01	   1.5514768699928230e-01	   4.4870854603099752e-01	   3.6893468107405275e-01	   1.3693444159558812e-01	  -1.0108919857815914e-01	   2.8830957849879429e-01	   1.9034509659497423e-01	   5.3521416124136678e-01	   4.8394018470422207e-01	   4.3099440626817487e-01	   4.2687712898826013e-01	   6.7153237333488969e-01	   6.2285291668937348e-01	   3.5320642544248670e-01	   3.9954266648863446e-01	   2.3870423854116857e-01	   2.6884805054754141e-01	   3.0956293248538896e-01	   3.5930335133575553e-01	   5.1471225944039423e-01	   4.7653903349658233e-01	   4.8813469034123680e-01	   4.9137843336266024e-01	   5.0788461407772556e-01	   4.6182620209118430e-01	   5.5999286175985452e-01	   6.0518143437917060e-01	   5.0408367038129986e-01	   4.1683652834264112e-01	   4.9931415666680151e-01	   5.6783353045769969e-01	   3.8664930842288719e-01	   3.3675548870581462e-01	   5.1361794577760400e-01	   5.3984718538961851e-01	   2.0732622071436371e-01	   2.9123194344978814e-01	   5.1052281377070297e-01	   3.5750673625004237e-01	   6.2985635729687861e-01	   6.0184195297478527e-01	   2.7468970342502302e-01	   2.1781652199185469e-01	   5.8266798467197134e-01	   5.6671326686035806e-01	   5.0171909070127085e-01	   5.1724970378112900e-01	   1.6303349532452224e-01	   2.1653696494610045e-01	   4.6903926700014220e-01	   2.6356104792383195e-01	   4.6765046605488952e-01	   4.2082100389423049e-01	   3.4586441091167153e-01	   4.5190865865249974e-01	   4.0503136686110802e-01	   3.9875905865834455e-01	   4.5847516199456445e-01	   4.1314974605104315e-01	   4.3511710525395614e-01	   4.6916414332591322e-01	   4.7667812006308713e-01	   2.4695370529068339e-01	   5.5771553362450155e-01	   4.1275684576252852e-01	   3.1748701216419628e-01	   4.3794226300564662e-02	   6.6210652724449881e-01	   3.5100683030983482e-01	   4.9073678396641007e-01	   4.0686437253518359e-01	   4.7316510334212181e-01	   4.1348662635148820e-01	  -3.2188877461414178e-01	  -3.1327370413919357e-02	   4.2606766120291306e-01	   2.7784660761930507e-01	   5.6322371587193010e-01	   4.9931155009352796e-01	   3.0386710704987235e-01	   2.4721616490551618e-01	   2.0418652665697176e-01	   1.1243958877996629e-01	   8.6431668876898585e-02	   2.4974755868280019e-01	   1.8597679516867447e-02	  -5.8262053941648684e-02	  -1.2529044070237438e-01	   2.7668535268234682e-02	   4.7141005271245362e-01	   5.5545678177808822e-01	   3.8259450229531256e-01	   4.4561464214636470e-01	   3.3803668662064512e-01	  -9.7176673206251563e-02	
   5.2536891156698018e-01	   3.6295620176047017e-01	   3.0295049119912876e-01	   5.0348234830879068e-01	   7.7551268420726738e-01	   7.8652975379426282e-01	   2.5774432759694116e-01	   6.3774498526101253e-01	   8.3871632220249248e-01	   0.0000000000000000e+00	   6.2191168080146253e-01	   5.8309496878474132e-01	   6.3540159849820599e-01	   7.5181224556531545e-01	   8.1270011371445250e-01	   8.6705052280010586e-01	   5.6014031213481819e-01	   3.9437103697621934e-01	   3.0787357026275819e-01	   3.6029552840363976e-01	   1.7984405653198304e-01	   2.2524103261213929e-01	   5.0415763967834992e-01	   4.6250367529184150e-01	   3.2968485812620607e-01	   6.0816420716408470e-02	   4.5974232601740561e-01	   3.1263416656585663e-01	   4.0129264033208872e-01	   4.0286274953695411e-01	   3.5788961294623550e-01	   4.5205647249322822e-01	   6.2978837571137103e-01	   5.4381131097902080e-01	   4.4226576272927354e-01	   5.0947831971911428e-01	   3.3793583749929101e-01	   3.7125850242130476e-01	   3.2923149650315164e-01	   4.2344694630114721e-01	   5.4755294586744407e-01	   4.4441430062985543e-01	   5.0512493802973901e-01	   4.4944472007004826e-01	   5.1972269815929872e-01	   4.7580031510888265e-01	   5.9090536831346352e-01	   6.8172045977668327e-01	   5.3373024941065184e-01	   5.0509193476977399e-01	   5.6589663888184316e-01	   6.0007252217234863e-01	   4.6996196037611232e-01	   4.2710419088647639e-01	   6.2525255615737241e-01	   6.4270689869103403e-01	   3.3821463431660281e-01	   4.4012247208753386e-01	   5.4766561037031813e-01	   4.5507480645228959e-01	   5.5786207013123457e-01	   5.3519726164923898e-01	   3.2554142541845560e-01	   1.4704856318059889e-01	   5.4344423751601023e-01	   6.7149819235372332e-01	   5.1869280652481131e-01	   5.5608357122408325e-01	   2.4342745047747866e-01	   2.9346539522555237e-01	   4.9585574009334588e-01	   3.4824735961266007e-01	   4.3620601965167588e-01	   3.9008108976488332e-01	   3.2079474371514693e-01	   4.5358927902044432e-01	   3.9503211335647292e-01	   3.6400253834185109e-01	   5.3017534282218970e-01	   3.7826179619804173e-01	   5.5697996750683554e-01	   5.0136730247385153e-01	   5.1315753839243028e-01	   2.7786245242138852e-01	   7.1385409346045114e-01	   5.2972036953103485e-01	   4.8219213765408742e-01	   1.7340326498559822e-01	   7.4188063457604425e-01	   4.1469443822359542e-01	   5.3094961894869819e-01	   3.6087455426050430e-01	   5.3558100785882412e-01	   3.8763376264625954e-01	  -4.2374583764552698e-01	  -1.2273603162868013e-01	   4.5966187196339037e-01	   3.3917310920579291e-01	   5.3820242675719654e-01	   5.8385986145450541e-01	   2.3715712194697738e-01	   1.6420937770674354e-01	   1.7404394028272094e-01	   1.0364181167996422e-01	   8.6674915871895880e-02	   2.0957208892509141e-01	   4.7284023310582665e-02	  -9.9408524406385868e-02	  -2.1166669734216900e-01	  -7.0460473129585366e-02	   4.5348259886420050e-01	   5.1055407674475162e-01	   2.2688155328825133e-01	   4.7679435975097201e-01	   2.9471539544199254e-01	  -2.2515365027619894e-01	
   6.4403710284695137e-01	   4.7565290493978241e-01	   2.4421133665196856e-01	   4.1103241323055784e-01	   4.9917322053732482e-01	   4.8130157916677807e-01	   3.4060264847231259e-01	   5.6270256840165178e-01	   5.4840327085645924e-01	   6.2191168080146253e-01	   0.0000000000000000e+00	   8.1218508190449235e-01	   8.9302983076571885e-01	   8.1407345976856216e-01	   8.4608291739777053e-01	   7.4730725775691154e-01	   7.3409231263043406e-01	   6.0420919074327972e-01	   2.4396045049398229e-01	   1.7634807869661404e-01	   3.0989563648366253e-01	   2.9419818566925765e-01	   3.8599238525064794e-01	   3.9029396631627561e-01	   2.8156653203549387e-01	   1.4311169921471753e-01	   3.4360335615367388e-01	   2.7200733905992325e-01	   6.7009024329846723e-01	   6.5820068427666845e-01	   4.0067230981573154e-01	   5.2558957683890617e-01	   6.3227256443439839e-01	   5.6477039924749617e-01	   3.1221478675790948e-01	   3.3244205274891264e-01	   5.5050922726858764e-01	   4.8979969692761538e-01	   5.2422464585980677e-01	   5.4689435598053648e-01	   5.7848560353529155e-01	   6.1579105785644517e-01	   6.2476760161794409e-01	   6.2032987705900755e-01	   2.5987468585366624e-01	   2.9124893292811083e-01	   6.5841058160091948e-01	   6.3086149354473031e-01	   3.8332909335325882e-01	   3.6111033135178838e-01	   4.5823732005080164e-01	   5.7008622930649655e-01	   2.4988392147230509e-01	   2.1507845010008450e-01	   5.2346275496709027e-01	   4.9804453258547676e-01	   3.4608510559546113e-01	   3.5057861995572936e-01	   3.9246574766025150e-01	   3.4185904665353750e-01	   7.0198360729757880e-01	   3.8777582679936473e-01	   5.6654609875275141e-01	   5.2013444742450199e-01	   2.0967494037869872e-01	   4.2030438060053033e-01	   3.3637752302402879e-01	   3.4473376567905623e-01	  -6.1413825116348490e-03	   2.1548539737893106e-02	   6.8057758138968227e-01	   5.6821666830469320e-01	   7.5826211295215296e-01	   7.2355250406147054e-01	   6.9003137335317843e-01	   7.1275056062708608e-01	   7.4156824200366178e-01	   6.4377494177887862e-01	   5.8879336705745033e-01	   6.5897928906524705e-01	   5.2827710820312657e-01	   5.4247047492846079e-01	   5.2134461518379205e-01	   2.5385174333656929e-01	   5.9896558760474850e-01	   5.0497695716728253e-01	   4.9941039695984157e-01	   2.6520009210541706e-01	   6.5397677062216586e-01	   3.3200958037654571e-01	   2.2440124873914080e-01	   2.2300636768251567e-01	   1.8688061685991347e-01	   2.1072571967017739e-01	  -3.8874750677108239e-01	  -2.1796768162704988e-01	   4.9374037984154190e-01	   2.6562327389509671e-01	   4.4839285709771537e-01	   4.7328340686825776e-01	  -2.1940164259015897e-02	   1.3655126390150069e-01	   1.1163117956036127e-01	   2.0379592480052503e-02	  -1.7217558845919390e-01	   1.4811306363073909e-01	  -2.2888154930784008e-01	  -2.7305116762211973e-01	  -4.8339789697636637e-02	   1.8023484658385855e-01	   4.9906649317095431e-01	   4.3121470178219207e-01	   2.7383061989258911e-01	   4.7275704485557990e-01	   4.9707028968722622e-01	  -2.0491118457129423e-01	
   5.8142992887684875e-01	   5.6178958485016195e-01	   2.0980385076835409e-01	   4.9812348642345494e-01	   3.7369323423123341e-01	   4.3456046347362243e-01	   4.2577607730648415e-01	   7.2494069303157971e-01	   5.3611709613505476e-01	   5.8309496878474132e-01	   8.1218508190449235e-01	   0.0000000000000000e+00	   8.2927013382635284e-01	   9.0788405647354165e-01	   7.2162285375806712e-01	   7.1925998534191660e-01	   6.2575981472064668e-01	   5.7621020359251618e-01	   2.2596545392870321e-01	   2.6182850080090669e-01	   2.7133365840197105e-01	   3.5283301502304321e-01	   3.2790072125052450e-01	   4.9030448819541439e-01	   1.6799693415651484e-01	   4.1721865307781367e-02	   1.7680498224082355e-01	   1.2043412307304713e-01	   7.0771588515371198e-01	   7.0734408664127169e-01	   3.1596604419048269e-01	   4.4782232221680435e-01	   6.4773209042167812e-01	   6.7070228046316149e-01	   1.7661898905270967e-01	   2.8131200007686130e-01	   5.3253361203861371e-01	   5.6210564047961098e-01	   4.8631695943244180e-01	   5.3391366492257530e-01	   5.9998718340675217e-01	   6.7874184849387520e-01	   5.7925503316532723e-01	   6.3378953284120776e-01	   3.3033289748041994e-01	   4.1725683008070702e-01	   6.2507754463252074e-01	   5.9993157114331930e-01	   4.8010048953425283e-01	   4.6215858938189758e-01	   5.4486591157570619e-01	   6.2503819759662516e-01	   3.6492521714886605e-01	   2.8794114757627931e-01	   5.8068137166719169e-01	   5.6753558660764036e-01	   2.9227621327831999e-01	   2.8837602861365386e-01	   5.0898388996541932e-01	   5.1720906885781626e-01	   7.9785648284245581e-01	   6.5367515621186267e-01	   5.4645399054114319e-01	   6.0509439962847045e-01	   1.7209490979647016e-01	   5.2178793588487071e-01	   3.2534494217243726e-01	   3.8954752599672759e-01	   5.6243975219875814e-02	   1.6465870603952476e-01	   6.6801311667191643e-01	   5.7623782855265071e-01	   7.4592809845377317e-01	   7.6611388258382151e-01	   6.0534163177421418e-01	   7.4877582736876158e-01	   6.6950975910834210e-01	   6.9127206300680100e-01	   5.2055874390789747e-01	   5.6971369927935722e-01	   4.9068060601524333e-01	   4.5201218783326791e-01	   4.6042928675170802e-01	   2.8378464252445024e-01	   5.7297307743011827e-01	   5.4729763929899500e-01	   5.1459262889505308e-01	   2.9131875548771891e-01	   7.0868797162592567e-01	   5.0591298824936060e-01	   2.8935829235828836e-01	   1.7349362572300583e-01	   2.0465052457523192e-01	   1.3824666862822327e-01	  -2.7416572808138057e-01	  -5.7827777017619313e-02	   5.6651695004939362e-01	   3.8691953409330432e-01	   5.3159427631189615e-01	   4.4259311486809444e-01	   1.2061049043262401e-01	   1.5854960870264925e-01	   1.9326679106056027e-01	   1.2549410858373589e-01	  -1.0859028211275341e-01	   1.5199953329757313e-01	  -6.6262225433948316e-02	  -7.5460330689656074e-02	   2.0700532876131031e-03	   1.8559250352538609e-01	   5.2049455207291218e-01	   5.0238492949496483e-01	   4.1479735322185590e-01	   4.1398075505354182e-01	   4.2150366252101856e-01	  -7.7692340198558640e-02	
   5.0723289721000919e-01	   3.2823810434579637e-01	   2.4057723994007255e-01	   3.7312142700214657e-01	   4.4954633696768037e-01	   4.3064938057431285e-01	   4.7062954488544545e-01	   6.3486620281041661e-01	   6.6630312365350730e-01	   6.3540159849820599e-01	   8.9302983076571885e-01	   8.2927013382635284e-01	   0.0000000000000000e+00	   8.7356867305192709e-01	   8.1400328345864914e-01	   7.3177885535622456e-01	   5.9929839498636184e-01	   4.9820210403726128e-01	   9.6658834444279557e-02	   9.6377104187018225e-02	   1.5858488217290767e-01	   2.0584449064504345e-01	   3.1856364235458323e-01	   3.5984881786667927e-01	   1.1320137996032242e-01	  -5.6263419187637005e-02	   1.8774901597177593e-01	   7.9379339668733451e-02	   6.2847406895369340e-01	   6.0535080895847060e-01	   2.7896030114311354e-01	   3.6418095023263874e-01	   6.0088300843183284e-01	   5.4703163554927758e-01	   2.1283180836159804e-01	   2.7188710239454839e-01	   4.9856193215587785e-01	   4.3815208509620873e-01	   4.1874011889022594e-01	   4.3053555871637489e-01	   5.6708433269518022e-01	   6.0711737815359146e-01	   5.7032697469890803e-01	   5.8686098610753734e-01	   2.8492605302117879e-01	   3.1883300868010811e-01	   5.9631789533997948e-01	   5.6711426420148692e-01	   3.9932145201224578e-01	   3.3649087630095886e-01	   4.7349128462843970e-01	   5.3500564150684415e-01	   2.7468847235138139e-01	   1.8317343159019273e-01	   4.7530920477729433e-01	   4.6417990427499267e-01	   1.5272452632646549e-01	   1.7711701991051854e-01	   4.2406978564279185e-01	   3.7602047712970810e-01	   7.9667112641952409e-01	   5.1422555786810209e-01	   4.8641063365126147e-01	   5.0343436148366627e-01	   2.0569695743776897e-01	   4.5583456047874460e-01	   3.4858495324053157e-01	   3.6445930128781123e-01	  -5.2873666112715101e-02	  -1.0739158365481741e-02	   6.2567861063210306e-01	   4.3881097510037842e-01	   6.7851174736490871e-01	   6.5562641029289859e-01	   5.8888856639055909e-01	   6.3906834722031780e-01	   6.1701741407918842e-01	   5.6112548393430051e-01	   4.6733399434696649e-01	   5.5274850401430309e-01	   4.0398645368833558e-01	   4.2223260074263846e-01	   3.9183332099878265e-01	   1.6294636825447956e-01	   5.0476206735698992e-01	   4.2858272729130642e-01	   3.5051508035520151e-01	   1.0079447174600020e-01	   6.5074153378551514e-01	   3.5340763859085389e-01	   2.8548646313416998e-01	   2.0394612045968966e-01	   2.1640516842101365e-01	   1.7621970783613372e-01	  -4.4888068424537420e-01	  -1.7925061761532113e-01	   4.1038595159766356e-01	   2.0002159228211974e-01	   4.4918598267900345e-01	   3.9583328917187199e-01	   1.1048041716094292e-01	   1.5674729643226692e-01	   1.0368368123586726e-01	   2.7706297033082243e-02	  -1.4147863661479382e-01	   1.7891854077022312e-01	  -1.8190677536229738e-01	  -1.7280340595006971e-01	  -1.0690445299206593e-01	   8.2013327877924050e-02	   4.8347586701514811e-01	   4.3979085953852998e-01	   3.5185271010872282e-01	   3.6351056773585361e-01	   4.0441426537760744e-01	  -1.0902286983015073e-01	
