   0.0000000000000000e+00	   6.9842174797193368e-01	   7.4042950087424364e-01	   6.7136500475628069e-01	   5.3269097571614121e-01	   6.2597548344716558e-01	   6.8319035023081565e-01	   5.8865739962222707e-01	   3.9624794351733877e-01	   4.8682814697006549e-01	   6.9435146522971014e-01	   7.6633072359960797e-01	   5.8451909940270363e-01	   7.2533868003175961e-01	   6.2332771972926326e-01	   8.0326959788149410e-01	   5.7428642017486831e-01	   5.2957185026601095e-01	   6.5312143153535518e-01	   5.9181082857275991e-01	   3.4864301697742422e-01	   5.7536812959777661e-01	   5.6982403503581369e-01	   6.3418669852392973e-01	   5.4269004799726994e-01	   5.3979075408507116e-01	   4.2171208605189425e-01	   4.4234333853093494e-01	   4.5508620168172054e-01	   5.4724934399027947e-01	   6.1271406289058916e-01	   5.8630558728944093e-01	   6.4732243723351424e-01	   6.0691926145874664e-01	   3.4569152031389244e-01	   2.6174373240721338e-01	   5.4825130043651737e-01	   6.0618862733348600e-01	   6.7535514074354697e-01	   6.8146533794541897e-01	   4.7745079553602809e-01	   6.6346942294094324e-01	   6.4537416799241298e-01	   6.0728122054614486e-01	   5.8814025832425043e-01	   5.3073343666153661e-01	   7.3986443982855410e-01	   7.3501729043775121e-01	   6.3148192306940987e-01	   6.4396906273089094e-01	   7.4371056633887378e-01	   7.8234811522991698e-01	   8.0558721819114443e-01	   6.9721549001113825e-01	   8.1369560157973031e-01	   8.6309410317571877e-01	   8.3033464116576194e-01	   7.1944948545386966e-01	   7.8781463505735150e-01	   7.9099812921863166e-01	   7.2484595151963815e-01	   5.6461752078051441e-01	   6.3580873513631975e-01	   5.5583763381792650e-01	   5.0729039572995616e-01	   4.8575523530949660e-01	   5.6776789120974969e-01	   4.9015922989164940e-01	   5.7419810110185521e-01	   4.5048438764216714e-01	   3.2682371599268856e-01	   3.8238146736956247e-01	   7.7255656227906933e-01	   7.7105946547822513e-01	   7.4659896507631995e-01	   7.3210731059000755e-01	   5.6017572635938839e-01	   5.7652507723423585e-01	   4.7793395909303787e-01	   2.1840939385193686e-01	   5.4409413301205689e-01	   7.0256064908217508e-01	   5.9936884666326296e-01	   4.6195350928105355e-01	   7.3651171996032083e-01	   7.0967796601922473e-01	   6.3212202718650345e-01	   5.2893114230220850e-01	   6.8160146445412217e-01	   7.4591123551972360e-01	   6.2788937133547162e-01	   5.5230698534164535e-01	   4.8784462392324729e-01	   4.1441753595208769e-01	   3.4468123643181026e-01	   1.7465490134207207e-01	   7.2297357718512012e-01	   5.9965010113557093e-01	   7.5121915048097787e-01	   8.5191952213056310e-01	   5.7654436573738943e-01	   5.8432527671280887e-01	   6.1902917668889490e-01	   7.2125164296283928e-01	   4.9568639989896546e-01	   2.0215486501842841e-01	   4.2664811789134327e-01	   3.8975779516184583e-01	  -2.1965926634843558e-01	   3.3967073871975217e-01	   6.9065008678595918e-01	   6.5518664636844370e-01	   6.5657829432164649e-01	   6.2375801577871581e-01	   4.8125855752811952e-01	  -2.1150664476047878e-01	
   6.9842174797193368e-01	   0.0000000000000000e+00	   6.2214941193031148e-01	   6.3220189392045079e-01	   4.1989952154102944e-01	   4.3461733799827829e-01	   6.0426963680140089e-01	   5.4262505838503317e-01	   2.5582962938920012e-01	   4.4282546784179544e-01	   4.2445996487524373e-01	   7.1773108329875368e-01	   3.3391680401476687e-01	   5.1274523471497779e-01	   4.6366304418306448e-01	   5.8558764209122627e-01	   6.4592045268538767e-01	   7.5233859804507253e-01	   6.6344298200796703e-01	   8.2550885244547478e-01	   1.9512820640215012e-01	   5.6074831238453648e-01	   3.6522827197618479e-01	   4.0515389398778312e-01	   3.4927357849780849e-01	   2.9449328805209013e-01	   3.0759480474426981e-01	   3.1314981851388740e-01	   4.3381032899644245e-01	   5.4793545819267897e-01	   4.0915196697723261e-01	   3.9967409721373676e-01	   6.2127706565970731e-01	   6.5408200277007844e-01	   1.7581091076064936e-01	   1.8043756742500017e-01	   4.7822038629608832e-01	   5.4161978795164778e-01	   5.1477548959827635e-01	   5.5015633402356101e-01	   4.3069180909809057e-01	   6.4956406475639827e-01	   5.4304492800905368e-01	   5.2952828632905291e-01	   4.6739641996500642e-01	   4.5676084675218342e-01	   5.4524003721127845e-01	   6.1457993151883838e-01	   5.5301775762205052e-01	   5.0364601416945975e-01	   4.8710865570857464e-01	   5.5182607700078190e-01	   5.4647850605873471e-01	   5.3565008698206884e-01	   6.0366073877782178e-01	   6.7339407974681720e-01	   7.9377142342357176e-01	   8.8704875121579807e-01	   6.2670453879584598e-01	   7.0616271606397729e-01	   4.6977383668088624e-01	   4.1847327640660614e-01	   6.5402723812458674e-01	   7.0667874011485576e-01	   3.6408073763663107e-01	   1.7703204721809046e-01	   5.5403511217563173e-01	   5.2920328206128020e-01	   6.8146601289673703e-01	   7.1362827445073207e-01	   3.6053765788436776e-01	   5.0620571569993600e-01	   6.8902474147665338e-01	   7.8170707266196338e-01	   6.0191169233570374e-01	   6.9804985839272149e-01	   5.3930791149681601e-01	   7.3266264822372551e-01	   4.1389418438719705e-01	   3.1986739475128861e-01	   5.8730319450463286e-01	   5.6546212680120578e-01	   5.6424985004495665e-01	   5.3177597996942250e-01	   6.4736609764152464e-01	   6.0820674781420270e-01	   5.6308745083875000e-01	   5.5616929237594470e-01	   6.2092982620435810e-01	   6.0348888180113336e-01	   6.3303300378835370e-01	   5.8735401086344141e-01	   4.2273570950645423e-01	   4.0620378078796382e-01	   3.4428311194430011e-01	   2.4239008266581671e-01	   4.7762054667470405e-01	   4.8598867438695253e-01	   7.3102665000657674e-01	   7.1542193729052372e-01	   6.0055945819743584e-01	   5.2956385283640250e-01	   6.3936748815946098e-01	   7.0134135905370665e-01	   3.8524921663066369e-01	   1.5473264917000273e-01	   4.1983094424717998e-01	   3.8417865340411694e-01	  -1.6307599559371155e-01	   2.3073468779583983e-01	   4.9136802832159998e-01	   6.5540931524397694e-01	   6.2706207262400837e-01	   5.6704446052400570e-01	   1.5049227897665535e-01	  -1.7735551656018453e-01	
   7.4042950087424364e-01	   6.2214941193031148e-01	   0.0000000000000000e+00	   8.4113017943555768e-01	   7.6371868317215341e-01	   7.0180923244067928e-01	   8.6686440965222633e-01	   6.9449038242092342e-01	   6.8533790634247183e-01	   5.9228532433726067e-01	   6.5712799531357380e-01	   6.5482115898209226e-01	   6.5511126704103129e-01	   6.2369001915837963e-01	   7.4910931950613557e-01	   8.3250045273225148e-01	   3.2430541915328398e-01	   4.0554195977830021e-01	   7.4263422773317300e-01	   5.5659870960640800e-01	   4.6213131885899372e-01	   6.2053624865346557e-01	   8.4421489315992204e-01	   7.9435295979281761e-01	   7.8333167283765481e-01	   7.1957089067575508e-01	   5.2593761686981355e-01	   5.5198636569683013e-01	   3.5673812517792919e-01	   3.7349056832458988e-01	   7.1804131074935840e-01	   6.6291321036822592e-01	   7.3046878877598576e-01	   6.6009326985959071e-01	   5.4403162910996739e-01	   3.6281163033968644e-01	   5.8610458971505897e-01	   6.2419066078491092e-01	   6.2742626500346521e-01	   5.6095578871515850e-01	   5.9617979002446397e-01	   6.0106482904672776e-01	   7.0875442725643834e-01	   5.7688466020295670e-01	   6.7837652878783472e-01	   5.2857833474818494e-01	   6.8332103972229075e-01	   7.1238185862215442e-01	   7.9311238506057713e-01	   6.8661174962016991e-01	   8.2859834399474042e-01	   7.1506434405401076e-01	   7.9636818477524218e-01	   7.3905655057340525e-01	   8.1293238619026986e-01	   7.9417781662957965e-01	   7.3710723019340474e-01	   7.2920695409279701e-01	   7.2090356158957636e-01	   6.8564225251258504e-01	   7.5224662872608195e-01	   5.5782426510702177e-01	   4.6612192060165536e-01	   4.4768802423370074e-01	   8.1897358317491198e-01	   5.9282962296089681e-01	   7.5833867092414264e-01	   6.0617239588350813e-01	   7.5148273270016896e-01	   6.6875802354750358e-01	   6.7198780668536917e-01	   6.3063944126036164e-01	   7.6361600527282381e-01	   7.1179214525070167e-01	   7.9981858977186504e-01	   6.9492995496117493e-01	   5.4833114726213750e-01	   5.9278245838325239e-01	   3.5345573735112235e-01	   2.4629322247000693e-01	   4.0307930323018948e-01	   7.2315741522954591e-01	   7.0940108359216281e-01	   5.8892388776917470e-01	   8.0012655787787812e-01	   8.3146264261988789e-01	   5.5849614762405919e-01	   5.9680120819768989e-01	   8.1488633495865326e-01	   8.1382572843040879e-01	   8.3292976569834232e-01	   8.4137184617497263e-01	   7.4519951950344909e-01	   7.8349978487719429e-01	   3.1686142499164349e-01	   1.8789172229948864e-01	   6.3752948052517988e-01	   5.6943315328361499e-01	   7.8623128070273807e-01	   8.3520924067572044e-01	   6.3569145304343100e-01	   7.4080925616854176e-01	   6.9720461763650676e-01	   7.5403120306450133e-01	   5.2928472725122477e-01	   1.9102783460850820e-01	   5.2622215453711918e-01	   5.0162488362308622e-01	  -2.7171878042295017e-01	   2.6067325684546794e-01	   5.9596608822954122e-01	   6.2285074233402060e-01	   6.2134860118489610e-01	   6.7552307357065444e-01	   5.5690286657987398e-01	  -1.2040705997845108e-01	
   6.7136500475628069e-01	   6.3220189392045079e-01	   8.4113017943555768e-01	   0.0000000000000000e+00	   7.4512838991077568e-01	   8.3063353821762487e-01	   7.9108873631524079e-01	   8.5391021261621169e-01	   6.0621066099515963e-01	   6.7042559512321831e-01	   5.3274329190500758e-01	   7.6023387208579973e-01	   5.3301406708484522e-01	   6.9433304742300128e-01	   5.8619591444923735e-01	   8.3294785688903505e-01	   2.8238248776405317e-01	   2.6674469535796019e-01	   6.4384859759249247e-01	   6.0682897960823401e-01	   4.2996272863829599e-01	   6.7259217433602492e-01	   7.0219684542602745e-01	   8.3235625006459024e-01	   7.4194007840117870e-01	   7.3302510076064942e-01	   5.0864460361427000e-01	   5.7800268360635343e-01	   2.2639655789494986e-01	   3.7373476809411910e-01	   6.1088743480360863e-01	   6.7509766269783167e-01	   6.6871001719677770e-01	   7.0766183501714364e-01	   5.7779384024854452e-01	   5.1697115816352257e-01	   4.6298397819440151e-01	   6.0338116900126137e-01	   5.5998747784750214e-01	   5.5755407458214035e-01	   5.6917613416669277e-01	   6.0867779111600862e-01	   7.0154822305131959e-01	   5.7444981954302032e-01	   6.8683174885670439e-01	   6.2872326035162984e-01	   6.4625796669339008e-01	   6.7516852162055563e-01	   7.4873723246412660e-01	   6.3993586395461155e-01	   8.1809484732476834e-01	   7.1162762558414849e-01	   8.0329198366120269e-01	   7.7454426944452093e-01	   7.7752309345255521e-01	   7.5440919103637127e-01	   6.1328410933278299e-01	   6.5510450234469564e-01	   7.1769154145298009e-01	   7.3256806280910536e-01	   6.7180422504725124e-01	   6.9380112325581833e-01	   3.7560679108534367e-01	   4.1742661619660876e-01	   7.6730489131908752e-01	   7.1711075571045391e-01	   8.3649601532370110e-01	   8.0028270652977473e-01	   7.7867495347202231e-01	   6.6915812299305366e-01	   4.8900457111712597e-01	   5.8189364211266670e-01	   6.6275149439932690e-01	   6.5906241936201515e-01	   6.6463255005248012e-01	   6.2636528511679590e-01	   4.4493190527428222e-01	   5.7809243001464794e-01	   2.7081066746585269e-01	   1.2389737508363910e-01	   3.6021161503536425e-01	   6.5661172877559459e-01	   6.3720615806232495e-01	   5.9473138385246793e-01	   7.5737014349662124e-01	   8.9458891487773129e-01	   4.7034961108772222e-01	   5.9995592819500243e-01	   7.6149314456022132e-01	   8.2957857793703171e-01	   8.6837470728851907e-01	   7.7478216030362757e-01	   8.7474062896700011e-01	   7.4435660985117225e-01	   2.6353265991405117e-01	   2.9777216478935664e-01	   5.5125927420195286e-01	   5.8452259303327714e-01	   7.9933722810113383e-01	   7.1603179432567210e-01	   7.2733661475218347e-01	   7.3317264138437555e-01	   7.1482451097807342e-01	   7.1721959039107408e-01	   6.5915648818198047e-01	   2.5860757827982989e-01	   6.1333729859945074e-01	   5.4747151970267383e-01	  -2.6585423440645645e-01	   2.5033291940795377e-01	   5.4159172944244938e-01	   6.0577344581904891e-01	   5.8598587003544589e-01	   7.0718403130186425e-01	   5.5308572649427667e-01	  -1.1132870624099900e-01	
   5.3269097571614121e-01	   4.1989952154102944e-01	   7.6371868317215341e-01	   7.4512838991077568e-01	   0.0000000000000000e+00	   6.9872545829912613e-01	   5.4846766754049603e-01	   5.4488893035809416e-01	   7.4127405330619189e-01	   3.3526964811894527e-01	   4.4416592825109996e-01	   4.1008901260457742e-01	   4.4081425498355864e-01	   4.7758988133698516e-01	   7.2052993003348198e-01	   6.3722975498607715e-01	   2.8365036005922592e-02	   1.0490034146895222e-01	   6.2257242716926564e-01	   3.9101859906423020e-01	   5.8814621780622156e-01	   6.1485327492324249e-01	   7.4452600155386528e-01	   7.1204352498433254e-01	   7.3666865822103811e-01	   6.4088572657034759e-01	   8.1785949066742036e-01	   8.2717033161645359e-01	  -3.5822104040850226e-02	   9.6582021599306456e-02	   3.6288165138314632e-01	   3.2482533898064847e-01	   4.4052018925771735e-01	   3.8767815373147352e-01	   6.2463508064390416e-01	   4.5936193852526153e-01	   5.2946856512315976e-01	   5.4100583370805322e-01	   4.9793368251654702e-01	   4.5596626175100852e-01	   5.7025258348398700e-01	   5.8091744438085624e-01	   5.5305278503548760e-01	   3.4757793681900445e-01	   5.9115453988522848e-01	   4.1552986516112356e-01	   4.1704388132086817e-01	   4.3877283005547207e-01	   7.0159479439339711e-01	   6.2529915934990976e-01	   7.4521227570154469e-01	   6.0174317345048434e-01	   6.4070050571222648e-01	   5.4520411122659940e-01	   6.8641205429925012e-01	   5.8874697284142608e-01	   5.2025364656425377e-01	   4.7938974046309601e-01	   6.7026239121798559e-01	   6.2570666968773492e-01	   5.7836012599668951e-01	   4.0350803590621631e-01	   1.1219815123695057e-01	   1.0719107382245367e-01	   7.2331082915089939e-01	   6.4022809054817131e-01	   7.2206703889622248e-01	   6.1189856941659992e-01	   8.0162217166552308e-01	   6.4555910307135478e-01	   5.8242186541990426e-01	   4.7836018254025386e-01	   5.5409375190135368e-01	   5.8080744904555970e-01	   6.1995712696406646e-01	   5.7400631700008387e-01	   2.4089009327959665e-01	   3.2260840514003081e-01	   8.9746365892656957e-02	  -2.7634940382744645e-02	   1.5959919825028007e-01	   4.3195057240151979e-01	   6.5756938377716756e-01	   4.5970259261565827e-01	   6.3952408318370590e-01	   6.7823595974216777e-01	   5.5440525706377974e-01	   6.4735780732684978e-01	   6.9260133632747445e-01	   7.3779792754477369e-01	   7.2830167696519488e-01	   7.1846173725684825e-01	   7.2579679249662310e-01	   7.9469211163167908e-01	   1.7923675529705810e-01	   1.6167040557527268e-01	   4.8525706327243168e-01	   4.1286166071798458e-01	   6.2509580991434965e-01	   5.8685162549570835e-01	   5.3220390828724395e-01	   7.0923032148770326e-01	   6.0466461217289869e-01	   6.4159296493201645e-01	   5.9330470852264838e-01	   2.7298958560558229e-01	   5.3934410048443970e-01	   6.1515059581218834e-01	  -2.1850829680806688e-01	   1.3953866484668498e-01	   4.1151024401375957e-01	   3.6930396126911724e-01	   4.6018309353241910e-01	   5.6007134721302732e-01	   5.1742306746946998e-01	   8.8421518578831848e-02	
   6.2597548344716558e-01	   4.3461733799827829e-01	   7.0180923244067928e-01	   8.3063353821762487e-01	   6.9872545829912613e-01	   0.0000000000000000e+00	   6.5019524352197999e-01	   7.2506254537692660e-01	   5.4024950692268381e-01	   7.2929155837241821e-01	   5.0002510786392240e-01	   6.1080077161134982e-01	   5.1350951448213156e-01	   6.2503258564619368e-01	   5.7987821351284741e-01	   7.6518764393695970e-01	   7.7170106064544608e-02	   1.3493376869785498e-01	   4.9773039179394352e-01	   3.6851406817728916e-01	   3.8808653342294031e-01	   5.2543591599253969e-01	   7.2772785743227453e-01	   8.3713671941547885e-01	   7.1513267374750600e-01	   7.0009372735472852e-01	   5.4903896187599144e-01	   5.7179932996792893e-01	   1.2243827206334458e-01	   2.4431802001643674e-01	   4.7099553514292369e-01	   5.2774104557660984e-01	   4.3559486480852960e-01	   4.6822724781971631e-01	   6.5940562924065227e-01	   5.3289590413647248e-01	   5.4274311771654982e-01	   6.3836594544866510e-01	   6.1331034414817642e-01	   6.0523968952307761e-01	   6.2457681917271657e-01	   6.5112213973382160e-01	   6.7713477644488185e-01	   5.0931505693553147e-01	   7.1976898109601473e-01	   5.7281776275546625e-01	   5.8084014174666776e-01	   5.6297687327389512e-01	   7.2182063670809482e-01	   6.1676264237866119e-01	   8.5016804876866769e-01	   7.3059987832781537e-01	   7.3969143572349694e-01	   6.4599182159441415e-01	   7.6412549428742649e-01	   6.5402406176957661e-01	   5.3158084853430931e-01	   5.1219707534466763e-01	   6.8165537001198495e-01	   6.4567079806784933e-01	   6.8025645512511446e-01	   6.4546506091596867e-01	   2.1347984526669203e-01	   2.1246358852991393e-01	   6.8173805637856821e-01	   8.1767393412077671e-01	   7.8606993237341971e-01	   7.3451239680941871e-01	   6.5965147574130334e-01	   5.3460269852891873e-01	   3.6423181144687400e-01	   4.2325539618855867e-01	   5.2837388132959162e-01	   5.8186560734999748e-01	   5.7381486327826259e-01	   5.6641770846142836e-01	   3.2843223186864146e-01	   4.1291564287812704e-01	   1.9125500045076432e-01	   5.7134931365848782e-02	   2.2598794994903026e-01	   4.9320342253282973e-01	   6.0019245554646816e-01	   4.0396716331891236e-01	   7.0277209178483080e-01	   7.6711163033486474e-01	   5.0386562727449136e-01	   5.9914125437453936e-01	   7.0625432657710663e-01	   7.8022454898343840e-01	   7.4861058500593325e-01	   6.8608133857096698e-01	   8.1730929357619964e-01	   7.3613739579496440e-01	   1.8303728163714708e-01	   2.5138549651377584e-01	   6.1051561261783027e-01	   5.2603632071398976e-01	   7.0776176052203288e-01	   6.4365977832275223e-01	   6.0001213173152834e-01	   7.1425584279492149e-01	   5.4106470966931275e-01	   6.1957093669076735e-01	   5.6730975771863790e-01	   3.1411610654093070e-01	   6.3279764283395179e-01	   5.5946122945463084e-01	  -2.0397340054869351e-01	   2.0963952113571271e-01	   5.4625816169172803e-01	   4.2903591024171828e-01	   4.7053907886624169e-01	   5.6327048899731325e-01	   6.3198849875647467e-01	   5.3207641470424422e-02	
   6.8319035023081565e-01	   6.0426963680140089e-01	   8.6686440965222633e-01	   7.9108873631524079e-01	   5.4846766754049603e-01	   6.5019524352197999e-01	   0.0000000000000000e+00	   8.4206083845930157e-01	   6.3931342978717265e-01	   7.1271671710822149e-01	   6.7787038028798685e-01	   7.7643013578885622e-01	   7.5801609702809625e-01	   7.3119383171955132e-01	   6.1498757540151749e-01	   7.7548876877103812e-01	   4.5777363547544908e-01	   4.4628298460065963e-01	   6.3673088023617452e-01	   6.3027654093525787e-01	   3.0269657916113435e-01	   4.9622129881423971e-01	   5.9228768816340882e-01	   6.0783862005332234e-01	   5.4743040727539882e-01	   5.5939930688926254e-01	   2.1862431810001609e-01	   3.3196979605090210e-01	   5.6194788863901823e-01	   5.7574017410664491e-01	   7.2940389609859757e-01	   7.3987933556414631e-01	   7.8424722423801163e-01	   7.5450582294962221e-01	   3.0998986473217083e-01	   2.4537659107800941e-01	   4.1301526273345207e-01	   4.9352101195600506e-01	   5.2428577153653744e-01	   5.2025378228501196e-01	   5.0988603272974853e-01	   5.0535492978038976e-01	   6.4977069418566880e-01	   6.0870458962459362e-01	   6.3668265765256193e-01	   5.3144432519862783e-01	   7.1048664972389863e-01	   7.0653407631719012e-01	   7.1383921209574419e-01	   5.5553242401580549e-01	   6.7956592530658588e-01	   6.4391651783315451e-01	   6.9506558751182368e-01	   6.7099617063283801e-01	   7.0659481988904960e-01	   7.7753302706476679e-01	   6.1843905479073236e-01	   6.6444464411774196e-01	   6.2146966367525436e-01	   5.9957076589342517e-01	   7.6427476749708501e-01	   6.9796764516304788e-01	   5.9630321658132068e-01	   6.2892056189655676e-01	   6.5405908082834052e-01	   5.0270945396892408e-01	   7.4680421152053822e-01	   6.1898571417278858e-01	   5.7537062137098238e-01	   5.4294645246205731e-01	   5.1027204544751392e-01	   6.0345333964260095e-01	   7.3511583332748198e-01	   6.6166181935720525e-01	   7.4563552828026269e-01	   7.0383843835404813e-01	   6.0206695725301274e-01	   6.4176192573866753e-01	   4.1911063922665587e-01	   2.6208654230894396e-01	   4.9823923414274301e-01	   6.9264001822093035e-01	   5.7227021585009186e-01	   4.8037744338030836e-01	   7.1415960897759490e-01	   7.7236059690402881e-01	   3.9724244068932768e-01	   3.8690907576452765e-01	   6.9217522697493428e-01	   7.1290585729514711e-01	   7.5431541260116364e-01	   7.2945863488603246e-01	   6.4190372558552145e-01	   6.4056096488733316e-01	   3.0405626648194573e-01	   2.3306873669938205e-01	   5.5159278152280278e-01	   6.2793920113883828e-01	   6.9587989807529094e-01	   7.4759339943510406e-01	   6.6631577327316305e-01	   7.0677381098760128e-01	   6.1905908980164703e-01	   6.3344493663994061e-01	   4.4947233148347043e-01	   4.4240204696435782e-03	   4.6109638582024981e-01	   3.8247872708216707e-01	  -1.7504526045632685e-01	   3.6181326058976038e-01	   5.6444586610471847e-01	   6.2523301409033594e-01	   6.2752893469567184e-01	   6.8142905535429188e-01	   3.9211070073084425e-01	  -2.1499684012110920e-01	
   5.8865739962222707e-01	   5.4262505838503317e-01	   6.9449038242092342e-01	   8.5391021261621169e-01	   5.4488893035809416e-01	   7.2506254537692660e-01	   8.4206083845930157e-01	   0.0000000000000000e+00	   5.6968880897700602e-01	   7.4769824470646296e-01	   5.4517512835465376e-01	   7.8110111368410617e-01	   5.9122497525226492e-01	   7.5735648957642698e-01	   4.2121895845179835e-01	   7.1189736361317424e-01	   3.5502520306610957e-01	   2.7092493672505991e-01	   5.5712328776042153e-01	   6.3603690251580280e-01	   1.9210809453194860e-01	   4.4670348034416696e-01	   4.5616205496400503e-01	   6.0091120624581607e-01	   4.9462021113691362e-01	   5.3313669040685463e-01	   1.8780694300594392e-01	   3.1242374106780785e-01	   3.5606732861490675e-01	   4.9671714927393151e-01	   5.7105080361075233e-01	   6.8457645927647437e-01	   6.6786819889257421e-01	   7.4757804681305906e-01	   3.4523042691047368e-01	   3.6993542637122290e-01	   2.7364005459974899e-01	   4.1667460186120425e-01	   4.0045422907798345e-01	   4.3080980519057333e-01	   4.8166633015542720e-01	   4.6935042034178875e-01	   5.6653379591108366e-01	   5.0163782552608915e-01	   5.4816754921091304e-01	   5.1014952374426548e-01	   5.6958205053083111e-01	   5.9532368260900648e-01	   6.0057093304138209e-01	   4.8345846860081554e-01	   6.1614792029374899e-01	   5.6666439883712316e-01	   6.4429205961840297e-01	   6.8857726739850977e-01	   5.9220991329576755e-01	   6.5326226158656231e-01	   4.5041575405718914e-01	   4.8945571412161321e-01	   5.7033590728042771e-01	   5.9236652278796964e-01	   6.5533624581896310e-01	   8.0106975120573565e-01	   4.1983190173980811e-01	   5.4214862564919675e-01	   5.4188053579410655e-01	   5.9955069152506690e-01	   6.9172075142283318e-01	   6.6241916682731650e-01	   5.7669738890843447e-01	   5.1268712197445865e-01	   4.3492851983704472e-01	   5.7898352248790164e-01	   6.4786164953875525e-01	   6.1361806481751069e-01	   6.4721446710860708e-01	   6.1126012865015089e-01	   5.1667179811582464e-01	   6.0712078350820275e-01	   2.5580382461132828e-01	   7.5695355433659073e-02	   3.9641408955872715e-01	   5.4970314847502100e-01	   5.2953753362259259e-01	   4.9055592998019926e-01	   5.8707389115385022e-01	   7.1962057626052423e-01	   2.4106578455498856e-01	   2.9236265119244170e-01	   5.5167780971107572e-01	   6.7727820130238103e-01	   7.6024589940180320e-01	   6.6647294590596395e-01	   7.5087892497107389e-01	   6.1957090470436649e-01	   2.0373893261724774e-01	   2.5171615293814492e-01	   3.7273861174483985e-01	   5.5846774600588622e-01	   6.6710719017440934e-01	   5.7330713285156887e-01	   6.6034486389462121e-01	   6.2283538097705204e-01	   5.2981761042816988e-01	   5.2305886764560861e-01	   4.8341364855381425e-01	   6.7336307465123049e-02	   4.9358749347058439e-01	   4.1217554064234302e-01	  -2.0648836173252511e-01	   2.8331666359343050e-01	   4.5299482958741166e-01	   5.7416727338404705e-01	   5.4088183854722016e-01	   6.6805758295901463e-01	   3.7182338731086023e-01	  -2.3725769843655642e-01	
   3.9624794351733877e-01	   2.5582962938920012e-01	   6.8533790634247183e-01	   6.0621066099515963e-01	   7.4127405330619189e-01	   5.4024950692268381e-01	   6.3931342978717265e-01	   5.6968880897700602e-01	   0.0000000000000000e+00	   5.1476563954978294e-01	   3.5608429203121633e-01	   3.8072685679248852e-01	   5.4532178462360004e-01	   4.2548904307045782e-01	   5.8227417470784260e-01	   4.7034030387329945e-01	   5.9203032999011314e-02	   6.7370207479941005e-02	   4.5289286922240152e-01	   2.9893624903674276e-01	   4.3473312253148427e-01	   3.9280853413016259e-01	   5.5496436523467241e-01	   4.9969284667803771e-01	   5.4734640345366947e-01	   4.9008704470404080e-01	   4.4836913479973001e-01	   5.5258577393148323e-01	   8.6330053958203271e-02	   1.7373596150942144e-01	   3.8409031590896991e-01	   3.9373944992045512e-01	   4.6541605904184835e-01	   3.9658427266347063e-01	   3.3332746580994194e-01	   1.7403435936756376e-01	   1.9702149725960666e-01	   2.6266379066159495e-01	   2.5910088811478582e-01	   1.7580147237478633e-01	   3.1226575804868750e-01	   4.1897187141006992e-01	   3.3849351412370299e-01	   2.4774928823034373e-01	   4.0457814862949698e-01	   2.4973239234854078e-01	   3.2851847976963872e-01	   3.1285025433544839e-01	   5.7268971892389542e-01	   5.4446908350791179e-01	   5.2766270917755620e-01	   4.7350735726810900e-01	   5.1713090613358248e-01	   5.3588982558376141e-01	   5.2651548591670250e-01	   5.2600327804299551e-01	   3.3325071180784427e-01	   3.6497074312178335e-01	   5.5614602949020531e-01	   4.8668081758953730e-01	   5.8204536426364417e-01	   4.8378608814096447e-01	   2.5711065860599935e-01	   2.7309476744433264e-01	   5.6818099246807086e-01	   4.6868269050551203e-01	   5.5655120990543017e-01	   4.1892099625773316e-01	   5.3105444527960965e-01	   4.8084959113756670e-01	   5.2313180860271868e-01	   4.5564687832021677e-01	   4.4329538643067085e-01	   4.1133387262886895e-01	   4.7204852840305267e-01	   4.2245274343742589e-01	   1.9260209629527009e-01	   2.1652966541885371e-01	   3.6506456446223273e-02	  -8.4103974444594054e-02	   1.3834252226141028e-01	   3.5393037290426499e-01	   2.9969058567911833e-01	   2.8566771723114520e-01	   3.8961558414117498e-01	   5.3390067279773212e-01	   2.1838481737527615e-01	   3.0126909953479164e-01	   5.8134578175141005e-01	   6.5051687007163039e-01	   6.5439624459377965e-01	   6.4222542801842464e-01	   6.0678850998261813e-01	   6.8862875185818007e-01	   1.4444561133775749e-01	   3.8119904897941960e-03	   3.1263508504998605e-01	   2.7474471694380692e-01	   4.5220300659024748e-01	   5.1141904457489695e-01	   5.6208295273293718e-01	   6.2401867018262669e-01	   5.4803901712169811e-01	   5.3537772325547250e-01	   4.3803316060839209e-01	   1.1737253874115572e-01	   4.1661862761595592e-01	   4.0038091981814306e-01	  -2.5588533980072414e-01	   3.6197488284476512e-02	   2.8900939335080278e-01	   2.6205693767685323e-01	   3.4109223117041654e-01	   4.1556786282853442e-01	   2.2726958926444740e-01	  -5.8192804216966980e-02	
   4.8682814697006549e-01	   4.4282546784179544e-01	   5.9228532433726067e-01	   6.7042559512321831e-01	   3.3526964811894527e-01	   7.2929155837241821e-01	   7.1271671710822149e-01	   7.4769824470646296e-01	   5.1476563954978294e-01	   0.0000000000000000e+00	   4.2348025034786974e-01	   6.5695589949850597e-01	   4.6614634402461808e-01	   5.3353234727263188e-01	   3.1568751289943631e-01	   5.6885507956224124e-01	   2.3547828997411996e-01	   2.9213759615223700e-01	   4.5595105977125056e-01	   4.7699719277944858e-01	   1.6172981587224944e-01	   3.1398652954352296e-01	   4.3798808662759903e-01	   5.4350493386855381e-01	   4.5584398194472259e-01	   4.9485979394864438e-01	   8.6930789863191082e-02	   1.2855052035711273e-01	   3.7406567094914944e-01	   4.6385774074596076e-01	   5.5405864293047158e-01	   6.1581261584405278e-01	   4.7977943516194321e-01	   5.2468298797619184e-01	   2.4088338293550771e-01	   1.9800944120728803e-01	   2.3112575175483208e-01	   3.8127703415065284e-01	   3.5544108596402368e-01	   3.5982047106424342e-01	   3.1545356201344665e-01	   4.7958496695473618e-01	   5.3347940005505901e-01	   4.9007146076757802e-01	   4.8533449115374794e-01	   3.9568605237042503e-01	   5.4748782570738885e-01	   5.0483324469207669e-01	   5.1362986603710969e-01	   4.1106059762336417e-01	   5.2266614427657787e-01	   4.9219042887310194e-01	   5.7841786891805991e-01	   6.0291458836574530e-01	   5.3106912092133574e-01	   5.5073234009031680e-01	   3.9454137867606304e-01	   5.0194774148901811e-01	   5.4043098760875852e-01	   5.3914028323895757e-01	   6.0191638943000458e-01	   6.8300526415312190e-01	   4.1867109837410332e-01	   5.0321035882704745e-01	   4.3004784557794296e-01	   5.0214476044292111e-01	   5.4939236141976688e-01	   4.9639342382486673e-01	   4.2723141394714920e-01	   4.2987378294497691e-01	   3.8605676543630862e-01	   5.5685541594496879e-01	   4.8236987003886478e-01	   5.0970456012937637e-01	   5.0714914673266476e-01	   4.6451139038339262e-01	   4.4712959150309201e-01	   4.8358112823965527e-01	   2.0256473718461751e-01	   8.3718045153946707e-02	   3.0887834717857149e-01	   3.9317472194498548e-01	   3.3388991602351120e-01	   2.8567053972499939e-01	   4.8143759069958791e-01	   5.3239061217501460e-01	   2.4639632934360295e-01	   3.3472548514818590e-01	   5.3957839814206299e-01	   6.6098763146357542e-01	   6.9431938959449901e-01	   6.3120069126673450e-01	   6.4302110556385728e-01	   5.9368498910237055e-01	   9.3543032203780352e-02	   9.8627612611098620e-02	   3.8813367171942603e-01	   3.7185617524161069e-01	   5.9631641733839991e-01	   5.3678534667582511e-01	   6.6952966070850084e-01	   6.4084255881209296e-01	   5.2225293838759490e-01	   5.1070831567331643e-01	   4.1991411417151758e-01	   1.2771688077667653e-01	   5.9849326730873742e-01	   3.4473547039667285e-01	  -2.7143138753486529e-01	   1.1856409744655752e-02	   3.3777705167206001e-01	   4.3668101132743586e-01	   3.0644160909521068e-01	   4.1965960299108263e-01	   2.4452187933487790e-01	  -2.7115304885696956e-01	
   6.9435146522971014e-01	   4.2445996487524373e-01	   6.5712799531357380e-01	   5.3274329190500758e-01	   4.4416592825109996e-01	   5.0002510786392240e-01	   6.7787038028798685e-01	   5.4517512835465376e-01	   3.5608429203121633e-01	   4.2348025034786974e-01	   0.0000000000000000e+00	   6.5355577659908570e-01	   8.2654176602373819e-01	   6.7127521602499374e-01	   6.6651051082400903e-01	   7.1041801696777940e-01	   3.6912400728498407e-01	   3.3426600220162606e-01	   7.1354295349629049e-01	   4.7216913810212158e-01	   2.8721555896377524e-02	   2.0127654155311184e-01	   6.1025845284001123e-01	   5.7841532107270099e-01	   3.0854741861529378e-01	   2.5174116846663946e-01	   2.1446913924590386e-01	   2.7535984209979936e-01	   3.9118922697633407e-01	   3.7976783639728456e-01	   4.4219823024002769e-01	   4.4390668001582229e-01	   4.4928509082704293e-01	   3.9604795562716899e-01	   2.0050963884369397e-01	  -7.0690871624389476e-03	   3.9856557562537981e-01	   4.5005736109368832e-01	   4.0479560872051912e-01	   4.8215035553928043e-01	   3.7089483204003948e-01	   3.7027808415201491e-01	   4.2661118936653469e-01	   3.5822293281053341e-01	   3.4868754025319404e-01	   2.8472599617440308e-01	   4.6832502387299441e-01	   4.9478134469094731e-01	   4.7221679370079256e-01	   4.7028641049222752e-01	   6.4302574039877114e-01	   6.0686007298968103e-01	   6.7738194153989173e-01	   5.6182406239427229e-01	   5.7268511335004524e-01	   5.9881203609786016e-01	   4.9766529857526909e-01	   4.0044664806562102e-01	   5.9092742744912741e-01	   5.5979521305944346e-01	   7.0184963524139232e-01	   4.6411590869701713e-01	   4.6746877482630972e-01	   3.4252981275590766e-01	   4.9920641019476186e-01	   4.2258781962219866e-01	   4.1680884543902308e-01	   2.7813023163635020e-01	   5.1884334898612838e-01	   4.3863225535818529e-01	   3.5642662505945349e-01	   3.0102445670764688e-01	   6.7366349113824686e-01	   5.6033649504886096e-01	   7.0193195523077478e-01	   5.7963501049608734e-01	   4.8539596232725868e-01	   4.0068495488390088e-01	   3.2204665620006162e-01	   1.5416511843185404e-01	   3.7846048096630708e-01	   5.5928688994883458e-01	   5.3491599233147746e-01	   3.1660825789950375e-01	   6.4816811312476807e-01	   6.0524070002383912e-01	   4.4313830207625526e-01	   3.8545369887319375e-01	   5.1173857616079566e-01	   5.8886235628350270e-01	   4.8672248417875552e-01	   5.1840623920974194e-01	   4.5254351646516899e-01	   4.5936948923464138e-01	   3.2637729963039891e-01	   5.6517023275955099e-02	   4.6739059739228417e-01	   4.8634414184426450e-01	   4.4424947327064429e-01	   6.3022982809484152e-01	   3.9088532086359634e-01	   5.4127998184581783e-01	   3.6240195641501044e-01	   5.1613022303602452e-01	   3.0780060394450809e-01	   6.2563731440766754e-02	   2.0568919775635217e-01	   3.5647871815217169e-01	  -8.2200390514645227e-02	   3.2901366726435299e-01	   4.7560277390613903e-01	   5.3906020113280539e-01	   6.2059514560547224e-01	   5.7141284127493219e-01	   4.4201973542262157e-01	  -1.4264675871297988e-01	
   7.6633072359960797e-01	   7.1773108329875368e-01	   6.5482115898209226e-01	   7.6023387208579973e-01	   4.1008901260457742e-01	   6.1080077161134982e-01	   7.7643013578885622e-01	   7.8110111368410617e-01	   3.8072685679248852e-01	   6.5695589949850597e-01	   6.5355577659908570e-01	   0.0000000000000000e+00	   5.7545609106302931e-01	   8.7196157340822988e-01	   5.0856547204815150e-01	   7.9064528631935094e-01	   6.6673222515514374e-01	   6.0866679845376459e-01	   5.3096127356868761e-01	   6.7683218210880947e-01	   2.4295703436424859e-01	   5.4132082716774632e-01	   4.1510134467129856e-01	   5.9301717764376938e-01	   3.6688496216374827e-01	   4.4334341296284141e-01	   1.9585758924004251e-01	   2.9141240845059596e-01	   5.7466621149030095e-01	   7.0458039223837354e-01	   5.8209304138621154e-01	   6.3411053615143076e-01	   6.4215288104217749e-01	   6.8055469755038756e-01	   1.0746875929543775e-01	   1.2094468833721550e-01	   3.6384456584600416e-01	   5.1322895049111295e-01	   5.1995555286498352e-01	   5.8116269673793453e-01	   4.4578956184424945e-01	   5.5220442157349692e-01	   5.2682654508026661e-01	   5.3700533107589354e-01	   4.5121654343821188e-01	   4.0076749187893135e-01	   6.7089626213191955e-01	   6.8239869579648149e-01	   5.3532466340950458e-01	   4.1416075254281726e-01	   5.8853522791909607e-01	   6.4075494784921794e-01	   7.2475721340940202e-01	   6.6411816290757386e-01	   6.9484620665349006e-01	   7.7405656401633349e-01	   6.2339771317002013e-01	   6.5704378942638231e-01	   6.9352215813096030e-01	   7.1820072946299829e-01	   7.3520554498842761e-01	   7.3791062229932014e-01	   7.4777247635153499e-01	   7.5842180354414457e-01	   4.3100110015346560e-01	   4.2494279345143027e-01	   6.0523704042692561e-01	   5.5925582161977150e-01	   5.6794183819610966e-01	   5.2585635643612294e-01	   3.0516513783229454e-01	   4.4350802123580246e-01	   7.3016695338960191e-01	   6.8151962835266955e-01	   6.3220736401540534e-01	   6.2510426061790769e-01	   5.5953961880705760e-01	   6.6667294098550323e-01	   5.7314959848552882e-01	   3.9581957367719001e-01	   6.5240292861316851e-01	   7.3032911914112641e-01	   4.5290622025853894e-01	   3.9410874184149619e-01	   7.2199147174975409e-01	   7.3899817670251622e-01	   4.8122360704483480e-01	   4.7982286499336846e-01	   6.4463313821352053e-01	   6.8440091311702855e-01	   6.6925840441572892e-01	   5.3476166171403683e-01	   5.7822829747673365e-01	   4.1235270611389491e-01	   2.9671474559103106e-01	   3.0483505856107468e-01	   5.6858349413580611e-01	   6.7414795302568364e-01	   6.8023559030239877e-01	   6.9371020096895175e-01	   7.0046564662373278e-01	   6.2590275270896800e-01	   5.6289342493958272e-01	   6.0917165609663404e-01	   4.5963049583715454e-01	   4.0124408956278695e-02	   3.4943552069310529e-01	   3.9526467802983362e-01	  -1.0900147562098035e-01	   3.2864271865118788e-01	   5.7349533990043622e-01	   6.1272433053277975e-01	   5.8571818034804513e-01	   5.6820282760037888e-01	   2.6566360414500267e-01	  -3.0714853889396254e-01	
   5.8451909940270363e-01	   3.3391680401476687e-01	   6.5511126704103129e-01	   5.3301406708484522e-01	   4.4081425498355864e-01	   5.1350951448213156e-01	   7.5801609702809625e-01	   5.9122497525226492e-01	   5.4532178462360004e-01	   4.6614634402461808e-01	   8.2654176602373819e-01	   5.7545609106302931e-01	   0.0000000000000000e+00	   6.7073460033625443e-01	   7.4059507184837270e-01	   7.2150869472863721e-01	   2.4999119933709060e-01	   2.5032446705567168e-01	   5.2138334473082859e-01	   3.6714920102186632e-01	   8.3085656027560781e-02	   1.9040712909714361e-01	   5.7907760487121474e-01	   5.2115906507187382e-01	   3.4230980012838114e-01	   2.8442221083595681e-01	   1.6050385816698234e-01	   2.7472495422424342e-01	   3.8362788367185680e-01	   3.7176369369742363e-01	   4.6178711434175473e-01	   5.0377493075511759e-01	   5.1027429818268522e-01	   4.4677065810168182e-01	   2.7016594884832640e-01	   9.7250547985505059e-02	   4.0672616485250279e-01	   4.1080408134726976e-01	   4.4807701043387199e-01	   4.3485315946416725e-01	   4.0928830298939928e-01	   4.3198983385267298e-01	   3.7269193284598567e-01	   3.1923595086037443e-01	   4.3915675459145298e-01	   3.3652628616455804e-01	   4.3411942679603738e-01	   4.4071326723543341e-01	   5.1872770277792579e-01	   4.6848740926087251e-01	   5.9004211065772272e-01	   5.8336319599153430e-01	   5.6990270779533336e-01	   4.7746746998203482e-01	   6.0583850546234874e-01	   5.7329339715950201e-01	   4.7982366941779858e-01	   3.8301408036908524e-01	   5.0569763793001710e-01	   4.4685378674364429e-01	   7.6149590054706073e-01	   6.0108846648373571e-01	   5.0786214708998600e-01	   3.6627582526048474e-01	   5.3299791463220103e-01	   5.0029484693609827e-01	   5.2304000712192122e-01	   3.6041207823184340e-01	   4.3343712607894519e-01	   3.6140588855853228e-01	   3.5735270377944695e-01	   3.3452455764967204e-01	   5.9352528180296382e-01	   4.7005213215851688e-01	   6.3637494351171531e-01	   5.6435063329688273e-01	   4.3442300772107151e-01	   3.6163611291795700e-01	   2.9334062335954503e-01	   1.9824996752659074e-01	   3.8420128847798507e-01	   6.0744401003881188e-01	   4.4150022753666396e-01	   3.3384415683485819e-01	   6.1413880731546100e-01	   6.5834806149124026e-01	   3.2841876357450722e-01	   2.9047767001439811e-01	   5.9987968039424722e-01	   5.4816254520423913e-01	   4.9177394944460007e-01	   5.1627840952586102e-01	   4.6319044175390056e-01	   4.8984019100315179e-01	   3.2703334043392696e-01	   1.4972447601280445e-02	   4.4467576051135005e-01	   5.4299572789469908e-01	   3.9696190620430305e-01	   6.1020927426760363e-01	   3.5136710568505353e-01	   5.0594939521257709e-01	   3.1993203640138324e-01	   4.8769742178652509e-01	   1.9163001868166540e-01	  -4.8894748710119083e-02	   1.9978279689303308e-01	   2.7992891620101112e-01	  -1.5856518426498134e-01	   3.4844118072882768e-01	   5.0244730255760428e-01	   5.0677487970417123e-01	   6.4965524838577227e-01	   6.1183505681242001e-01	   4.3424782117847327e-01	  -1.1381754135891944e-01	
