   0.0000000000000000e+00	   8.2680393742209701e-01	   7.0549504257368945e-01	   6.9919670942188217e-01	   9.5145656038203186e-02	   5.4570806599842248e-01	   7.1135017472669015e-01	   7.3993391010851139e-01	   3.3811074630645627e-01	   6.1217799906819359e-01	   8.6054503753175360e-01	   8.4890023425947692e-01	   7.7950200383184964e-01	   7.4885837799213539e-01	   8.0585769996630618e-01	   7.9746076717589265e-01	   6.7481900421156327e-01	   7.0235196378893150e-01	   8.5462333191071294e-01	   8.0166799802816424e-01	   6.0889536185695592e-01	   7.5658695620531002e-01	   7.7217275735323843e-01	   6.3132588836099457e-01	   5.8738194489816231e-01	   4.3263187234632827e-01	   4.4927319336796023e-01	   5.5835219177381146e-01	   6.3810138872476041e-01	   6.6996915713465810e-01	   5.9602459185778245e-01	   6.0869978270076275e-01	   7.8756834515256235e-01	   7.7983112010432232e-01	   7.2356459374787163e-01	   6.8972115593331584e-01	   6.1707532866320602e-01	   6.9151065996378425e-01	   4.5323918524769213e-01	   4.7686449567271988e-01	   8.4051746155563756e-01	   7.7014246567685651e-01	   5.3557463036702857e-01	   4.7120689418948070e-01	   6.4461779002931308e-01	   6.0793836418584202e-01	   5.9061431936656972e-01	   6.3829287481262975e-01	   7.0564691277867786e-01	   6.6391564972480777e-01	   7.9896149903947411e-01	   7.4976737983742170e-01	   7.3019391361630226e-01	   6.6619088696087125e-01	   8.8312710744077527e-01	   8.2441051530647302e-01	   8.6888710675777303e-01	   8.1868227772185342e-01	   8.2392052819547046e-01	   8.1642997023896380e-01	   7.5582230136667550e-01	   7.1195723560815316e-01	   7.9934498642255836e-01	   7.6475317784452579e-01	   6.0577168911984980e-01	   4.8890610440695781e-01	   7.4786629600818877e-01	   7.0307990429030698e-01	   7.8020547255635198e-01	   7.8060364849256214e-01	   6.7393414803651208e-01	   7.5616645366540047e-01	   7.8848531642278630e-01	   8.1525837932622425e-01	   7.7312102699995444e-01	   7.4123763012063226e-01	   8.5528862608116041e-01	   8.5150200327581560e-01	   1.9800601987743055e-01	   6.3460705447825161e-01	   6.8616666030871110e-01	   6.9057608841131313e-01	   8.2321213224615575e-01	   5.8563147745192157e-01	   7.4666598512965221e-01	   6.5967164637079945e-01	   7.5346591696553411e-01	   7.0008216937303869e-01	   8.5058888734574434e-01	   8.1524681591348536e-01	   5.8051077369038040e-01	   5.7483347048899525e-01	   5.1581243316526160e-01	   4.7109243177492327e-01	   9.1783892211839649e-02	   2.1675558905388306e-01	   6.5305348557095722e-01	   5.5637979992352105e-01	   7.9112398688367391e-01	   7.6087686209369365e-01	   6.0141944933856406e-01	   3.5623657991705471e-01	   6.4284216906043701e-01	   5.0817105905222171e-01	   4.8343174561988067e-01	   5.4730490751649952e-01	   3.5130688940235431e-02	   4.4795017452106201e-01	   1.4734693490430328e-01	   3.0506259904481658e-01	   7.0288243108677295e-01	   6.5499845171249627e-01	   5.1454620516108074e-01	   5.5541018475469728e-01	   7.2479848645739453e-01	  -1.1268517699564171e-01	
   8.2680393742209701e-01	   0.0000000000000000e+00	   6.2174658376704328e-01	   5.7188303143147468e-01	   1.1443520817078311e-01	   5.1181767576164772e-01	   5.5721994322745039e-01	   6.1826785538828222e-01	   2.3946691891136204e-01	   4.0667435175126476e-01	   7.4765374480159075e-01	   7.0919363527190038e-01	   6.3258822888880506e-01	   5.8302952479459291e-01	   7.9412676109118285e-01	   7.9723959418334067e-01	   6.8342545940360289e-01	   7.9759489624455582e-01	   8.0474695682692898e-01	   8.1602854494656785e-01	   5.7071738184846144e-01	   7.0966971326716810e-01	   7.6123098856548754e-01	   5.9359015184480945e-01	   6.3573480457036347e-01	   5.2487833279757512e-01	   3.1455545763626330e-01	   3.9329762192229734e-01	   6.7386816039215036e-01	   7.1660473227613375e-01	   6.4659431691044644e-01	   6.5721227344738598e-01	   8.2584693991867830e-01	   8.1501310438764918e-01	   7.4794306096601870e-01	   7.5493624671434612e-01	   6.6341109877142235e-01	   6.6237828123463105e-01	   3.9541708441204476e-01	   5.4705566194685074e-01	   8.2131924425940506e-01	   7.5888391772103425e-01	   6.8448831157187673e-01	   6.2543880064026136e-01	   7.7985837517808465e-01	   7.3186832461159212e-01	   6.5795516261775644e-01	   6.9127575099528249e-01	   6.8393210016860884e-01	   7.4187822103678847e-01	   7.6426796373710559e-01	   7.7002285789083402e-01	   7.0772497491000341e-01	   6.5911989857848952e-01	   8.1192426708942178e-01	   8.1752876079205972e-01	   8.6812764914891716e-01	   8.2008290511071125e-01	   6.4839365187929798e-01	   7.3175982326037325e-01	   5.3649443974243194e-01	   5.6733571332768939e-01	   6.9345592216475027e-01	   6.8231721966778991e-01	   5.4915625017387215e-01	   4.2746577247337841e-01	   7.4005920894400989e-01	   7.3710249696380770e-01	   6.6872494654677583e-01	   6.9627632031041709e-01	   6.6815798205902599e-01	   7.1771257984638448e-01	   7.8140673230610713e-01	   8.2001281802211023e-01	   7.4931382350963172e-01	   7.2201173582992895e-01	   8.3926324367179128e-01	   7.8312317896573536e-01	   2.4314487281229930e-01	   6.4330937958954792e-01	   6.9374331000688139e-01	   7.5845111866387149e-01	   8.3263613966032823e-01	   5.7330100966115616e-01	   7.3621355572223468e-01	   6.5308957591241512e-01	   7.1670674887371677e-01	   6.5754466210114548e-01	   7.3816928625085410e-01	   6.9680492760681068e-01	   5.8023829344099831e-01	   5.6589857559925083e-01	   4.6347103923688671e-01	   4.8116699183364003e-01	   5.7868569746244616e-02	   3.9500863260235178e-02	   7.3753029794363456e-01	   5.1590895387247737e-01	   8.3546645650744522e-01	   7.7817416838179265e-01	   5.6716359079044731e-01	   3.1531975678810720e-01	   6.6713625030731805e-01	   4.3184209824941799e-01	   6.0031158560471787e-01	   4.9204191644243334e-01	   1.2571140491717211e-01	   3.8808148742149623e-01	   9.2510976437782430e-02	   3.0290497945912226e-01	   8.0859805057382772e-01	   7.4967387456928569e-01	   5.2256962363795911e-01	   6.1565872600164351e-01	   6.8638059927269335e-01	  -1.4170934884223229e-02	
   7.0549504257368945e-01	   6.2174658376704328e-01	   0.0000000000000000e+00	   7.5131832853884084e-01	   3.3365900419641520e-01	   3.9044546824985676e-01	   8.9524183492988429e-01	   6.6824897844216125e-01	   3.3488716400893531e-01	   3.7058510293803526e-01	   6.3182634448673558e-01	   4.8704192520432016e-01	   5.0230172371898840e-01	   4.2501902539044106e-01	   4.8329833268049449e-01	   5.0658278897511277e-01	   5.0811241047299305e-01	   4.3997770807099773e-01	   6.5841842133030348e-01	   6.0109011642956545e-01	   5.7425229432357572e-01	   6.0569482572339184e-01	   5.5316939607260274e-01	   5.3931077039110042e-01	   5.6983060078696224e-01	   5.4351638558176762e-01	   2.6636663909751962e-01	   3.3721376506701195e-01	   5.5719132723085663e-01	   4.1944159270581294e-01	   6.4630609660177907e-01	   6.5428426774299697e-01	   7.7360457490676937e-01	   7.3933771131853054e-01	   6.7944266687566557e-01	   6.4264389696808000e-01	   4.8244711594919798e-01	   5.3808591737759992e-01	   4.3006669294252264e-01	   4.5561636185595178e-01	   5.3649391885006970e-01	   4.9185482332556962e-01	   4.4917416348755168e-01	   4.2057184690434068e-01	   5.3935808726225942e-01	   4.3161437005793013e-01	   3.8683181445720483e-01	   3.7449005604914309e-01	   4.2352220063041379e-01	   3.4113015309024813e-01	   7.1602840464266415e-01	   5.1414033184602737e-01	   4.7808959257452854e-01	   3.9641244929968011e-01	   5.4246411729861688e-01	   4.7004804100866659e-01	   6.8288016536355112e-01	   6.3163239693506834e-01	   6.5382923669992588e-01	   5.0358096450118917e-01	   7.3105403122318768e-01	   5.5297172948736617e-01	   6.6858690979725399e-01	   6.1823252717092547e-01	   6.9447036712046473e-01	   6.1502974416212897e-01	   8.0389069796992241e-01	   7.2912900570359507e-01	   5.4773721863038050e-01	   5.4964443005364827e-01	   6.9593724428806669e-01	   8.0089994031146006e-01	   6.8378909236244723e-01	   4.9670604486782166e-01	   6.0658573121758141e-01	   5.2179230486766470e-01	   7.2154326664857427e-01	   6.3824044311109329e-01	   2.2724063386138704e-01	   5.9470630641635969e-01	   5.8748288016788486e-01	   5.6022496570538527e-01	   4.9589955769077887e-01	   4.4493228808563656e-01	   5.6294298810444143e-01	   5.9603770479286811e-01	   4.6552830296186110e-01	   3.6255591876303939e-01	   6.5721582126278810e-01	   6.0272082787146020e-01	   2.8504393037249487e-01	   3.2140646525129113e-01	   2.6755049555644850e-01	   2.7253328817168043e-01	   7.3346312423947554e-02	   2.2714491625779093e-01	   4.3891610254966196e-01	   4.0197041832059410e-01	   4.9249071773666042e-01	   4.9925498874548052e-01	   4.4356105351511599e-01	   2.8770210449947231e-01	   4.3711535196477436e-01	   3.4165505422206532e-01	   1.5774468715530360e-01	   3.5407472972752063e-01	  -2.0808008747211476e-01	   3.5228589948080918e-01	  -1.0544431196007030e-01	   7.8872750362059457e-02	   4.6802771130744403e-01	   3.9686264883866618e-01	   3.3617491851579856e-01	   3.2897296625030437e-01	   4.1308496062352551e-01	  -2.6357136496892419e-01	
   6.9919670942188217e-01	   5.7188303143147468e-01	   7.5131832853884084e-01	   0.0000000000000000e+00	   3.2079705862165109e-01	   7.3620890373847503e-01	   7.7406069972018199e-01	   9.1155708644093270e-01	   4.0573136951772204e-01	   7.3348209172992485e-01	   6.4048426157802352e-01	   7.0354254728420274e-01	   4.5471129045468045e-01	   7.0403739381601194e-01	   4.5241852306919733e-01	   6.4123849235529695e-01	   5.6060346811455253e-01	   4.6847719298718171e-01	   5.7833994510957987e-01	   6.2342535295706902e-01	   6.3718914390687609e-01	   7.4707936438739497e-01	   6.6546731726540997e-01	   8.4082615993522536e-01	   6.9168725206012915e-01	   6.8457599869447283e-01	   5.1973829277302697e-01	   6.6724636661846959e-01	   5.1881879545291931e-01	   4.5870873895759107e-01	   7.4462062824673514e-01	   7.8934478634131067e-01	   7.3643864382873558e-01	   7.4910807372886135e-01	   6.6361195529863581e-01	   6.2619210187637386e-01	   5.2417596230610053e-01	   7.1060596841008095e-01	   4.8075449018153993e-01	   5.1847654080337213e-01	   6.8100903451463157e-01	   6.4578770267421826e-01	   4.5842207657417455e-01	   4.3237632959750594e-01	   4.6291961713182983e-01	   4.2118802006414680e-01	   5.0170819686820234e-01	   5.3584934556873609e-01	   5.3888070523571208e-01	   3.8173468558240931e-01	   7.2282939546023750e-01	   5.8184856809405727e-01	   4.9894518038935076e-01	   5.1395238047779590e-01	   6.0953076769495640e-01	   6.6032229278071641e-01	   6.8662653496824178e-01	   6.6849986194235989e-01	   6.8695009609681501e-01	   5.7456019413447068e-01	   7.6740251723489517e-01	   8.4379276996276897e-01	   6.5057603969209699e-01	   6.9701124854980478e-01	   6.1264982309444660e-01	   8.3767115513361534e-01	   7.0035925052117709e-01	   7.4793291726624056e-01	   6.2193034177807316e-01	   7.0649369127889283e-01	   6.0026331264149391e-01	   7.3154282513618418e-01	   6.0070469474315713e-01	   5.9323446864665474e-01	   6.0129716450670367e-01	   6.3638125990510674e-01	   7.1549066399965011e-01	   7.0524815839083943e-01	   3.1657766265975062e-01	   5.6500499224703715e-01	   6.6320953966883245e-01	   5.3595018180497878e-01	   4.8277327610125331e-01	   5.1668090530166544e-01	   4.6771140298287600e-01	   7.5106735323005669e-01	   4.9732330678640502e-01	   4.9576364527803651e-01	   7.6703115166936364e-01	   7.9301850928697482e-01	   5.0733612144976226e-01	   4.4621428572357158e-01	   5.4069807900237155e-01	   3.3390534957794094e-01	   5.3137333854882590e-02	   1.8812228974299122e-01	   5.0054789639198183e-01	   4.8835779998022799e-01	   6.2179576502923939e-01	   5.8582751304191394e-01	   5.9349935268615339e-01	   3.4986986565468853e-01	   5.5023824318329217e-01	   4.2563497485703938e-01	   4.0788124812227344e-01	   4.4771023174743912e-01	  -8.0579611811340069e-04	   3.7589856808482736e-01	  -2.5543735177958431e-02	   1.9907272022066702e-01	   6.0594442100165868e-01	   5.3256055629859378e-01	   4.9752180023019915e-01	   5.2064598123355910e-01	   5.3354535656159241e-01	  -1.6566887727677687e-01	
   9.5145656038203186e-02	   1.1443520817078311e-01	   3.3365900419641520e-01	   3.2079705862165109e-01	   0.0000000000000000e+00	   4.5218672686281020e-01	   3.8823725702797007e-01	   2.5401497761888109e-01	   3.2103664089759276e-01	   3.3896484336303601e-01	   3.0685783241517932e-02	   1.1681611180255777e-01	   1.2133199850993868e-01	   9.3652463659553214e-04	   3.9902644658981787e-02	   1.2067151837977320e-01	   5.8645675905665835e-02	   4.9337712508557278e-02	   6.8189291009114417e-02	   1.5660517491328532e-01	   8.5389041079148381e-02	   2.6086446082213133e-01	   1.5647325047412231e-01	   1.7486809993392172e-01	   2.4432618398307251e-01	   2.4359414308562771e-01	   1.3385218062415552e-01	   1.2754858266667690e-01	   1.3798152731736119e-01	   1.1133082468293268e-01	   1.7705953961677753e-01	   1.6896772204413030e-01	   1.7856077625935438e-01	   2.3538293401166027e-01	   2.7678049236016145e-01	   2.6678470067107024e-01	   1.2784135018142528e-01	   6.6948256190174846e-02	   7.1979428276604432e-02	   6.8248631181088093e-02	   1.0780391293388134e-01	   1.8269288798816674e-02	  -2.8352673503805735e-02	  -9.4198050233716135e-02	   1.1956910304019538e-01	   6.1989044045893608e-02	  -1.1058691542850879e-01	  -8.4299084462827370e-02	   1.2833848726083491e-01	   7.9852211975101617e-02	   2.9424293692952380e-01	   1.9303757256382215e-01	   2.9170179546096964e-01	   2.5974253748264053e-01	  -1.7587324856758707e-02	   6.7899194349588299e-02	   1.2733189639043188e-01	   1.4648427453767948e-01	   2.3538393869886537e-01	   2.0409351365749823e-01	   3.5221204536267792e-01	   3.3426118893131429e-01	   3.0138782278928977e-01	   3.3731324272776653e-01	   2.1040660894853258e-01	   2.2372807725881441e-01	   3.6231489378788506e-01	   3.3451688689930736e-01	   2.9022413130945973e-01	   2.6181695142853384e-01	   1.9582543989549042e-01	   1.6541594131884613e-01	   6.6730945836785321e-02	  -3.2794680591953694e-02	   2.8759106401341078e-02	   1.1299314355528610e-01	   1.4941539133354026e-01	   1.7077976783587159e-01	  -6.4487509452056863e-02	   6.4601304271026422e-02	   9.8020935866966058e-02	   1.4007189851977803e-01	  -1.5774896910711557e-03	   8.1918385812696837e-02	   2.3194307589013016e-02	   2.1408564838837496e-01	  -2.2852630924861555e-03	  -9.5239919408250440e-02	   2.0859428525920870e-01	   3.5845915871798373e-01	   1.9928191622768646e-01	   2.6755937663387197e-01	   2.9262068396441904e-01	   3.0222917416469575e-01	   1.9240172857702720e-01	   1.8746581858034972e-01	   8.6772411621654041e-02	   2.6027284146259783e-01	   9.4865460458246287e-02	   1.7702783809192624e-01	   2.7322228305534457e-01	   1.8123648252026167e-01	   1.3567286187074867e-01	   1.2628462672800889e-01	   1.4677908550041585e-01	   2.4266885705675936e-01	   2.3937570865350005e-02	   2.6262610170891626e-01	   9.6074114609753347e-02	   2.2520231599259943e-01	   2.0561058256764175e-01	   8.6209829627142215e-02	   3.8881721777580314e-01	   2.4266987445404264e-01	   2.1266329106898180e-01	   3.0405458982061428e-01	
   5.4570806599842248e-01	   5.1181767576164772e-01	   3.9044546824985676e-01	   7.3620890373847503e-01	   4.5218672686281020e-01	   0.0000000000000000e+00	   4.3873116932892253e-01	   7.2239227115147342e-01	   3.1632961836787432e-01	   7.6568592048371253e-01	   4.3788658498423172e-01	   6.4727802647973398e-01	   3.0795672816110775e-01	   5.6301906024554726e-01	   4.2054582391172224e-01	   6.0618106776853298e-01	   5.5819269712918429e-01	   4.8086887610595042e-01	   4.4790209448992130e-01	   5.7627678498483526e-01	   3.8145764355167738e-01	   6.1896870510467861e-01	   5.7374956893118778e-01	   6.7716633955765304e-01	   5.3298137403936496e-01	   5.4151124458513766e-01	   3.4930610136380713e-01	   6.2579256717318188e-01	   4.3437623739588960e-01	   4.4586034698967125e-01	   5.6413226903420766e-01	   5.6620009484564437e-01	   5.3303671025023769e-01	   5.7562511733414712e-01	   4.3626425334252900e-01	   4.8679425392932946e-01	   4.5917863314980661e-01	   5.3026435865613852e-01	   3.2865671385171613e-01	   3.2090532091392587e-01	   6.1879101037230100e-01	   5.2704014401104382e-01	   4.1073254318119962e-01	   3.1835250808184906e-01	   3.9884551991506634e-01	   4.1668261626126540e-01	   5.0529558886402093e-01	   5.1555383022122836e-01	   5.9916907442770628e-01	   4.4953626234893335e-01	   6.1974394764114837e-01	   6.1995057067866655e-01	   6.6870997423264011e-01	   6.6925408200048997e-01	   4.7588760895340559e-01	   6.6093741554894914e-01	   5.7171507577350944e-01	   5.6733792957733198e-01	   4.6306854867739999e-01	   5.4563068596421749e-01	   5.3691478682169913e-01	   7.7403697254416848e-01	   5.9553803838722996e-01	   7.3046929945514938e-01	   3.2980852665607052e-01	   5.2196253173186646e-01	   4.8837642083225591e-01	   5.4848613609167918e-01	   6.8671522147339970e-01	   7.4378527954322249e-01	   2.8603346577634015e-01	   3.9951828573826015e-01	   3.4331542315272845e-01	   4.6703475922453408e-01	   3.7250126602368672e-01	   4.8538219776961056e-01	   5.2498945707168987e-01	   5.7181144500233139e-01	   2.4694060826761272e-01	   4.0529827423410791e-01	   5.6688850672776314e-01	   4.4449102560011478e-01	   4.3078447481041848e-01	   3.1795608090144356e-01	   2.7716223077352353e-01	   5.4342160051679711e-01	   4.2621081390785048e-01	   3.6590042070728446e-01	   6.5869148798258637e-01	   7.7054731717995606e-01	   7.4882815159161509e-01	   6.7433680124213602e-01	   7.5644814982839970e-01	   5.8220258361071320e-01	   2.5714781838177886e-01	   2.3557494304793258e-01	   4.9902161112910293e-01	   5.3958260835460570e-01	   6.7561112362613440e-01	   6.9620399703775382e-01	   6.9546367781834262e-01	   3.6990955105127249e-01	   5.8314897746623728e-01	   5.4227248255129057e-01	   5.5583814939096654e-01	   3.9302857068748376e-01	   3.5197890728487358e-01	   5.1316001361104835e-01	   8.1835652749707555e-02	   4.5303363813180419e-01	   6.4038223187845755e-01	   6.3526237337188363e-01	   6.8072309035017364e-01	   6.6873000909861813e-01	   4.4682299795094366e-01	   7.1799750701226614e-02	
   7.1135017472669015e-01	   5.5721994322745039e-01	   8.9524183492988429e-01	   7.7406069972018199e-01	   3.8823725702797007e-01	   4.3873116932892253e-01	   0.0000000000000000e+00	   7.3630667722435272e-01	   5.4351562683063936e-01	   4.8334966279193026e-01	   5.9816905825398359e-01	   5.4303676415689273e-01	   6.3567364523104763e-01	   5.4197061150194414e-01	   4.4159123756904173e-01	   4.5326515260634354e-01	   4.5165917870850292e-01	   4.0192656439936575e-01	   5.8989397664072052e-01	   5.7484530161547664e-01	   5.0739812298626719e-01	   5.5664081076243199e-01	   4.5623910713299271e-01	   4.7229600736966848e-01	   4.5701704939102805e-01	   3.9334922904724418e-01	   3.0326092911677788e-01	   3.7360491091534098e-01	   4.9693712522456684e-01	   3.8737896013431616e-01	   4.8174848422036076e-01	   4.9545013638106922e-01	   6.7111831229844843e-01	   6.9375520013454173e-01	   6.1572321840740507e-01	   6.2503242606806375e-01	   5.0506032264941247e-01	   5.1950709310947341e-01	   3.8532140971264051e-01	   3.8291234911145788e-01	   5.2509971767357877e-01	   4.3214428562377538e-01	   4.1006960721351216e-01	   3.7574414257533911e-01	   5.0544547565689957e-01	   4.1000133659376159e-01	   3.2163238122964988e-01	   3.1872876348253876e-01	   4.1972921169707178e-01	   3.2432755335744307e-01	   6.9552658379424437e-01	   4.8175914292546140e-01	   4.2490883045448563e-01	   3.8027343600375596e-01	   5.1866519436452874e-01	   4.2663859717951047e-01	   5.9067628074339540e-01	   6.0452046925657199e-01	   6.7771392782191786e-01	   5.0099914807360846e-01	   7.9476414649979221e-01	   6.2367829736617031e-01	   6.7463717422677061e-01	   6.6153144118537754e-01	   6.0115922078327477e-01	   6.4245325928865582e-01	   7.8603439204862346e-01	   7.4151464349647589e-01	   5.6347772664640139e-01	   5.7659391523081682e-01	   6.0291200463387185e-01	   7.4468900631174806e-01	   6.0566512798771288e-01	   4.5525403521859298e-01	   5.8441349501500550e-01	   5.2058552433790817e-01	   6.5216590641752559e-01	   6.1196913375726258e-01	   1.9444487400184057e-01	   5.0425291418604323e-01	   5.4720064998963069e-01	   4.8573709338250481e-01	   4.4093976789387707e-01	   4.3578645256891047e-01	   4.5889293021716426e-01	   5.4052969468845657e-01	   3.8921422395717276e-01	   2.9171121322502636e-01	   6.8222387251050742e-01	   6.2032401655178304e-01	   3.3103756173731425e-01	   3.5937224534514967e-01	   3.6024699568408713e-01	   2.9952921745906730e-01	   1.7347761098688300e-02	   2.7677633527796885e-01	   4.1330249568958149e-01	   3.9368454064465275e-01	   4.6844571009264646e-01	   4.8552965689662048e-01	   4.8709230124795766e-01	   2.2004263096769561e-01	   4.8223769586565168e-01	   3.8846564960386015e-01	   1.5744039753261135e-01	   3.7843846379695056e-01	  -1.5620001019338359e-01	   3.5904996653641991e-01	  -2.5706150840455091e-02	   1.4215595763624969e-01	   4.9663401892049169e-01	   4.2779756883940823e-01	   4.3376491709808540e-01	   3.0070157853134621e-01	   4.9437073586515062e-01	  -2.0456253507617306e-01	
   7.3993391010851139e-01	   6.1826785538828222e-01	   6.6824897844216125e-01	   9.1155708644093270e-01	   2.5401497761888109e-01	   7.2239227115147342e-01	   7.3630667722435272e-01	   0.0000000000000000e+00	   4.5561452110441603e-01	   7.5139201283166535e-01	   6.9773696938697050e-01	   8.0378362451601360e-01	   5.6352131821840667e-01	   7.5605464631985220e-01	   5.6574657750564161e-01	   6.7569505924799556e-01	   5.8936588965765901e-01	   4.7488226728157445e-01	   6.4253058975490029e-01	   6.6137179847349081e-01	   5.9133047136400152e-01	   7.1301322957212898e-01	   6.7831128160712773e-01	   7.9049135137761672e-01	   5.5018831736184348e-01	   5.0099124546161589e-01	   4.6814308855498576e-01	   6.8495647238704915e-01	   5.3701619200914075e-01	   4.8808706492607690e-01	   6.6373986986796740e-01	   7.1239381065638729e-01	   6.6586849596794340e-01	   6.8961784599332243e-01	   5.9574021549401934e-01	   5.6037567031602931e-01	   5.1823734522650966e-01	   6.8838208995753780e-01	   4.0845710479271552e-01	   4.5064651997484995e-01	   7.0042618546204682e-01	   6.6156717793384856e-01	   5.0741432300608325e-01	   4.3570752333804452e-01	   4.8684444650385095e-01	   4.6406628735676714e-01	   5.4241450981504813e-01	   5.6584029899319377e-01	   5.7851483653837676e-01	   4.3232689590066781e-01	   7.0450466325613648e-01	   5.9132859005275473e-01	   5.6853265500418237e-01	   6.0560100122304306e-01	   6.2839731561714818e-01	   6.9046502229965823e-01	   6.7971673813192324e-01	   6.8450479087716531e-01	   6.1607227258339547e-01	   5.7223890412881429e-01	   7.6718200531274761e-01	   9.0694860038089453e-01	   7.0067855524692568e-01	   7.4474323254022123e-01	   5.5023947915469473e-01	   7.8349994764727993e-01	   5.8617108369236282e-01	   6.3957422441178724e-01	   6.6770026559934037e-01	   7.2635741046125135e-01	   5.5579869591516495e-01	   7.0275323160051539e-01	   5.9832529903437714e-01	   5.9817201563527245e-01	   6.1863907232831250e-01	   6.5664515863713724e-01	   6.8386641758580180e-01	   6.9306847610672473e-01	   2.8406408588418497e-01	   5.2307432344872284e-01	   6.5790117134608339e-01	   4.9891958844483120e-01	   5.5497179497007576e-01	   4.8727105711549723e-01	   4.6488893116777674e-01	   6.6538325702136814e-01	   5.0133802486875434e-01	   5.0676155628057584e-01	   7.7629995863868739e-01	   7.9506404325133584e-01	   5.7090221257335860e-01	   5.1048041892730256e-01	   5.8690960128579217e-01	   4.1142125188466661e-01	   6.0109377119562934e-02	   1.5727430181962021e-01	   4.5094490018570599e-01	   4.1524014775405066e-01	   6.8592686216880505e-01	   6.3669865725430297e-01	   5.6909481319590649e-01	   3.6896943872476867e-01	   5.7436586231408637e-01	   5.3500551652095829e-01	   4.1506476411463589e-01	   4.3222525552567614e-01	   6.3135636746495416e-02	   4.0452083264232097e-01	   2.2090934656495685e-03	   2.0133931963871465e-01	   6.0887424980193017e-01	   6.1444681125366118e-01	   5.3156905794087939e-01	   5.1646611316009750e-01	   5.3254224877303769e-01	  -1.9700446034632568e-01	
   3.3811074630645627e-01	   2.3946691891136204e-01	   3.3488716400893531e-01	   4.0573136951772204e-01	   3.2103664089759276e-01	   3.1632961836787432e-01	   5.4351562683063936e-01	   4.5561452110441603e-01	   0.0000000000000000e+00	   5.5208808872765458e-01	   2.4824429670138057e-01	   3.7786322722315113e-01	   5.0795656816181556e-01	   4.2049553826093888e-01	   2.8999817599182964e-01	   1.6887082070709067e-01	   1.3427221712431334e-01	   1.2236613359689655e-01	   1.6929986044301520e-01	   2.3175395048583591e-01	   2.4319580432763699e-01	   2.6669942734537877e-01	   2.8205282561489636e-01	   2.7463459635054110e-01	   3.0124048022803634e-01	   1.5985745591157438e-01	   4.0958454981653825e-01	   3.9329654728037200e-01	   7.0322165012328519e-02	   4.9419932687803050e-02	   1.0428038968502922e-01	   9.6479306765380204e-02	   1.6424382381734615e-01	   2.0866426285143153e-01	   2.4276570361357153e-01	   2.3288201958087623e-01	   3.2087105887827017e-01	   3.1040182060653121e-01	   1.3677839058553951e-01	   1.4910513017887980e-01	   2.7822475838661959e-01	   1.4531894044797011e-01	   1.5523348793428604e-01	   1.8908569196793880e-03	   6.2695503259032059e-02	   1.9454880537103121e-04	   3.7020427700065556e-02	   3.4287838970761784e-02	   2.5232742954253018e-01	   5.9614541714639091e-02	   4.4594448780348994e-01	   3.0735965867687004e-01	   2.8239210430976414e-01	   3.5596275992171128e-01	   2.5014041176178625e-01	   1.9858838606820281e-01	   1.8694999137532173e-01	   3.3477632873278768e-01	   4.3227692452429506e-01	   2.4517670174096071e-01	   4.9772678513254465e-01	   4.3107236932256954e-01	   2.7210841574469319e-01	   2.9695729091845502e-01	   2.6041216205412010e-01	   4.2611362438854850e-01	   2.7362975133346634e-01	   2.6437576684737257e-01	   4.3945552262450410e-01	   3.9114559335181348e-01	   2.2817935081265106e-01	   3.1861963269701421e-01	   1.7775009854069923e-01	   7.1479931354176268e-02	   2.1904340671189571e-01	   2.5854789189910887e-01	   2.1081264870255434e-01	   2.6251746515521235e-01	   1.5608202031071894e-01	   1.2397158296183078e-01	   1.8182757309368591e-01	   1.1460159881021589e-01	   1.4901463697499748e-01	   7.9863133935227495e-02	   1.5258535933063405e-01	   2.5350032136327849e-01	   1.3388747101798401e-01	   1.0022482291939513e-01	   4.6885768426250873e-01	   4.6289534639094765e-01	   3.1309140640795330e-01	   3.2549436743309373e-01	   3.9488051140898550e-01	   2.8953162188732884e-01	   5.4622635513185323e-02	   2.4140939357637275e-01	   1.4256828136247318e-01	   2.8062173418489733e-01	   2.4881484920407404e-01	   3.2425877182412965e-01	   2.5836513491376167e-01	   1.0589717056288259e-01	   2.9862896894213881e-01	   4.0172938734012725e-01	   1.9313015781805637e-01	   5.3434374908711102e-01	   2.1212295229695216e-01	   4.3782168613405426e-01	   1.8341302959778480e-01	   2.9389605434865618e-01	   2.5184895259133383e-01	   2.7706786500852576e-01	   3.1857751433446097e-01	   2.2630250972964949e-01	   3.1947862364490875e-01	   5.8351728514600314e-03	
   6.1217799906819359e-01	   4.0667435175126476e-01	   3.7058510293803526e-01	   7.3348209172992485e-01	   3.3896484336303601e-01	   7.6568592048371253e-01	   4.8334966279193026e-01	   7.5139201283166535e-01	   5.5208808872765458e-01	   0.0000000000000000e+00	   5.8487430530764140e-01	   7.5062969457747097e-01	   5.5681327757580967e-01	   7.4707264717243449e-01	   5.0690318235601217e-01	   5.9331035242181873e-01	   4.7876150930531991e-01	   4.1436633106315224e-01	   4.3596813799974593e-01	   4.6325075877136412e-01	   4.2106463830748908e-01	   5.8815617173640511e-01	   6.7267367108447240e-01	   7.1970851969724259e-01	   5.8222022734254497e-01	   4.5225855113016411e-01	   5.5252986851298369e-01	   6.7159103916842555e-01	   3.7879593669742129e-01	   3.7890578692304100e-01	   4.8483197152608215e-01	   5.0082312314642607e-01	   4.3972519175681013e-01	   4.8200648008007441e-01	   4.4465194602081737e-01	   4.1004782001708362e-01	   3.9295530043009541e-01	   5.0400734203572040e-01	   2.7684809719845505e-01	   2.4517083833675879e-01	   6.4888194930776144e-01	   4.9256811065389017e-01	   2.2236863379463956e-01	   1.5543645021575125e-01	   1.8953316227052375e-01	   2.1277466931370875e-01	   3.1909891071026175e-01	   3.9317204081626400e-01	   4.6977747791849545e-01	   3.2770435823329752e-01	   6.0921655444301137e-01	   5.7781747426279884e-01	   5.7286605518871014e-01	   6.4363784924414835e-01	   5.4214480251503505e-01	   5.9404689867814220e-01	   5.4937980521931939e-01	   5.7509237668418933e-01	   6.1875784188778615e-01	   5.5391697306796106e-01	   6.7455952192079383e-01	   8.5978332981245575e-01	   5.8005437728806231e-01	   6.5610269496082219e-01	   4.2360176522059922e-01	   6.4682698469696043e-01	   4.1439020733628462e-01	   4.4391568905672929e-01	   6.1249587627706403e-01	   6.4060152842963358e-01	   3.8631251218342871e-01	   4.8368209774677284e-01	   3.7090211723050487e-01	   4.7022907085919946e-01	   4.2112835687036421e-01	   5.3822201503398548e-01	   5.1468453193926700e-01	   5.9937461253992708e-01	   2.4615226139646912e-01	   4.2688477777150347e-01	   5.0874342259831862e-01	   3.9730197670093037e-01	   4.5812565963085083e-01	   2.9214854054617256e-01	   4.0367716400177667e-01	   5.6321084517304310e-01	   4.0678256611643238e-01	   4.1781757638038974e-01	   7.1901039013580248e-01	   8.2544940544828027e-01	   5.7450850353324923e-01	   5.0502292991181030e-01	   6.2354091658777522e-01	   4.1823980789978432e-01	   9.3391734845554075e-02	   2.9988490672847040e-01	   3.2931646247432400e-01	   5.0735106287423037e-01	   5.4005181375696854e-01	   5.3607587748096719e-01	   5.3363977427801501e-01	   2.2115133088710354e-01	   5.1356855215025565e-01	   4.7777610663806963e-01	   4.6597565699655075e-01	   5.4066591754538540e-01	   2.1660216633720139e-01	   5.0363860886985601e-01	   1.5202113747792750e-01	   3.6700199710535286e-01	   5.2674961413858445e-01	   4.8598561164865706e-01	   5.1509878404148202e-01	   5.3888570087922472e-01	   5.1665975002866305e-01	   6.1941045815831736e-02	
   8.6054503753175360e-01	   7.4765374480159075e-01	   6.3182634448673558e-01	   6.4048426157802352e-01	   3.0685783241517932e-02	   4.3788658498423172e-01	   5.9816905825398359e-01	   6.9773696938697050e-01	   2.4824429670138057e-01	   5.8487430530764140e-01	   0.0000000000000000e+00	   7.9451048626868170e-01	   8.0217573876430670e-01	   7.4205851599137396e-01	   8.2055922454195684e-01	   7.7283383018198548e-01	   7.5735503430926987e-01	   6.7324229630938992e-01	   8.3448012530057925e-01	   7.3161055614104287e-01	   5.3647871084292942e-01	   6.8471975693706011e-01	   7.7651515286315964e-01	   6.2380071308664342e-01	   5.1473874852456314e-01	   4.0786799058930123e-01	   3.0265345830237278e-01	   4.2444795857428136e-01	   7.1340312772372771e-01	   6.5950124414928668e-01	   6.4685829079861734e-01	   6.5865157761871829e-01	   7.6856266088316183e-01	   7.6428883161456052e-01	   6.9510858170715051e-01	   6.1165157798588576e-01	   5.1968798063488042e-01	   5.3704281283763999e-01	   3.4514820467844387e-01	   3.5556600067191957e-01	   8.1928085440368137e-01	   7.4866377712417120e-01	   5.4490274605452205e-01	   5.5468298001357208e-01	   6.2634266010185657e-01	   6.4080551705265976e-01	   6.0219879833263512e-01	   6.4997223761116862e-01	   5.8028131244386527e-01	   5.8351012747338360e-01	   6.5655521519485360e-01	   5.6534272393712026e-01	   5.5688869960756182e-01	   5.4062164781235167e-01	   7.3544938320208753e-01	   7.1266378415236775e-01	   8.0642415305045967e-01	   7.2892403975400977e-01	   6.5107777169272163e-01	   6.3020610056475468e-01	   6.4588268263980286e-01	   6.5801526623863116e-01	   7.9170145789788082e-01	   7.0322161305898456e-01	   5.6725285734200703e-01	   4.5409914841106302e-01	   6.3193328920138114e-01	   5.9965899647446030e-01	   6.2025826167286091e-01	   5.8204422088460639e-01	   6.9451495692774223e-01	   7.5069432525595392e-01	   8.2310329239628111e-01	   8.3016481471725490e-01	   8.4568434197004860e-01	   7.7880171552751420e-01	   8.1331510225684744e-01	   8.0014937055047897e-01	   2.9106658599817453e-01	   6.6918626007593551e-01	   7.2256856205980169e-01	   6.3569399301395269e-01	   8.0318214767461005e-01	   4.5027652782244654e-01	   7.5735764353092527e-01	   5.7279005989303555e-01	   6.3465059044384597e-01	   5.9993902584428893e-01	   7.2033145687736488e-01	   7.1033338698494231e-01	   4.0280750628865775e-01	   4.0457343281448893e-01	   2.9883887680873567e-01	   2.8353565133129777e-01	  -3.6429928480539747e-02	   1.9166942468559567e-01	   5.5441366389944569e-01	   4.5048607356293391e-01	   6.7714473180069856e-01	   6.1525268749811357e-01	   4.4038226890626264e-01	   2.7278978982595553e-01	   4.9489810538754930e-01	   4.0559278674308430e-01	   4.5404469607702763e-01	   5.0668759279874176e-01	  -4.5451854969018865e-02	   3.7580574686361035e-01	   6.6136871367555999e-02	   1.9499154561603269e-01	   6.1246642957731934e-01	   6.1118403296821444e-01	   3.7361469090007149e-01	   4.6661657361565695e-01	   6.4423096472217189e-01	  -3.8585464593319733e-02	
   8.4890023425947692e-01	   7.0919363527190038e-01	   4.8704192520432016e-01	   7.0354254728420274e-01	   1.1681611180255777e-01	   6.4727802647973398e-01	   5.4303676415689273e-01	   8.0378362451601360e-01	   3.7786322722315113e-01	   7.5062969457747097e-01	   7.9451048626868170e-01	   0.0000000000000000e+00	   7.0708219731184474e-01	   8.9355085138201140e-01	   7.4678296585082737e-01	   8.2511232583224281e-01	   6.2283891646385081e-01	   6.2787936269768319e-01	   6.8567956238343841e-01	   6.9792159818817034e-01	   5.5250275595451992e-01	   7.3001445612555671e-01	   7.6820068545264553e-01	   7.0640130263393441e-01	   5.8441602637796919e-01	   4.3904877965381778e-01	   5.6053061887076061e-01	   6.9050883687523301e-01	   5.8030971178180613e-01	   6.5922520487133351e-01	   6.0529581760373974e-01	   6.2064320057763256e-01	   6.4465696789139026e-01	   6.7374420646547861e-01	   6.1147566720534885e-01	   5.5734634793481419e-01	   6.0055011079934451e-01	   6.8364555587410281e-01	   4.3230834177647931e-01	   5.0537689679923403e-01	   8.1595231345812658e-01	   7.7700894200902304e-01	   4.5081767337486200e-01	   3.6172396781494359e-01	   4.9621733042242588e-01	   4.9427464370844643e-01	   5.3099088548647688e-01	   5.9018092180249138e-01	   6.6613004572009937e-01	   6.0466271063139532e-01	   7.5854909505536294e-01	   7.5344544018445458e-01	   7.2041919322801740e-01	   7.1063023161722505e-01	   8.1958782355127835e-01	   8.2355498898032486e-01	   7.3174610293616849e-01	   6.7903334090132716e-01	   6.9331971177612661e-01	   7.4068339947293627e-01	   7.1248808789632623e-01	   8.2206741173765296e-01	   7.1857115105161262e-01	   7.4760098938567410e-01	   4.9893199503869268e-01	   5.4722470756203156e-01	   5.9209138756396640e-01	   5.9650510044499150e-01	   7.1810688277376411e-01	   7.6105072200915158e-01	   5.5914564033145697e-01	   6.0281800527935636e-01	   5.9287127614769197e-01	   7.4243017554833224e-01	   6.1720586421526979e-01	   6.8999916080061507e-01	   7.3608403293278846e-01	   7.4182187857220927e-01	   2.4223610949483088e-01	   5.1337377314897448e-01	   6.3514588642709147e-01	   5.9585834829188811e-01	   7.4011326767560759e-01	   5.8430122804632412e-01	   6.2770881989247096e-01	   6.3426157846377063e-01	   6.5011592160047194e-01	   6.9195757576347028e-01	   7.8817183352163112e-01	   8.1695129485609086e-01	   6.1819393874633799e-01	   5.7338454069601630e-01	   5.8110005737447934e-01	   4.5265709269551402e-01	   5.0084507901397790e-02	   1.5156841789051945e-01	   5.4742117867077922e-01	   4.4142094296635653e-01	   7.5046377996539393e-01	   7.1281552781445523e-01	   5.6802753330528921e-01	   3.3967506892681387e-01	   5.7791356091363422e-01	   5.6122036019028521e-01	   5.4964831797108493e-01	   5.5633553195275998e-01	   2.0604187131456136e-01	   4.9133972514227148e-01	   1.5586267239028689e-01	   2.7252315720098969e-01	   6.5603712568400341e-01	   6.5104467759259266e-01	   5.4550632001744692e-01	   5.7855646593550669e-01	   6.2085960259654960e-01	  -7.7106992258568763e-02	
   7.7950200383184964e-01	   6.3258822888880506e-01	   5.0230172371898840e-01	   4.5471129045468045e-01	   1.2133199850993868e-01	   3.0795672816110775e-01	   6.3567364523104763e-01	   5.6352131821840667e-01	   5.0795656816181556e-01	   5.5681327757580967e-01	   8.0217573876430670e-01	   7.0708219731184474e-01	   0.0000000000000000e+00	   7.1235553377488214e-01	   7.8627838685456308e-01	   6.2412749557308989e-01	   5.7919695430022955e-01	   5.7760628113301904e-01	   6.9342920503275107e-01	   6.5790757887053397e-01	   3.7342640104727509e-01	   5.0511367909563032e-01	   6.2770135760695256e-01	   3.7977450342540087e-01	   3.4047063791492538e-01	   1.0802310729303019e-01	   3.5912336967420888e-01	   3.8500531239848979e-01	   5.2575435827680717e-01	   5.0283566396262802e-01	   3.1702816142266727e-01	   3.1201660797682623e-01	   5.6231570540130371e-01	   5.9020722770268963e-01	   5.7997173863578233e-01	   5.2927709613256946e-01	   5.4978410847295778e-01	   4.0307925110994641e-01	   2.2298568918188888e-01	   2.2147923611021347e-01	   6.7350324860421018e-01	   5.3133144764124429e-01	   4.2789648158342763e-01	   3.5889549880514648e-01	   5.0962026298150009e-01	   5.2139214611360973e-01	   3.8651847874292067e-01	   4.2671318930615348e-01	   5.0426346733849603e-01	   5.0232443131331039e-01	   5.8607779765129930e-01	   5.0407380282846315e-01	   4.9245094131263345e-01	   5.4398965710836200e-01	   6.4755075993495981e-01	   5.4320719948453278e-01	   6.0371150107913885e-01	   6.0173158126261994e-01	   6.2857418455631864e-01	   6.1594532153065806e-01	   5.9717421243522062e-01	   5.2526533758079808e-01	   6.6273477769760836e-01	   6.0718359616561657e-01	   4.5140011405370967e-01	   3.1914532223448266e-01	   5.8927190048756262e-01	   5.5149978921512233e-01	   5.9960873051720120e-01	   5.6850076296939611e-01	   5.3534991825691192e-01	   6.2008063797359170e-01	   5.9644539036642108e-01	   6.2308519759770409e-01	   6.3268177475203635e-01	   6.3248290066980128e-01	   6.7982670212870389e-01	   7.1281024072792520e-01	   1.6824372633355716e-01	   4.9806404688581551e-01	   5.5676636233262700e-01	   5.4309881932043369e-01	   7.1534969471045018e-01	   4.0002173310363415e-01	   6.6374074807061079e-01	   4.0987871081006488e-01	   5.5573557219906866e-01	   4.6720390925495758e-01	   6.6542345863912655e-01	   6.0916832512033037e-01	   4.2684246738867249e-01	   4.7076391178732790e-01	   3.7268445709547088e-01	   3.8309809684197305e-01	  -6.0546212568957952e-02	   2.0063439558968027e-01	   4.1583625303537441e-01	   3.5707404374608115e-01	   5.7352263773910117e-01	   5.5869240842445222e-01	   4.5005498032822289e-01	   2.0098348370535321e-01	   5.0250100591438951e-01	   3.8891246438988891e-01	   4.7510129281131674e-01	   5.3517743071846002e-01	   3.7892651284811271e-02	   4.4172964533356596e-01	   2.7173670443865455e-01	   2.2532787231738227e-01	   5.5477423306549256e-01	   5.8229395547952079e-01	   4.5087081037124638e-01	   4.3954958883795520e-01	   6.8138513766954745e-01	   5.8829249120684976e-02	
