   0.0000000000000000e+00	   5.8749359524225198e-01	   2.6900613669475126e-01	   5.5814858643989373e-01	   1.7735625244352757e-01	   2.3817046256823465e-01	   3.1893990644431214e-01	   3.3781110879391141e-01	   3.3078675929412149e-01	   2.4412058000597209e-01	   6.7328730881019683e-01	   4.8306497453325831e-01	   5.8434502776977715e-01	   4.6984042894236255e-01	   4.1718936251805705e-01	   4.9227511525583256e-01	   4.5419577291771240e-01	   4.0631494724798856e-01	   6.1744744543945107e-01	   5.0825152905877036e-01	   3.2012252347132375e-01	   4.5384378578233991e-01	   2.0192597249729682e-01	   3.2865147346265222e-01	   2.2580838897508959e-01	   3.3617693553530031e-01	   3.2181537286117695e-01	   3.1226812257833947e-01	   2.6336091662298261e-01	   3.9154926620571628e-01	   5.9727201017479414e-02	   1.8011017431835796e-01	   2.4447198302112508e-01	   3.6398243240748346e-01	  -1.2966918953559348e-01	   5.1086808358484531e-02	   4.1599073357422783e-01	   3.3082379158098929e-01	   3.1603867130345692e-01	   4.9609986468391332e-01	   4.8223508036195006e-01	   4.5361429655808994e-01	   5.6567776413620130e-01	   6.0398358245225203e-01	   2.4167532851522067e-01	   4.1646346790667532e-01	   6.3146888501296217e-01	   6.8026038723714721e-01	   4.9816351437898065e-01	   5.6364768386266939e-01	   3.2381947021481128e-01	   4.1655474799637593e-01	   2.1653187457184650e-01	   3.9218881151913332e-01	   4.6920289771994961e-01	   5.6134878668950938e-01	   8.0410376565513442e-01	   5.4498287386134736e-01	   2.5015832411571087e-01	   3.5455100615361740e-01	   5.9867753010932823e-01	   2.6678730636321690e-01	   3.6618646836307445e-01	   2.3749488883127112e-01	   5.8173238389110989e-02	   2.7141133306170917e-01	   6.9768558516069834e-02	   1.6312860151148076e-01	   5.6577344408693075e-01	   4.0446037790267753e-01	   1.7949245246825352e-01	   2.0122324913768613e-01	   5.8830753242835399e-01	   5.8864673179191251e-01	   5.6091075955925640e-01	   4.9218342371829099e-01	   2.7065575985428897e-01	   3.5829998762903098e-01	   4.5574329899220700e-01	   4.8620172206013784e-01	   6.2596405221426910e-01	   5.1813335651962966e-01	   2.8202334612999208e-01	   4.4617461244982137e-01	   2.4741592796525189e-01	   2.8520148062961725e-01	   1.7963535357426255e-01	   2.1955689435076153e-01	   4.0347117828562817e-01	   5.3741547785256305e-01	   2.1387562022847192e-01	   1.6833151382434061e-01	   1.0231042824681176e-01	   1.3422345172800582e-01	  -5.6458997904005118e-02	  -9.0299855709735047e-02	   4.7575637836619988e-01	   2.7504049416952175e-01	   5.0600102331169894e-01	   6.4941516060438964e-01	   1.6747047504697385e-01	  -6.3044379762342118e-02	   2.1021854264897685e-01	   2.4155166219126520e-01	   2.0084844630458561e-02	   5.8527721562100558e-02	   1.6567237084927042e-01	   2.5688683458697414e-01	  -2.1205228684463720e-01	   3.3495210506764622e-01	   5.3843036549808843e-01	   5.0445272252237328e-01	   4.3142259861234877e-01	   1.0526798336468439e-01	   4.0651580383227104e-01	  -1.3744395942006357e-01	
   5.8749359524225198e-01	   0.0000000000000000e+00	   4.0885000094327988e-02	   4.0009528813989004e-01	   3.4454201100567805e-01	   3.0676081853110754e-01	   4.9362065658807942e-02	   2.7668765754854696e-01	   2.3564008146757690e-01	   1.9775747394095614e-01	   2.5364412423032678e-01	   5.9937188963334898e-01	   3.6910954386648709e-01	   5.0573500456315945e-01	   1.9840419086160965e-01	   4.4150559522492772e-01	   3.6841098261934691e-01	   6.6982726417161931e-01	   4.3957417819373723e-01	   3.6980141602028921e-01	   3.3313656425289606e-01	   4.8118265148740824e-01	   2.6496634805367697e-01	   3.6177262614055028e-01	   3.1125008245456631e-01	   3.5406907506272112e-01	   3.4983305324771130e-01	   3.9530268675832136e-01	   3.9095505428129407e-01	   5.8623840389664816e-01	   9.9145236628245467e-02	   2.8108002372919501e-02	   5.5202682455110438e-02	   1.7951336004393909e-01	   8.3152858221911527e-02	   2.3463229900820506e-01	   5.7825291053885919e-01	   4.4827187399832391e-01	   3.5017684568695739e-01	   5.1907340233580612e-01	   6.1673211663330929e-01	   6.5590409667035665e-01	   4.7415930749801255e-01	   6.2598047496282527e-01	   3.5840829249320372e-01	   4.7935252995614519e-01	   4.7650311663964207e-01	   5.6334031177234856e-01	   4.4318718654374262e-01	   5.9788339445296834e-01	   3.7682831812057549e-01	   6.0434419282949525e-01	   3.8090134144341936e-01	   6.1383563686426856e-01	   3.4982400536307523e-01	   4.9794083473877926e-01	   5.6909895790025211e-01	   4.9602315846306777e-01	   2.0129062471921508e-01	   4.7564579896298526e-01	   2.2351377262227048e-01	   2.3645461815063640e-01	   1.6364256339516470e-01	   4.0166762337103568e-01	   7.5669957838355492e-02	   1.6265641841045367e-01	   2.4739194308739547e-02	   2.3471896907864936e-01	   2.8194379294212851e-01	   1.7530245043957912e-01	   1.8287857509766536e-01	   2.3901045181762587e-01	   3.9285285501677414e-01	   5.2269719623785127e-01	   4.4068896236695299e-01	   4.8857041945250690e-01	   2.3883045381119047e-01	   4.3597564112906850e-01	   3.5108944912565687e-01	   5.5186053148881464e-01	   5.6842435484289189e-01	   6.0312179158748114e-01	   4.3999001967052587e-01	   4.8936211928937717e-01	   2.7098047235555517e-01	   2.8326007961799354e-01	   2.8801212038826385e-01	   3.6275174571764268e-01	   2.0958018596146949e-01	   5.2518141846747390e-01	   2.2864192526385616e-01	  -1.4238957191271995e-02	   6.9739830488245808e-02	  -5.1671128057006584e-02	   9.0133133554194649e-03	   1.0763708360486210e-01	   2.7155850374175106e-01	   1.9992577732764280e-01	   5.5076757241800944e-01	   2.5002332097778207e-01	   2.8415573951464623e-01	  -3.0482429853113480e-01	   3.0074337645177263e-01	  -1.0468761747381833e-01	  -1.4762965207740492e-01	  -5.1755467441855475e-02	  -9.7393958317510299e-02	   1.3816403097903320e-03	  -1.3531945435329840e-01	   2.9056589239365871e-01	   4.0146713228045422e-01	   5.0980057412622826e-01	   3.0293515733769893e-01	   1.8962688878399131e-01	   3.6656180336121214e-01	   7.4938367766432066e-03	
   2.6900613669475126e-01	   4.0885000094327988e-02	   0.0000000000000000e+00	   3.8558678150115422e-01	   7.2601111058707768e-01	  -9.5892449327745127e-02	   6.9246835887268499e-01	   8.2945735151886385e-02	   5.7597553553743008e-01	  -1.6198406573350477e-01	   1.6196984786611646e-01	  -1.7675754947510852e-01	   4.2698327105931078e-01	  -5.7004620617590101e-03	   5.7893606330766134e-01	   1.5493576396324110e-01	  -9.3181668256159297e-02	  -6.9733670842980128e-02	  -1.0569034352058021e-02	   1.7479714440729897e-02	   2.4760820994421037e-01	  -6.7301565542374139e-02	   7.2592842135336277e-01	   4.0342973130378257e-01	   5.1986738195824300e-01	   2.4372775189768969e-01	   4.7663428574776529e-01	   2.3353758090041005e-01	   1.4648027606673063e-02	  -1.3139521035800195e-01	   3.2431002580542168e-01	  -1.1267313810126654e-02	   3.1913263297529404e-01	   1.8404901806735963e-01	   4.6812111540489648e-01	   4.5663602114403340e-01	   3.7402772213101437e-01	  -3.4149739022556774e-02	   3.5880277373951286e-01	  -2.3489269095654922e-03	   2.1734318856289825e-01	  -6.9805439085017136e-03	   3.3336633655019626e-01	   2.0800291417324146e-01	   5.2750769538928510e-01	   4.5726487991781783e-01	   3.0889781394591803e-01	   2.5095807328121406e-01	   5.5574790561425003e-01	   4.0408758445343484e-01	   6.1540633227473285e-01	   2.9635978819457526e-01	   3.8777177552830389e-01	   2.6133791716130722e-01	   5.4554616700382419e-01	   4.3559528229338534e-01	   1.6318716615330819e-01	   2.8871945418193590e-01	   4.7920867563649222e-01	   2.2550548498563813e-01	   4.8491177394584756e-01	  -6.4705157851011746e-02	   3.0347321462423305e-01	   1.1027808640761844e-01	   4.5532279372356577e-01	   2.5845225174987724e-01	   7.6904715927891587e-01	   5.4826313240090085e-01	   3.7039495821366097e-01	   3.5965283350060445e-01	   3.4541604844174090e-01	  -9.4826384126200078e-02	   1.7027362143141539e-01	  -6.9771365404534838e-02	   1.4177212279310672e-01	   1.6319948743332765e-03	   3.5548212775488325e-01	   1.8998824654630292e-01	  -1.2160376592440880e-01	  -3.7118344018748556e-02	  -2.3046855838279718e-02	   2.5300702587141743e-02	   4.1046079361981164e-01	   2.4964251141771510e-01	   5.1252502716050152e-01	   4.7262790171558999e-01	   4.5288619971197697e-01	   3.0669285695832582e-01	   6.2932307854925496e-01	   4.6529445961059601e-01	   2.3134287498993383e-01	   4.4245628743480092e-01	   2.5393166456214888e-01	   6.7084020831036129e-01	   1.6664888346081902e-01	  -1.4631873781666860e-01	   4.0300976582552150e-01	   3.1139612947284928e-01	   2.2375934045566170e-01	   3.7687195285208486e-01	   2.4410655386068708e-02	   4.2681280884458572e-01	   2.4459818930661126e-01	   2.5430086744087910e-01	   3.5019961765447671e-01	   3.5478394652190204e-01	   1.1059139145086469e-01	   5.0459924436174897e-01	  -3.1494093271156709e-01	   1.2836134057469531e-01	   4.3815903063362333e-01	   2.4667353274674436e-01	   2.3800562390720406e-01	   1.0057986771020833e-01	   3.7023514556477966e-01	  -1.4723981532017416e-01	
   5.5814858643989373e-01	   4.0009528813989004e-01	   3.8558678150115422e-01	   0.0000000000000000e+00	   4.0375456503912344e-01	   6.4218783010426306e-01	   4.2597839487446731e-01	   7.2215400318423417e-01	   6.1652010362170495e-01	   5.1796339713788608e-01	   2.9476825130970308e-01	   4.3108986276721972e-01	   3.3142078526119834e-01	   5.5643201338962045e-01	   4.3895697000257405e-01	   5.5831102383465825e-01	   1.3617299714501792e-02	   1.2310689049413746e-01	   4.9174291000940717e-01	   5.7574621668333470e-01	   3.4774169119506926e-01	   5.4689211360573098e-01	   3.6072551728188812e-01	   5.8886603898865697e-01	   3.4226200528963657e-01	   5.9624176990449929e-01	   5.7987045702905982e-01	   7.2319176337908830e-01	  -6.2406905795238735e-03	   1.6303232006803675e-01	  -6.0108916077278359e-03	   1.9342733505170825e-01	   1.4865148960921307e-01	   4.5483381046471011e-01	   2.5786766069573963e-01	   4.0186435096901740e-01	   4.2731405574947889e-01	   3.7052166151557675e-01	   3.2110546582381128e-01	   4.9103886420245479e-01	   2.1053696878454703e-01	   3.8636713375666643e-01	   5.1675416436131705e-01	   4.7127292145848054e-01	   3.6771162799688156e-01	   4.6567159121977386e-01	   4.8278063176406227e-01	   5.2862283645350450e-01	   5.0472813600276323e-01	   6.7518225244256491e-01	   6.2579463291378656e-01	   6.1787924179456732e-01	   3.3585422411347621e-01	   4.9953978334323701e-01	   5.4078796152019082e-01	   5.3875863786936118e-01	   4.8478413568092293e-01	   4.2519938654294953e-01	   3.3197660757212599e-01	   4.6189100799743171e-01	   5.3166492450985459e-01	   5.5558924043945046e-01	   8.3143362420705413e-02	   9.2578480463459817e-02	   4.5282919224324381e-01	   7.9404703510154828e-01	   3.6546767656176277e-01	   6.0517520591770813e-01	   5.0088015674315300e-01	   4.5401176837367657e-01	   2.5053084268212145e-01	   4.4802620907339719e-01	   2.5379517625772696e-01	   3.2817612490958087e-01	   2.9350381703478379e-01	   4.6629920683088799e-01	   3.3381552016944915e-01	   5.9150758955583327e-01	   9.6901018364416308e-02	   9.3198396806916745e-02	   3.3865731498339735e-01	   2.9604778225039385e-01	   2.1748634571039469e-01	   3.8036792378565421e-01	   4.3540473890542652e-01	   4.7904387975094914e-01	   3.0715138011500936e-01	   3.5759021434094218e-01	   6.4214272545228579e-01	   8.0190040415000707e-01	   5.8427292684746723e-01	   3.7260268627486892e-01	   5.0631488548084347e-01	   3.3519664273543737e-01	   1.4385997374292842e-01	   7.5087740148271839e-02	   5.2466970140334102e-01	   3.5535599114046068e-01	   5.7978990203990566e-01	   5.1415887151231099e-01	   3.0809362938844781e-01	   1.4600582408355700e-01	   3.8824371945837177e-01	   3.5843874190163105e-01	   3.1603303853608600e-01	   1.5195272481352604e-01	   2.9328622003410026e-01	   2.9144454997866409e-01	   3.9879262396643252e-02	   3.1293770229247786e-01	   6.2494064320514686e-01	   3.9854000836663406e-01	   5.0543781105996000e-01	   2.7324641551173195e-01	   4.9434453772282771e-01	   6.2351912209331145e-02	
   1.7735625244352757e-01	   3.4454201100567805e-01	   7.2601111058707768e-01	   4.0375456503912344e-01	   0.0000000000000000e+00	   4.9278594377185500e-02	   4.1797527896165576e-01	   7.7273115331644604e-02	   5.7721669393831809e-01	  -1.0318106299596871e-01	  -4.0329857715973222e-02	  -4.9697857698359070e-02	   1.8558575386517706e-01	   7.7894891684367230e-03	   3.6793819616274348e-01	   1.2334657345334339e-01	  -2.1710039099930023e-01	   7.0263593107016326e-02	   6.6082332482363712e-02	   1.9017630863173396e-01	   2.5759131436517085e-01	   5.6515628830835468e-02	   6.8874682951987443e-01	   4.6922280675936751e-01	   5.8664125338408213e-01	   3.9499499778179609e-01	   5.8939165569783780e-01	   3.9727278066272276e-01	  -1.1777978692181754e-02	   2.0749069125457785e-02	   2.3235863043936644e-01	  -8.0800492104440319e-02	   1.2376570826838693e-01	   5.8266262943438771e-02	   4.5185762998906531e-01	   5.2134123727914927e-01	   4.3138848584199407e-01	   6.6028995059383061e-02	   2.6850276414215407e-01	   5.7532721274470115e-03	   2.0948728654108356e-01	   1.4259569007015493e-01	   2.5601792685590297e-01	   2.3961946500040565e-01	   5.0642734255239119e-01	   4.9056379778259385e-01	   2.5196823597471013e-01	   2.3439281740091394e-01	   5.4288664487235694e-01	   4.9642220891760780e-01	   5.7305345932143481e-01	   5.0583475626763197e-01	   5.2996556485090796e-01	   4.8718148845072190e-01	   4.8110100116180493e-01	   4.4775687498638861e-01	   8.2832095109843989e-02	   3.7698228180820614e-01	   5.2472238771760382e-01	   4.7440743947948938e-01	   2.0060411308786319e-01	  -7.3355574437026408e-02	   7.5298183917126879e-02	   1.7241839836973993e-01	   4.1944282538153455e-01	   1.9531658958301643e-01	   7.0419787795844724e-01	   6.5212490795642675e-01	   3.0101728801563876e-01	   3.9791828323089029e-01	   3.3901566926213722e-01	   4.8378257371438409e-02	  -3.9929140016446027e-02	  -8.5338861624971341e-02	   2.2678006411561275e-02	  -3.9085223980430850e-02	   3.0242112358405260e-01	   2.7285571815604420e-01	  -1.6908062981042377e-01	  -3.2232359055909938e-02	  -4.2510308277386721e-02	   1.1114825111637999e-01	   4.8500329675090592e-01	   3.1023989820768999e-01	   5.2229040597632959e-01	   5.0713993969991367e-01	   5.0974924632984309e-01	   3.9788218717709994e-01	   4.9456005465895131e-01	   5.4988757156596324e-01	   3.8944654251179495e-01	   4.4845781365519183e-01	   3.2893416069098791e-01	   5.7665372966660089e-01	   2.0849602081462443e-01	   7.4965330959010007e-02	   2.8730176822045966e-01	   2.1504186344801818e-01	   4.1216458794682403e-01	   1.9229465593199138e-01	   2.3804243345047754e-01	   2.9667087061802017e-01	   4.0145508753380543e-01	   2.8753500104321411e-01	   3.0278663630477110e-01	   4.2366496263866488e-01	  -5.4260560476870376e-02	   4.5223209457404218e-01	  -1.3295568270285452e-01	   1.9171794566876360e-01	   3.9781593023932094e-01	   3.2145972707341186e-01	   2.7574494372542835e-01	   2.0255731841116734e-01	   4.0233199721148705e-01	   4.7115256600988226e-02	
   2.3817046256823465e-01	   3.0676081853110754e-01	  -9.5892449327745127e-02	   6.4218783010426306e-01	   4.9278594377185500e-02	   0.0000000000000000e+00	   3.0082323108918774e-01	   8.0095129758131600e-01	   5.2336249514964905e-01	   8.8248821270718536e-01	   1.3413724664990256e-01	   5.5067686728388432e-01	   2.3044595384281835e-01	   6.1488964524065470e-01	   1.9761039571479441e-01	   4.9127377838936248e-01	  -5.4495651641319753e-03	   7.8823741567628600e-02	   3.4003938834381897e-01	   4.4739109721038384e-01	  -1.3573175263100059e-02	   4.3383709876438270e-01	  -2.2958312069444767e-01	   2.5305152978142755e-02	  -2.3142624600826553e-01	   2.3690219146206132e-01	   9.5833019757734755e-02	   5.4457438743040842e-01	   1.0743377106516706e-01	   3.0064315462749647e-01	  -2.1163969608059849e-01	   1.9595875421502842e-01	  -2.1890850495113058e-02	   3.6938063671564259e-01	  -3.2470965352126235e-02	   1.4585726094372869e-01	   3.3321497893941079e-02	   3.3083265382428229e-01	   7.2486699721772213e-02	   3.7455924568964793e-01	   4.0285205281504671e-02	   2.9795467596434178e-01	   2.3924041741479499e-01	   1.8943091032674270e-01	   1.9061943997956748e-01	   2.7486954715036177e-01	   2.3105056391539727e-01	   2.7254900590506703e-01	   3.0702904044860407e-01	   5.2439668240523984e-01	   3.5037334022007938e-01	   4.1734100128116819e-01	   1.4110824499923358e-01	   3.1851081620345573e-01	   1.9381766499113134e-01	   2.3118447543597731e-01	   1.9249686698787702e-01	  -2.5145683369532889e-02	   1.7656618022046927e-01	   2.3901974618332411e-01	   3.6043860649263687e-01	   7.4338865802000076e-01	  -7.4332370137288120e-02	   4.4731625678847642e-02	   1.8083039980956483e-01	   6.0157628134965002e-01	  -2.1661782029443064e-02	   3.3026510096134976e-01	   1.7432594151996972e-01	   1.0584207595894245e-01	   2.3254692455949032e-02	   4.2752101879811943e-01	   1.4297378975744787e-01	   2.8657590439304648e-01	   9.5571039625997972e-02	   4.1007615572581696e-01	   1.7276409743829178e-02	   4.3374513730136555e-01	   1.5356959446785462e-01	   2.0699489300766671e-04	   2.7667951250952050e-01	   9.6747523437931443e-02	  -1.7941486707482057e-01	  -7.0902761981042201e-02	  -1.1137257191773095e-01	   1.4206968877800891e-02	  -1.7456396519151235e-01	  -7.6309559787827788e-02	   3.6147838288422940e-01	   4.3488053140163613e-01	   4.2740382934650206e-01	   1.4942000615294332e-01	   2.2273797178254118e-01	  -8.7581088836964832e-02	   1.0952757132526742e-02	   2.2252696093771629e-01	   9.6069869400546931e-02	   1.5306434341772368e-01	   3.8515201192748955e-01	   1.1002651583029230e-01	   2.1522815245720994e-01	   5.5894125657501320e-02	   1.4147384711835748e-01	   1.4737971911043649e-01	   6.7181167290445362e-03	  -1.7522710004893022e-01	   1.1866504753926133e-01	  -7.1794302884676919e-02	   1.9733045883545453e-01	   2.2917751505285766e-01	   2.7868533217963609e-01	   2.3481946597746589e-01	   3.3895852106350621e-01	  -7.0378898343256748e-03	   1.5977776783024383e-01	   1.7288065953305470e-01	
   3.1893990644431214e-01	   4.9362065658807942e-02	   6.9246835887268499e-01	   4.2597839487446731e-01	   4.1797527896165576e-01	   3.0082323108918774e-01	   0.0000000000000000e+00	   5.7116593584922359e-01	   7.6030286169154293e-01	   3.5588368455894326e-01	   4.2452029183980300e-01	   2.6043376818457070e-01	   5.7363563813616192e-01	   3.0882439073580570e-01	   5.7766698753584800e-01	   3.4644587091530366e-01	   3.3443915915089523e-02	  -3.6920099481398683e-02	   3.2008855770854339e-01	   2.5479235121942717e-01	  -1.5837804579621420e-01	  -1.2822304399039486e-01	   2.3251819531923743e-01	   9.0179083880663105e-02	  -7.4427777333109874e-02	  -9.0185499883281062e-02	   4.5637036873959494e-02	   9.4840151009488241e-02	   2.4831768973974533e-01	   4.0777086765687864e-02	   1.8631967302675001e-01	   2.3197543145967453e-01	   4.2630350349375473e-01	   4.4296883773844653e-01	   1.3050585327907419e-01	   2.5512284412945208e-01	   5.1663874908824625e-02	  -3.3066496475502347e-02	   1.9484635279415655e-01	   7.6593553782965049e-02	   2.4924805874789711e-02	  -2.8293786318173614e-02	   1.8932219091047967e-01	   1.0018580363630868e-01	   3.8409830616438601e-01	   3.8842343707889615e-01	   2.5265172092265498e-01	   2.4344909495433431e-01	   4.5222141828880080e-01	   4.7730250580751682e-01	   4.4062652358358878e-01	   1.7535505042091831e-01	   1.0848138193540005e-01	   1.6492896989103906e-01	   3.6020685746032988e-01	   2.9107356961605124e-01	   8.7718590616800901e-02	  -7.6670092292773287e-02	   2.2974223425482598e-01	  -2.6054748802869780e-02	   6.5495653586851399e-01	   3.7726671179367299e-01	   1.0331543159673497e-01	   6.7130571203578474e-02	   4.0183589699228006e-01	   4.6887626344845446e-01	   4.3309499490389725e-01	   4.1366790687505894e-01	   1.6517267262326185e-01	   1.4221933991019794e-01	   3.5417756570657477e-01	   2.0441929245709167e-01	   3.0694880323795704e-01	   1.8441527902886717e-01	   1.9374358739382749e-01	   3.3477643287614256e-01	   3.2105342715329571e-01	   3.7208347018782051e-01	   3.9835631274381361e-02	  -1.7280139624885182e-02	   3.5875298811951221e-02	  -5.5519339264454501e-02	   3.7653621960455963e-02	  -2.1351621970513469e-02	   1.5536164059788299e-01	   2.9715489112811999e-01	  -3.5982405183807575e-02	  -6.5418149459652200e-02	   5.5473609528537127e-01	   3.1043676756664829e-01	   3.9863097190820351e-01	   4.5954351070241717e-01	   3.1122325272006540e-01	   4.3707586453675051e-01	   4.6309653548895095e-02	  -2.7252550921988642e-02	   2.8534185098455028e-01	   2.6829655279887321e-01	   3.1133280847910255e-01	   3.7395052548711316e-01	   2.0801968036482010e-01	   4.7961221867164666e-01	   1.2249265249254537e-01	   1.9055706644401244e-01	   1.9827365877635586e-01	   5.0529024661740786e-02	   1.3661388444885275e-01	   2.8779602711159580e-01	  -2.0438689994111631e-01	   1.6331855036672122e-01	   3.6041728291114711e-01	   3.1550843675677065e-01	   3.5445181383348129e-01	  -3.2476519792365717e-02	   2.1687836616960529e-01	  -3.1805990947728638e-02	
   3.3781110879391141e-01	   2.7668765754854696e-01	   8.2945735151886385e-02	   7.2215400318423417e-01	   7.7273115331644604e-02	   8.0095129758131600e-01	   5.7116593584922359e-01	   0.0000000000000000e+00	   6.1262334431112087e-01	   8.4259860748419113e-01	   3.0388175812975110e-01	   6.4729589577315783e-01	   3.1777154109323480e-01	   6.4300791600894946e-01	   3.1645828074662813e-01	   5.3683989758483919e-01	   1.2103554086330560e-01	   1.4552075399677408e-01	   5.3693119097261377e-01	   5.4702839782676793e-01	  -1.7047510966064883e-01	   2.9343138677912739e-01	  -1.2814926702976098e-01	   1.1884673999859277e-01	  -2.3676481587872755e-01	   1.3236341752743069e-01	   6.0840514246017018e-02	   4.4594758264628048e-01	   1.8230176977048301e-01	   2.6317861077404003e-01	  -6.4118050146748762e-02	   3.4594135844859497e-01	   2.6050444327053068e-01	   6.1030398464295843e-01	   2.1488708646737076e-02	   2.4785625390563920e-01	   9.3234702337817624e-02	   3.3102284570747392e-01	   1.7030512613036275e-01	   4.1443698231183673e-01	   1.2431370452498949e-02	   2.1931372942216482e-01	   2.6190475897530408e-01	   2.2862020545210149e-01	   2.3960046568859450e-01	   3.2346918137937403e-01	   2.8005040038881840e-01	   3.3147290391736978e-01	   2.7668164573980875e-01	   5.4359264631140913e-01	   3.4980732161434569e-01	   3.2304172796511399e-01	  -1.1154174199441912e-02	   2.4526308199320213e-01	   2.8244895760134348e-01	   2.6744753332770987e-01	   2.4276756837387575e-01	  -5.4508382117423544e-02	   7.5052466767593171e-03	   7.4671497822031613e-02	   4.9551059313873125e-01	   8.2925672777053094e-01	  -3.3156453118881796e-02	   1.6253449720914048e-01	   3.3557419058241433e-01	   7.7585748245513653e-01	   6.7247773752462409e-02	   4.1694191369216965e-01	   1.9570558323162646e-01	   1.3837504590361743e-01	   2.1672512113489892e-01	   5.8515032958448088e-01	   2.8905999182651593e-01	   4.1659387322720354e-01	   2.3909834296090460e-01	   6.2610341322560747e-01	   2.6957111457601196e-01	   6.3229156503188255e-01	   1.7520550963888321e-01	   3.0521399876581746e-02	   2.9620554586060199e-01	   1.6281985631433291e-01	  -1.7803605724419591e-01	   1.4773757924307414e-02	   1.6305898441792553e-02	   2.1509205840704831e-01	  -1.7057490480720430e-01	  -7.5733996482128640e-02	   4.4888837359729816e-01	   4.3165147339972348e-01	   5.8281149202772164e-01	   3.2734416832236990e-01	   4.5461725892257199e-01	   9.5006941409965517e-02	   2.2224920756545249e-02	   1.8289088196298947e-01	   2.7273350408917346e-01	   2.1278219235825618e-01	   5.2734772131449104e-01	   2.9908271404690662e-01	   4.3206047657977908e-01	   1.8958258336678718e-01	   2.0940690868349945e-01	   2.1707580424639705e-01	   8.6379094903166281e-02	  -1.2808044371620392e-01	   1.9844681311120210e-01	   1.0237685359189130e-02	   1.2540903891390767e-01	   2.4700601862106836e-01	   4.1942640347881710e-01	   3.2571893258818851e-01	   3.7719361808783303e-01	   4.5939744823471129e-02	   2.7578665439661121e-01	   1.4820963854789027e-01	
   3.3078675929412149e-01	   2.3564008146757690e-01	   5.7597553553743008e-01	   6.1652010362170495e-01	   5.7721669393831809e-01	   5.2336249514964905e-01	   7.6030286169154293e-01	   6.1262334431112087e-01	   0.0000000000000000e+00	   5.0502025791925043e-01	   2.3617662809068934e-01	   2.5092845552460741e-01	   4.1645790707729802e-01	   3.0903822428867800e-01	   5.0636307569215977e-01	   3.3767051547495613e-01	  -1.7608377827228378e-01	  -1.2085709963597406e-01	   2.1286677837321669e-01	   2.9835514096240762e-01	  -1.0531236373622663e-01	   3.4953120709551838e-02	   2.3360252054977088e-01	   1.5132925174424583e-01	   7.6680737600171231e-02	   1.1854840325024762e-01	   2.3663550888249046e-01	   3.4888018398026416e-01	   6.2330123116986325e-02	   1.6156797384714802e-03	   1.7683167948256452e-02	   9.8444211435303797e-02	   7.8388427659457374e-02	   2.5213858072075718e-01	   6.4677248954257777e-02	   2.3108988002040148e-01	   4.6945543094201563e-02	  -4.0273814971278604e-02	   9.4018033857905331e-02	   5.9405269437377714e-02	   3.5300841413406555e-03	   5.6183469325243957e-02	   2.5619337620725346e-01	   1.9130664574089706e-01	   3.0689347987302368e-01	   3.6377711959023629e-01	   2.3766545765629071e-01	   2.7025160381370039e-01	   4.9191163766575385e-01	   5.7587757644058080e-01	   5.1914300726206286e-01	   4.8577893661026539e-01	   3.2040815223172897e-01	   3.7912567056603419e-01	   3.3330478207264164e-01	   3.1268337548123876e-01	   1.3398564833598611e-01	   1.1367179412773414e-01	   4.2321576012096368e-01	   3.3490447979111793e-01	   5.7642327138482641e-01	   4.8259744655137726e-01	  -3.1994141209376575e-02	   7.3366673484431488e-02	   3.4510551412004570e-01	   4.9187915504637103e-01	   3.9581132893649851e-01	   4.7553720118007575e-01	   2.5046295930047668e-01	   2.6595566413745542e-01	   2.7042681236980443e-01	   2.5441315835912848e-01	   1.3529675256909687e-01	   1.0912567225301568e-01	   4.8008667411082083e-02	   3.1124243518115380e-01	   1.5858289480489263e-01	   3.6482802836266059e-01	  -1.0909422247360354e-01	  -1.5998774380474218e-01	  -5.1015762504069369e-02	  -1.4162691782078127e-01	   6.7226679085663918e-02	  -3.6010069903554286e-02	   1.2266486701162449e-01	   2.1984654532351916e-01	   3.0904674860767371e-02	  -7.0500491440306512e-02	   5.2643465902596842e-01	   5.3861760297586780e-01	   4.5184050037431356e-01	   3.9276882317035078e-01	   2.9409874292253058e-01	   3.8539453457990458e-01	  -1.8695657743371008e-02	   3.1736498824963155e-02	   2.0826682658328083e-01	   2.1779343071007162e-01	   4.0149286179115767e-01	   2.3899954085388317e-01	   2.7634697781127487e-01	   4.2164403929522382e-01	   3.0161906813437356e-01	   3.9931074808982076e-01	   2.5460349956846590e-01	   1.2908395337325923e-01	   1.6943261956715633e-01	   3.1423991491401493e-01	  -1.6308023524813559e-01	   1.6272028683156692e-01	   3.7225764117988625e-01	   3.2572367565123472e-01	   3.5302828174890877e-01	   5.3625850190801162e-02	   3.0375670537702754e-01	   4.7579743253910831e-02	
   2.4412058000597209e-01	   1.9775747394095614e-01	  -1.6198406573350477e-01	   5.1796339713788608e-01	  -1.0318106299596871e-01	   8.8248821270718536e-01	   3.5588368455894326e-01	   8.4259860748419113e-01	   5.0502025791925043e-01	   0.0000000000000000e+00	   1.9272543387770963e-01	   5.6591168993345919e-01	   2.1650445679723879e-01	   5.5620121766228459e-01	   1.4554656923084347e-01	   4.5040759696607663e-01	   4.4396238049991696e-02	   7.2157567267730760e-02	   4.0886597265820823e-01	   4.9004726273431376e-01	  -2.4560636493022076e-01	   2.4828528431578495e-01	  -3.9490310673960044e-01	  -1.3463591716956033e-01	  -3.9555695514743061e-01	   5.0881052061722762e-02	  -8.0257255139265668e-02	   3.3361641956680121e-01	   6.2369053718297124e-02	   2.1038044370502904e-01	  -2.7888148372192506e-01	   2.2222119152377645e-01	   4.0513026624899168e-02	   4.1322064645982415e-01	  -1.8786596834702821e-01	   2.8787195462315340e-02	  -8.7610826477175843e-02	   2.7487043000107542e-01	   7.4018823350093244e-02	   3.6391379198154317e-01	  -7.4666496140840477e-02	   1.9607858253841909e-01	   2.4464500837446265e-01	   1.7914103515779645e-01	   9.5280672311334247e-02	   2.0941656478345921e-01	   2.7302164948360774e-01	   3.0450717006803096e-01	   1.8887770257104169e-01	   4.5310672883437292e-01	   2.1851370953382748e-01	   2.9701186571930333e-01	   2.1290341788299440e-03	   2.3581200279379921e-01	   1.7262708375521962e-01	   2.0150347674935343e-01	   2.0199994895752996e-01	  -1.3542584842494346e-01	   2.0793685540338855e-03	   6.9266926159534559e-02	   3.3404306097003966e-01	   7.1792203639273755e-01	  -1.3677698481958697e-01	  -6.5538841138580474e-03	   1.3132377404256179e-01	   5.4840408255622330e-01	  -1.3946007340559766e-01	   2.2220277829981774e-01	   1.5760999131604791e-01	   1.1631722753491459e-01	  -3.4692280154421676e-02	   4.0639978727257953e-01	   1.7163461874096578e-01	   3.0019471827059074e-01	   9.0155445994345315e-02	   4.4778383246660980e-01	  -1.6720382842189983e-02	   4.2481987288810930e-01	   1.6966910113748182e-01	  -1.3178067027236881e-02	   2.9519736278344860e-01	   9.8471882391803975e-02	  -3.8698767568217385e-01	  -1.4057724546703293e-01	  -2.4432170363745681e-01	  -1.9741398820516832e-02	  -3.8893230216733055e-01	  -2.3360672289151979e-01	   2.5679998151223266e-01	   2.8658039930712498e-01	   4.6517173113672095e-01	   2.2995975644249878e-01	   2.9057962543092075e-01	  -1.2008279770468713e-01	  -2.1137464527122243e-02	   1.9958001848073201e-01	   1.5264915078901362e-01	   1.7190836993509584e-01	   4.2295231323866272e-01	   2.0281314442312898e-01	   3.1851731096619351e-01	   4.1192468489283159e-02	   1.3516380152741322e-01	   2.0727623028137296e-01	  -1.7644640544317518e-02	  -2.9374143897490662e-01	   1.6598698091127972e-01	  -1.1149246333517923e-01	   2.3374939040493364e-01	   1.9902059803538424e-01	   2.8365742165185370e-01	   2.8377270374111474e-01	   3.9359358039700965e-01	  -2.0986094996873393e-02	   1.1369353994548193e-01	   1.2011099441213180e-01	
   6.7328730881019683e-01	   2.5364412423032678e-01	   1.6196984786611646e-01	   2.9476825130970308e-01	  -4.0329857715973222e-02	   1.3413724664990256e-01	   4.2452029183980300e-01	   3.0388175812975110e-01	   2.3617662809068934e-01	   1.9272543387770963e-01	   0.0000000000000000e+00	   4.5882846230246893e-01	   7.0309366524676475e-01	   3.9524829178301057e-01	   4.0809241178084377e-01	   3.3533124976071199e-01	   3.9529847457971112e-01	   2.1655386497423407e-01	   5.2251414416815245e-01	   2.0723281130414112e-01	   1.1724166739101961e-02	   1.0313221440240571e-01	  -2.7209543666197281e-02	   8.0922040873360454e-02	  -1.8417463694120187e-01	  -6.5262610904217491e-02	  -1.2912106118281516e-01	  -1.1875294207361210e-01	   3.8985781421027316e-01	   2.7328260105613800e-01	  -8.1459502799202721e-02	   1.4546719166946431e-01	   2.2445138775344645e-01	   3.0864123018128109e-01	  -2.4876592737859754e-01	  -1.1424635454307541e-01	   1.8645025743059968e-01	   1.1259718855433293e-01	   6.3964928770468277e-02	   2.6594871052298341e-01	   1.7130594438082503e-01	   1.4018900532563794e-01	   2.9824862664430818e-01	   3.5637057985369203e-01	   1.2917074954786492e-01	   2.2967022606764742e-01	   4.0422860442876057e-01	   3.8258360883256515e-01	   3.0106032815037898e-01	   3.0431314115628355e-01	   6.2385609733957077e-02	   5.5789959260776928e-02	  -9.8108171554220469e-02	   6.5995209807816424e-02	   1.9153610097547447e-01	   2.3261383869876434e-01	   3.7563504427978883e-01	   1.5556866478815726e-01	   8.5426611070334516e-02	   4.4286987657565502e-02	   6.2498685210973759e-01	   2.7771776095869138e-01	   1.6570385854172415e-01	   8.1057811223845061e-02	   1.7771359287349728e-01	   2.7688052332885721e-01	  -1.1287710978899085e-01	  -4.9539180560672559e-02	   1.1777908117561980e-01	  -3.1772386441499843e-02	   1.6545730409614759e-01	   9.1611251341660760e-02	   4.5208102853867338e-01	   4.4481660379620158e-01	   3.6100561368338435e-01	   3.9937850674736963e-01	   2.6954144130722568e-01	   2.1590958484528197e-01	   2.9807551889359196e-01	   2.9647384811533978e-01	   3.4529329164736877e-01	   2.0450000655140091e-01	   9.6504785947884197e-02	   7.1694138867093554e-02	   1.2944658188184185e-01	   1.8010520012754927e-01	  -5.4713302955983187e-02	  -2.7372794237326890e-02	   2.9453863262659957e-01	   1.7511001626448461e-01	  -2.1140764722313826e-02	  -1.8604091766895158e-02	  -1.4957138796438493e-01	  -9.9223630373765997e-02	  -8.5171379842071612e-02	  -2.5754938192990223e-01	   2.3159260920068539e-01	   4.9310350514520818e-02	   1.6757965773808781e-01	   4.2942124337955090e-01	  -9.2070283671484787e-02	  -9.7844820335118932e-02	  -9.3693410526629176e-02	  -9.8839105594563603e-02	  -1.3667958288545023e-01	  -2.5650983047458131e-01	  -5.9970724739927789e-02	  -2.1827365943841562e-02	  -2.0157138464713434e-01	   1.0443141964124297e-01	   2.3364302364561879e-01	   2.4505055564409395e-01	   1.8106531894950278e-01	  -3.6058507945039675e-02	   1.9884017213566874e-01	  -1.4785023594797564e-01	
   4.8306497453325831e-01	   5.9937188963334898e-01	  -1.7675754947510852e-01	   4.3108986276721972e-01	  -4.9697857698359070e-02	   5.5067686728388432e-01	   2.6043376818457070e-01	   6.4729589577315783e-01	   2.5092845552460741e-01	   5.6591168993345919e-01	   4.5882846230246893e-01	   0.0000000000000000e+00	   4.5813443263701203e-01	   8.1386090838203362e-01	   2.8872756339360495e-01	   6.9407818490625484e-01	   3.5330342251807895e-01	   5.6387355721736765e-01	   6.3899840792562224e-01	   5.8716129479510282e-01	  -4.8040648934192791e-02	   3.5179557217270280e-01	  -1.0271548907575964e-01	   1.9095105688360001e-01	  -1.8196000856238537e-01	   6.7204938133785169e-02	  -5.4576152470580439e-02	   2.6410276764796498e-01	   4.8510063785930180e-01	   6.5405798434009599e-01	   1.1163172319756805e-02	   3.1955316374349541e-01	   2.9346292024067883e-01	   5.4380241276037922e-01	   1.9913667119575183e-02	   2.5117314313660621e-01	   2.3458292861798011e-01	   5.4107350130297527e-01	   1.1142709715877483e-01	   5.3209913210970161e-01	   3.8840592494016346e-01	   5.4099659111214971e-01	   3.7873557897094223e-01	   4.7596069715261996e-01	   3.1607796447269976e-01	   4.3572041433139097e-01	   3.7056793485171546e-01	   4.4971345313025951e-01	   2.7995712577055587e-01	   5.1082257114518870e-01	   1.7760580330444078e-01	   3.1833500356505673e-01	   8.6150765490902545e-02	   3.9319933171805421e-01	   2.2695931756335269e-01	   3.0655448093644633e-01	   4.0112891382667232e-01	   7.5959653164096308e-02	  -7.9888477767237176e-02	   1.3700019879632755e-01	   3.8468170075285840e-01	   5.9199612783344502e-01	   6.7830734686352950e-02	   3.8530510782484328e-01	   9.1076629878757157e-02	   4.5239367389553481e-01	  -1.5317656051623582e-01	   2.1787217905319251e-01	   5.0335734068542193e-02	  -2.0050186308046183e-02	   8.9937373369367857e-02	   4.7598079036091190e-01	   3.8185615206177992e-01	   6.7108666663540351e-01	   3.6418966019562549e-01	   6.8754349771642143e-01	   2.7020818808549141e-01	   5.7107837682403773e-01	   3.8435914028766183e-01	   4.2704466586329620e-01	   5.3883129327143853e-01	   4.9975889735674661e-01	   1.1879029057510762e-01	   2.5644308622856460e-01	   2.7451574042833344e-02	   2.2356367700212229e-01	  -1.3966006886375115e-01	   1.2675787415374664e-02	   2.4641125072856507e-01	   3.1071435759425775e-01	   3.6688742210152325e-01	  -4.2578122266331328e-02	   2.0474713354476978e-01	  -1.8812472628657534e-01	  -1.4596813092820624e-01	   2.5157847933634336e-03	   8.6105453894050277e-02	   5.8468047220590923e-02	   5.2646216254295730e-01	   2.4597697966443510e-01	   3.0349350673212427e-01	  -2.2943556473793789e-01	   1.4174397378859971e-01	  -1.6345190921639166e-01	  -1.6739015063972790e-01	  -3.5702001076750245e-01	  -4.5002519017730966e-03	  -9.5971157748233393e-02	  -3.7105666371292867e-02	   8.1332910042640191e-02	   3.9858906090532004e-01	   4.3248804520599116e-01	   3.0345202467182497e-01	  -6.5875124146649006e-02	   8.9701551469754295e-02	  -9.0080239675738333e-02	
   5.8434502776977715e-01	   3.6910954386648709e-01	   4.2698327105931078e-01	   3.3142078526119834e-01	   1.8558575386517706e-01	   2.3044595384281835e-01	   5.7363563813616192e-01	   3.1777154109323480e-01	   4.1645790707729802e-01	   2.1650445679723879e-01	   7.0309366524676475e-01	   4.5813443263701203e-01	   0.0000000000000000e+00	   5.9842971928192701e-01	   7.7739572103040278e-01	   5.5303426315719706e-01	   3.3499088002528143e-01	   2.9074952836866563e-01	   2.5356029868515939e-01	   1.6283611972281900e-01	   1.9392409785589884e-01	   1.2964106525191738e-01	   2.3427717848424479e-01	   1.8499877764672845e-01	   1.0935742765807047e-01	   3.5623848782754791e-02	   1.3030044948393282e-01	   9.4905490415551380e-02	   4.8733737420620671e-01	   3.6999907794797326e-01	   9.9727166739839473e-02	   8.3374334470699371e-04	   2.6043625428562345e-01	   3.0194463851358561e-01	   1.0653853349092665e-01	   1.8756702323441943e-01	   4.1185474071881173e-01	   3.3480491468028373e-01	   3.1421530933571795e-01	   4.2152461152035475e-01	   4.2441727052796535e-01	   3.4000829527537962e-01	   4.6083168522687212e-01	   4.6909124439385191e-01	   4.3748491357172625e-01	   5.2126873334263879e-01	   4.4793898577553259e-01	   5.0189111118722829e-01	   5.9259610614182989e-01	   5.1490613120504480e-01	   4.4011005781778434e-01	   2.3960880863940778e-01	   1.9742022954229169e-01	   2.3579356512249014e-01	   4.8929448893632199e-01	   4.3887970522548542e-01	   3.6957389798708895e-01	   1.4692776928358769e-01	   3.5339253092928941e-01	   1.4822912010660105e-01	   7.0023419970734668e-01	   2.2761500822387562e-01	   3.6817458407192993e-01	   2.4654560586908592e-01	   1.2921550727629541e-01	   2.4290841735408236e-01	   2.5945145911004486e-01	   2.5408847623607295e-01	   2.2860871572106148e-01	   9.2189902255478601e-02	   2.1384469522884145e-01	  -9.5451432870452858e-03	   5.4704640969799045e-01	   4.0445324372985236e-01	   2.9796030229560705e-01	   4.0236010793149624e-01	   2.4619259608141347e-01	   2.8213145846403925e-01	   2.8467300280733537e-01	   2.8088897638169408e-01	   3.7284889019384881e-01	   2.7171836017643952e-01	   3.0828155747535818e-01	   1.8830180064107982e-01	   2.1177476833660408e-01	   3.2200232974539367e-01	   7.6593638678526685e-02	   7.1094614164478570e-02	   5.9714690095094547e-01	   3.6545833482262952e-01	   5.5239694598743505e-03	  -4.8926661604041929e-03	  -9.0539379211081406e-02	   7.9123870528231235e-02	   2.9931249997285428e-02	  -1.0208067108447079e-01	   3.1858721145921953e-01	   3.1262767336973152e-01	   2.4940769032099630e-01	   3.0515105077087185e-01	  -1.3387303544906271e-01	  -9.9097969098807581e-02	   3.7551582073921008e-02	  -1.9446013184704067e-01	  -1.7085786896434532e-01	  -2.1433599499612355e-01	  -1.4801261485816023e-03	   9.9613019447541334e-02	  -3.2631446024447530e-01	   1.1036879788696372e-01	   4.3891724009967348e-01	   3.9940642114970870e-01	   2.8465084876921920e-01	  -6.2508231141812171e-02	   2.8652048720566137e-01	  -2.9280095715364546e-01	
