   0.0000000000000000e+00	   8.6532068544448104e-01	   6.7813823135135154e-01	   5.8612400499481987e-01	   6.3308487105109590e-01	   6.7887584124389000e-01	   7.7782786178131436e-01	   6.1091193472018290e-01	   5.1735283797237352e-01	   5.8843062159346426e-01	   5.0041742837648584e-01	   5.6353274165128830e-01	   5.8515285243463855e-01	   5.8999258456859993e-01	   5.4598605259817079e-01	   6.2575237904161052e-01	   7.4090068797236697e-01	   6.9521044479990457e-01	   8.0527429195580780e-01	   7.5336764628734454e-01	   3.4247032660506360e-01	   3.6512349527141924e-01	   4.8351337010862472e-01	   5.1600235975945963e-01	   5.7961807697299839e-01	   4.3862018775537542e-01	   5.0293143689934605e-01	   3.7802804203878709e-01	   5.2064396134018975e-01	   5.9714936235096738e-01	   4.2069139088015084e-01	   4.3544287675629356e-01	   8.2680100350164132e-01	   7.8255173496820363e-01	   6.1021970438696926e-01	   5.6596010074993075e-01	   6.4356481096907570e-01	   6.5815372354756829e-01	   5.7418944830369267e-01	   7.4207146426038761e-01	   7.8850248481862562e-01	   8.3576513074465320e-01	   6.4199828790653513e-01	   5.2290228174135112e-01	   5.9535087661250152e-01	   5.6751781305523696e-01	   6.5438217537059884e-01	   6.0619116286817276e-01	   6.6399641316805114e-01	   5.8350621259224034e-01	   7.9274021477583823e-01	   6.7618511599654196e-01	   7.6894075630538450e-01	   5.2595549476211934e-01	   8.1627157019152796e-01	   7.4169973418015989e-01	   8.5232685790103824e-01	   8.1707239546816512e-01	   7.9061572562707783e-01	   6.1568927378260985e-01	   6.3011864169249343e-01	   5.0662983752403190e-01	   6.4631444921191428e-01	   4.8671598679497319e-01	   4.2074930679804401e-01	   5.2956273161367184e-01	   6.7019480376711460e-01	   6.4905629620124305e-01	   6.4421247005532645e-01	   6.1576174037803710e-01	   7.1692814446388253e-02	  -1.0544176798397606e-01	   6.0851885085586854e-01	   6.2499676334760013e-01	   7.3763592741754347e-01	   7.2804823679029118e-01	   7.7392291049082318e-01	   7.2840173565706134e-01	   8.3402453607748628e-01	   7.4238783658105834e-01	   8.2160830773106874e-01	   8.1725199579636032e-01	   5.9263009307808323e-01	   5.2943816044545167e-01	   7.1772933200474531e-01	   7.1404363573009921e-01	   3.7749411493754992e-01	   5.1106742056851839e-01	   6.8223089552402150e-01	   7.1514496985945541e-01	   7.0487829100200350e-01	   4.8949059073423151e-01	   5.4322244954114796e-01	   4.4826863964430985e-01	   1.3572347850057989e-01	   2.3781542690647067e-01	   6.4510011779819210e-01	   6.8217866853559972e-01	   7.7212216362899366e-01	   6.4263061154769630e-01	   5.6499815855564806e-01	   5.0807669480508999e-01	   6.1184710212252291e-01	   5.0394174278265680e-01	   6.7789620546011664e-01	   5.6080706875820985e-01	   5.9909695868214652e-01	   9.9187280117512933e-02	  -6.0788633425463243e-02	  -6.8901058980037816e-02	   4.2088767120031911e-01	   4.8649833086351041e-01	   2.4119832915243158e-01	   4.9738189778235936e-01	   5.4620355613026306e-01	   5.8239412388885325e-01	
   8.6532068544448104e-01	   0.0000000000000000e+00	   5.6285809896301653e-01	   6.3748067225820826e-01	   5.1180585070075679e-01	   6.3227527665208227e-01	   6.5795385118149508e-01	   6.1437116222651789e-01	   3.4612571010314164e-01	   4.0327469469881055e-01	   4.5502124635585672e-01	   5.5095576248469069e-01	   5.4449283473347787e-01	   4.9766387836174292e-01	   3.8829393594660550e-01	   4.4397228751729928e-01	   6.9322969752018426e-01	   6.5987675938113832e-01	   8.4449541233553937e-01	   8.7304847124075824e-01	   3.0631216098834507e-01	   3.5565261626926259e-01	   4.0669489319455349e-01	   4.8869215261527421e-01	   5.8586481928672662e-01	   4.7280401552583012e-01	   4.8368247173211998e-01	   4.4282507254376940e-01	   3.6892599829602224e-01	   4.5076519980200114e-01	   3.8733230043368549e-01	   3.8928646476682383e-01	   8.3770923138858244e-01	   8.5437203566417774e-01	   6.5017754385057192e-01	   6.9208129167493637e-01	   5.5474180232129577e-01	   6.4903066090529071e-01	   5.9105391527324014e-01	   7.9252601691364466e-01	   6.8535030912749795e-01	   8.1346648616071637e-01	   5.8393230858676981e-01	   5.1602981341164089e-01	   5.6269379621622984e-01	   5.8823056359242121e-01	   6.1154931620639563e-01	   6.1762925951553926e-01	   6.4170899794130354e-01	   6.0170884517307244e-01	   7.6055706026766501e-01	   6.2020409342901339e-01	   7.6212419988240032e-01	   4.2888986441208937e-01	   7.9243966451174397e-01	   7.5508195734181804e-01	   7.8290166046471033e-01	   9.1111164217993079e-01	   8.0440339981438091e-01	   6.7376352648451232e-01	   5.4759398773142731e-01	   5.2723923476347889e-01	   5.8807253383821378e-01	   4.7266775627036395e-01	   3.0693595609196150e-01	   4.8445811474198253e-01	   7.8021674204295888e-01	   7.9088139449217199e-01	   7.6702949957206323e-01	   7.9083104659684278e-01	   1.8249820372480449e-02	  -1.0824006976241540e-01	   4.3373122199386038e-01	   4.8589498250746421e-01	   5.7208491608287826e-01	   6.2512340925809085e-01	   6.6865382274305296e-01	   8.0708522166794094e-01	   7.5392768062897286e-01	   6.6684141395959073e-01	   7.4341729656470790e-01	   7.4697999563375062e-01	   5.6732623977276031e-01	   5.1414556695770619e-01	   6.6156914086827601e-01	   6.8263389430963428e-01	   4.0436517826741286e-01	   5.3828039817085493e-01	   7.6227338675911693e-01	   8.4973785342180308e-01	   7.4177650288665231e-01	   5.7098287797446590e-01	   5.8223908965958371e-01	   4.5870391406043720e-01	   1.8810032756973627e-01	   3.0877741116607893e-01	   6.9200150904962587e-01	   7.7403723745739927e-01	   8.2857404948092239e-01	   7.4238973359134419e-01	   5.9427774407945877e-01	   5.1077513761859683e-01	   5.9298817791766378e-01	   5.2816821713363171e-01	   6.9169730541646768e-01	   5.3070130492342438e-01	   5.9573406949894592e-01	   1.2030636263219763e-01	  -9.0230730586739871e-03	  -4.5895474162902542e-03	   5.6669923600762162e-01	   6.2783903446502831e-01	   3.0131278138508255e-01	   5.0148945921078769e-01	   5.1523361864999484e-01	   6.5594318485928449e-01	
   6.7813823135135154e-01	   5.6285809896301653e-01	   0.0000000000000000e+00	   6.9237942183302137e-01	   5.4028631121759085e-01	   6.8365162827033021e-01	   8.0013490748742766e-01	   5.8012930763868198e-01	   4.0902479762057758e-01	   3.7713562457626937e-01	   5.6490106372745119e-01	   5.3068738046427977e-01	   5.3814290954120625e-01	   3.4328925985225578e-01	   6.7937069319967458e-01	   4.7233582257774082e-01	   3.4733091146752154e-01	   2.2348480945049554e-01	   5.5672470973945742e-01	   4.7626202246231808e-01	   5.5547902524673631e-01	   5.3137231179621491e-01	   7.4803066592729195e-01	   6.7876397070425565e-01	   6.3717511299724594e-01	   6.9085543419897899e-01	   6.3442724006346030e-01	   5.7690795840718667e-01	   4.2803538382627493e-01	   3.3937686867394645e-01	   6.7725945370516683e-01	   5.4602559507399484e-01	   5.6097064341024017e-01	   5.1521167646176935e-01	   5.7881151779057927e-01	   4.0759927700107046e-01	   6.1834019198589840e-01	   4.7191746366537629e-01	   5.6437162693603715e-01	   5.0502451381389157e-01	   6.4277898932812694e-01	   4.9638045394112595e-01	   5.8624710214477915e-01	   4.3038028677417001e-01	   4.4480729529433161e-01	   4.4058197784705189e-01	   5.5532945329942840e-01	   4.8607468746023030e-01	   5.1372604854763093e-01	   5.5193316930328673e-01	   6.4000085142224616e-01	   6.2066774091593724e-01	   5.6487683629280405e-01	   5.2643346282499048e-01	   6.2545747049153477e-01	   6.3811322752862210e-01	   4.1877160699919702e-01	   4.5463204721411776e-01	   5.8550584232374980e-01	   4.0059313000560454e-01	   5.9063112071757840e-01	   4.6619588103381615e-01	   3.4284355137182776e-01	   3.0836686003323177e-01	   6.3359326113080139e-01	   6.2510205185864298e-01	   4.2346677359118357e-01	   3.9237004740027243e-01	   3.1573153141720833e-01	   3.2739587718724483e-01	   5.3073107805779274e-01	   2.3281184358805279e-01	   5.5917806677771975e-01	   4.0178743642579118e-01	   6.5959789410155545e-01	   5.5830021714439626e-01	   5.7770397726284317e-01	   4.3076908653032503e-01	   5.5457463137779595e-01	   4.9992202823968424e-01	   5.4901342670710052e-01	   5.6733686328716149e-01	   4.5862265602828978e-01	   2.6075990095317580e-01	   6.6902425388432740e-01	   6.3701018351087491e-01	   3.7326017976241926e-01	   3.6409813832069826e-01	   4.2492873123259378e-01	   5.5606224950922711e-01	   5.8329454362999122e-01	   3.8605903313758860e-01	   3.3760452763418719e-01	   3.3787930574924435e-01	  -9.4223703347079552e-02	  -3.3219253188146267e-02	   4.6491599958563218e-01	   4.2088273467170856e-01	   5.8627054964960368e-01	   4.6857833946103677e-01	   3.0444915725450761e-01	   2.7002089234237059e-01	   3.6223577608448482e-01	   2.6989958507413053e-01	   4.9156447562545769e-01	   3.5859060813849308e-01	   4.2716607238810700e-01	  -6.9062272039239453e-02	  -5.6818730719179811e-02	  -7.0880156802409222e-02	   2.5215632495343565e-01	   3.8479964660717925e-01	   2.1915621193163901e-01	   3.5656269863928636e-01	   4.4199376352921016e-01	   3.3373020387287683e-01	
   5.8612400499481987e-01	   6.3748067225820826e-01	   6.9237942183302137e-01	   0.0000000000000000e+00	   3.1433556387286410e-01	   7.5927404231581375e-01	   5.9561629299397556e-01	   7.6302986310776755e-01	   1.7566053422726971e-01	   3.6170629360327355e-01	   4.5930423173902735e-01	   6.7332879414326685e-01	   3.2202266051035877e-01	   3.8873668537093220e-01	   4.0030321054103535e-01	   3.6397545869328507e-01	   4.4091307472546570e-01	   2.8781995818959716e-01	   4.8509683909256851e-01	   5.1949545980452094e-01	   5.0027466503127827e-01	   5.4463062473434032e-01	   6.1834483093067738e-01	   8.7722345357931020e-01	   4.6249981362007930e-01	   7.1130126273719885e-01	   5.8223444974561622e-01	   6.4830217764801501e-01	   2.9545883422662494e-01	   2.4975429308441827e-01	   6.3232810979595111e-01	   7.5855040682113606e-01	   5.9782440662030789e-01	   6.3541021312145662e-01	   6.8093485443054247e-01	   6.1787883903763929e-01	   3.7133639933896245e-01	   2.6381148357297080e-01	   4.8814473497771504e-01	   5.2297688747356919e-01	   5.3620366990886403e-01	   5.4994403491688681e-01	   1.9858683441264191e-01	   3.5346017299578397e-02	   1.1390882095990229e-01	   9.1948308019191655e-02	   1.6287167614860465e-01	   1.1621210049913770e-01	   1.5808730457297071e-01	   2.2602149833754587e-01	   4.3389657431101580e-01	   3.7192739047673395e-01	   3.9457930220809678e-01	   2.7967727258856712e-01	   3.9973350797751761e-01	   4.4525025031150084e-01	   4.7546856923600683e-01	   5.9122338194058988e-01	   5.9839168411218668e-01	   6.2479651960900007e-01	   6.1816781772985552e-01	   7.0331294893548069e-01	   4.7186954960401972e-01	   5.6848764407261188e-01	   7.4866110294724453e-01	   8.1345236151582379e-01	   4.5385697596798502e-01	   5.4326806268556638e-01	   3.2428703576040685e-01	   4.3445569645317145e-01	   4.7320304823350179e-01	   3.6149266395547641e-01	   4.8017523480515234e-01	   4.1452000527870997e-01	   5.5197109936371169e-01	   6.2284297185895843e-01	   4.7843375224630980e-01	   5.3419118099520868e-01	   5.1045102093289951e-01	   2.8656042114153735e-01	   4.5446277305216476e-01	   4.0738950805745056e-01	   3.4293458766942148e-01	   4.4605428663822333e-01	   6.9045096810542961e-01	   7.4117993565474138e-01	   6.0075363430638640e-01	   6.7891900076177381e-01	   5.6700295137113776e-01	   7.0997200499341639e-01	   4.2176286325625478e-01	   2.3693725268982294e-01	   3.3969440393208350e-01	   2.5385849925669013e-01	  -1.1601965291697003e-01	  -7.4134950462874882e-02	   1.5544810874050008e-01	   2.4391077653208559e-01	   3.9037719638716134e-01	   2.9153887089820063e-01	   2.4865864387725842e-01	   2.3091930148504849e-01	   2.8465190634246784e-01	   2.9037487371140469e-01	   3.5008018544700736e-01	   2.6596910984131017e-01	   2.6181523388853961e-01	  -2.4968956169165599e-01	  -1.8722301909846459e-01	  -2.6885436811737629e-01	  -8.8023736637232088e-03	   1.4524087795142585e-01	  -1.3245531755756862e-01	   1.3305970842225229e-01	   1.9199166445186885e-01	   1.5341753686347626e-01	
   6.3308487105109590e-01	   5.1180585070075679e-01	   5.4028631121759085e-01	   3.1433556387286410e-01	   0.0000000000000000e+00	   5.3040119317947099e-01	   6.5345654356515059e-01	   2.4071234354232801e-01	   8.4735770878046668e-01	   7.5725426518432482e-01	   2.4499093035275199e-01	   1.3843980962944544e-01	   3.6689138765979795e-01	   3.1028618729356211e-01	   6.3270035327562590e-01	   6.2173086572256364e-01	   2.6525322425735764e-01	   2.4067023549824856e-01	   4.9743909542965248e-01	   4.6011483967892092e-01	   8.3642850831273804e-02	   9.1242790540432467e-02	   6.3780208792954796e-01	   4.8395736506477827e-01	   7.8431915963367116e-01	   2.1371587285348423e-01	   3.2058298781911543e-01	   9.5957342877549701e-02	   2.3029970617760165e-01	   2.8989135206179073e-01	   3.4697603562716506e-01	   3.1094168917782716e-01	   4.1370568275046365e-01	   3.9132099042736890e-01	   4.0933502448388781e-01	   3.7120081106649083e-01	   4.7887786273005395e-01	   3.9408265134920373e-01	   3.0962978630547255e-01	   4.0336158470999528e-01	   5.1250762956507212e-01	   5.1469963766010129e-01	   5.1939823461235590e-01	   4.1192116518156896e-01	   3.5291670038411249e-01	   4.1764045617427947e-01	   5.0904978872197981e-01	   4.6454206064688958e-01	   5.1273335260763586e-01	   5.6295731957327078e-01	   5.5554708856850654e-01	   6.8528184199230024e-01	   6.8787284285701578e-01	   7.0325708651360552e-01	   5.4138194854147925e-01	   6.2038530470616204e-01	   5.1990238546999179e-01	   5.3306205179706356e-01	   5.5848713729079791e-01	   4.0743535683999965e-01	   2.0604367272229834e-01	   3.0027724159154756e-01	   2.8964187016233933e-01	   1.9652707251523213e-01	   2.0000786641752430e-01	   2.4518424246231152e-01	   3.3299180954833341e-01	   3.0434704471503116e-01	   4.8188158477530718e-01	   4.0039720945337182e-01	   3.9668428963470150e-02	  -1.4956226729284874e-01	   3.3416277794796750e-01	   2.7393502745746467e-01	   3.6395062022146668e-01	   2.6931194008628945e-01	   3.8446916446904283e-01	   3.3572689655186927e-01	   3.7704922465128432e-01	   3.4182318958107899e-01	   4.2273930071823762e-01	   4.0519238225593890e-01	   4.1112144886310342e-01	   4.2442245254596789e-01	   3.3367240783847685e-01	   3.3454464371965359e-01	   2.8911946937860544e-01	   4.3504104681841838e-01	   2.8528126270103166e-01	   4.2714073894411186e-01	   6.8341813960787079e-01	   5.4623546535103795e-01	   4.7218798545435192e-01	   4.5816132579712954e-01	  -1.5509289237974027e-02	   1.6749664455122429e-01	   3.4347247172137696e-01	   4.0177691224302781e-01	   5.6726356034228576e-01	   5.5417486652687087e-01	   4.5088883267159685e-01	   4.7348210828926079e-01	   5.9285188473359851e-01	   5.1159527231555457e-01	   6.0678158963316631e-01	   5.9531166629835552e-01	   4.4243934063832147e-01	   2.5293739683450611e-01	   6.6509272148645660e-02	   1.3387215353977976e-02	   2.8001664069555160e-01	   4.0683602235669558e-01	   3.5124829698986865e-01	   5.0081350970229543e-01	   5.8040045566306397e-01	   4.3375943454318833e-01	
   6.7887584124389000e-01	   6.3227527665208227e-01	   6.8365162827033021e-01	   7.5927404231581375e-01	   5.3040119317947099e-01	   0.0000000000000000e+00	   6.4658431097956981e-01	   7.2412279944193214e-01	   4.1480308907157604e-01	   5.5398975565732134e-01	   2.7826559864820061e-01	   5.0264895984223146e-01	   4.0252160706511175e-01	   4.6669859578223438e-01	   5.2362562468763207e-01	   5.4466844689981109e-01	   4.9551548556655262e-01	   3.0903037191873656e-01	   5.4040756637729248e-01	   5.2401808185018894e-01	   5.2733245940066498e-01	   5.9055087472696788e-01	   4.8035230183137045e-01	   6.6957135623792596e-01	   5.6286364613822715e-01	   7.9996409276598979e-01	   5.5106103041319654e-01	   5.6644929583414294e-01	   2.5416209620421826e-01	   2.6351980606257741e-01	   5.9057752088033333e-01	   6.4450097472232493e-01	   6.2763445584558353e-01	   6.1103143385738146e-01	   6.7921384717865829e-01	   6.2348977000283845e-01	   4.8433535766481939e-01	   4.0048016574240491e-01	   5.1109816396095198e-01	   6.6029881629447984e-01	   5.8756316560932831e-01	   6.2451202339045508e-01	   3.6075082393841951e-01	   2.2771884739151799e-01	   3.6542106173203237e-01	   3.3801363635126103e-01	   3.3914321823446869e-01	   2.8661966647499837e-01	   4.0796002190837599e-01	   3.4300474198725645e-01	   5.8113983127602742e-01	   4.7813864467393707e-01	   5.5730485374018390e-01	   3.7870901431970966e-01	   5.2783607976616431e-01	   4.9565574793209277e-01	   5.6545952628023588e-01	   5.4815221584444829e-01	   6.1775124307923401e-01	   4.8260666662363016e-01	   5.6272140150280525e-01	   5.3179320265754693e-01	   3.2138244905818897e-01	   3.3816300022876400e-01	   5.8185447911837329e-01	   6.1544281296763370e-01	   5.4623974716330892e-01	   5.8548831928344724e-01	   4.3629245401527755e-01	   4.7548003989454968e-01	   3.7743697361397682e-01	   2.6616921433631824e-01	   4.6459520006912169e-01	   4.2263390978751192e-01	   5.2229052143368015e-01	   5.4872838868843343e-01	   4.7892015663294879e-01	   4.9498572060237722e-01	   5.9970877640952158e-01	   3.3313277000249181e-01	   4.9508780701053129e-01	   4.3979718364487375e-01	   3.7154947143739675e-01	   3.3084094447468759e-01	   6.1975154115893261e-01	   6.1592944322874787e-01	   4.1707700283440446e-01	   4.5740988505433477e-01	   6.3915591438154462e-01	   6.8609989458332010e-01	   5.3946700450302254e-01	   3.0909239807919808e-01	   4.9047883724431279e-01	   2.9859302985759284e-01	  -1.8588708809120902e-01	  -3.7735365944166184e-03	   3.1909528062822656e-01	   3.9693930790327436e-01	   5.1109678603425879e-01	   4.3032776865161315e-01	   4.1301539653186120e-01	   3.6946602004212103e-01	   4.3747317781019934e-01	   3.6916743067709307e-01	   4.1491349774332326e-01	   3.4777347895984922e-01	   2.8023242451418751e-01	  -1.1260158625228309e-01	  -9.2693525196876597e-02	  -1.0479048138860730e-01	   1.4954049836981603e-01	   2.6530022729928171e-01	   2.8829286685124713e-02	   2.8084284215948591e-01	   2.8908384244579705e-01	   2.4618264440063972e-01	
   7.7782786178131436e-01	   6.5795385118149508e-01	   8.0013490748742766e-01	   5.9561629299397556e-01	   6.5345654356515059e-01	   6.4658431097956981e-01	   0.0000000000000000e+00	   6.8167687181691239e-01	   6.4119443050359159e-01	   5.9797730419460760e-01	   5.3917396779578708e-01	   5.2055415673917549e-01	   6.6129492846152405e-01	   5.0064192143556863e-01	   6.9641006138866834e-01	   6.5822210162900863e-01	   5.5074917075083429e-01	   4.4582452448530330e-01	   6.8574695139210839e-01	   6.0054193180991833e-01	   4.6377590844046057e-01	   4.5650538158382725e-01	   5.3545234271353881e-01	   5.2640116767679479e-01	   5.3472910013795660e-01	   5.0734744049064340e-01	   4.1065604450043325e-01	   3.1824141358585722e-01	   6.4975194946670456e-01	   6.2010927374642666e-01	   6.2725343370460251e-01	   5.6466764060323715e-01	   7.2956340836217604e-01	   6.9990893207775495e-01	   4.8387151362204650e-01	   4.6022102394731657e-01	   5.0509451768189451e-01	   5.5455508108707796e-01	   5.0208919039652211e-01	   6.2611813881503275e-01	   6.4470283303667941e-01	   6.7628696659138299e-01	   6.7523497831986479e-01	   5.7920825494744232e-01	   6.6301753706476974e-01	   6.2385313250302743e-01	   6.3606092044568241e-01	   5.8878826441969390e-01	   6.7314347454537693e-01	   5.9159841146525116e-01	   7.5671585828222154e-01	   6.2665344374971232e-01	   6.0251070089397130e-01	   4.3942072682140298e-01	   6.2472021177080583e-01	   6.0771651734191567e-01	   5.3164557442642546e-01	   5.6493198969413805e-01	   6.6782971537683378e-01	   4.6666154697017481e-01	   6.0473957253987520e-01	   4.3576237641600368e-01	   5.6986821532550114e-01	   5.0313709957421948e-01	   4.9989972129921345e-01	   4.8052162705510781e-01	   6.3137815360264715e-01	   5.6174635114545646e-01	   4.3356777158905901e-01	   4.6817312276787704e-01	   2.1791513734492080e-01	   5.9876583772096023e-02	   6.5262247824074060e-01	   6.0615248240329078e-01	   7.3384609358799668e-01	   6.2582959797214321e-01	   6.8271057157145765e-01	   5.6786222526631003e-01	   6.5461751426649406e-01	   6.6653017833104911e-01	   6.9058178295287598e-01	   6.9469526184699593e-01	   5.3208502622834974e-01	   3.7493541191379576e-01	   6.6762339547328753e-01	   6.5401871421830715e-01	   2.7945180940931780e-01	   3.3695033897020921e-01	   5.1305063905393888e-01	   5.6058025435193737e-01	   6.2642108150582287e-01	   3.4560849189075382e-01	   4.3844058502518707e-01	   3.0735360507777976e-01	  -1.3884631745304514e-03	   9.2544623770860424e-02	   5.8214838087507093e-01	   5.5725990628409061e-01	   6.1577417784155219e-01	   4.4995810026595096e-01	   4.0344784960547225e-01	   3.0001589645716897e-01	   4.3147280610559102e-01	   3.1682710767794664e-01	   5.3579874759023594e-01	   3.8512151089626057e-01	   4.1649381787037826e-01	  -6.9661416616561000e-02	  -1.1145434914341787e-01	   4.6946710151441223e-02	   3.6108777890597615e-01	   3.9334362055396194e-01	   2.5583745708735345e-01	   3.6224545675370790e-01	   4.0912833904677903e-01	   4.1322215318195948e-01	
   6.1091193472018290e-01	   6.1437116222651789e-01	   5.8012930763868198e-01	   7.6302986310776755e-01	   2.4071234354232801e-01	   7.2412279944193214e-01	   6.8167687181691239e-01	   0.0000000000000000e+00	   1.9850057459247800e-01	   3.5118068910091871e-01	   5.4628679200523200e-01	   7.8850106163119860e-01	   5.5939634650179215e-01	   6.4398420514939181e-01	   3.7413599767709421e-01	   4.5941381807397608e-01	   5.3879669649022077e-01	   3.8240503638065249e-01	   5.4269928068995821e-01	   5.6694318544999456e-01	   6.3644033644073705e-01	   7.1103334944141738e-01	   2.7765509225818485e-01	   4.8933246720099444e-01	   3.3375899741803627e-01	   7.0911633609536118e-01	   5.0563854033166455e-01	   5.8202195113403987e-01	   4.7928070270490297e-01	   4.6949732878048589e-01	   6.4379711466363954e-01	   7.3790303912800326e-01	   7.7524326313393443e-01	   8.2036464420835631e-01	   6.0268396579192041e-01	   6.7951357330447304e-01	   3.6925712502013452e-01	   4.6748582110256887e-01	   4.4673025959108603e-01	   6.7474114041054034e-01	   5.6393880811135921e-01	   6.4763395279488400e-01	   2.2493554243163577e-01	   2.0621601679057960e-01	   3.5867847916946344e-01	   3.0496314813558606e-01	   2.2517594606686331e-01	   2.4951476761268421e-01	   3.2783462616499248e-01	   2.2381179010453348e-01	   5.0476115194767168e-01	   2.9824858270692645e-01	   3.5526045529255368e-01	   3.7535738399970146e-02	   3.6817690999934338e-01	   3.0427202257260166e-01	   4.1767619753332158e-01	   4.9316840060938733e-01	   5.8951359052625263e-01	   5.4162472300740494e-01	   7.6358478792246476e-01	   7.3779430088133713e-01	   4.8673942019721084e-01	   6.4398121396336516e-01	   6.1309558317830803e-01	   7.3585782894674556e-01	   6.0449349624479431e-01	   6.5044411361292642e-01	   3.3301784758256370e-01	   4.9988718572717661e-01	   3.4839541400649232e-01	   4.0004000811162688e-01	   5.8150755046992109e-01	   5.9901116855368808e-01	   6.2394230506703474e-01	   7.1110017766040001e-01	   4.8673266057496983e-01	   5.5502955571653811e-01	   5.8667718225798648e-01	   4.3943426869440788e-01	   5.5953543266813710e-01	   5.1048640741675599e-01	   3.3008920198900404e-01	   2.6226870613949044e-01	   7.1891554710810135e-01	   7.1004347148241309e-01	   3.0917475024698449e-01	   3.7895707222828412e-01	   6.0612123012485497e-01	   6.8750664677129691e-01	   2.9762204089037897e-01	   4.6884392017227397e-02	   3.8437945905946147e-01	   1.6943748462726940e-01	  -1.2754372956439314e-01	  -5.6212574241834977e-02	   3.2399619336480234e-01	   3.3300107438324850e-01	   3.4739308849425699e-01	   1.7434871300202787e-01	   3.9628176373927237e-01	   2.4713419964427957e-01	   3.4429321107879318e-01	   2.5888018737953500e-01	   3.1095393053736781e-01	   1.7472577401650907e-01	   2.5591200200377329e-01	  -1.5422775382083187e-01	  -1.5993192892593530e-01	  -9.1463796308960787e-02	   1.7187592705151708e-01	   1.3434522229583851e-01	  -5.1527553418146084e-02	   1.7440346632354775e-01	   1.1748785838733111e-01	   1.8903899896881904e-01	
   5.1735283797237352e-01	   3.4612571010314164e-01	   4.0902479762057758e-01	   1.7566053422726971e-01	   8.4735770878046668e-01	   4.1480308907157604e-01	   6.4119443050359159e-01	   1.9850057459247800e-01	   0.0000000000000000e+00	   7.9677584836217441e-01	   1.8627808183875949e-01	   3.0954726267241932e-02	   4.3824276396856143e-01	   2.8252459112066985e-01	   7.0740690309951382e-01	   5.9554425041380832e-01	   2.5701935734686954e-01	   1.7540924013317788e-01	   3.9491031438482549e-01	   3.1006604008796534e-01	   3.5341260078294447e-02	   2.1412925105925025e-02	   4.3205384045552886e-01	   3.2112323434537515e-01	   4.8089422260879011e-01	   1.0810849393313166e-01	   6.8634586882735549e-02	  -1.2075625685782937e-01	   2.9773995117279561e-01	   3.3646937606349103e-01	   2.8206968534043930e-01	   2.6461483512765366e-01	   3.5418054337299931e-01	   3.0305335991011811e-01	   3.3556206887009910e-01	   3.0625458563021346e-01	   3.1867403204948325e-01	   2.1113627516404720e-01	   2.0839573731373748e-01	   2.8444638466578176e-01	   3.6369011181038458e-01	   3.7632885671526950e-01	   4.2987873863210035e-01	   3.1146281148834160e-01	   3.1249612248978942e-01	   3.5632890492707475e-01	   4.1646906304065157e-01	   3.5137514246514923e-01	   4.0627066280400859e-01	   3.6170170595301288e-01	   4.3441596350101008e-01	   4.8330977225529004e-01	   5.3347138353946022e-01	   5.5460826490809811e-01	   3.7047844893705745e-01	   4.2038127717986551e-01	   4.2184955702050142e-01	   3.8358691181330706e-01	   4.7756228114295290e-01	   3.1307188053224955e-01	   2.1372657750889926e-01	   1.7430415058559606e-01	   3.0128520996457142e-01	   2.0207690703459769e-01	   2.0033784632953752e-01	   1.5870146825898210e-01	   3.2708714064446465e-01	   2.8125164247187440e-01	   3.0575761561056919e-01	   2.7767025738878348e-01	  -6.6107307962153347e-02	  -1.8588593534831527e-01	   3.2066834882178080e-01	   2.6783210860301415e-01	   3.3143975569649875e-01	   1.6898613572440291e-01	   3.3232284303146736e-01	   2.2471603683087957e-01	   2.8951171699923500e-01	   2.7106771971970234e-01	   3.1502691822312529e-01	   3.3444268613614697e-01	   3.7431548126429259e-01	   2.9875990861925084e-01	   2.6697434261645225e-01	   2.7188398332796521e-01	   1.4581515384538898e-01	   2.3887248902328539e-01	   1.9867485439361821e-01	   2.8472465979876949e-01	   5.7543596883546932e-01	   4.4388900257400971e-01	   4.4343639072618601e-01	   4.3613241081855886e-01	  -5.8128727511424449e-02	   1.5187483319723644e-01	   2.5801822311885192e-01	   2.8095265782588064e-01	   4.0787047293482226e-01	   3.5858918452378624e-01	   3.9597569486284856e-01	   4.2157311945110726e-01	   4.9286328046124439e-01	   4.3098404332733153e-01	   4.9099270787710142e-01	   5.1513868417297792e-01	   2.8994834244465278e-01	   9.1895532966854099e-02	   1.3341721449418908e-01	   5.2706035859374833e-02	   2.1431651387934755e-01	   2.8878799936519295e-01	   2.9171056841414977e-01	   3.8647173046679861e-01	   4.1500886291935635e-01	   3.1754705308421655e-01	
   5.8843062159346426e-01	   4.0327469469881055e-01	   3.7713562457626937e-01	   3.6170629360327355e-01	   7.5725426518432482e-01	   5.5398975565732134e-01	   5.9797730419460760e-01	   3.5118068910091871e-01	   7.9677584836217441e-01	   0.0000000000000000e+00	   1.0924841850099476e-01	   2.3917160417287925e-01	   2.3295652400062439e-01	   4.9636320698319902e-01	   4.7087269232568130e-01	   7.4556748817312735e-01	   2.7340390162949146e-01	   3.5782926129411408e-01	   3.7058288195676392e-01	   3.2972114815839093e-01	  -2.4646908170924353e-02	   2.1950552577464796e-02	   4.2635779264197698e-01	   4.9701294944309149e-01	   4.6203556283784963e-01	   1.6309729659078270e-01	  -1.2347595640828954e-02	  -1.3875155281364154e-01	   2.1329256120025208e-01	   4.2288380855305452e-01	   3.1760683792297500e-01	   5.1462367636116224e-01	   3.7889639528272107e-01	   3.7810857099941564e-01	   2.8664036235765983e-01	   2.5548388291744512e-01	   2.2911842828147361e-01	   2.4137123851345696e-01	   1.0885821895626713e-01	   2.9562903921699879e-01	   4.0533096941191804e-01	   4.7847157397768803e-01	   3.3485664828159267e-01	   2.0363100774153076e-01	   2.6073387918403784e-01	   2.6170961638420276e-01	   3.4545198576240055e-01	   2.3291900159984852e-01	   3.7693415096309296e-01	   3.2399673330635342e-01	   4.5875974098438688e-01	   5.2158016560323772e-01	   5.1994293621556720e-01	   5.1678465506357019e-01	   3.7316398191259825e-01	   4.0353616880803761e-01	   5.0908011858803359e-01	   4.3592865479267107e-01	   4.7959484416286541e-01	   4.0849281448945085e-01	   2.1383205161626917e-01	   3.2379155751103522e-01	   2.8423716866263110e-01	   2.8792707788518185e-01	   2.4681079824677338e-01	   3.0274896261531309e-01	   2.4249350190374841e-01	   2.5353542686228331e-01	   2.9993147521172708e-01	   2.4936097254039549e-01	  -8.7911504522167921e-02	  -4.1133408436838118e-02	   3.3243277776656582e-01	   4.0976559957081987e-01	   3.6594089182071105e-01	   3.4750142206653178e-01	   3.8707055543344210e-01	   3.4624879068664993e-01	   3.3858889033455031e-01	   3.3155445519062415e-01	   3.2644808447083268e-01	   3.4179387152423368e-01	   3.5642147925582041e-01	   5.0685966559556839e-01	   2.3060649853745049e-01	   3.2064259293402153e-01	   3.2671621540803697e-01	   5.0500392299303121e-01	   2.2746595844630879e-01	   2.6014305279389022e-01	   5.4595493211381296e-01	   3.6004548673272707e-01	   4.9914519236084831e-01	   4.2196725244349775e-01	  -1.0883284289138764e-01	   8.8665807434003832e-02	   1.7420890369561393e-01	   2.1127409162806787e-01	   3.9135444558180899e-01	   3.0134898505552382e-01	   4.4009746086935320e-01	   4.3865721394009533e-01	   5.3539714639335800e-01	   4.5105062291897935e-01	   4.2849933681281960e-01	   4.7346232304953056e-01	   3.0359903816318506e-01	   3.1138773908256680e-02	  -4.2443132756067502e-02	  -1.4842141051405616e-01	   3.6179549252936802e-02	   1.2885115589453874e-01	   1.0523734364139753e-01	   3.1821295544712824e-01	   3.3238334541017178e-01	   2.2833956059581251e-01	
   5.0041742837648584e-01	   4.5502124635585672e-01	   5.6490106372745119e-01	   4.5930423173902735e-01	   2.4499093035275199e-01	   2.7826559864820061e-01	   5.3917396779578708e-01	   5.4628679200523200e-01	   1.8627808183875949e-01	   1.0924841850099476e-01	   0.0000000000000000e+00	   7.9681356177584561e-01	   7.6799678343280964e-01	   6.2953858903148630e-01	   5.7245101890576322e-01	   3.8625583840363531e-01	   2.6880664372034491e-01	   3.3550803502671178e-01	   2.9308465061939193e-01	   3.4242960364610286e-01	   5.0958039338055805e-01	   4.9190345493192594e-01	   3.5003738671420903e-01	   3.4149570169923693e-01	   2.6092160555407129e-01	   3.5776649607693706e-01	   5.8368074232445644e-01	   4.7139172768777082e-01	   5.0948382023449379e-01	   3.6851572459789628e-01	   4.5396776050970933e-01	   4.0673872061291050e-01	   4.3419803128223106e-01	   5.0329187238323891e-01	   3.4517370432283934e-01	   3.8242055565319438e-01	   3.7297640943807087e-01	   3.9088171879415767e-01	   4.2782194955084363e-01	   3.8438803977951647e-01	   5.1654860387396051e-01	   3.7162148646335197e-01	   2.9576927217492255e-01	   2.0848842365513598e-01	   1.8784719592188476e-01	   1.7431022293821530e-01	   2.8844415694073400e-01	   2.3997176375876222e-01	   2.9513231084757918e-01	   3.6725313572783524e-01	   4.6038216155074380e-01	   4.7120634762599922e-01	   4.0856943462668882e-01	   3.1046486992408329e-01	   3.5907020165320891e-01	   3.9724573741189828e-01	   2.0014879590675388e-01	   3.8516326690594566e-01	   4.2441653774333121e-01	   3.0538831380692022e-01	   7.0974827504578375e-01	   6.2063941700688408e-01	   4.4586477923194734e-01	   5.2592630182712186e-01	   4.8879706748427376e-01	   5.7280760040939205e-01	   2.2651045544275053e-01	   2.1818435937040950e-01	   2.3633986861471956e-01	   2.7445775081026336e-01	   4.3081495425949012e-01	   3.3206465177753147e-01	   5.1437103807239637e-01	   4.2275364716977221e-01	   5.5190042992745436e-01	   5.4909265008930774e-01	   4.3718623604050638e-01	   4.0082793205900641e-01	   3.4222439207011957e-01	   4.6400179922020401e-01	   4.7227363703762720e-01	   5.3902175341428538e-01	   4.6252826767073951e-01	   1.3063831321805902e-01	   6.4268942320200961e-01	   6.1203362518330240e-01	   2.5102125043939294e-01	   2.0730935857578536e-01	   3.3629223659474500e-01	   5.1964041897751145e-01	   3.2907595992321587e-01	   7.3026633644237560e-02	   2.8435179509524178e-02	  -1.3970383112292421e-02	   1.0270592500152967e-01	  -9.1858366506026717e-02	   2.7871564887528300e-01	   1.7261108809230363e-01	   2.9836129088230479e-01	   1.3630669724555144e-01	   4.8794957186534094e-02	  -9.2161101468005116e-02	   2.5572349676471727e-03	  -1.0494971158708019e-01	   1.7725605065795266e-01	  -1.6316860746910945e-02	   2.9751053772235631e-01	  -1.1977615302552352e-01	  -1.8918436296034469e-01	  -6.0363962905602683e-02	   1.3049306290024207e-01	   1.3789102504720072e-01	  -3.8674688106749490e-02	  -1.5713269323572698e-02	   1.4143184230420211e-01	   2.7713621452793780e-01	
   5.6353274165128830e-01	   5.5095576248469069e-01	   5.3068738046427977e-01	   6.7332879414326685e-01	   1.3843980962944544e-01	   5.0264895984223146e-01	   5.2055415673917549e-01	   7.8850106163119860e-01	   3.0954726267241932e-02	   2.3917160417287925e-01	   7.9681356177584561e-01	   0.0000000000000000e+00	   5.7722332630376028e-01	   8.0461531005389653e-01	   3.0296786444452312e-01	   4.4121804207877857e-01	   3.4935448086166776e-01	   4.7704470534797372e-01	   3.0801485140233492e-01	   3.9458756692985331e-01	   4.8103084333677970e-01	   5.3675533653347740e-01	   2.8266619786162006e-01	   4.8221374677912326e-01	   2.1987985840432950e-01	   5.1129255769615112e-01	   5.1015346889251878e-01	   5.2211324696685613e-01	   3.9929826015080078e-01	   4.2586906348308207e-01	   4.6949967681184196e-01	   6.0570119077773033e-01	   5.4132289279503321e-01	   6.3754185318273360e-01	   4.5741998322233235e-01	   5.0932535735731288e-01	   2.8649152726664173e-01	   4.0518602908433959e-01	   3.6211444182255126e-01	   4.9298691472221967e-01	   5.0106141634291090e-01	   4.8398174291018836e-01	   1.3234751782107168e-01	   5.8645936081985053e-02	   1.8734334158693128e-01	   1.0733727944673499e-01	   1.3011865414236143e-01	   9.8798759228813204e-02	   2.5770438485471431e-01	   2.5146317552037589e-01	   4.7559153836458884e-01	   3.9926075226765501e-01	   3.6816539438757095e-01	   1.5059820625333745e-01	   3.6651943070391207e-01	   3.4860612583802125e-01	   3.2265537102519382e-01	   4.3388606849295908e-01	   4.6327387081514770e-01	   4.1982292934153931e-01	   7.6172123496171662e-01	   7.6958310052880341e-01	   4.3776990995585630e-01	   6.2956453548672897e-01	   5.8728494234981765e-01	   7.5847761637187872e-01	   2.9912741539619819e-01	   3.5584021313965386e-01	   2.0960030749116548e-01	   3.0495587375930078e-01	   4.4003412100036460e-01	   5.0854982300278251e-01	   5.3286092270481400e-01	   5.6778339293943680e-01	   6.0912540568846119e-01	   7.6054337530269933e-01	   5.0369338534346797e-01	   5.5597708208558960e-01	   4.1662630497965480e-01	   4.8434056180313378e-01	   4.7020020898877246e-01	   5.4337318407491142e-01	   2.7713859230348226e-01	   2.3101349946373975e-01	   6.5301440585020520e-01	   7.1282112257212837e-01	   3.2736139935558062e-01	   3.7583033562950746e-01	   5.0123127773793219e-01	   5.6535128799058043e-01	   2.2999617495481345e-01	  -3.3197194158364030e-02	   2.0284225998386468e-01	   4.7055353187357235e-02	   4.9087808037600461e-02	  -1.4380932284691970e-02	   1.9994644992894872e-01	   1.8680218161911422e-01	   2.5185615136687900e-01	   7.9187740358998185e-02	   2.2717023918704887e-01	   6.0421897395626020e-02	   1.4281353425100335e-01	   4.8149612947496576e-02	   1.8107876428629044e-01	   4.5450017375369085e-02	   2.8410314419739335e-01	  -1.7613443613516366e-01	  -1.7755177646196671e-01	  -1.5005827146910281e-01	  -7.8571313192817168e-04	   9.9298132319311991e-03	  -1.8169406939878838e-01	  -3.0672281111492283e-02	   1.3622260713155476e-02	   1.4308408401297723e-01	
   5.8515285243463855e-01	   5.4449283473347787e-01	   5.3814290954120625e-01	   3.2202266051035877e-01	   3.6689138765979795e-01	   4.0252160706511175e-01	   6.6129492846152405e-01	   5.5939634650179215e-01	   4.3824276396856143e-01	   2.3295652400062439e-01	   7.6799678343280964e-01	   5.7722332630376028e-01	   0.0000000000000000e+00	   6.0291203451329123e-01	   6.6330236112936469e-01	   4.6532900159533852e-01	   4.1560488056312195e-01	   3.3125321426346599e-01	   4.5400076402551404e-01	   4.5905443119458583e-01	   4.6076753127802100e-01	   4.6011321146549888e-01	   1.8728878965451426e-01	   1.6935217932781446e-01	   3.2434117859498857e-01	   4.0727939728827706e-01	   4.4117020458497164e-01	   3.5172282147535300e-01	   5.5182944289937685e-01	   3.7657799737132036e-01	   3.7731180179950452e-01	   2.7017414929860667e-01	   5.5980137605642044e-01	   5.8267688777472304e-01	   3.5826321525216204e-01	   4.9853962882700553e-01	   3.8082278201267594e-01	   4.1847229345318537e-01	   4.1361599512728814e-01	   4.9218624041879488e-01	   4.3006146919835558e-01	   4.1617151721334333e-01	   4.6227571074369755e-01	   4.1164094430811210e-01	   4.6057216672662527e-01	   4.6459020926070477e-01	   4.6375867204386567e-01	   4.4472753626881878e-01	   5.0428062616109837e-01	   4.1988196839678593e-01	   5.8462771193895313e-01	   4.5034528426823806e-01	   4.7537402814092533e-01	   2.7180119048686957e-01	   4.5742293079176022e-01	   4.0739719942701375e-01	   2.8257180513379782e-01	   3.9805174049975628e-01	   4.5793779391171696e-01	   2.3129509003040366e-01	   6.7120162915316894e-01	   4.4589180873930068e-01	   3.7365819042489140e-01	   3.8929043708643457e-01	   3.0977747318464327e-01	   3.9220644442344155e-01	   5.2530168803247135e-01	   4.8750714838310960e-01	   3.9672766190838576e-01	   4.3099025558658477e-01	   2.1499053305527679e-01	   1.1872011722881845e-01	   4.5037725926915634e-01	   3.9185568593951609e-01	   5.0832181023839784e-01	   4.4854910008232574e-01	   4.8738653501723300e-01	   4.4786622200320225e-01	   4.8369812888012059e-01	   5.2662768783817104e-01	   5.0340262631680832e-01	   5.7136220036876340e-01	   3.8193767668084505e-01	   1.7598567813164604e-02	   5.5918323014425608e-01	   5.6708423435658628e-01	   3.1776654576249570e-02	  -5.9800737302520609e-03	   4.4069086152795400e-01	   5.4471468190817507e-01	   4.5903043628203011e-01	   2.3026558724277438e-01	   3.0611971826059359e-01	   1.6784696343169148e-01	   6.7055834487455224e-02	   4.3966068125812108e-02	   5.1405660281436261e-01	   4.3401039722505591e-01	   4.5632905372620186e-01	   3.0372069159299608e-01	   3.6078122536056312e-01	   1.8690680445115970e-01	   2.6495690610898365e-01	   1.5108343473718452e-01	   3.4622843513244661e-01	   1.9440591895144954e-01	   2.9410471970391316e-01	  -3.3659309686929463e-02	   1.6290085555078312e-02	   1.9549355741230190e-01	   4.5396496195635394e-01	   3.8694292262365054e-01	   2.3431693043045962e-01	   2.4275289463660654e-01	   2.7905171236391957e-01	   3.7839418300044003e-01	
