   0.0000000000000000e+00	   8.1854034960850186e-01	   6.0137636127122185e-01	   5.7982498775553282e-01	   3.6375021490827730e-01	   5.4495575707729471e-01	   5.3209327696681319e-01	   5.8735978195420102e-01	   4.1848526033352174e-01	   4.5201356601169507e-01	   5.5033979716414960e-01	   5.9802645123798570e-01	   6.2228577279741859e-01	   5.7258119472462587e-01	   7.1662057602953877e-01	   7.0618068305451942e-01	   6.1128070568255599e-01	   6.5763312458829604e-01	   7.3495204149439608e-01	   6.5255550676823948e-01	   5.2392450180149519e-01	   1.9734219867205968e-01	   5.7986286975519574e-01	   4.4709405033242111e-01	   5.2991898384089731e-01	   4.3167378902367237e-01	   5.1309814780647534e-01	   4.9808629419849948e-01	   5.8295048288634232e-01	   5.7488968371857707e-01	   4.5824441276510031e-01	   4.1109682260192981e-01	   7.0917722821250251e-01	   7.2279877183483032e-01	   3.1077987299099663e-01	   3.1829843312301820e-01	   6.6582237995036186e-01	   6.2988477439430546e-01	   7.6326287445309682e-01	   6.8764329936590562e-01	   6.7600985093811738e-01	   6.7031479475125499e-01	   5.4333250353872276e-01	   5.0671580574722319e-01	   5.2597755140895042e-01	   5.7532798604099455e-01	   6.5076825994157295e-01	   6.8270970711986101e-01	   6.1825470861971166e-01	   6.1131194130846911e-01	   6.6069776534146696e-01	   5.3662379672637039e-01	   5.9119657791955460e-01	   4.4492742488056247e-01	   8.0804001659375047e-01	   7.2758557353620812e-01	   7.3246784692081213e-01	   5.7802141641870852e-01	   7.1537341631396867e-01	   5.9472843608426063e-01	   7.0613397580037907e-01	   5.4815059272335265e-01	   4.4287545831359776e-01	   4.1294351904801124e-01	   2.9671368481028371e-01	   5.0521925797822909e-01	   6.5297953307456058e-01	   6.1689089357836702e-01	   7.1166938267135638e-01	   7.2077701644913517e-01	   5.7878672336373460e-01	   5.9388555939375287e-01	   6.3762403676863599e-01	   5.9347240396577461e-01	   7.0224886070544201e-01	   6.6186250012811598e-01	   7.3784410609753492e-01	   7.3816311043349614e-01	   4.1668647692927230e-01	   7.0812559264244113e-01	   5.9035564098105064e-01	   5.8153632821420143e-01	   7.7718283163221868e-01	   7.1820866538688943e-01	   4.6525580629358448e-01	   5.5531856482196273e-01	   4.8177501229501607e-01	   4.3439094165029291e-01	   7.3177806734628259e-01	   7.5146531989471610e-01	   6.5481956466680313e-01	   7.1239923843120845e-01	   5.2180438976633114e-01	   5.0165664677243726e-01	   4.4985753461671324e-01	   4.5063975592610594e-01	   7.5812103821237842e-01	   6.8523373072198246e-01	   8.1739550915384418e-01	   8.4150000900975019e-01	   6.6885402572539676e-01	   5.5929330544017897e-01	   6.9351186865935166e-01	   6.9716443542375184e-01	   5.9321322947184785e-01	   5.5742295744255443e-01	   6.2644091342630748e-01	   7.9871204284940411e-01	   5.4681729854461562e-02	   2.8759239748219029e-01	   6.2315746613971656e-01	   7.2054559513444061e-01	   7.2353910451697279e-01	   6.7517811238444347e-01	   5.1854803222977797e-01	  -4.0327548230620652e-02	
   8.1854034960850186e-01	   0.0000000000000000e+00	   4.0087528880938089e-01	   6.0123468860272800e-01	   2.6457942187303435e-01	   4.8446375851492707e-01	   2.6893608169484623e-01	   5.0591169843417205e-01	   3.0578034294756845e-01	   4.3069135336328723e-01	   3.9450450704585710e-01	   6.2631295762275141e-01	   4.4628485797874895e-01	   5.6875775771912307e-01	   6.4235009556486478e-01	   6.6557002653765340e-01	   5.6348747624499107e-01	   6.7589209937328443e-01	   5.7271856133055177e-01	   6.1203545229882994e-01	   5.2030543754792768e-01	   2.5446008141767301e-01	   5.3237378150284287e-01	   5.3448810665415625e-01	   4.7675698459083349e-01	   4.7026801842050381e-01	   5.2929128042132645e-01	   5.7627868035139473e-01	   5.3220370909356918e-01	   5.7747704920321752e-01	   4.5266043966529762e-01	   4.9271608977351344e-01	   6.4206303502391482e-01	   6.9018661586396357e-01	   2.8737109883852552e-01	   3.1434567897148369e-01	   6.0837459490738277e-01	   6.4098685219361162e-01	   6.9559555699690401e-01	   7.4373556718620970e-01	   6.3038088934748138e-01	   6.3744446614121331e-01	   5.4568133828845533e-01	   5.7812252929972119e-01	   4.7130456728371728e-01	   6.0088467712811156e-01	   6.1380828987013802e-01	   7.0312113270569732e-01	   6.0421454080141290e-01	   6.3169937686287414e-01	   6.9183339606018923e-01	   6.0116591317213786e-01	   6.2281755636562752e-01	   5.7677337588084499e-01	   7.3946000881448870e-01	   7.3114626273136474e-01	   7.9429777353899200e-01	   7.9309207900261947e-01	   5.8975229364660176e-01	   5.3360884976864853e-01	   5.5920900936562612e-01	   5.3843537847684608e-01	   3.7164998931660409e-01	   4.5625275496549250e-01	   3.3115911074052473e-01	   4.2698019239710971e-01	   5.0993389548130119e-01	   5.5222669350074249e-01	   6.7607246712906321e-01	   6.1932599967749391e-01	   4.7713953753853278e-01	   5.7437151132508391e-01	   6.1106274059560639e-01	   6.0254334217245731e-01	   6.4391660947331586e-01	   6.3506447501838803e-01	   7.1568050851441800e-01	   7.6719097173414041e-01	   4.1903980366453830e-01	   7.2286472381254985e-01	   5.2684561300215238e-01	   5.2678522178124099e-01	   6.9228787617565946e-01	   6.9816591831952168e-01	   4.5037846845021567e-01	   5.7084972378238064e-01	   4.9190428059839797e-01	   5.2721724107896695e-01	   5.3286135941295398e-01	   6.9359030345786987e-01	   5.1343228013592801e-01	   4.3855308286318206e-01	   3.9418148262381303e-01	   1.4386630577244996e-01	   4.5302968582913394e-01	   5.8366420627246063e-01	   7.2149970621185000e-01	   7.1611828267669875e-01	   7.1255287131490752e-01	   6.4825252100455222e-01	   5.4419239544745157e-01	   2.6721097709307501e-01	   5.9873898314829477e-01	   5.0002800599924802e-01	   5.0861037118189723e-01	   5.1201888475191182e-01	   3.9643113337599822e-01	   5.9304439178087209e-01	   1.9431605174196753e-01	   3.5306209660328175e-01	   5.5697349939200469e-01	   6.1742802419751897e-01	   5.7197095501435569e-01	   5.8968476353829935e-01	   5.8530962501123995e-01	   1.8678724679445013e-01	
   6.0137636127122185e-01	   4.0087528880938089e-01	   0.0000000000000000e+00	   6.9990348675480796e-01	   2.7231753753349408e-01	   4.0590877086852439e-01	   7.9704874621332134e-01	   5.9643345948365223e-01	   2.4881928289911545e-01	   2.4496923590502293e-01	   5.8350962384615279e-01	   4.4234424248623400e-01	   6.5065481685120519e-01	   4.7140870574791782e-01	   6.3596615919733313e-01	   5.5752182409851059e-01	   3.2560826729762249e-01	   2.7494515810826692e-01	   6.2364618601310950e-01	   5.1589756958992150e-01	   5.5182274280686705e-01	   2.1538207294420536e-01	   8.2571543462608110e-01	   6.6002682478711550e-01	   5.6289796740154030e-01	   3.8711935220287130e-01	   6.3464313341475431e-01	   4.4751531410616463e-01	   3.8864764607172320e-01	   3.4875900744991539e-01	   6.4852542163126947e-01	   5.6612651411139814e-01	   6.3278167595884360e-01	   6.1680427433362817e-01	   3.5694279559735742e-01	   2.4167567319611172e-01	   3.8317979334093544e-01	   3.1841512452249032e-01	   5.7709931344430832e-01	   4.7499221580120021e-01	   5.0226977600141876e-01	   5.0775290451963639e-01	   1.8946391111001848e-01	   2.2480087732093773e-01	   4.9620196119108045e-01	   4.7939425596386220e-01	   3.0559187230268714e-01	   3.0522845727646952e-01	   5.6395454152401703e-01	   5.5255404311199618e-01	   5.5605948948505435e-01	   5.3262928617556027e-01	   4.9628540087324524e-01	   2.3973852447622157e-01	   5.9488049912208751e-01	   5.1718120864256056e-01	   2.3706712366467469e-01	   1.6550586337272710e-01	   7.0095408701079165e-01	   5.0635592316706823e-01	   5.7741747296088697e-01	   3.5288272872433779e-01	   1.3078502343996484e-01	   1.2780756657447359e-01	   5.7527526319512934e-01	   4.5067080342731658e-01	   6.1774677983050563e-01	   5.6211317538190819e-01	   3.7660470382554745e-01	   4.6942721171883151e-01	   4.4917603777666421e-01	   3.1307848510843522e-01	   4.3850113700062898e-01	   3.9047188298694874e-01	   4.7760935342111988e-01	   4.6435168124981141e-01	   4.5405946701698663e-01	   3.8805820067439822e-01	   2.1823859961491421e-01	   3.8450339893094565e-01	   3.5596094061232880e-01	   4.8685024811945454e-01	   5.8032053543715101e-01	   4.4559838483741576e-01	   4.4725087884308401e-01	   4.9857482539809739e-01	   4.6435988792261274e-01	   3.1334625510125969e-01	   6.5922807918563764e-01	   5.8286476114387131e-01	   4.3243167320170772e-01	   5.4979800045906213e-01	   3.2010308855524727e-01	   5.3817466460926111e-01	   2.2760533197559815e-01	   2.6986329329746228e-01	   5.1121014738695258e-01	   4.6894316234400513e-01	   5.3774310830876870e-01	   5.9526110545061539e-01	   4.1731393609296036e-01	   5.1194405446504199e-01	   4.6710883336450149e-01	   5.5111873970932446e-01	   4.3535404100412184e-01	   4.3261267483399057e-01	   4.2850125945982243e-01	   5.4027673748927418e-01	   1.9432879326342821e-02	   7.3669529505015097e-02	   4.7003292745851233e-01	   4.3939519516211867e-01	   5.7483997673267329e-01	   5.3832182152763808e-01	   2.9312918697369550e-01	  -1.5809626881481861e-01	
   5.7982498775553282e-01	   6.0123468860272800e-01	   6.9990348675480796e-01	   0.0000000000000000e+00	   1.7018281951630509e-01	   5.6330479562273250e-01	   5.7820073188358112e-01	   8.0045995373158352e-01	   2.0316571115201038e-01	   3.9023097731997947e-01	   6.2288912931724838e-01	   7.2376254489021963e-01	   6.5235263081495487e-01	   7.6331612660140358e-01	   6.7000618587901584e-01	   7.3520597347370553e-01	   4.0547661800246959e-01	   2.9070027062081194e-01	   5.5337530696143089e-01	   5.4863068160360162e-01	   4.8519330570298114e-01	   2.2023700722676162e-01	   8.6442552633211522e-01	   9.1626591624898812e-01	   6.6238845942944879e-01	   6.6478627642057564e-01	   6.5144867981250976e-01	   5.9814866880255890e-01	   4.4335829558494344e-01	   5.0774346602780562e-01	   6.5566537336650277e-01	   7.7225726601065559e-01	   6.5669329298178036e-01	   7.8299418678308352e-01	   3.9923908782410000e-01	   4.2573572373934132e-01	   4.1724668102136453e-01	   4.3847762839583260e-01	   5.9300844495854776e-01	   6.8106848819506083e-01	   5.8159239273770891e-01	   5.3286426104098217e-01	   2.3104371710570792e-01	   2.4421787978436679e-01	   4.5551659756055829e-01	   5.3653400296296661e-01	   2.8781901255423181e-01	   4.0996190426670265e-01	   5.6259149811849141e-01	   5.8142725047980792e-01	   6.5703103481598413e-01	   6.2243212780018031e-01	   5.5320373644924126e-01	   4.4305290202287917e-01	   6.5141053608551314e-01	   7.0305757746124953e-01	   2.4630911298235636e-01	   3.1638919692580603e-01	   6.3986097616720405e-01	   7.2415570637528748e-01	   5.2434867949838926e-01	   6.9271485250631137e-01	   1.3196758341952758e-01	   2.0730346759071036e-01	   5.6303913940011019e-01	   7.0728876294576160e-01	   6.0419761509770620e-01	   6.8662757142262731e-01	   3.9226979547889229e-01	   5.0180575952227269e-01	   3.6498127166791250e-01	   5.4620470005915300e-01	   4.6863676915985264e-01	   5.0137764431302767e-01	   4.5533442548206593e-01	   5.6318735723783331e-01	   4.8873591885426354e-01	   5.7838233760425317e-01	   1.9561271994502960e-01	   4.3724634581542360e-01	   4.2979715233715787e-01	   3.9358027882122537e-01	   6.7789962649613811e-01	   5.7704770407307882e-01	   5.2013819112268511e-01	   6.0192186082971588e-01	   5.9374952638637868e-01	   5.8794277171230913e-01	   5.8842834374130015e-01	   7.9263489416727384e-01	   5.2521801817671798e-01	   4.1600548231560480e-01	   4.6309625525808740e-01	   2.1979928975744439e-01	   3.0043678432923282e-01	   4.5674016304633674e-01	   5.2563330573334044e-01	   6.0958353765080275e-01	   5.3439309518278244e-01	   4.6954926690484433e-01	   4.2144041537646448e-01	   2.1616471273132765e-01	   4.2245369525735027e-01	   4.0491032863321341e-01	   5.2673766476806527e-01	   4.5979671144399481e-01	   4.7439827255121936e-01	   4.4778686160814912e-01	   1.6148900902130525e-01	   1.1767270762068435e-01	   4.8872227467158691e-01	   3.5645210890023937e-01	   5.0286265941094244e-01	   4.9922995912508505e-01	   5.1565019113065313e-01	   1.8122003594479436e-01	
   3.6375021490827730e-01	   2.6457942187303435e-01	   2.7231753753349408e-01	   1.7018281951630509e-01	   0.0000000000000000e+00	   7.9607860925007823e-01	   3.9748271991211348e-01	   3.5871251400165444e-01	   9.3175094194782360e-01	   8.2173031757658133e-01	   1.6360350666718737e-01	   2.7522590577135619e-01	   1.8805169486610049e-01	   2.6704388740078311e-01	   1.6799148460457514e-01	   2.5795587669423831e-01	   5.5274380084117405e-02	   1.6781977328785794e-01	   3.7262632853879030e-01	   3.6279779233391174e-01	   3.9735189780761293e-01	   4.2014012283247526e-01	   1.0448663763691565e-01	  -5.7095778420100207e-04	   3.2931110384759038e-01	   2.2339337596940295e-01	   2.4665102648865533e-01	   3.8436246016528630e-01	   9.0770636321859277e-02	   3.0218933754123371e-02	  -9.2126690494606533e-02	  -1.1453452325847950e-01	   2.3749032598523934e-01	   1.9968021245573253e-01	   1.9938936553746742e-01	   2.4177000367554433e-01	   1.2822472808344842e-01	   1.5116371165044701e-01	   1.8509108407816605e-01	   1.2488392265756411e-01	   5.5618537025691313e-02	   2.5958874250745201e-01	   4.7992841931701408e-01	   3.6753296850730466e-01	   5.1227221821966085e-01	   4.0418301650531430e-01	   4.4924260501049129e-01	   4.4750830607629405e-01	   6.6194360965527244e-01	   6.0810462772830731e-01	   4.9738721339738778e-01	   5.1038890244912793e-01	   3.5428221891072564e-01	   3.5609166805579889e-01	   3.8525674813167848e-01	   3.2911931041280668e-01	   1.6510765735120234e-01	   3.4528169061952531e-02	   4.7473863853463671e-01	   4.9183435165713008e-01	   3.8232918043982944e-01	   4.4645055722290983e-01	   1.2131856956725794e-01	   1.3768308454130840e-01	   2.6776794588277492e-01	   4.6336834786205638e-01	   5.9714571904780134e-01	   5.4004640270491489e-01	   4.6991690580707263e-01	   5.8103722823026027e-01	   1.6651540466916143e-01	   2.5607709574480819e-01	   1.7895005001404182e-01	   2.4098823949988028e-02	   3.6956601657280280e-01	   4.4898619138755952e-02	   2.5895540957849711e-01	   2.3141918076110013e-01	   1.2185311392132944e-01	   1.5969483552304747e-01	   2.4133041619928558e-01	   2.1065122522217200e-01	   1.8832986586586858e-01	   2.0559746919814148e-01	   1.1074496297658240e-01	   2.3384449441585431e-01	  -2.0417049012532787e-01	  -1.7874664892361686e-01	   2.9396181794433718e-01	   3.2276548769207847e-01	   5.4845576368683679e-01	   5.2785670720829359e-01	   5.5889243816618583e-01	   4.3943574927077089e-01	   3.7048523801275579e-01	   2.1426931314195530e-01	   4.1067363078814356e-01	   2.9040965365215599e-01	   5.0671253516349091e-01	   5.2388634630282171e-01	   4.8709433727780804e-01	   3.5202835655461234e-01	   3.8904794089514749e-01	   3.7664358237853773e-01	   5.3430899251288966e-01	   5.2721045899053653e-01	   5.1199086895248536e-01	   5.4495131770420668e-01	  -2.7267020701329087e-01	   2.9276031832984378e-01	   3.6344132409408747e-01	   5.1383223762994357e-01	   3.9922653952426490e-01	   1.8234848084282790e-01	   2.4087041038740095e-01	  -1.5481342518617922e-01	
   5.4495575707729471e-01	   4.8446375851492707e-01	   4.0590877086852439e-01	   5.6330479562273250e-01	   7.9607860925007823e-01	   0.0000000000000000e+00	   5.8354803589669391e-01	   7.4849705596903504e-01	   7.7556208713040009e-01	   8.1201578625913462e-01	   5.1548518888436146e-01	   6.8634597515496609e-01	   5.1838589892002707e-01	   6.8028932644857254e-01	   4.5472867130725475e-01	   5.6920988362765557e-01	   3.0629677593232429e-01	   3.6682188486900758e-01	   5.7828189777820826e-01	   5.8191944600825041e-01	   5.2269205039287758e-01	   4.5988348336136159e-01	   4.1464319412359890e-01	   3.7429354920012953e-01	   4.3851216707104507e-01	   4.5223548728313651e-01	   4.2271724968159191e-01	   5.6354719356186522e-01	   3.7298376937294453e-01	   3.9769976535896512e-01	   2.2006496235045087e-01	   2.7182487907217129e-01	   4.4799113519675771e-01	   5.1946358958792771e-01	   2.6157704395920578e-01	   3.4986217481996018e-01	   2.2585912511902723e-01	   2.7332007141176362e-01	   3.8320041849167186e-01	   3.8897750862754032e-01	   3.7220062488966399e-01	   4.1423946148109747e-01	   4.1415824361277909e-01	   2.7991878895020628e-01	   6.3137226359631304e-01	   5.4197360623401658e-01	   4.1222673547356614e-01	   4.7181689521128911e-01	   7.0738036563287898e-01	   6.8902901360946234e-01	   6.1409426581424587e-01	   6.1150609531637246e-01	   4.5382832250552879e-01	   4.5556633480500958e-01	   5.4700947378327958e-01	   5.4431662930972791e-01	   2.3408111246768656e-01	   2.1081799079859284e-01	   6.1199341681903141e-01	   7.6539060689974903e-01	   5.9528785790417271e-01	   8.0107679133583742e-01	   3.1949781381175235e-01	   3.8323643839363580e-01	   3.6204055087765624e-01	   6.7331185709097063e-01	   7.4385941721092352e-01	   7.4512795485588568e-01	   5.8657336891097134e-01	   7.4427252698963420e-01	   2.8661185358443059e-01	   4.7549772068554630e-01	   3.7986551990458617e-01	   2.7379013504697103e-01	   5.0448082750876000e-01	   3.5239460305621517e-01	   3.7604311435151794e-01	   4.3853567613975730e-01	   1.8740907918611444e-01	   3.9343337385220473e-01	   4.4342260265752598e-01	   3.5133931393970308e-01	   5.1968744681476453e-01	   4.9692528710486106e-01	   2.7424416234030574e-01	   3.9721118444719244e-01	   8.0772408578023189e-02	   1.2205783667772727e-01	   4.2667167056765570e-01	   6.2649373335059200e-01	   7.5000492078406988e-01	   5.9876121994996545e-01	   8.0335604923727866e-01	   4.3183773882496024e-01	   3.6876518016968246e-01	   3.2831307389236497e-01	   4.9555028082788127e-01	   4.3861969595057637e-01	   6.2813730741034468e-01	   5.9529505279875128e-01	   7.2244991326340924e-01	   3.9711057907535652e-01	   6.0587957183754626e-01	   5.2848507000792821e-01	   6.9822037086863831e-01	   5.9054818009406285e-01	   7.0527610485702463e-01	   6.7524697560434821e-01	  -2.0126682040553809e-01	   1.6756665167036042e-01	   3.9405573160983060e-01	   5.1400948026863325e-01	   5.0373010569630772e-01	   3.2837980628126429e-01	   3.5052199520153698e-01	  -6.1283070085652175e-02	
   5.3209327696681319e-01	   2.6893608169484623e-01	   7.9704874621332134e-01	   5.7820073188358112e-01	   3.9748271991211348e-01	   5.8354803589669391e-01	   0.0000000000000000e+00	   7.9889933032514560e-01	   3.8617686672575846e-01	   2.9531307952343844e-01	   6.4137370421376017e-01	   5.8084932766391106e-01	   7.7228313982096275e-01	   5.8939012286147974e-01	   4.9745470011889065e-01	   4.8985165405020592e-01	   2.1224076829396607e-01	   2.4145946885856195e-01	   6.9101856462928168e-01	   6.3519012247683426e-01	   3.7377182411507903e-01	   6.9608149296217614e-02	   6.1197230885022269e-01	   4.2010087703036120e-01	   3.2449864865860095e-01	   1.7883111617991979e-01	   3.9808592830800615e-01	   2.6235044024687149e-01	   2.8837736507623823e-01	   2.6103742310442191e-01	   3.6623320473986054e-01	   3.0036934529480891e-01	   4.5464557764837171e-01	   4.7308917737191869e-01	   9.4994363083454325e-02	   4.6094204282833035e-02	   7.8710267986701818e-02	   4.6595250493573756e-02	   3.6428615701637862e-01	   2.6646848385740191e-01	   4.2256823279709843e-01	   3.3804985605711824e-01	   7.0594953944100841e-02	  -3.5131033715380872e-02	   4.8939763989221663e-01	   3.2527094654688193e-01	   1.6125278516539204e-01	   1.4121695955665159e-01	   5.1935667504081762e-01	   4.3244101817414082e-01	   4.0040705235247309e-01	   3.5173689618841758e-01	   3.7170232980480256e-01	   1.1216694710492287e-01	   4.7065593019713237e-01	   3.4454288290937407e-01	   1.3907973190135689e-02	   1.1829123056223235e-02	   6.8322229478826224e-01	   6.1011502006016327e-01	   7.0799708504530301e-01	   5.1179179172752276e-01	   2.6245140456146665e-01	   3.1665919137249987e-01	   2.7226337637687448e-01	   4.0702245781001090e-01	   7.1260666299926156e-01	   5.7762299770929992e-01	   4.7687272844962780e-01	   6.1994504027425645e-01	   4.3698300737063195e-01	   2.7054021419323449e-01	   2.6355383095499174e-01	   1.6874421618873151e-01	   3.6926606349035335e-01	   3.4864645886330464e-01	   2.6548753545433845e-01	   2.3452765658802976e-01	  -8.6792858849240540e-02	   2.0740348358165489e-01	   2.0313927649674005e-01	   2.7098789150415237e-01	   5.4795595220200644e-01	   4.5982993576403075e-01	   1.5164353599366159e-01	   2.5479227230315360e-01	   1.5711899935369311e-01	   6.7833871960408479e-02	   6.6974476922319814e-01	   5.6963090487153301e-01	   6.2734699903331492e-01	   7.0238821324169864e-01	   5.7629553631380892e-01	   7.4186663456639201e-01	   2.6432287878690969e-01	   2.6796558143739474e-01	   3.8227930944729649e-01	   3.1673210559340115e-01	   4.9161963058272012e-01	   5.4286529777197878e-01	   6.4003270389476430e-01	   7.0017379097784804e-01	   5.9536997660345092e-01	   6.6778521581070116e-01	   5.0338022574714369e-01	   4.2455638720625433e-01	   5.8174739773703443e-01	   6.5968267425608584e-01	   2.6510447111359990e-02	   1.2786528925334073e-01	   3.0108461170214407e-01	   4.1730535718570855e-01	   5.8512180369914235e-01	   4.5890934393710192e-01	   1.8591959927703658e-01	  -1.4038103367440333e-01	
   5.8735978195420102e-01	   5.0591169843417205e-01	   5.9643345948365223e-01	   8.0045995373158352e-01	   3.5871251400165444e-01	   7.4849705596903504e-01	   7.9889933032514560e-01	   0.0000000000000000e+00	   4.0318684243993674e-01	   4.8675632747831699e-01	   7.3076851890635808e-01	   8.5418305539526496e-01	   7.6979717625015542e-01	   8.5758381759953783e-01	   5.4910129578179034e-01	   6.5301897487092297e-01	   3.5164756159201871e-01	   3.4229253784873198e-01	   6.9006174811724474e-01	   7.1300669408872697e-01	   3.3549811805910390e-01	   8.0002676263734779e-02	   6.5780928369874603e-01	   6.2578977791328627e-01	   4.3004676840371836e-01	   4.2135174086757443e-01	   4.5656906592108149e-01	   4.2918697599990985e-01	   3.2923974819596957e-01	   4.0656902228210057e-01	   3.6730249674532289e-01	   4.3826307343321380e-01	   5.1993673673106633e-01	   6.3768818962802232e-01	   1.5645362922766348e-01	   2.1860222353171394e-01	   1.4599605478921479e-01	   2.1577007205066218e-01	   3.9930726259538663e-01	   4.6193856213004902e-01	   4.5481992977362806e-01	   3.6471510613262997e-01	   1.5108848883000195e-01	   2.3621862804802201e-02	   5.1648586876612812e-01	   4.4320506330786902e-01	   2.2388427445861175e-01	   2.7158534894651010e-01	   6.0647853945687524e-01	   5.6215378063039534e-01	   5.5735401054604505e-01	   4.9914935672366412e-01	   4.3271601223839185e-01	   3.2328656361376407e-01	   5.5748717492264133e-01	   5.2951800903510593e-01	   1.0774321018891028e-01	   1.7773923351882676e-01	   6.8476822513636093e-01	   8.1626556140170226e-01	   6.9290881106250712e-01	   7.7594154622884537e-01	   3.2442488949632664e-01	   4.5040348090122628e-01	   3.4353495955285346e-01	   6.2981428308218634e-01	   7.4464340215311409e-01	   7.3222394878676877e-01	   5.2559230806827584e-01	   6.7268792333579552e-01	   2.9678338796925330e-01	   4.3440502247513335e-01	   2.6732348490017444e-01	   2.4484242469392323e-01	   3.5460042356713750e-01	   4.2052082711607885e-01	   3.1929329745766255e-01	   4.1734309455785307e-01	  -4.9746542018191522e-02	   3.3496270677127116e-01	   2.9296249021787374e-01	   2.9536286473789303e-01	   6.5489880808179546e-01	   5.9655081060388293e-01	   2.6196398961858636e-01	   4.1808811424230513e-01	   2.5415364763484816e-01	   3.1346371117621830e-01	   6.0098667072287204e-01	   7.7800795566234027e-01	   7.4188547524368809e-01	   6.2363855019119896e-01	   7.2998276196990519e-01	   4.6797208734356088e-01	   3.1865763127320468e-01	   4.3246004959597839e-01	   4.2213262717517375e-01	   4.4656558946915875e-01	   5.6749216335406927e-01	   5.0323340038492737e-01	   6.6711595250517108e-01	   4.2199885700735457e-01	   5.8098916973119819e-01	   5.4656703287839969e-01	   5.6849314688303487e-01	   4.8891702150909122e-01	   6.2470058255146510e-01	   6.1210921278332830e-01	   7.2331519153575705e-02	   1.8708308014153674e-01	   3.3866434766391768e-01	   4.2321763284257269e-01	   5.5973839518225044e-01	   4.4999298215573635e-01	   3.7408537353576576e-01	   4.9817626899366328e-02	
   4.1848526033352174e-01	   3.0578034294756845e-01	   2.4881928289911545e-01	   2.0316571115201038e-01	   9.3175094194782360e-01	   7.7556208713040009e-01	   3.8617686672575846e-01	   4.0318684243993674e-01	   0.0000000000000000e+00	   8.7749503806075846e-01	   1.8697754516650494e-01	   3.1847552331295703e-01	   2.5624569453263152e-01	   3.2157729761804016e-01	   2.2282453571848987e-01	   3.0540264454891819e-01	   8.0281024686756547e-02	   1.8124957404511016e-01	   3.6778134865801104e-01	   3.5108667062556398e-01	   3.2898961772046698e-01	   3.1889559339259804e-01	   1.2147477999334302e-01	   2.6029992529198350e-02	   3.0837106571938794e-01	   2.3774571057363433e-01	   1.2822114920891459e-01	   2.7421417189517650e-01	   1.2555878098923126e-01	   6.2271426314511116e-02	  -8.3163404013732165e-02	  -1.0343377133900583e-01	   2.4183032069065197e-01	   2.1922430405892843e-01	   1.7167519439810031e-01	   2.2373321367525367e-01	   1.6873578201217154e-01	   1.9576194696806448e-01	   2.3207342706465184e-01	   1.9185410534317918e-01	   8.3105616166297511e-02	   2.4224325193910690e-01	   4.1677180342159914e-01	   2.9537889001449047e-01	   4.4689151548945216e-01	   3.5634563808741537e-01	   4.0380849626701909e-01	   4.0908157727615979e-01	   6.3897500549644348e-01	   5.9909770564922737e-01	   5.0261127524035920e-01	   5.3194179479526160e-01	   3.5887751806150142e-01	   3.8679311237923919e-01	   4.0143440341519709e-01	   3.6197311790797571e-01	   1.8994736834891562e-01	   6.3776093928848254e-02	   4.9709515449981495e-01	   5.2294716746846992e-01	   4.4092565665337224e-01	   5.1243923447042139e-01	   1.6085102014549776e-01	   1.7204606812079359e-01	   2.4431422231541516e-01	   5.1152304219024447e-01	   5.7505318517437121e-01	   5.2377033770517978e-01	   4.3610341697953225e-01	   5.6034943250618119e-01	   1.3268486862284398e-01	   2.6443962070205879e-01	   1.8327544798929229e-01	   4.9703269707520197e-02	   3.7354671583322618e-01	   8.4609190186740429e-02	   2.7630743130117391e-01	   2.6797848580289152e-01	   7.9043105592861457e-02	   1.9306247801958926e-01	   2.0950920063419753e-01	   1.4556736754323008e-01	   2.4581363858918354e-01	   2.0109222387669079e-01	   1.2099114818110449e-01	   2.4508753669308825e-01	  -1.8317149103772445e-01	  -1.8097652826152844e-01	   3.1740496932027379e-01	   3.8236807065729839e-01	   5.4287789632722727e-01	   5.0765605255594914e-01	   5.6560002993729386e-01	   4.0884533123490352e-01	   3.6785769456202488e-01	   2.7594056449826720e-01	   3.9479311956501162e-01	   3.1116906594551763e-01	   5.0311029292902532e-01	   4.9362121064081410e-01	   4.9407467098262803e-01	   3.2719106847951840e-01	   3.8235310649159016e-01	   3.4604506312505923e-01	   4.6896626498296290e-01	   4.7466669052705934e-01	   4.8855760380962632e-01	   5.3899456348829033e-01	  -1.6433154254945964e-01	   2.6557548834314387e-01	   2.8708508449445913e-01	   4.6794324898939510e-01	   3.7759361680058562e-01	   1.5734470404003331e-01	   2.5787137783020181e-01	  -1.1753827660313607e-01	
   4.5201356601169507e-01	   4.3069135336328723e-01	   2.4496923590502293e-01	   3.9023097731997947e-01	   8.2173031757658133e-01	   8.1201578625913462e-01	   2.9531307952343844e-01	   4.8675632747831699e-01	   8.7749503806075846e-01	   0.0000000000000000e+00	   2.1556163961984862e-01	   4.3857296972066223e-01	   2.2998645252389166e-01	   4.6286894777710119e-01	   2.4379351022767931e-01	   4.2410295996496183e-01	   1.6504343001243807e-01	   2.0804806127214862e-01	   2.9458506118635097e-01	   3.0864293058469472e-01	   3.9578913277623029e-01	   4.2683771394181808e-01	   2.3746202519708554e-01	   2.4688758630163621e-01	   4.4241055360247322e-01	   4.5020540056648667e-01	   2.6910308436324426e-01	   4.6333246882074408e-01	   1.2990934722323733e-01	   1.5753343197052649e-01	   7.9085211992446398e-03	   8.0000589958270460e-02	   2.6687858716718321e-01	   3.1649884780878257e-01	   2.6655193865199411e-01	   3.5535288285425326e-01	   2.9018318233837537e-01	   3.3477980790168249e-01	   2.9808954011097921e-01	   3.5408818415006005e-01	   1.4969094393152724e-01	   3.4029904844364939e-01	   5.1047035532809815e-01	   3.8556146892575782e-01	   4.7020168417390307e-01	   4.4168636054496946e-01	   4.6675395735255254e-01	   5.2222091815164995e-01	   6.9464466756424814e-01	   6.5965939085619563e-01	   6.5750751520641226e-01	   6.3005113430251669e-01	   4.6625221970381747e-01	   5.6782165226865799e-01	   4.9070947070501636e-01	   5.1037443119809922e-01	   2.8623350164518591e-01	   1.3940246453307675e-01	   4.6305713066999232e-01	   5.7498652846131060e-01	   4.0220264902492542e-01	   6.3339232403907242e-01	   1.0738129739209405e-01	   1.2856724174135764e-01	   3.6836788661896974e-01	   6.6442070331339176e-01	   5.2087665017412266e-01	   5.5364125320595103e-01	   3.7627262170717801e-01	   5.0626476895387673e-01	   8.8437376764889275e-02	   3.8805468587675407e-01	   2.3395204607831169e-01	   1.4453087134886189e-01	   3.8080617403109374e-01	   1.6889387320448557e-01	   3.0500596583011219e-01	   3.6966080984750266e-01	   1.6385019628367684e-01	   2.8044699457391520e-01	   2.8521823304218269e-01	   1.8577379090255114e-01	   2.7551650757003798e-01	   2.7579448918815375e-01	   2.2779275771827701e-01	   3.8545582575535264e-01	  -5.1906163316837714e-02	   1.4555773118165867e-02	   2.9574684166715820e-01	   4.7979126473908840e-01	   5.9269131051890833e-01	   4.3824798990894265e-01	   6.1077652592561926e-01	   2.5830280409869777e-01	   3.2977656387258936e-01	   3.3470269992662283e-01	   4.1463992988919646e-01	   3.7746844496586385e-01	   5.5972519181640834e-01	   4.8555374455013001e-01	   4.5162078860897448e-01	   1.3132276661010353e-01	   3.1620231319568404e-01	   2.2985973263427378e-01	   4.7263043767016122e-01	   4.7065120401076999e-01	   4.7797933708493112e-01	   4.5870063340847833e-01	  -1.0651593973119369e-01	   2.4112773541917626e-01	   3.1689067587193653e-01	   4.8155728553192712e-01	   3.9980729025740314e-01	   2.0663863636925406e-01	   4.2416049347436036e-01	  -1.5035394199733603e-02	
   5.5033979716414960e-01	   3.9450450704585710e-01	   5.8350962384615279e-01	   6.2288912931724838e-01	   1.6360350666718737e-01	   5.1548518888436146e-01	   6.4137370421376017e-01	   7.3076851890635808e-01	   1.8697754516650494e-01	   2.1556163961984862e-01	   0.0000000000000000e+00	   7.6121250486487058e-01	   8.2563044252743722e-01	   7.7221609310550365e-01	   6.2517591690835250e-01	   6.4908824006920940e-01	   5.0899442005301909e-01	   4.3741156047816843e-01	   7.5664739537321901e-01	   6.6795023424790234e-01	   3.2460653147153767e-01	   3.3831068646960373e-02	   6.7761520715297130e-01	   5.7533017302364264e-01	   4.1856261903683234e-01	   3.3694645170321752e-01	   5.2077093982283273e-01	   3.5551570120807491e-01	   4.7458305357632358e-01	   4.8284008341709683e-01	   4.6877003899875386e-01	   4.2544807317399946e-01	   5.8368817337631040e-01	   6.2425719700046134e-01	   3.3538926858178708e-01	   3.0210857196069052e-01	   2.6127817176169499e-01	   2.6730730774174649e-01	   4.1789872153711377e-01	   3.8806683993496038e-01	   5.1502451185079157e-01	   4.4884869234473873e-01	   1.9052057207675538e-01	   1.4644319547001999e-01	   6.0253744954745869e-01	   5.4426743852237225e-01	   3.2459780426385759e-01	   3.2705988939105524e-01	   5.0425962590786644e-01	   5.2236855705566143e-01	   4.8287135427607319e-01	   4.5350829785692198e-01	   3.0611911443885714e-01	   2.8429762465991948e-01	   5.5493766782987031e-01	   5.5678763858122204e-01	   1.2021841948581863e-01	   1.3336817028738848e-01	   4.9241131898352575e-01	   6.1241032497330905e-01	   5.3974352034009099e-01	   5.4425367770348687e-01	   3.4666305666888941e-01	   3.7662462245983208e-01	   4.5047545999329347e-01	   5.2847540153083283e-01	   7.3506062683067541e-01	   7.1746605936368324e-01	   4.6558372681961513e-01	   6.4703349240386787e-01	   3.2507884914595153e-01	   3.6729959932914780e-01	   3.6635228202919273e-01	   3.4257332998425166e-01	   4.1204824021666758e-01	   4.8779491399406694e-01	   3.8477817071980475e-01	   4.1851390848803166e-01	   2.2315031273561864e-01	   4.7559807258245246e-01	   4.7649505633509043e-01	   6.3365745186070188e-01	   7.6676389399470279e-01	   7.3936716669868241e-01	   4.7884965315811562e-01	   5.7243973250430147e-01	   4.5919794083815269e-01	   5.1784997652973130e-01	   4.5111815706408859e-01	   6.0252498840930235e-01	   6.5464125644317472e-01	   5.8305288615070749e-01	   6.3441135402166360e-01	   3.7571047131162549e-01	   2.7179999408809891e-01	   2.6425056161752708e-01	   4.4458306141278237e-01	   3.8258469181351701e-01	   6.1167740048531383e-01	   5.7667830578811707e-01	   5.4588942998295797e-01	   3.3733123794995312e-01	   5.3453974339868471e-01	   4.4640447368603159e-01	   5.2174575849367488e-01	   4.2134251831624819e-01	   5.4329496631001084e-01	   5.1656362335830430e-01	  -4.0315558669686537e-02	   1.0642166499284934e-01	   3.4387353936445747e-01	   4.6472502493091417e-01	   5.6210034011491983e-01	   5.1324906640023360e-01	   3.0849666001765663e-01	   7.5273369433413277e-03	
   5.9802645123798570e-01	   6.2631295762275141e-01	   4.4234424248623400e-01	   7.2376254489021963e-01	   2.7522590577135619e-01	   6.8634597515496609e-01	   5.8084932766391106e-01	   8.5418305539526496e-01	   3.1847552331295703e-01	   4.3857296972066223e-01	   7.6121250486487058e-01	   0.0000000000000000e+00	   7.5153632838976336e-01	   9.1119611305999326e-01	   5.7781401192458293e-01	   7.4194998639796417e-01	   5.1510832384874905e-01	   5.2350118808387269e-01	   6.8483848000512382e-01	   7.2148070347795834e-01	   3.6338825308430489e-01	   1.8968648321729983e-01	   5.8086907892718898e-01	   6.1445077859639619e-01	   3.7436150560637194e-01	   3.8179539944358065e-01	   4.2538567728390686e-01	   4.2574722560551348e-01	   5.2042710293736860e-01	   6.0614649150826372e-01	   4.0137339623194845e-01	   4.8193472482081551e-01	   5.4350135867632487e-01	   6.6426282047049012e-01	   1.5094523882358757e-01	   2.5541718898809684e-01	   2.5303094027143203e-01	   2.9708085712284393e-01	   4.3864728943279585e-01	   5.2996157656682519e-01	   5.7053357932183557e-01	   4.6376041174051541e-01	   2.5407255520756394e-01	   1.9304014636169642e-01	   5.4929115818117635e-01	   5.5396103264002261e-01	   3.2965176477185226e-01	   4.0142933897647926e-01	   6.4625006174431054e-01	   6.1704346818487621e-01	   5.9887991276118346e-01	   5.6281545844015313e-01	   5.0524008634362660e-01	   4.2382130979634447e-01	   5.8941757491587210e-01	   6.0964320735708866e-01	   2.7295825555840270e-01	   3.9199111932899350e-01	   6.2306068809665782e-01	   8.0857056828868090e-01	   5.8900185562841689e-01	   7.7677302936807235e-01	   3.9287488063766418e-01	   5.5562073735488071e-01	   2.6376879560927396e-01	   5.5714580470174946e-01	   6.6396664489151758e-01	   7.0349077364423107e-01	   5.2945544111418619e-01	   6.7550765754831155e-01	   3.0272564630832705e-01	   4.7620759901460641e-01	   4.0132770295677439e-01	   3.8787426548501169e-01	   4.3027091294795150e-01	   4.9969522893637641e-01	   3.9105047786978608e-01	   5.3293285843804794e-01	   2.1736044909194932e-01	   5.1928221100210581e-01	   5.2331849472468350e-01	   4.6192045022575345e-01	   7.0270365965753345e-01	   7.2354490545749051e-01	   2.6395286864478462e-01	   4.5749718748520085e-01	   3.1233741136756671e-01	   4.3153140735632534e-01	   4.4885613931297241e-01	   7.5207364630597640e-01	   7.2255721560171526e-01	   4.9897249856794057e-01	   6.8117028272869573e-01	   2.4868652351388595e-01	   2.2665637810521636e-01	   4.3497228553535500e-01	   4.4913372392468831e-01	   4.8960178005127175e-01	   6.1864696614291914e-01	   5.0378860429058081e-01	   6.6896168138531964e-01	   3.0381000320774099e-01	   5.9293529473377660e-01	   4.8591740907506753e-01	   5.9069379323867655e-01	   4.3859907957335725e-01	   5.7787245589308311e-01	   5.8448708283374762e-01	  -1.0064214785776104e-02	   1.3387339002900406e-01	   3.2295786378833413e-01	   4.5389116242454652e-01	   4.7667467658041507e-01	   4.6759256681094796e-01	   4.1702971650617116e-01	   1.2160508815954835e-01	
   6.2228577279741859e-01	   4.4628485797874895e-01	   6.5065481685120519e-01	   6.5235263081495487e-01	   1.8805169486610049e-01	   5.1838589892002707e-01	   7.7228313982096275e-01	   7.6979717625015542e-01	   2.5624569453263152e-01	   2.2998645252389166e-01	   8.2563044252743722e-01	   7.5153632838976336e-01	   0.0000000000000000e+00	   8.0114232280115516e-01	   7.8247541390634978e-01	   7.5860760042284836e-01	   3.2233335372080751e-01	   3.6667143250873224e-01	   6.8364443070195424e-01	   6.1117829366074650e-01	   3.5126351897191999e-01	  -2.1467929608064460e-02	   6.8168362756681011e-01	   5.4866949736739212e-01	   4.1312894162579128e-01	   2.9716571760323773e-01	   4.5286378103023167e-01	   2.7732325452698980e-01	   5.3722278112217825e-01	   5.4440717584362031e-01	   4.9152982907252635e-01	   4.4639627670173343e-01	   5.4698929361330340e-01	   5.8479737789939756e-01	   2.6731195571706512e-01	   2.6510978823889547e-01	   3.5976045776274307e-01	   3.1585617241027780e-01	   5.7756983769242132e-01	   5.2613523764778014e-01	   6.7426561755886860e-01	   5.3769127760661495e-01	   1.0793099422059922e-01	   3.9382281718668519e-02	   4.8463230885239017e-01	   3.9510422941663365e-01	   2.2439516941313131e-01	   2.6666581416866231e-01	   4.9481153415755558e-01	   4.7490472934376815e-01	   4.6488008986712603e-01	   4.6127922871303673e-01	   4.6075734546029418e-01	   2.7810413666844602e-01	   6.2604205713483130e-01	   5.6923851118865665e-01	   1.4735913473753770e-01	   1.9944234125557159e-01	   6.1721823622906269e-01	   6.9543610013695178e-01	   6.3417392231271008e-01	   5.9004877378518894e-01	   2.3210779452933294e-01	   3.4362170821406535e-01	   2.8042005146986776e-01	   4.9177544898469250e-01	   6.6621425535980439e-01	   6.2396597012256239e-01	   4.9961478325453168e-01	   6.4915898010874407e-01	   4.5362645147817093e-01	   3.9930630948972151e-01	   4.3946832641480627e-01	   3.9791202043684587e-01	   4.9188454482724453e-01	   5.7770581670967014e-01	   4.2984470065875341e-01	   4.5251248330451843e-01	   1.1705403387580955e-01	   4.1450300851573901e-01	   3.7076225858698142e-01	   3.9243581702756936e-01	   7.8304436764552365e-01	   6.8242759864523928e-01	   3.4601142186129030e-01	   4.0181221304538828e-01	   4.5311420235170485e-01	   4.2187988224346962e-01	   6.1316699740865510e-01	   6.5690034862849345e-01	   5.8941260940022278e-01	   5.4568177064650047e-01	   5.9489811211276922e-01	   4.1541129650497755e-01	   3.5044458277572216e-01	   3.8663076584018374e-01	   5.1792078443556300e-01	   5.3465188697697896e-01	   5.5624298888138790e-01	   5.4120260039591739e-01	   6.3245040856401913e-01	   4.6671723165955870e-01	   5.9707020487655649e-01	   5.0616359954681678e-01	   5.0255453571951847e-01	   3.9873939597243907e-01	   6.0791017388044677e-01	   5.9579737782602127e-01	   6.5696675513102432e-02	   1.3620277505693473e-01	   3.6547169184137396e-01	   4.1583646878690428e-01	   5.9128781937600294e-01	   6.0589270095206493e-01	   3.7747905627704403e-01	   1.2067063931429482e-02	
