   0.0000000000000000e+00	   1.4640263248589114e-01	   2.1814966538463434e-01	   4.0131681287760246e-01	   6.5935174312182887e-01	   5.8015899927564030e-01	   5.7468476972229021e-01	   4.9701324099414396e-01	   6.3122553940613946e-01	   5.2859800759084152e-01	   6.5215661138578174e-01	   7.1402737381456705e-01	   3.5821831934549386e-01	   4.3295084700831798e-01	   4.7262684362328067e-01	   3.7829612257236889e-01	   3.5811327714744612e-01	   2.2424968203157131e-01	   7.0498479943228742e-01	   4.1102056354084604e-01	   2.8472937963515038e-01	   2.7518817036317783e-01	   2.8718900332336889e-01	   2.3233614523408161e-01	   5.4509250695897758e-02	   4.6654719636638531e-02	   2.4849866642395130e-01	   2.3204313762396694e-01	   6.8904057102071181e-01	   5.0877372213532068e-01	   3.2734711065350597e-01	   3.8905064262111289e-01	   3.9789527242652822e-01	   2.9807465636763097e-01	  -1.6348095805348978e-02	   5.5403010018706192e-02	   1.4437651618793695e-04	   1.2055033074095933e-01	   4.9425063752921126e-03	   2.9469203038647633e-02	   5.7404552696883236e-02	   2.5902991100076700e-03	   1.1218268747828433e-01	   4.5333180428266208e-02	   4.1595713424467406e-01	   3.5163294710341753e-01	   2.1306007721689801e-01	   1.5136311968015781e-01	   2.6407545488125411e-01	   4.3495294769123827e-01	   3.3062660509435621e-01	   1.2259336254701735e-01	   4.0429484764064083e-01	   9.2182385132773700e-02	   1.4900898159891493e-01	   5.6608816548729408e-02	   3.0362542676309134e-01	   1.8934685782519939e-01	   6.2889211199477024e-01	   3.0787626478398611e-01	   6.3831567311298021e-01	   5.6911920527620008e-01	   2.6996295806223769e-01	   4.5131913655578104e-01	   4.4539105051521272e-01	   3.0963390224353149e-01	   4.2108140941053451e-01	   3.3453664880502693e-01	   1.4353421437307548e-01	   4.0265977418045440e-01	   4.7244265754850978e-01	   4.2506718159651047e-01	   5.4313750263578009e-01	   4.0447614120199987e-01	   6.6671359524534757e-01	   5.5183654333382093e-01	   3.4702995057452274e-01	   3.3449659899907930e-01	   2.0520872811716490e-01	   1.5110961173633719e-01	   3.7090877229123198e-01	   3.0412604646722374e-01	   2.4440176328980617e-01	   3.5594897067773018e-01	   4.0075094013870749e-01	   2.4606186472931546e-01	   1.6315205620518851e-02	  -1.3435575781221540e-01	   3.8686791532994580e-01	   5.2805356966619077e-01	   4.0513056161445915e-01	   4.8239172074608427e-01	   5.3697598196303287e-01	   4.7225919741935690e-01	   3.7582998530715027e-02	   2.1659024065367583e-01	   1.5691251337003054e-01	   1.7126370564386867e-01	   2.6254896858682264e-01	   3.5232692408739535e-01	   5.6161058817676679e-01	   6.2770065656100305e-01	   3.9519102703114384e-01	   5.8852493108555426e-01	   2.2259818228679779e-01	   1.7573941651132619e-01	   3.2936527154397627e-01	   1.4427119072215874e-01	  -1.0452340706849753e-01	  -2.8919915531050160e-02	   1.4318758713125054e-01	   2.8059092447326089e-01	   5.1477652852457223e-01	   3.6877963212304432e-01	   3.0488167906126584e-01	   1.2778630861154189e-01	
   1.4640263248589114e-01	   0.0000000000000000e+00	  -2.1545223077613140e-01	  -1.1494331875252704e-01	  -1.6615268770655403e-01	  -2.5101314367355532e-01	  -4.8501230625403857e-01	  -2.8820919906048426e-01	  -3.0957594518904713e-01	  -3.0866351443157936e-01	  -1.0507271988458242e-01	  -1.6178096159708516e-01	  -3.7848495707355706e-01	  -3.2729246333565948e-01	  -1.9347697465949448e-01	  -2.9188953124381956e-01	   6.2480931335484569e-01	   7.1438612835621895e-01	   1.7887727876461521e-01	   5.4003202638845016e-01	   2.5458762900754722e-01	   3.2087136580511821e-01	  -2.2579412072579585e-01	  -2.9748690972602176e-01	   5.5342138515973006e-02	   2.6973568262390699e-02	   2.0390008950296235e-01	   1.1797891348633104e-01	   4.4646772270169693e-02	   1.0953819330547790e-01	  -7.5657914332652371e-02	  -1.7654400668161752e-01	   2.5987701760357063e-01	   2.8562839492747055e-01	   1.2391988657911843e-01	   2.1804338125302516e-01	   3.3157119564317267e-01	   4.6391365972551468e-01	   3.7867169067713619e-01	   4.5236090841389703e-01	   4.1693144494844059e-01	   6.3535534043985031e-01	   3.2605057254985548e-01	   3.4429978258781435e-01	   2.3993508050402643e-01	   3.6157367497225068e-01	   2.3845266174637506e-01	   2.9702543726183911e-01	  -2.3013416683541435e-01	   1.4554463379448029e-01	  -1.1593502217044585e-01	  -1.9515612257546991e-01	  -3.0023938445463583e-01	  -3.2458722525503303e-01	   1.3628917634045373e-01	   2.4656544528338759e-01	   6.1903722155930607e-01	   8.9268168758628341e-01	   2.9225228690685690e-01	   5.0931604956263388e-01	  -1.2196410074296815e-01	  -1.0559048280469545e-01	   2.5683660645967132e-01	   1.5879626663889451e-01	  -1.3019929007846393e-01	  -1.9620599844082093e-01	   1.9214418372609829e-01	   2.5843670885886505e-01	   2.0053354238979057e-01	   7.1237430009918681e-02	  -1.8085283144444073e-01	  -1.8889395064573392e-01	   8.0983024404712223e-02	   1.6694138446043044e-01	  -2.6349265370699194e-02	   8.5899789955055261e-02	  -9.8163590215589763e-02	   1.1410948315101131e-01	   5.5907177194444946e-01	   6.8257284418693775e-01	   5.5530319905147474e-01	   6.1299222468452452e-01	   3.7733687622986722e-01	   4.3946673680908116e-01	   2.8203038516290724e-01	   2.9958057307624841e-01	   5.2305295550211994e-01	   5.0515262892286084e-01	   7.5707991834164223e-03	   1.6385810648353399e-01	  -1.2079049184604996e-02	  -2.4073078671674802e-01	  -1.4103902613718686e-01	  -2.2196291164805881e-01	   1.8910586745067626e-01	   2.2219281754802717e-01	   5.2927659798591464e-01	   2.2514391184353033e-01	   4.4970282262490602e-01	   1.7142242215344544e-01	   1.7050397150380386e-01	  -1.0746486142789546e-01	   6.1700385148228598e-01	   3.7041219564663269e-01	   4.1637090258512710e-01	   1.0880106820140398e-01	   3.8565364999993057e-01	   7.8828919395417391e-02	  -4.7566222117901964e-02	   1.9142950167732264e-01	   4.6635399401884414e-01	   2.8742001470628087e-01	  -3.6761428643894714e-02	   4.9364152007085099e-01	   1.3055204401259310e-01	   3.5276449867171128e-02	
   2.1814966538463434e-01	  -2.1545223077613140e-01	   0.0000000000000000e+00	   6.3702587722365234e-01	   4.5413037086677588e-01	   2.9967383370194478e-01	   4.6873221212036309e-01	   1.3948326254444349e-01	   3.7816580842286718e-01	   1.8079818801133113e-01	   1.8194814415823907e-01	   1.9685490280715762e-01	   8.0103434051795458e-02	   1.0263643679557087e-01	   5.2992331089847777e-01	   6.0565484268046887e-01	  -3.0424901631544221e-01	  -2.5254108278902254e-01	   2.9002495694642272e-01	  -1.0967804080394435e-01	   3.7692667537384822e-01	   1.0184895468103425e-01	   8.6767510296900574e-01	   8.2903307187410946e-01	   6.7215893280090266e-01	   6.3062609440258788e-01	   5.0679300967543306e-01	   5.2675669087219612e-01	   1.9884691564763340e-01	   1.2308467182664727e-02	   7.1500513536979105e-01	   6.2716906693040242e-01	   2.0173795403195507e-01	   9.3847075453060924e-02	   6.1112798806744384e-01	   5.3300250129714100e-01	   2.3719446662067922e-01	   5.9468606348409649e-02	   2.4194049749458080e-01	   1.4176868291386976e-02	   2.3711318298694251e-01	  -9.8858525881757170e-02	  -3.8228764673915072e-01	  -3.9937491914493845e-01	  -2.1256852614528021e-01	  -2.5292764747928215e-01	  -3.1925752980503153e-01	  -2.6855382664951966e-01	  -1.8453544231818098e-01	   1.8451212733717809e-01	   3.4166455925655270e-01	   2.5283077887011435e-01	   1.6835450207198033e-01	   4.4486118415162373e-01	  -5.0083881354972694e-02	  -5.0521092930221452e-02	  -4.0104983720276122e-01	  -1.4296368628465000e-01	   4.0575535171639907e-02	   1.2327180896662615e-01	   1.8281907266511008e-01	   1.2659266326515220e-01	  -1.3952494962403691e-01	   5.4168503882622003e-02	   7.0957782981578577e-01	   4.7904143866847626e-01	   1.2967719208888506e-01	   4.7569453819529470e-02	   8.1382289789370565e-02	   2.7178075120236983e-01	   3.5378316860952397e-01	   8.6851181701907809e-02	   8.3250948693192661e-02	   2.9555908856499936e-02	   1.9738492874538086e-01	   1.2612847087051571e-01	   2.2908742433097778e-01	   1.1981051239520785e-01	  -4.0755522967476315e-01	  -2.7627687407134133e-01	  -2.5621076104976015e-01	   4.5516743182792904e-02	   3.6094031284099964e-01	   2.3581844078847572e-01	   5.3076636486396456e-01	   5.4402399431182080e-01	   2.3473234911373420e-01	   1.6969127164883532e-01	   5.6839508602846023e-01	   6.2731173319269540e-01	   1.7325207298827056e-01	   5.5633462248500076e-01	   3.5010564851501247e-01	   6.0668855704696156e-01	   1.9413982636054100e-01	  -3.4627757410622129e-02	  -6.7703917333150232e-02	  -2.6583877817753937e-01	  -2.6140450106897978e-01	  -1.8462150520453213e-01	   3.2752767888012228e-02	   1.6113922797112101e-01	  -2.0371631491997499e-02	  -9.3523391598410860e-02	   5.4166931886615574e-02	   1.7227648909251647e-01	  -5.6923480043739837e-02	   2.1627740267200440e-01	   9.6016566414344390e-02	   1.1699441972116240e-01	  -1.6000755290197735e-01	  -3.6277706864170214e-02	   1.3015754104175001e-01	  -3.5986776378155012e-02	   1.6599692086652998e-01	   1.1895483240262716e-01	
   4.0131681287760246e-01	  -1.1494331875252704e-01	   6.3702587722365234e-01	   0.0000000000000000e+00	   5.2059746905191584e-01	   5.7813050603081950e-01	   5.1052664174948026e-01	   4.5298035914116441e-01	   4.0303726778048476e-01	   3.6490547232724257e-01	   2.2235412975775440e-01	   3.9290594334078355e-01	  -6.9972283091488452e-02	   9.7805609599325008e-02	   2.1519485834217028e-01	   2.9926183867142164e-01	  -1.6294672345858097e-01	  -1.2196756955924609e-01	   4.0661530240359944e-01	   3.9773843907009318e-02	   1.9079393885895263e-01	   1.2462509679813052e-01	   5.9347235657652497e-01	   8.0791361458929001e-01	   3.3379688315197908e-01	   4.8638010381378322e-01	   4.7744636015105368e-01	   6.1304751078466446e-01	   2.0684060278978764e-01	   9.0931246628206078e-02	   5.0162659446472080e-01	   7.1046913804373979e-01	   1.2654167730143062e-01	   1.5930615007977528e-01	   3.5149733686133339e-01	   3.9631460834089915e-01	  -5.8728996153769607e-02	  -8.1227541956109921e-03	  -9.8894092277519469e-02	  -1.3875246046180259e-01	  -6.7188781243774351e-02	  -1.7697063632571855e-01	  -2.2952075567165547e-01	  -2.1256226351727781e-01	  -8.0093638026025288e-02	  -2.7829115234266122e-02	  -2.3378330301122111e-01	  -1.5697519041022331e-01	  -1.8826112200696885e-01	   2.8675060271937702e-01	   2.7010113121315460e-01	   2.4675848985812326e-01	   8.2836115029120194e-02	   3.1015642760398571e-01	  -1.7562383337044396e-01	  -1.1428854474161183e-01	  -2.2563477583164226e-01	  -7.5717876494164810e-02	   1.0911628666282755e-01	   2.1155802703725979e-01	   2.3035237828102309e-01	   2.9281727454152628e-01	  -1.4352276935924110e-01	   4.7792113998251604e-02	   6.7152768310828059e-01	   7.9644090149712254e-01	   1.8140497374023734e-01	   2.4566643390710405e-01	  -2.5099110658729596e-02	   2.0132545345141309e-01	   4.3188539751866584e-01	   4.2231391208317925e-01	   2.3256142329032514e-01	   1.6195801765539730e-01	   3.7124012633135961e-01	   3.1065710292605003e-01	   2.5493653489792945e-01	   3.6818109120425546e-01	  -1.4578752879641182e-01	  -9.9029115235815215e-02	  -6.4734226284384938e-02	   2.9834275262687976e-02	   1.6063702292029886e-01	   7.9936405046474257e-02	   4.8443333840749836e-01	   4.1242248042700141e-01	   9.5005966489319540e-02	   8.0057152466690873e-02	   3.9870481483065723e-01	   4.6462774524840439e-01	   4.1987414124927769e-01	   5.1891640932075367e-01	   6.1091150048664877e-01	   5.1362194401123329e-01	  -1.2142086428444938e-01	  -5.3961987338998305e-02	  -2.1019996400039881e-01	  -3.1064365154870721e-01	  -8.2322397865141811e-02	   1.5767833729049396e-02	   2.5650873937657703e-01	   2.4754545759660129e-01	   1.2089700550747472e-01	   1.0791828621958438e-01	   1.4165852588528613e-01	   2.0080413511073636e-01	   1.6902073017826935e-01	   1.6303246305753594e-01	  -6.9172944424452237e-02	   8.9050380375454291e-02	  -1.8875659035184869e-01	  -1.0867141139050008e-02	   1.0895643936305505e-01	   1.6561014567090276e-01	   2.8683385994488964e-01	   7.4850326775620479e-02	
   6.5935174312182887e-01	  -1.6615268770655403e-01	   4.5413037086677588e-01	   5.2059746905191584e-01	   0.0000000000000000e+00	   7.6610603156875767e-01	   7.3096587864515450e-01	   6.3837347437452774e-01	   8.1896197216152111e-01	   6.0813161972191732e-01	   4.2010624612468161e-01	   6.3463084479741017e-01	   4.5957559117536595e-01	   4.9970883479575529e-01	   4.9903287891989750e-01	   5.2472003290377744e-01	  -1.3704006585672840e-01	  -4.6874748341818033e-02	   5.8644698968043696e-01	   3.3044090162734985e-01	   1.9793634035510277e-01	   1.8313940225419251e-01	   5.0036466866816565e-01	   4.5227855435593245e-01	   2.5842923908042076e-01	   2.1837744017707045e-01	   3.8132480157432458e-01	   4.0227582013367913e-01	   4.0377558660978291e-01	   3.5866349931281166e-01	   4.7086745178188721e-01	   5.0871862446315852e-01	   2.7249585497230744e-01	   2.4426335236971036e-01	   1.8334684605550081e-01	   2.4907857600925784e-01	  -2.0525845479450092e-01	  -1.6616188542608720e-01	  -1.1388442030237883e-01	  -1.3544465534839134e-01	  -1.3028226040139984e-01	  -2.7154515414205138e-01	  -8.6998017244848472e-03	  -8.7464268158980812e-02	   2.5491754629939989e-01	   1.3150914255218960e-01	   9.8617624937206300e-02	   5.7679336849754542e-02	   3.5141522298484090e-01	   4.1332221813854486e-01	   5.6044840786484351e-01	   2.8169962568139073e-01	   5.9749564021795820e-01	   4.2844690814201453e-01	   4.3643106914246901e-02	  -6.1029976084713403e-02	  -4.7990340585833215e-02	  -6.1995443558829987e-02	   4.9906729892251922e-01	   2.2230730925416173e-01	   6.9153586922361510e-01	   6.6779325489391361e-01	   9.5869231119100659e-02	   4.4414726929438836e-01	   5.3944630634442969e-01	   3.2755895446896643e-01	   4.1600983222519616e-01	   3.3523710180627581e-01	   1.9260363644255984e-01	   5.4552541842687130e-01	   5.4117034411267007e-01	   4.9552773622627033e-01	   2.4477961529000919e-01	   2.6942154867288215e-01	   4.6471710552516471e-01	   4.4822433321768418e-01	   2.7174531362950105e-01	   3.0427261015163420e-01	  -1.9727558789689109e-01	  -1.2176873980071160e-01	   5.4923799805962443e-03	  -3.3735798004211263e-03	   5.0478343555429510e-02	   1.3558711505351645e-01	   1.5264678732797399e-01	   6.6584624302695933e-02	  -9.4767526518535219e-02	  -3.0657613576378873e-01	   4.2639561363731704e-01	   4.7632130839742465e-01	   5.7102545066024435e-01	   7.2538975048181253e-01	   5.3258136537083645e-01	   6.3763958039954105e-01	  -1.2353960474151712e-01	   2.0196779063557838e-02	  -1.0943495620626542e-01	  -1.8455010639490899e-01	   1.4859559836016051e-01	   3.0066860510487237e-01	   4.0313626563407656e-01	   5.8914143593173396e-01	   1.4325365173394203e-01	   3.2062991837290039e-01	  -5.5593880969122267e-03	   6.7551990680828804e-03	   4.6779481129202057e-02	   7.8053915460690959e-02	  -2.9950514186088284e-01	  -2.6939393625699909e-01	  -9.0538238448850533e-02	   2.7800643628234989e-01	   6.3147365114686427e-01	   8.5248312606184942e-02	   2.2173156230335195e-01	   1.9368044561418074e-01	
   5.8015899927564030e-01	  -2.5101314367355532e-01	   2.9967383370194478e-01	   5.7813050603081950e-01	   7.6610603156875767e-01	   0.0000000000000000e+00	   7.1130148879432364e-01	   7.3199295626203531e-01	   7.0605095374456861e-01	   7.8800440620712087e-01	   3.2071059929396400e-01	   5.6055548447105252e-01	   3.3919090689762837e-01	   4.3507863317011664e-01	   3.3103562592765101e-01	   3.6337414539803675e-01	  -1.7669615248939025e-01	  -2.2517474187211772e-01	   5.2593259655893865e-01	   1.7488035684495445e-01	   1.1091139560021911e-01	   1.6392108881324527e-01	   3.7346326386049589e-01	   4.3229771703708025e-01	   1.3207026419728782e-01	   2.4817049549170980e-01	   3.0087271670559906e-01	   4.3856786159745104e-01	   3.9820756590895812e-01	   2.5048606933397993e-01	   3.2463716372685453e-01	   5.0408472845854535e-01	   9.7086500093580094e-02	   1.0551612530643359e-01	  -5.6819836702260054e-02	   3.4814546485706574e-02	  -2.5682521984478174e-01	  -1.5623685625293152e-01	  -2.6660586381450024e-01	  -2.3071622461494970e-01	  -1.3721289014185251e-01	  -3.1684845612795576e-01	  -7.5922402811448627e-03	  -5.4457475190174853e-02	   2.3285754305432693e-01	   2.1467692766231281e-01	   9.4833449773346096e-02	   5.6652312524438322e-02	   3.2857295158470007e-01	   5.2091483188423959e-01	   4.9017388194749290e-01	   4.5814619192989170e-01	   5.0067307925965043e-01	   4.1273041739912492e-01	   2.0614676592330416e-02	  -3.8299137362464472e-02	  -1.0671807550363926e-01	  -2.6233977398187147e-01	   2.6255392025277513e-01	   8.3107117230630759e-02	   4.7507605270395775e-01	   5.4204841082118549e-01	  -1.3814658218378075e-02	   1.5912368243545574e-01	   4.1920240314301715e-01	   4.6341435661828057e-01	   2.4410689450935963e-01	   2.2798532042299136e-01	   1.7226064421211396e-01	   4.5053866103390300e-01	   4.8241734762749766e-01	   5.3262602966127259e-01	   1.9214680698278025e-01	   1.5364249799893429e-01	   4.0842385881223792e-01	   3.3234888788398037e-01	   1.9009463858948017e-01	   1.4685674004614357e-01	  -1.3216468202535475e-01	  -2.4923105922705135e-01	   4.7990185226837540e-02	  -9.5616857173644432e-02	  -9.3640354948244190e-04	  -5.2909932816595014e-02	   1.6186790102091470e-01	   2.3777460980513664e-02	  -2.0986702698539350e-01	  -3.5745499833944994e-01	   3.3485943620475517e-01	   3.7473740155315455e-01	   3.9217470132350679e-01	   4.3991271746607946e-01	   3.9861323936489118e-01	   3.6636340387696575e-01	  -3.1967982354576152e-01	  -9.1690871290066617e-02	  -3.1723601466819218e-01	  -2.5881347645505887e-01	   4.3234143485597711e-02	   2.0206500664672061e-01	   2.0870674166338132e-01	   3.0629063608326579e-01	  -7.3364353043653782e-02	   1.1654058591922895e-01	  -1.1603337471085536e-01	  -1.3931669597866886e-01	  -4.1841223795281809e-02	  -1.9900340857250925e-02	  -3.1086810244933893e-01	  -3.1345135067322560e-01	  -1.8067931472400839e-01	   1.6333757660716078e-01	   3.2567339065325490e-01	  -3.2679160685041272e-02	   1.8337686030999051e-01	  -2.2537251473204040e-03	
   5.7468476972229021e-01	  -4.8501230625403857e-01	   4.6873221212036309e-01	   5.1052664174948026e-01	   7.3096587864515450e-01	   7.1130148879432364e-01	   0.0000000000000000e+00	   8.2091094889821159e-01	   7.0997058979981253e-01	   5.7567565301252732e-01	   4.4347656985071782e-01	   6.7818645466901095e-01	   5.3370766739451048e-01	   4.7046894657541327e-01	   4.5872170565360326e-01	   5.4631800483047432e-01	  -1.2371304414973439e-01	  -2.7888747091130456e-01	   5.0843738435139552e-01	   2.8304786412217016e-02	   9.6907932924386792e-02	   3.1773342171742894e-02	   4.6080811864939941e-01	   4.3541961875403445e-01	   7.6967217609795635e-02	   9.4639288283791589e-02	   9.6415401346157253e-02	   1.4170470232811133e-01	   5.8054672686225861e-01	   4.5104804886985672e-01	   5.5599353041005972e-01	   6.4484189459747410e-01	   3.8383174213659244e-01	   3.4526437045553032e-01	  -2.8455315074496716e-02	   1.7213064145637905e-02	  -2.9986743090823614e-01	  -3.6817383823439281e-01	  -2.5703188110377301e-01	  -3.4244662997280645e-01	  -1.9472420796515819e-01	  -5.0032119597684876e-01	  -5.2200269276035362e-02	  -1.0818717836288183e-01	   3.1987400610003675e-01	   1.9445469114553737e-01	  -1.0023294091397716e-02	   6.2171772094590551e-03	   3.3621695568082766e-01	   2.9603557736130270e-01	   3.2328221831723047e-01	   1.5165090097650247e-01	   4.2886420321038288e-01	   2.7913912522222462e-01	  -1.5143427398453851e-01	  -2.4129786673125364e-01	  -2.3441139674032876e-01	  -4.1828012626227012e-01	   3.9168910313776523e-01	   3.5479980160680051e-03	   6.6354076188186528e-01	   6.0518866255172421e-01	   2.0213325702306309e-01	   3.7943417760072295e-01	   5.4561845377739870e-01	   3.7722115335891648e-01	   4.8781432826347115e-01	   3.6976556026907753e-01	  -1.5083909245090837e-01	   2.2656583150041981e-01	   5.3776015495029317e-01	   4.7807150638810147e-01	   3.7156458593578345e-01	   2.1585802706582136e-01	   4.9888419162501479e-01	   3.9316246807020039e-01	   2.7869713757651537e-01	   2.7631912319756441e-01	  -2.2866620028157386e-01	  -3.0979436542576783e-01	   4.7604121264948687e-02	  -8.4975896321709848e-02	  -9.5520603985020710e-03	   8.0737898066360475e-02	  -1.8082547498622245e-02	  -8.7080190959504450e-02	  -3.9136898766101186e-01	  -5.4173960705636770e-01	   2.5233251483242009e-01	   3.0368142173933588e-01	   4.4781434147275895e-01	   6.9100303742704872e-01	   5.3052674217968332e-01	   5.8076075636201696e-01	  -1.1996986228168124e-01	  -8.8278246946155839e-02	  -2.9401467700620121e-01	  -2.1207425519120665e-01	  -9.8652196117572727e-02	   2.0023007731797929e-01	   3.9688335935909824e-01	   6.2700353690838506e-01	  -7.4787559878772475e-02	   2.2853361444573728e-01	  -2.1359664248756646e-01	  -4.4959446941090581e-02	   4.3813101130868763e-04	   3.4022693008727678e-02	  -1.2090044839440246e-01	  -3.1183895346608542e-01	  -1.5231293942494878e-01	   1.5778724532936156e-01	   4.6138489327442533e-01	  -1.4137918878053435e-01	   6.7603167391003610e-02	   2.5247128458621287e-02	
   4.9701324099414396e-01	  -2.8820919906048426e-01	   1.3948326254444349e-01	   4.5298035914116441e-01	   6.3837347437452774e-01	   7.3199295626203531e-01	   8.2091094889821159e-01	   0.0000000000000000e+00	   5.8809385027270866e-01	   5.9520841357291232e-01	   3.6803733451509013e-01	   7.1866175101832674e-01	   4.0283690352339119e-01	   4.3742209078342242e-01	   2.0465755323665744e-01	   4.0414364345435405e-01	  -1.5385686575656749e-02	  -8.8570399230595259e-02	   4.7043037036040442e-01	   1.3593051020160163e-01	   2.0798176323319251e-02	   1.6616121354376767e-01	   1.3968623558461607e-01	   2.2439494514378694e-01	  -1.9822049077219567e-01	  -1.2202084490079135e-01	  -6.8365011524115837e-02	   2.3816608197149411e-02	   5.6331768259913517e-01	   5.5901101569081180e-01	   4.0503586183872053e-01	   5.8667978775554386e-01	   3.4512296459229230e-01	   4.5400184086849432e-01	  -2.2227500265994951e-01	  -6.2883193889689729e-02	  -4.3999440173241067e-01	  -3.7689020958715569e-01	  -3.6426012458595208e-01	  -2.9275573467468208e-01	  -1.9601648546943318e-01	  -3.6791601367707494e-01	   1.2450640679622056e-01	   8.2713567127770588e-02	   4.9111701753278858e-01	   4.3815584714185823e-01	   1.3519083127494363e-01	   1.8367284445534890e-01	   4.1656061901815666e-01	   3.9113075292946942e-01	   2.2430133797750740e-01	   1.3121907649654596e-01	   3.3237242126246852e-01	   1.1342724236554914e-01	  -1.8855971570537944e-01	  -1.9700955136664888e-01	  -9.3114349310315592e-02	  -2.9668367425153896e-01	   4.2784639778692768e-01	   1.1894828228459536e-01	   6.0130443428037517e-01	   7.4578413598343563e-01	   3.0546460579937340e-01	   4.9869944092619289e-01	   3.1184995690212780e-01	   3.0097040054143376e-01	   5.7508751164410687e-01	   5.7340310626619062e-01	  -2.3187732760967975e-01	   1.0161673203439332e-01	   5.3463022995140475e-01	   6.5770556606952191e-01	   3.8161504515154687e-01	   2.9447231787071815e-01	   4.5134716661678043e-01	   4.5903361073187654e-01	   1.8710657124531604e-01	   3.5364831053136558e-01	  -5.1420355855674608e-02	  -1.4004957139397323e-01	   1.9748716348388157e-01	  -7.5817234144288731e-02	  -6.2320127179034318e-02	   5.2704234786909415e-02	  -2.3514845855800337e-01	  -3.4052411558531714e-01	  -4.8392720430056790e-01	  -6.4846030561376888e-01	  -1.2767221998690726e-03	   1.1825010850746770e-01	   5.1542879852259704e-01	   5.0733363655784691e-01	   4.9827071951566920e-01	   3.2415433927936854e-01	  -3.7695774609660482e-01	  -1.5501304496301455e-01	  -3.2408773242045585e-01	  -2.4003228946626365e-01	   1.0261209429338271e-01	   3.4820669709790703e-01	   5.0980757240117991e-01	   5.5060225925939354e-01	   6.3468853056446062e-02	   3.3241920238469219e-01	  -1.5636852452610747e-01	  -1.5978345998893800e-01	   1.3603467984216189e-01	  -3.7981560443324527e-02	  -3.2956689222532543e-01	  -4.3055498730460950e-01	  -1.0410263289215840e-01	   2.7156986762012159e-01	   4.5735594337685792e-01	  -8.5498484640874395e-02	   4.6486388979449574e-02	  -3.6601927683813450e-02	
   6.3122553940613946e-01	  -3.0957594518904713e-01	   3.7816580842286718e-01	   4.0303726778048476e-01	   8.1896197216152111e-01	   7.0605095374456861e-01	   7.0997058979981253e-01	   5.8809385027270866e-01	   0.0000000000000000e+00	   7.7489924442823799e-01	   5.3283870881025786e-01	   6.4831602436111235e-01	   6.2974475791705786e-01	   6.5266889175056764e-01	   6.6167486211145632e-01	   6.1240393487852196e-01	  -1.1558770527697956e-01	  -1.0502819713102143e-01	   4.1481187867892172e-01	   7.2470194640839272e-02	   9.8529651862962239e-02	   8.5021376370818885e-02	   4.8559544912564490e-01	   4.1610253635900052e-01	   1.0153295605930374e-01	   9.6715701919470251e-02	   2.2200444815162787e-01	   2.6163068617083918e-01	   4.6525229497554516e-01	   3.5712123725086742e-01	   2.8735972053272857e-01	   3.9778253632946725e-01	   1.4461903342079060e-01	   8.7254120731414725e-02	   7.6037433423588555e-02	   4.9307281539270172e-02	  -5.0663489062488909e-02	  -9.4700301476024651e-02	  -2.2847740694615471e-02	  -1.2472124011970581e-01	  -1.1137659558520878e-01	  -2.3302737206264601e-01	  -6.7171319974814236e-02	  -1.9974326078864804e-01	   1.7741475572231122e-01	  -1.1832003465770407e-02	   1.1146705517163590e-01	  -3.0462250273770908e-02	   4.7820115902950910e-01	   2.3058217582180152e-01	   5.7371982131480603e-01	   3.4452239222902259e-01	   6.4999092540878955e-01	   3.5008448974083756e-01	   2.1130720642855200e-01	  -6.7563585026638132e-02	  -1.2231498813403205e-01	  -2.3174868823081310e-01	   4.4767090469931470e-01	  -2.6437116393986330e-02	   7.5507672559638839e-01	   6.2225905020814265e-01	   4.2762483430785647e-02	   3.2370997251530093e-01	   5.5133117774229223e-01	   3.0550796043357387e-01	   1.9007257174531070e-01	   1.0312931146969495e-01	   1.5327952375193260e-01	   4.5510466725197929e-01	   4.7160989591733893e-01	   4.3276045452889034e-01	   2.7851589412124522e-01	   2.9896755422812776e-01	   5.1520748692906360e-01	   4.2510277269419605e-01	   3.4282518523889050e-01	   2.0715684006328006e-01	  -1.2215414946550918e-01	  -1.3201443709151250e-01	  -4.7609862300434423e-02	  -7.9167885863460741e-02	  -4.2968499458526141e-02	   8.8989715748295881e-02	   1.3260603986028879e-01	   6.4406996318002355e-02	  -1.9728772028296229e-01	  -3.4891917151430996e-01	   5.3420409344592912e-01	   4.5763720882030567e-01	   4.3902116617131715e-01	   5.7843352875417975e-01	   4.8624812030269937e-01	   6.6461379503245610e-01	  -5.1000202281617932e-02	   1.2880034473419941e-01	  -6.4332041943762588e-02	  -4.2937271534379005e-02	   5.9410030393816586e-02	   1.6644310841057094e-01	   3.3142442864616944e-01	   5.6214473661409770e-01	   2.9392421062381487e-02	   1.6310921870414580e-01	  -6.2264305123503713e-02	   3.7806285489447429e-02	  -8.2275819980390991e-02	   1.2805079758890542e-01	  -1.6140102376681070e-01	  -1.9626432914581263e-01	  -1.7508369513070729e-01	   1.7959861469392585e-01	   6.2186368462044950e-01	   1.5751817331581985e-02	   2.5004695697452461e-01	   1.8223150541867744e-01	
   5.2859800759084152e-01	  -3.0866351443157936e-01	   1.8079818801133113e-01	   3.6490547232724257e-01	   6.0813161972191732e-01	   7.8800440620712087e-01	   5.7567565301252732e-01	   5.9520841357291232e-01	   7.7489924442823799e-01	   0.0000000000000000e+00	   4.7794393649804690e-01	   5.2024890828218151e-01	   5.1240389347807702e-01	   6.4108681137899626e-01	   5.3516521506256587e-01	   4.9301012102499997e-01	  -1.3288011250047496e-01	  -1.8016751870677025e-01	   4.7344178134534465e-01	   1.2786278688763869e-01	   2.1953264336611794e-02	   9.3350431870821801e-02	   3.7527242615571960e-01	   3.6090646313182140e-01	   6.9781464209198812e-02	   1.2367666731444545e-01	   1.7293471658676882e-01	   2.5166255156485595e-01	   3.4575360761514917e-01	   1.9973471986184130e-01	   1.5012790427857267e-01	   3.3230728334307985e-01	   5.8191640477396209e-02	   3.1788757162174962e-02	  -5.1560728901666374e-02	  -4.3703453021035205e-02	  -1.4968491465873071e-01	  -7.0731390474267103e-02	  -1.2591721214648322e-01	  -7.7059870955309653e-02	  -1.1944393971117653e-01	  -1.8335445245753590e-01	  -1.7055169813201369e-02	  -1.1266228897747441e-01	   1.7861724170964016e-01	   9.5908797265016055e-02	   1.6604861685610334e-01	   1.8831056818392339e-02	   4.9240026590029495e-01	   3.6825006574684782e-01	   5.5533812743219368e-01	   5.1636633670384846e-01	   5.8137106805343652e-01	   3.2273699875711015e-01	   2.1244199470078351e-01	   3.5760842240605772e-02	  -1.0329356297590350e-01	  -3.0430214625374158e-01	   2.2425341746636057e-01	  -3.1631966434197391e-02	   4.5582096261867933e-01	   5.1594089463789006e-01	  -9.1996974944868054e-02	   7.8400436691839298e-02	   2.8171451319686258e-01	   3.1636195290507485e-01	   6.1325667487170749e-02	   6.5010270154525762e-02	   2.3316385261676864e-01	   4.9645937099281301e-01	   4.8382433773509476e-01	   5.1717560098676052e-01	   2.3134592945077220e-01	   2.0915852582560709e-01	   4.3033597669662010e-01	   3.5919221417155922e-01	   2.7890508084663529e-01	   1.8804212989904445e-01	  -9.0238861775596119e-02	  -1.6902419114643211e-01	  -2.9972970543180933e-03	  -2.3364773304359049e-01	   6.0371690557164542e-02	  -9.6788982647647487e-02	   1.1279719303054489e-01	  -7.3728728175469813e-02	  -2.3437347640854866e-01	  -4.2817305770580316e-01	   4.1868214818284788e-01	   3.7187517106408841e-01	   3.8608531678792229e-01	   3.7964602627803212e-01	   4.5198825695401990e-01	   4.4463853430876787e-01	  -1.9954156501994888e-01	  -2.0346720462038646e-02	  -1.5249493530971994e-01	  -5.7606509212387851e-02	   3.2430007217272655e-02	   1.3275321565643916e-01	   1.7900922691442434e-01	   3.7743469247647932e-01	  -1.2858356995692821e-01	   1.1190326681861450e-01	  -1.3228640183643883e-01	   1.4568312280319108e-02	  -6.3187867127110151e-02	   4.4076448341365496e-02	  -2.8457679980170003e-01	  -2.4340043339804024e-01	  -1.1374896131911275e-01	   2.0563987278910012e-01	   4.4974445491732656e-01	  -2.4059680469073863e-02	   2.2317953537932725e-01	  -2.8518014255560029e-03	
   6.5215661138578174e-01	  -1.0507271988458242e-01	   1.8194814415823907e-01	   2.2235412975775440e-01	   4.2010624612468161e-01	   3.2071059929396400e-01	   4.4347656985071782e-01	   3.6803733451509013e-01	   5.3283870881025786e-01	   4.7794393649804690e-01	   0.0000000000000000e+00	   7.1435104734086829e-01	   6.5223623965654587e-01	   8.0099064180325819e-01	   6.9244591980515358e-01	   5.9300757520966463e-01	   7.1499885587780421e-02	  -3.4209812135273375e-02	   5.2123691535034022e-01	   1.5222037896003315e-01	   4.9041679709427535e-02	  -3.0276181397085634e-02	   3.4894705742769150e-01	   2.6571834501108949e-01	  -1.7971207701025119e-02	  -5.7017522611821199e-02	   1.5388273644271364e-01	   9.4931363966886395e-02	   4.8031466554366603e-01	   2.7296275029078615e-01	   1.4620548487017687e-01	   2.1084563367285430e-01	   3.8138775582715815e-03	  -4.1011935701353759e-02	   4.1843956694008977e-02	  -4.0765712689639650e-03	   9.1902792254329874e-02	   5.2936886983769138e-02	   4.8780017388253070e-02	   1.1494612230544701e-02	   5.5143264790934621e-02	   4.7023863918015385e-02	  -6.8296087455004303e-02	  -2.1267606483490514e-01	   1.7468204110508206e-01	  -4.0184813217169338e-02	   1.0226169714230203e-01	  -7.5525298521237794e-02	   4.0338303785016805e-01	   5.7254753270296721e-02	   4.0953651555046988e-01	   1.8884083902765647e-01	   5.0986141391414974e-01	   1.5287851840928124e-01	   3.8311119622637912e-01	   9.0958878997878995e-02	  -1.7793983577497879e-01	  -1.6596531628034983e-01	   2.1852353440797595e-01	  -1.5108778657641886e-01	   4.9968603314877125e-01	   2.8952845937713534e-01	  -6.3363839747753808e-02	   1.1915419454188930e-01	   2.4417451083833269e-01	   9.5026577302124493e-02	   1.1514329247247473e-01	   4.2134571046889432e-02	   5.7510557908246510e-02	   3.3669176766105718e-01	   3.8689159441245236e-01	   3.0194936342574707e-01	   2.5042549309568263e-01	   1.4921803979172132e-01	   4.2171694401643833e-01	   2.7011186532408354e-01	   4.5018016003287536e-01	   4.4290469035134439e-01	  -9.6232667343482098e-02	  -6.1821783482242862e-02	   6.3349914328920412e-02	   1.8171013123012684e-03	   3.7085492398482817e-01	   3.4563511176560191e-01	   2.9114253287240166e-01	   7.5742831963680091e-02	  -1.3167224616745610e-01	  -2.9228355369786002e-01	   4.3662608357122507e-01	   4.1554603923293110e-01	   4.8256413899076678e-01	   5.3050734780245690e-01	   6.4744907560307408e-01	   6.2275313518860265e-01	   1.6575524879706767e-02	   1.1603742938409690e-02	   2.0003852861565918e-01	   1.2474579409847558e-01	   2.4031290786665807e-01	   1.7599395198737885e-01	   3.3804730965390362e-01	   4.7074607271402785e-01	   1.3847486357660257e-01	   2.2361092535475449e-01	   2.7084519356071979e-01	   3.5305531506127441e-01	   1.6277759272717834e-01	   8.9232570023905847e-02	  -2.9546529602292765e-01	  -4.3540147275655430e-02	   7.1101977369824154e-02	   1.8797045778465032e-01	   5.9757606667875030e-01	   1.3713795839267251e-01	   2.9648574434709746e-01	   4.8279553246710405e-02	
   7.1402737381456705e-01	  -1.6178096159708516e-01	   1.9685490280715762e-01	   3.9290594334078355e-01	   6.3463084479741017e-01	   5.6055548447105252e-01	   6.7818645466901095e-01	   7.1866175101832674e-01	   6.4831602436111235e-01	   5.2024890828218151e-01	   7.1435104734086829e-01	   0.0000000000000000e+00	   4.5590556213340239e-01	   6.4727883819189191e-01	   4.4061715632351256e-01	   5.8639733348477785e-01	   1.2354854665480873e-01	   5.5552771644556763e-02	   5.6611452953886832e-01	   2.0056994753971719e-01	   1.2078102314599976e-01	   1.6403694315050504e-01	   2.5783668821309241e-01	   2.8891314908418264e-01	  -1.0098619120668698e-01	  -1.0965033824048710e-01	   5.6100307343030349e-02	   7.7332498565026123e-02	   7.1519209934931860e-01	   6.9002140903263198e-01	   3.3741526586912596e-01	   4.6643360372640014e-01	   2.4161536596530148e-01	   3.0211909454438279e-01	  -1.1130963227038879e-01	  -2.6586702918613477e-02	  -2.4021127097929199e-01	  -1.6680939135386202e-01	  -2.2949258923223456e-01	  -2.4359480351694662e-01	  -1.2959035894376775e-01	  -2.3084221406905972e-01	  -1.1151151983012917e-02	  -6.8567829822739929e-02	   3.3959670116379576e-01	   2.4742576065472871e-01	   4.8408659205550784e-02	   1.7725258549439054e-02	   3.3082030433612297e-01	   3.3952069073905400e-01	   2.6226003952998994e-01	   6.9065881833855633e-02	   3.9609822641872205e-01	   1.5014041982121390e-01	  -2.6739274775099901e-02	  -1.3871016784731083e-01	  -7.5196218108952301e-02	  -1.3334914613636417e-01	   5.0409672023580465e-01	   9.9085117684913085e-02	   6.5584525646311098e-01	   6.4851486495725152e-01	   2.4838252048199116e-01	   5.5267807583300255e-01	   3.7838591093366242e-01	   2.3697560479314467e-01	   4.1771401458217922e-01	   3.9314415324420571e-01	  -1.2505801670137245e-01	   2.3363342277030955e-01	   5.6735060451783581e-01	   6.1193441645022140e-01	   5.2127071375055456e-01	   4.5191829487073043e-01	   6.5925542599619380e-01	   6.0571319115476618e-01	   3.7796273561942167e-01	   4.5243886976755027e-01	   2.7823896752011020e-02	  -1.3148269978364659e-02	   2.4232931346375097e-01	   1.7599304184286124e-01	   1.1774988417920793e-01	   4.1170187400549535e-01	   9.3608746653672872e-02	  -2.2891471013765437e-02	  -3.3961138852169270e-01	  -4.5766668419548606e-01	   1.7232962497387275e-01	   3.1251670855358504e-01	   4.6984318129924080e-01	   5.5483196539536861e-01	   6.0712180542648708e-01	   5.0597272342642396e-01	  -1.7457287820269191e-01	   3.6685330180290868e-02	  -1.3112056788960122e-01	  -8.9821555545219936e-02	   1.0045398829034505e-01	   2.2965241283030235e-01	   5.8558156847624632e-01	   6.2763074253065376e-01	   2.2062494528635546e-01	   3.8327555966963567e-01	   1.1140290356725038e-01	   8.7706811812166580e-02	   1.8912597991314745e-01	   7.8458051429541265e-02	  -1.9451474866044730e-01	  -1.6582029451489860e-01	  -1.4528117674890959e-01	   1.1066394872014415e-01	   5.7520297302507739e-01	   5.6849111296874630e-02	   1.9312929592368283e-01	   4.0741685130529517e-02	
   3.5821831934549386e-01	  -3.7848495707355706e-01	   8.0103434051795458e-02	  -6.9972283091488452e-02	   4.5957559117536595e-01	   3.3919090689762837e-01	   5.3370766739451048e-01	   4.0283690352339119e-01	   6.2974475791705786e-01	   5.1240389347807702e-01	   6.5223623965654587e-01	   4.5590556213340239e-01	   0.0000000000000000e+00	   8.1908384934259493e-01	   7.3459363605577244e-01	   6.0588665894876592e-01	  -7.1225408997863227e-02	  -1.9805244035309746e-01	   3.2802886505428230e-01	   5.5664547248725695e-02	   4.1943701901759868e-02	  -3.9454550035436686e-02	   3.0313790302695998e-01	   8.8556215789251214e-02	   1.9633082693461274e-02	  -6.3794751958725027e-02	   8.4383339708117150e-02	  -1.2931525649043367e-02	   3.7133040833144065e-01	   2.2641707000827460e-01	   1.2537771488790395e-01	   1.2296206793409245e-01	   5.4757359611192581e-02	  -3.4220799937588801e-02	  -8.4439842859618836e-02	  -1.7051613464641502e-01	   8.2904718258296400e-02	  -3.5576910221585295e-02	   8.1904880519135859e-02	  -3.7111346588634395e-03	   2.8641414744326139e-02	  -1.3303755194041503e-01	   7.0640728388923643e-02	  -8.8279123866298881e-02	   2.6632104162354353e-01	  -1.3659227256888749e-02	   2.8468701934019242e-01	   7.4928826399059012e-02	   7.3382106868433905e-01	  -7.0384113242338314e-02	   5.2284247032950348e-01	   2.0513427451891331e-01	   6.9817453084464842e-01	   1.4316281606983272e-01	   4.7326065396344613e-01	   1.0424695563058342e-01	  -2.3700586236074866e-01	  -4.2461063753053596e-01	   2.3781997016651132e-01	  -3.3032636895723960e-01	   6.6236014977355029e-01	   3.0889343670179747e-01	   1.0392430910185138e-01	   1.5593834071318580e-01	   8.8363616025616737e-02	  -1.4915347008949462e-01	   1.3143698627370470e-01	  -4.8184644913714970e-02	   1.0818821172658347e-01	   3.6950995075805715e-01	   3.2998800721645305e-01	   3.0520336265454917e-01	   1.8574155033551559e-01	   1.6361453141458587e-01	   3.4695047336210438e-01	   2.5959917655376663e-01	   3.3797665752231087e-01	   2.3932294313404232e-01	  -1.6407660123524354e-01	  -1.5958923990572790e-01	  -1.0803140953642213e-02	  -2.0646851241711270e-01	  -3.4313804401323910e-03	   1.3252232143430603e-02	  -1.7461285620162312e-01	  -2.3783981497362575e-01	  -3.4346949033923418e-01	  -5.7392055349365312e-01	   4.0632997817451955e-01	   2.4287390993511843e-01	   4.0443804888271462e-01	   4.3665931260577712e-01	   3.2635683914389890e-01	   4.6197260558795861e-01	  -2.6650946334785975e-02	   1.1682048709977351e-01	   1.1908395365206849e-01	   1.7947429352344005e-01	   2.2026285300984688e-01	   2.5336922991604904e-01	   1.1105924898436412e-01	   3.9088933483828681e-01	  -1.7415335173577934e-01	   2.4591839436061008e-02	  -1.4501426566257372e-01	   8.1705762433359794e-02	  -1.9299833360524421e-01	   3.9013916381105310e-02	  -2.5045504271595531e-01	  -3.0904994126344465e-01	   7.7758210027617930e-02	   3.3953146179147270e-01	   6.5578316169528528e-01	  -1.3821812268140132e-01	   8.7679532731197760e-02	   7.4278987011503733e-02	
