   0.0000000000000000e+00	   8.4135911047623058e-01	   5.6033625108512986e-01	   4.7909164808075588e-01	   5.6350040830630377e-01	   3.8824515222371259e-01	   5.4781281558590711e-01	   4.2944664231345514e-01	   4.3340104158576370e-01	   3.1361666088162077e-01	   6.7688707873949761e-01	   4.8658067662302218e-01	   5.6266358753162038e-01	   4.3074505365838778e-01	   6.6779689435432377e-01	   5.6514079016734819e-01	   4.8415771093723248e-01	   5.1480616207953767e-01	   7.7019385186526756e-01	   7.4953730135505814e-01	   4.9119463911139971e-01	   4.2774765113136870e-01	   4.7126981403936818e-01	   3.3555875537411173e-01	   1.8950842195090967e-01	   1.8071288352379500e-01	   3.1515003947065306e-01	   2.7824554572499050e-01	   7.1928229505775909e-01	   7.0842262546438883e-01	   5.1044406755404115e-01	   4.2138901247344018e-01	   6.3280249667134392e-01	   5.3560973293334035e-01	   3.2893767828081510e-01	   2.9995794340718518e-01	   6.3682319810016930e-01	   6.2709687190969865e-01	   6.4987914168346350e-01	   6.0125720700656649e-01	   7.7011786479766164e-01	   6.6465242269614211e-01	   5.0631771521316926e-01	   4.8811687016946792e-01	   3.8844872372300449e-01	   5.3346170661113546e-01	   6.4459937961834612e-01	   6.3767633565801940e-01	   4.9163504675990433e-01	   6.7717999064217260e-01	   4.6106276252593414e-01	   5.8707335357191437e-01	   6.5706639873098571e-01	   6.3477456477958905e-01	   6.3925825637556377e-01	   7.2321623282071734e-01	   5.9932446633121605e-01	   4.2358308389441079e-01	   4.0797673065854639e-01	   1.4819905773928724e-01	   5.2411529353941133e-01	   2.7971262487837611e-01	   3.4474725004826112e-01	   4.0579103606489092e-01	   3.7798791439468094e-01	   2.5943642881005108e-01	   2.2669334282099629e-01	   1.5007375915515292e-01	   6.5278042868338781e-01	   4.9051501996653823e-01	   4.8162695312414344e-01	   1.4920344166625682e-01	   6.6970491575507429e-01	   6.2207447735277599e-01	   6.0859822479356596e-01	   6.1110650912015885e-01	   5.0468487471109491e-01	   4.6841459702796118e-01	   2.5506232942569568e-01	   3.3090717587967777e-01	   4.3064926406709336e-01	   5.5244353559741799e-01	   7.8363323678242325e-01	   6.6026246093682384e-01	   6.2143905222799423e-01	   4.8159203367348380e-01	   5.0763151077062507e-01	   4.3317556230233850e-01	   4.5900788387842983e-01	   5.2463278792877632e-01	   4.4612727474153624e-01	   4.4326607949221747e-01	   1.8022117994727974e-01	   3.6141984111426145e-01	   3.6913967404087555e-01	   3.1699423104335467e-01	   5.3402153091447591e-01	   6.4550448120898052e-01	   6.3561397195146119e-01	   7.3633730918381468e-01	   3.1623208273413883e-01	   4.4498489118012013e-01	   4.4057207017457972e-01	   4.8007927447567145e-01	   4.5342581727315134e-01	   3.7668776046271824e-01	   2.0487305146029955e-01	   2.5233301172696726e-01	   1.5554716270286947e-01	   2.4939325513143049e-01	   6.4551422399668790e-01	   6.7189916529158444e-01	   5.3083876765382576e-01	   7.1637868950228833e-01	   4.9964539260607843e-01	   3.6480059159342387e-01	
   8.4135911047623058e-01	   0.0000000000000000e+00	   3.8189789137407748e-01	   3.5341333858089252e-01	   3.6072873275190953e-01	   2.4349822135173418e-01	   2.1804827476539818e-01	   1.3924141507918694e-01	   1.4823896271534998e-01	   4.6149300469829652e-02	   4.4202036128981026e-01	   3.7954983614707682e-01	   2.6830421830579521e-01	   2.9035425125594816e-01	   4.4846281728406229e-01	   3.7759442618604133e-01	   5.1551824065067553e-01	   5.6476647297033378e-01	   7.3098953110982157e-01	   7.3330843725325701e-01	   4.3137422491199245e-01	   3.8919512523315208e-01	   3.9857964759708808e-01	   2.9426120236129710e-01	   2.7851816903565219e-01	   1.8389820747321831e-01	   4.2779645993070026e-01	   3.5358353694764116e-01	   6.3669438168622250e-01	   6.2207420135051628e-01	   3.7984277051796644e-01	   2.6965881940014880e-01	   5.5744575535642149e-01	   4.7099759754631820e-01	   3.6338015261505258e-01	   3.0643301440364201e-01	   6.1370024771186127e-01	   6.5130507141710914e-01	   6.0548193007050433e-01	   5.6126494728932153e-01	   6.3087251192747007e-01	   5.8469566946957008e-01	   4.0076509597481969e-01	   3.9129284162799327e-01	   2.2069439845413952e-01	   3.5741823990024224e-01	   5.7773254372228489e-01	   5.6506369564254011e-01	   3.2824634536407127e-01	   5.4566029649709491e-01	   3.2469657735370250e-01	   4.5349554357259669e-01	   6.5310450957029442e-01	   6.3030295750043885e-01	   5.7986118992976676e-01	   6.5977099865037592e-01	   6.1767243584066422e-01	   7.3194638983576765e-01	   2.6563232889275912e-01	   2.0421270687277421e-01	   3.1844153670002029e-01	   2.0173540392832687e-01	   3.3887925309275724e-01	   3.3700047032538133e-01	   2.0650610318378171e-01	   1.9860063045050494e-01	   7.6671554450342960e-02	   3.0142574573463032e-02	   5.9679668355617821e-01	   4.5311288379544878e-01	   3.2751784667777983e-01	   1.0192957098265812e-01	   5.0516602750514883e-01	   5.3187041196987406e-01	   4.1404313226690703e-01	   5.2508777084811209e-01	   3.9525568684038975e-01	   5.1607329483396691e-01	   3.1429439432712569e-01	   4.6175997378358968e-01	   4.4941573017226077e-01	   5.4535513484146225e-01	   6.2866325362680286e-01	   5.7413687684305637e-01	   5.8090416670961731e-01	   4.2437518190749673e-01	   5.1545643052457268e-01	   4.1411381168814271e-01	   3.9343231240580406e-01	   4.2716570769143092e-01	   4.0739045308268362e-01	   3.9083047383377273e-01	   1.2360680121344887e-01	   2.7722338317538797e-01	   3.7311143076892112e-01	   3.8387656760944422e-01	   4.9852024397184225e-01	   5.3357459709282573e-01	   5.9405323602576532e-01	   6.6459184871638066e-01	   1.8319835183891195e-01	   3.1077974950302528e-01	   3.9877195062791015e-01	   4.2647503403415454e-01	   3.5805377411329514e-01	   3.0660989088059876e-01	   2.4528190362629293e-01	   1.5465384069722377e-01	   1.7583953104691927e-01	   2.0217109236931016e-01	   6.0567597251431571e-01	   6.1204837915903809e-01	   4.5795873778870078e-01	   6.5441820082468116e-01	   4.5767547083133664e-01	   3.1663989180921337e-01	
   5.6033625108512986e-01	   3.8189789137407748e-01	   0.0000000000000000e+00	   8.0957031256424239e-01	   8.1698000823950123e-01	   7.1656825582193262e-01	   7.9011187216052114e-01	   5.6555839307101774e-01	   6.6682783524729805e-01	   4.5377985609753468e-01	   4.1694643596336972e-01	   3.2989813440895666e-01	   5.7762886686761683e-01	   4.6510045816644208e-01	   6.9087307956744293e-01	   7.1922334200572058e-01	   2.5345347342792646e-02	   1.3189351521570788e-01	   5.8198670078938242e-01	   5.0673144309169105e-01	   6.7473561016480610e-01	   6.1340690359794481e-01	   8.6417095114193976e-01	   6.2542009567608936e-01	   6.2244721866425168e-01	   6.4577835687413199e-01	   6.2543641841277708e-01	   6.0704749784308309e-01	   3.5412372493295197e-01	   4.5519520088526044e-01	   7.0570287012304744e-01	   5.8130766976581794e-01	   5.8161777560067252e-01	   4.9050861198437185e-01	   5.5168185453064000e-01	   4.6665712712969698e-01	   6.8027351595777452e-01	   5.0959896824936401e-01	   6.3752660032101927e-01	   5.5297477423347252e-01	   5.0324720097530629e-01	   4.9336412839763111e-01	   4.9950369485099433e-01	   5.0243761821142940e-01	   4.3555905381140964e-01	   4.9958378817210825e-01	   5.4180986808812337e-01	   5.6898543520304568e-01	   5.8898666492220775e-01	   6.0617198957747620e-01	   6.5022122551876904e-01	   5.8272610443616002e-01	   5.6168953426778101e-01	   6.0720293390260216e-01	   5.6570197484172491e-01	   5.2646498574569678e-01	   3.2078480432422118e-01	   2.1737884093271159e-01	   5.4928046231927552e-01	   2.4631359309514181e-01	   5.2984285299829770e-01	   3.5301211861261100e-01	   4.3716339425224043e-02	   6.5417727760351055e-03	   7.7703347934031275e-01	   4.2493890612390284e-01	   6.0720391781580119e-01	   5.1057692059373239e-01	   7.4934334818444626e-01	   7.3444199973179158e-01	   6.0585684390119099e-01	   3.1692533655563482e-01	   4.9747831683063432e-01	   4.3489475647445819e-01	   5.0649523631019711e-01	   4.7710197956776262e-01	   4.8513961088105090e-01	   4.9040747581599109e-01	   1.6653477395090460e-01	   2.7813303085033925e-01	   1.0271688417563815e-01	   4.1944430334605820e-01	   7.1767131162415776e-01	   6.3926256231986733e-01	   6.9116222083893730e-01	   5.9028625785651434e-01	   5.4007281039185273e-01	   5.6031083411950422e-01	   7.4298355352710166e-01	   7.1132819334760422e-01	   7.2600630467678484e-01	   7.3799210635352241e-01	   5.6093313548386914e-01	   7.1264954133490510e-01	   2.0329803819893622e-01	   1.6387613827124081e-01	   4.3628335981346938e-01	   4.7339068703153309e-01	   5.8162766830172730e-01	   5.5655968393317745e-01	   5.3164594318948444e-01	   6.1235330641369301e-01	   5.7690545383700897e-01	   6.6303218254183727e-01	   5.4527684482662298e-01	   4.8195299340337561e-01	   4.4005540550961797e-01	   6.6593283256169256e-01	   8.3300989486070787e-02	   1.4879294849530511e-01	   6.4894315191991203e-01	   6.2344301564537385e-01	   5.1501029690209998e-01	   5.8105726148540948e-01	   4.6401091352299628e-01	   4.9407128192437956e-02	
   4.7909164808075588e-01	   3.5341333858089252e-01	   8.0957031256424239e-01	   0.0000000000000000e+00	   6.6159308703770792e-01	   7.4270073617573762e-01	   6.9702886390407626e-01	   7.3977343669591211e-01	   6.0864650578799961e-01	   5.0564691277118756e-01	   4.3692741457172973e-01	   3.9168530496184378e-01	   5.5509582357980591e-01	   5.6412969146661984e-01	   6.4190229249477937e-01	   7.6086480008573087e-01	   1.9690665936773927e-01	   2.5205681464888258e-01	   4.0950542904774889e-01	   4.1762175172613503e-01	   4.7128795221536168e-01	   5.1731944313055545e-01	   7.1795281902906594e-01	   6.9108589609395588e-01	   4.8751090369835703e-01	   6.8095376185164169e-01	   4.8983910545407294e-01	   5.3747937623311670e-01	   3.9146462956060263e-01	   5.1634305134229941e-01	   6.6100575174508991e-01	   7.2485418748827390e-01	   5.8464757317895288e-01	   6.3534991991512468e-01	   5.5338780782301500e-01	   5.8630411836855911e-01	   5.4062066249523666e-01	   4.8473855752519718e-01	   5.6119881803068949e-01	   5.6776379928673393e-01	   4.6472541194448758e-01	   4.1505073549442806e-01	   4.5177795582650848e-01	   4.6790654072942717e-01	   3.9973974997986150e-01	   4.4606779720420708e-01	   4.6791675793743936e-01	   5.5410271572104453e-01	   4.7595954385562045e-01	   4.6569552581412205e-01	   6.1888511575712912e-01	   5.4500976948930879e-01	   5.5855632847862258e-01	   5.3822807574328391e-01	   5.6134810827456616e-01	   5.0938878569840029e-01	   4.0161476824462344e-01	   3.2070818504952897e-01	   5.6338856023502193e-01	   3.6882227014543378e-01	   5.8971556414186976e-01	   5.7276389273067940e-01	   2.1947863024989755e-01	   2.3868106329506095e-01	   6.9702596085114754e-01	   5.8823614608278019e-01	   6.1111498276680720e-01	   5.9992600653236106e-01	   5.9037981056940025e-01	   6.6511622088752465e-01	   5.2767917150420096e-01	   4.0910813059697826e-01	   3.6826477656021311e-01	   4.0685306839157609e-01	   4.0533690105904463e-01	   3.9232620759700509e-01	   4.8607357140032115e-01	   5.4663069911101636e-01	   2.7935958679882517e-01	   3.6492334594240483e-01	   3.1436419490467576e-01	   4.4696382464668749e-01	   6.0655889786337058e-01	   6.2539980299380993e-01	   6.6682287277414298e-01	   6.7664775254088505e-01	   5.2973221680124516e-01	   5.9159650484160831e-01	   7.0828918906591454e-01	   7.5382475922294068e-01	   6.5861840694894980e-01	   5.8616994514677245e-01	   5.2960728830182180e-01	   5.6357437217285744e-01	   2.0678287665526629e-01	   1.5614580264683536e-01	   4.7575817218499444e-01	   4.6244847422179525e-01	   5.8704110871523651e-01	   5.2845402946377140e-01	   5.4374934961924482e-01	   5.0759995910103539e-01	   5.7082150707349943e-01	   5.7026820417419011e-01	   5.7165797571944632e-01	   4.0607301774456445e-01	   5.2919169145763501e-01	   5.4669490935281206e-01	  -1.8185312550919031e-02	   3.3596227165730158e-02	   5.9479994668202685e-01	   5.5218487321117871e-01	   4.4034911064633453e-01	   5.1780614368964961e-01	   4.4768156346982846e-01	   1.3223223237426923e-01	
   5.6350040830630377e-01	   3.6072873275190953e-01	   8.1698000823950123e-01	   6.6159308703770792e-01	   0.0000000000000000e+00	   7.0828109935216776e-01	   8.1133244887462841e-01	   5.7775683149884405e-01	   8.0214131961104496e-01	   7.0334353787319570e-01	   4.3611725191636230e-01	   1.5320614381398262e-01	   5.4270255923125799e-01	   2.7670192720770520e-01	   6.8830314013569371e-01	   6.4459000159129010e-01	   9.3069220503968458e-02	   1.0431968153083848e-01	   6.6116131767674946e-01	   5.6940391785442079e-01	   7.0125689942902569e-01	   6.5391979356648555e-01	   6.1945665028503705e-01	   3.6386917674988051e-01	   4.2886539426988546e-01	   4.2623282046766658e-01	   3.4662605721663275e-01	   3.4387477583771547e-01	   4.2162173244361340e-01	   5.1250073941337793e-01	   7.2921502298765373e-01	   5.8622758083792736e-01	   4.6319893390920508e-01	   3.3044156136962921e-01	   3.0321752276831981e-01	   2.6139623818735991e-01	   4.5124364519413401e-01	   2.4402308551104632e-01	   4.2072240144912376e-01	   3.3522991368373456e-01	   4.0449843673640762e-01	   4.7482219775174750e-01	   4.5976131714817436e-01	   4.8838381882483695e-01	   4.3255629933261835e-01	   5.4999856714723860e-01	   4.9369211753491316e-01	   5.3112408304300729e-01	   5.0252398808469090e-01	   6.6428551026069493e-01	   4.8951117813742373e-01	   4.9997067589192018e-01	   5.3662401420387951e-01	   6.9578899359784274e-01	   3.2095299411221323e-01	   3.7860903481423958e-01	   3.2275090354607600e-01	   1.5573826280073283e-01	   4.8285529667158178e-01	   2.2827157644519896e-01	   4.5952137279948069e-01	   2.6330514516930370e-01	   1.1602377890350186e-01	   1.0444991722937547e-01	   5.3564608828842919e-01	   1.3567715385166607e-01	   4.7629234507697560e-01	   4.1651229826549369e-01	   6.5051224267989038e-01	   6.7982787467134775e-01	   6.4942223192775705e-01	   3.4666457257225697e-01	   4.8501312298355154e-01	   4.8305530956695736e-01	   4.8199172890056130e-01	   4.1220880694813589e-01	   2.1352509279082965e-01	   2.4563086571995060e-01	   8.0657926842067421e-02	   3.8373992651042584e-02	   5.8290022640971523e-02	   2.6871552252898845e-01	   7.3819646511094406e-01	   6.4568532416625612e-01	   5.0892496847218660e-01	   3.4441212473207450e-01	   3.8474475629571903e-01	   3.9857690113428368e-01	   5.6916571148300621e-01	   6.2178594613815252e-01	   6.2634822597341100e-01	   7.0569645198571695e-01	   4.1260096879575620e-01	   6.0094237291881603e-01	   1.7890578294080350e-01	   1.8961172123150347e-01	   2.0747735878147194e-01	   3.3839680542460571e-01	   4.5436634074051152e-01	   4.8377605013834224e-01	   4.2583927887265849e-01	   5.2187653383843113e-01	   4.2869605701649310e-01	   5.8764830187468264e-01	   3.9800681522517195e-01	   3.8723815825923374e-01	   3.8570134794893690e-01	   6.3420930156984612e-01	  -1.3007707729711538e-02	   5.7252353607878705e-03	   5.0689611131074874e-01	   5.8007777996355181e-01	   5.1055496287662061e-01	   4.2517648981940670e-01	   2.7760682921251129e-01	   1.5701672924591667e-01	
   3.8824515222371259e-01	   2.4349822135173418e-01	   7.1656825582193262e-01	   7.4270073617573762e-01	   7.0828109935216776e-01	   0.0000000000000000e+00	   7.1076575766812011e-01	   7.7280704547082779e-01	   6.1994608091636816e-01	   6.4419829532113748e-01	   4.4488651537845308e-01	   4.6818900266043367e-01	   5.4119988892451953e-01	   5.1591368802514281e-01	   5.6071935339488765e-01	   5.5036905810362624e-01	  -8.1782977901778117e-02	  -8.2301158998900836e-02	   3.7152802519423667e-01	   2.6511261482004267e-01	   6.6548397020695804e-01	   7.4442414073303076e-01	   5.7035218794641451e-01	   3.4096511420789755e-01	   4.7924352526302882e-01	   6.3976927684293128e-01	   3.9433800122100265e-01	   4.8712774269455972e-01	   3.5704259077110490e-01	   4.6248259827632876e-01	   5.3446583768407452e-01	   5.4608078773864233e-01	   4.8920518109510880e-01	   5.3817166872014199e-01	   4.1622093391178461e-01	   4.3323514971680149e-01	   3.9607949770524714e-01	   2.9184069266466861e-01	   4.0984922550473118e-01	   3.5208552735699139e-01	   2.0683415959956356e-01	   3.4148547464119888e-01	   4.7941714264980984e-01	   5.1280031255675262e-01	   5.0891331908037540e-01	   5.0553892530175348e-01	   4.3465348344986710e-01	   5.0085835785047006e-01	   6.1048679659857119e-01	   5.5584663297101256e-01	   6.7716519646981432e-01	   6.7650232980980551e-01	   5.3481099846687363e-01	   5.5635869883953148e-01	   4.6337135497961590e-01	   4.1768730087792372e-01	   8.5067434583764340e-02	   1.1181809894388525e-01	   5.8037842289847386e-01	   4.2956098431959316e-01	   4.7769864183409927e-01	   6.5586805219267730e-01	  -7.7825117583778025e-02	   3.4169282478613373e-02	   7.3180487011819340e-01	   5.7561586562211886e-01	   6.4149874629016845e-01	   6.5520007649028256e-01	   5.3738216452871213e-01	   6.3118538921856471e-01	   5.4425531305981756e-01	   5.9383958397982306e-01	   2.4957924662321501e-01	   2.6285915061822046e-01	   3.6463420241881178e-01	   4.8556826929396119e-01	   3.3173018283555866e-01	   4.5020760310383262e-01	   4.3127620296139715e-02	   8.9724110443147861e-02	  -1.6964083910616143e-02	   1.7167608771327802e-01	   6.0268718334393123e-01	   3.4157030732032650e-01	   5.8143768217507996e-01	   4.8529778480390612e-01	   3.4062981839098022e-01	   2.4407808347518711e-01	   7.6459112318282063e-01	   7.5133102123930462e-01	   6.8804018897426211e-01	   6.3517010612313185e-01	   6.0213311849687856e-01	   6.4375411695116225e-01	   4.9236891900057119e-03	   1.1728451036727433e-01	   3.4635876790648912e-01	   3.3184628048266651e-01	   5.5073850198382157e-01	   4.6900036664135958e-01	   5.9936663708668148e-01	   5.2982785544541033e-01	   5.0030959311561718e-01	   5.6936576555959739e-01	   5.0974278187261368e-01	   4.7310429886510119e-01	   5.1017507855944344e-01	   5.4013499494952799e-01	  -5.2317756299531948e-02	  -1.4965076567063240e-01	   4.2817334459735445e-01	   4.1360337239415557e-01	   3.7962436749960371e-01	   3.3552781082872468e-01	   2.6413508207165665e-01	  -7.6600272450548868e-03	
   5.4781281558590711e-01	   2.1804827476539818e-01	   7.9011187216052114e-01	   6.9702886390407626e-01	   8.1133244887462841e-01	   7.1076575766812011e-01	   0.0000000000000000e+00	   8.1708246317693733e-01	   7.7186677629061351e-01	   7.0577792220049962e-01	   6.3695273189743373e-01	   3.4483649701271935e-01	   7.0793087126283138e-01	   3.9327170280705592e-01	   6.4801548783066820e-01	   5.8167033902894849e-01	   3.3943603265292548e-02	   7.5092221077259672e-02	   4.3951524517858320e-01	   3.4877338681508874e-01	   5.3989887908642165e-01	   4.7869417425248340e-01	   4.6460611233487636e-01	   2.2285740572202012e-01	   2.7993116587418010e-01	   3.6704096208031478e-01	   1.9791650772442532e-01	   2.2685446589550656e-01	   4.9115923581352416e-01	   5.4486443522686323e-01	   5.9453699745215727e-01	   5.0345558815324820e-01	   5.1814650892227343e-01	   4.7737845758784936e-01	   2.6797510916297695e-01	   2.8766531180782084e-01	   4.5597783129358704e-01	   2.9107312707766625e-01	   4.3003813528499724e-01	   3.8495250255516439e-01	   4.2156958068449857e-01	   4.8997023926191224e-01	   5.5363010527641987e-01	   5.7311346739866886e-01	   6.1747435012786900e-01	   6.7013151652365854e-01	   5.7028500870278176e-01	   6.0642121378558811e-01	   6.8294767068524209e-01	   6.9501586948284144e-01	   6.8486439473170568e-01	   6.7631621661423913e-01	   5.3188793444093041e-01	   5.0269264970528815e-01	   5.1429877263487322e-01	   5.0689376500107752e-01	   1.9587232476659625e-01	  -2.7404765004787647e-02	   6.7583905684187273e-01	   3.7107953234327035e-01	   7.3382097976798411e-01	   5.2663575327843193e-01	   1.2910005067150437e-01	   2.6123549980867122e-01	   6.2609294444399488e-01	   3.3258112762604469e-01	   6.6846357415267965e-01	   6.2158403214368851e-01	   5.1326196951457026e-01	   5.7314959870842541e-01	   6.1184505306883596e-01	   3.6513861682203574e-01	   4.2252080718596974e-01	   3.3748739674886552e-01	   5.2215320720172365e-01	   4.6792519642605440e-01	   4.0181143936786046e-01	   3.5083832722263103e-01	   3.9195772236396850e-02	   1.6157588012082450e-02	   6.2878751750440567e-02	   1.8685436257853033e-01	   7.1678397582309861e-01	   4.9900414636863122e-01	   4.6917441215195710e-01	   3.5824186989770457e-01	   2.7869271785830396e-01	   2.4995317058029556e-01	   6.4720766429805443e-01	   6.8256446781378832e-01	   5.6340849648689306e-01	   5.5290437198599673e-01	   3.6340602540979500e-01	   5.0350850907821776e-01	   1.2798786148879365e-01	   1.1811985695048172e-01	   3.7523694010111874e-01	   4.3886188366888379e-01	   5.7919290287916614e-01	   5.3174119254371455e-01	   4.7872570642312445e-01	   5.3224590076526634e-01	   4.5547908008826726e-01	   5.4882146600956561e-01	   5.0197221898387145e-01	   4.5057992170350336e-01	   3.6562175767598759e-01	   5.4294908511405826e-01	   6.3983473649190367e-02	   5.0038811481755527e-02	   4.5892181599701548e-01	   5.2302834631450879e-01	   4.7059159119534999e-01	   4.0061792080830633e-01	   3.2150152788924657e-01	   1.7794367173889908e-01	
   4.2944664231345514e-01	   1.3924141507918694e-01	   5.6555839307101774e-01	   7.3977343669591211e-01	   5.7775683149884405e-01	   7.7280704547082779e-01	   8.1708246317693733e-01	   0.0000000000000000e+00	   6.9598188289723517e-01	   7.3822641398552480e-01	   6.8683151815989363e-01	   6.0482242896731420e-01	   7.6102066229785070e-01	   6.5798999159829830e-01	   6.2431311186420613e-01	   6.3312754906447044e-01	   2.7230659580463362e-02	   3.8375068573976233e-02	   1.9625591013255209e-01	   1.4622203978033654e-01	   3.5333316541773463e-01	   4.2769644436276472e-01	   3.3788301342519100e-01	   2.5232250009159207e-01	   1.3103450445803608e-01	   3.8986841305845321e-01	   5.9703789847587646e-02	   1.3640937144051379e-01	   4.5904084165752407e-01	   5.4537926253234104e-01	   4.2530013977531012e-01	   5.3076555258507063e-01	   4.7180601426905466e-01	   6.0696440293105747e-01	   2.5753410003270827e-01	   3.4952193348302324e-01	   2.8201507456656033e-01	   2.6417256355147478e-01	   3.4384037871915946e-01	   3.5772271663778343e-01	   2.9732904513133990e-01	   3.5690796766222543e-01	   4.4587017613772961e-01	   4.7961201463582537e-01	   5.3955601582674295e-01	   5.4749464541695469e-01	   4.3078894349323948e-01	   4.8599421769583961e-01	   5.5568497943184636e-01	   4.8441455138812806e-01	   6.6217994134465230e-01	   6.4718028349686418e-01	   4.6891403508985341e-01	   3.6374118206776301e-01	   4.9401338611103696e-01	   4.4009727249770780e-01	   6.7858566408827453e-02	  -9.8777005836620163e-02	   5.5317474829461344e-01	   3.3996017121437483e-01	   7.3039261303686387e-01	   7.7930068616001025e-01	   1.1107648510291120e-01	   3.7684594015863970e-01	   6.4568017518036069e-01	   5.9104115943405411e-01	   6.2518215013397305e-01	   6.5552122759458931e-01	   3.4587826963919355e-01	   4.6237682251268308e-01	   4.7897043212917634e-01	   5.0760310734774960e-01	   3.0750137869897998e-01	   2.8541046801546444e-01	   4.5914494971752218e-01	   4.9886327049771451e-01	   3.9578435406544432e-01	   3.7733662910684662e-01	   6.5313237484543096e-02	   3.5186632245997627e-02	   1.2075061958694888e-01	   1.6417985973489418e-01	   5.5123771624015927e-01	   3.0626812996049008e-01	   4.1843728533232083e-01	   4.6062402819514137e-01	   1.7551861716338640e-01	   1.5305595806587111e-01	   6.3094218153725889e-01	   6.7014283023275989e-01	   4.6514072189625760e-01	   3.6063104555540793e-01	   3.7998139912447515e-01	   3.7411051896176717e-01	   5.9397216603626804e-02	   1.2864221444852114e-01	   3.8339870908785484e-01	   3.9644838941773974e-01	   5.1660200544045898e-01	   4.4165135963826030e-01	   5.5366793009090820e-01	   4.8051288767772782e-01	   4.2210770235463080e-01	   4.3793061706585068e-01	   5.0751349668862522e-01	   4.0243178617895403e-01	   4.3013021456903411e-01	   3.8944123073598591e-01	   1.6885030540015410e-02	  -7.4655793486475552e-02	   3.4176287721713239e-01	   3.5820160629650555e-01	   3.0440930067964350e-01	   3.0933364803953378e-01	   2.6973747352970956e-01	   1.5519276910369867e-01	
   4.3340104158576370e-01	   1.4823896271534998e-01	   6.6682783524729805e-01	   6.0864650578799961e-01	   8.0214131961104496e-01	   6.1994608091636816e-01	   7.7186677629061351e-01	   6.9598188289723517e-01	   0.0000000000000000e+00	   8.4957009235189596e-01	   5.5561072245412479e-01	   3.5429566362447357e-01	   7.1359894491251130e-01	   4.6117528993756007e-01	   7.3878732585442031e-01	   7.4667917815537233e-01	  -1.2152988338550489e-03	   7.5652651392546927e-02	   4.0694151209950891e-01	   3.0032949696232281e-01	   3.1699842524173361e-01	   3.0996571440481585e-01	   4.9591405809871364e-01	   2.9149511846466630e-01	   7.4049387091818422e-02	   2.0154370750378720e-01	   2.8708284443603033e-02	   2.6828146413754379e-02	   3.3550337168530475e-01	   4.5301366761026618e-01	   5.1912524632123069e-01	   4.7402943228354105e-01	   2.2691460282464235e-01	   2.1246718480413948e-01	   5.8931571191016191e-02	   8.9394893031828036e-03	   2.1474204431509350e-01	   8.6378330200060638e-02	   1.9413801628841398e-01	   1.3980047589738648e-01	   2.6692920513097662e-01	   2.4499737244018099e-01	   1.8052158874246074e-01	   2.0648753156762825e-01	   1.8326930072668196e-01	   2.8167205802620421e-01	   2.4107616464053930e-01	   2.7257907219353289e-01	   2.5628188602440660e-01	   3.5153629159851202e-01	   3.2338945106570560e-01	   3.2466249395792579e-01	   3.3399330612825145e-01	   4.7648201017080472e-01	   1.3782521214274801e-01	   1.6815894155821368e-01	   9.1175216337761170e-02	  -1.2171675185609715e-01	   2.9224006659810031e-01	   8.2263153652881879e-02	   5.4196301104213129e-01	   4.2901246162671652e-01	   9.8179337460450558e-02	   2.3247863857534770e-01	   5.4109966074065019e-01	   1.5338428564912776e-01	   2.8373051228459678e-01	   2.5838297765376866e-01	   3.9187675944877143e-01	   3.9763871042888116e-01	   6.3944306126338846e-01	   3.1100971609223238e-01	   5.1287643652135295e-01	   4.9727360557064626e-01	   6.1716840445123022e-01	   4.4737818071585433e-01	   1.8270184821148766e-01	   1.5744791878233719e-01	   1.7830753136148514e-02	  -5.4503913584607641e-02	   6.2100849109559139e-02	   1.9676467028172759e-01	   5.4873058260677843e-01	   4.5723876642598521e-01	   3.2764691038713012e-01	   2.7243869118764852e-01	   1.3480252160682504e-01	   2.3165814699331755e-01	   4.3887771414407378e-01	   5.4006445978922746e-01	   4.2374638714096785e-01	   5.2601224119499090e-01	   3.6879763146104350e-01	   4.7681911286610423e-01	   1.0423085424799797e-01	   8.9211792866832118e-02	   6.1012612549778397e-02	   1.4048993869459872e-01	   2.4818007299963174e-01	   3.0237936237634988e-01	   4.2903910298728898e-01	   4.7796445430966283e-01	   3.2727067083755890e-01	   3.8912964748215423e-01	   2.1662740938524699e-01	   2.3759873647275531e-01	   2.7387234134639094e-01	   4.2630064689689051e-01	  -7.2368030073433464e-03	   5.3443522606559074e-02	   2.5845484900996002e-01	   3.4112401685135280e-01	   2.9406651580552490e-01	   2.4066607044966873e-01	   8.2677985329875164e-02	   6.0108499443721972e-02	
   3.1361666088162077e-01	   4.6149300469829652e-02	   4.5377985609753468e-01	   5.0564691277118756e-01	   7.0334353787319570e-01	   6.4419829532113748e-01	   7.0577792220049962e-01	   7.3822641398552480e-01	   8.4957009235189596e-01	   0.0000000000000000e+00	   4.9883697619995920e-01	   2.4642553352350444e-01	   5.8347169935653742e-01	   2.6568427193077426e-01	   5.0396839108218205e-01	   5.1564741284940985e-01	   1.6204664155144887e-02	   4.2597446718624893e-02	   3.2683169280215862e-01	   2.2599313994963199e-01	   2.8865226590757725e-01	   3.6325880267259397e-01	   2.3847903252288144e-01	   5.5616840178381831e-03	  -2.9448324344001423e-02	   1.1698731231311950e-01	  -2.0205367453129497e-01	  -1.8166642873852090e-01	   3.8105000796783617e-01	   5.0252689960997965e-01	   5.1645209238922030e-01	   5.1352440101931340e-01	   2.0170929112396854e-01	   2.4086429590343433e-01	  -1.4115217991519258e-01	  -7.5944861411208223e-02	   1.9400341525177898e-03	  -1.1456406842520098e-01	  -4.9060320574404452e-02	  -7.2978457263917842e-02	   6.7631384287504759e-02	   1.7070685446121239e-01	   2.3874396944195647e-01	   2.7162122413559442e-01	   2.9260451453395375e-01	   3.5943136499406025e-01	   2.6114837848401529e-01	   2.8477942525658517e-01	   2.9113333500522742e-01	   3.8468442137795911e-01	   2.6095577153102345e-01	   3.2964205524698831e-01	   3.1787751543027426e-01	   4.7074310484014770e-01	   1.9397536032996265e-02	   6.9529511039182923e-02	   3.4004852477694414e-02	  -1.7396233831826102e-01	   2.9626084741447978e-01	   2.0760797361289368e-01	   4.8316615184553879e-01	   5.0671537789342791e-01	   1.1907619069319680e-01	   3.1091014006166584e-01	   3.8701970421555909e-01	   1.1006458345083011e-02	   2.3286888674976963e-01	   2.7662626422034114e-01	   2.0597362173824513e-01	   2.8067867198420710e-01	   5.8526471326702822e-01	   4.9213508773936465e-01	   3.9529794979164468e-01	   4.1990510097087808e-01	   4.9868804088752705e-01	   4.2439331155733945e-01	   4.0242271221740079e-03	   1.0033260493651555e-01	  -3.9174083103366786e-02	  -2.2547024536160648e-01	  -1.9684768287628186e-03	  -1.9771311143461825e-02	   4.1224481082173897e-01	   2.8868297364006246e-01	   1.8671139033792833e-01	   3.3682330484437570e-02	  -2.7401644758834998e-02	  -8.4854167212483872e-02	   2.8158074132920913e-01	   4.1065637870790295e-01	   4.1417812441082974e-01	   4.4716950058547378e-01	   2.8828798258881727e-01	   3.3616767872610109e-01	   1.1397172887439518e-02	   7.6728964066716546e-02	  -6.4568968247812553e-02	   5.1645337159030177e-02	   2.7592033691771251e-01	   2.4692345961718587e-01	   3.6830803667305223e-01	   3.2795266654678346e-01	   2.5723313383593199e-01	   3.1211284314800836e-01	   2.1138421120734086e-01	   1.8208057767382130e-01	   2.8411754468521921e-01	   3.4580625728786685e-01	  -9.7882890953963478e-02	  -7.6205826129417675e-02	   1.2177864843282465e-01	   2.9790141256305253e-01	   2.9550361375064316e-01	   1.2514413485879822e-01	  -2.3026611232430062e-03	   6.5943174370293151e-02	
   6.7688707873949761e-01	   4.4202036128981026e-01	   4.1694643596336972e-01	   4.3692741457172973e-01	   4.3611725191636230e-01	   4.4488651537845308e-01	   6.3695273189743373e-01	   6.8683151815989363e-01	   5.5561072245412479e-01	   4.9883697619995920e-01	   0.0000000000000000e+00	   6.4918107699465777e-01	   8.6700008173293563e-01	   5.6272175119510692e-01	   7.4876780034744972e-01	   5.1868928255564350e-01	   2.5282493218149782e-01	   2.4940919856656474e-01	   3.6845920948244343e-01	   2.8151922134041502e-01	   2.7431265918139125e-01	   2.3403822977353844e-01	   2.3266511419488933e-01	   4.7984747813919135e-02	  -5.2178064681922313e-02	   4.9272131517579962e-02	  -5.3017940773828875e-02	  -5.4473114311868770e-02	   6.7155118035678785e-01	   5.9556026474951085e-01	   3.0528106055523507e-01	   2.7502561997881347e-01	   4.3002021736556284e-01	   4.4267800927115070e-01	   1.3545197101978723e-01	   1.4752632877550309e-01	   3.5257438804595137e-01	   3.9960335612010800e-01	   3.9362130042552146e-01	   4.2247420322476248e-01	   4.6518147324596848e-01	   3.9054946346396158e-01	   4.2197075618575997e-01	   4.5075925233686814e-01	   4.6232755551594656e-01	   5.1835906417026711e-01	   5.1238402845299480e-01	   5.0559265922447305e-01	   4.7873047863712509e-01	   5.4336243154544961e-01	   5.0625192857920154e-01	   5.8107744698687191e-01	   4.6882707135368096e-01	   3.5283735937842908e-01	   5.3540649840455679e-01	   5.8516732877736155e-01	   1.6163333874567437e-01	   7.9758849347852295e-02	   4.4168879182802329e-01	   2.5363241346705467e-01	   7.8309049380015294e-01	   5.8132222235207776e-01	   2.5459565491077008e-01	   5.0491367201189763e-01	   5.0249487596411435e-01	   3.7727006314200123e-01	   3.4248819220864185e-01	   3.3196293800692744e-01	   3.5610019125520354e-01	   2.8703735844591954e-01	   3.2166807721255869e-01	   1.6618332912081263e-01	   4.4081812098244388e-01	   3.3622897511293853e-01	   4.5242376839552889e-01	   4.5194933512670959e-01	   3.7898396371141035e-01	   3.5777518280317172e-01	   5.1643599424704128e-03	   8.2055521898288061e-02	   1.7034418669318735e-01	   3.0987315949374633e-01	   6.4901708428466320e-01	   3.5392762985449333e-01	   3.2691045304856248e-01	   3.4902887353906265e-01	   1.3062229122220514e-01	   1.1250998556256567e-01	   4.8487932447375148e-01	   5.5238987012651819e-01	   2.3834941256376513e-01	   1.8496666528070405e-01	   9.2179109325604733e-02	   1.3609344758046088e-01	   7.3423863533617698e-02	   1.9441136082945373e-01	   3.4713851107323501e-01	   3.9895304265577747e-01	   4.4175479274321294e-01	   4.4215664524583120e-01	   3.1528053437626363e-01	   3.2126720573904083e-01	   3.1713385511561193e-01	   2.6081592845392848e-01	   4.0086814896921408e-01	   3.1663163120961957e-01	   2.8111302655031506e-01	   1.5928741428963558e-01	   5.3808217084087326e-02	   4.2845582563297048e-02	   2.9369823257121463e-01	   3.4811586186592069e-01	   1.8901670887379474e-01	   3.7118431084191705e-01	   3.0447154174064495e-01	   3.3142845872033760e-01	
   4.8658067662302218e-01	   3.7954983614707682e-01	   3.2989813440895666e-01	   3.9168530496184378e-01	   1.5320614381398262e-01	   4.6818900266043367e-01	   3.4483649701271935e-01	   6.0482242896731420e-01	   3.5429566362447357e-01	   2.4642553352350444e-01	   6.4918107699465777e-01	   0.0000000000000000e+00	   6.6132501628799412e-01	   8.8664226410961267e-01	   5.2750964197710282e-01	   5.8271761124300259e-01	  -3.1926914776012998e-02	   6.6359835388513477e-02	   1.7969852137050643e-01	   1.2355451613282285e-01	   1.7434154806832752e-01	   2.3137687618629643e-01	   3.3327523054436148e-01	   3.0558450315154156e-01	   4.5761393090825976e-02	   2.3816004906368743e-01	   1.2995654918948418e-01	   1.3312421796644386e-01	   4.1512885311597614e-01	   4.7475998526679752e-01	   1.3265236300263328e-01	   2.3218630851585820e-01	   4.0384339494785193e-01	   5.5770403154239490e-01	   3.2008181339480457e-01	   3.2114491267307677e-01	   3.5656004223570259e-01	   4.2112490998632990e-01	   3.7144181059447540e-01	   3.3299742314496938e-01	   2.9687937995555935e-01	   2.1351355039187778e-01	   2.1713867555808164e-01	   2.4215052627353661e-01	   1.9729066217269642e-01	   2.2462712049216213e-01	   2.8873330526729912e-01	   2.7222015427071355e-01	   3.2878293542528558e-01	   2.2183376543750588e-01	   4.7686299199087662e-01	   4.7760072853743046e-01	   4.3906508140856448e-01	   2.3580356742718667e-01	   5.3299008132371395e-01	   4.4914455710064627e-01	  -7.1069639753574290e-02	  -1.9528290636123304e-02	   1.7476825562786180e-01	   1.7578387353390443e-02	   5.2018787921508469e-01	   6.7728693944943774e-01	   5.2580567668151786e-02	   3.4688477671142176e-01	   5.7081093730371557e-01	   7.0553349532622200e-01	   2.5335821650027823e-01	   2.2958426590166792e-01	   3.0499451998227695e-01	   2.4198615068694340e-01	   2.0684933601240435e-01	   3.0853073774118933e-01	   3.5973884641183235e-01	   2.9646002890212408e-01	   4.9325274709918754e-01	   6.1882489002775221e-01	   4.4161323882375458e-01	   4.3020270913241476e-01	   3.2064525318673057e-02	   1.6573483290594118e-01	   1.5089481493041931e-01	   3.0878676075081080e-01	   3.8990639111064762e-01	   1.0637355775849683e-01	   4.1059612095185788e-01	   5.5279353494809924e-01	   8.7697479002717516e-02	   1.1487494104871955e-01	   4.9636238580171488e-01	   4.6329335639654212e-01	   2.7581279512702395e-01	   1.9162310026922122e-01	   2.4555818759705728e-01	   2.2489185399745135e-01	   7.5708084648196797e-02	   1.8981714742431871e-01	   4.1167135047266828e-01	   3.4967341894604870e-01	   3.8451217378551716e-01	   4.0321332239616170e-01	   3.8406179959638442e-01	   3.4939994462420526e-01	   2.8292550001555672e-01	   2.5560210767079833e-01	   3.5979116924527010e-01	   3.3682464416742253e-01	   2.1191360155067357e-01	   5.6663437783218709e-02	   6.4183293893735685e-02	   5.2732096712326308e-02	   2.7485258431679105e-01	   1.9184740728606814e-01	   1.4720267917311616e-01	   3.1688999249716776e-01	   2.4038245001733666e-01	   2.9498335313444431e-02	
   5.6266358753162038e-01	   2.6830421830579521e-01	   5.7762886686761683e-01	   5.5509582357980591e-01	   5.4270255923125799e-01	   5.4119988892451953e-01	   7.0793087126283138e-01	   7.6102066229785070e-01	   7.1359894491251130e-01	   5.8347169935653742e-01	   8.6700008173293563e-01	   6.6132501628799412e-01	   0.0000000000000000e+00	   7.1858983434089452e-01	   8.7623221816036567e-01	   7.0854816995666425e-01	   4.3823269149998165e-02	   8.9247398089078833e-02	   3.0299219540883976e-01	   2.1291486688034078e-01	   3.0393460705363146e-01	   2.7874951396431408e-01	   4.2668473636484172e-01	   2.4019543375602914e-01	   7.3413038523638063e-02	   2.1053852896604072e-01	   9.9172729156635664e-02	   7.4701456980763928e-02	   4.9678885532652095e-01	   5.0946320784497201e-01	   3.4916757202487592e-01	   3.2020032129406495e-01	   4.6176210737498813e-01	   4.6762087809636949e-01	   2.9965245672331758e-01	   2.7794369305260269e-01	   3.6538067930930707e-01	   4.1695530381394708e-01	   4.3547774605754086e-01	   4.4907296427050203e-01	   4.1902928276082557e-01	   3.2497020903453661e-01	   3.6974508154238561e-01	   4.0957768217928275e-01	   4.2868979750545860e-01	   4.6994246934212208e-01	   4.3074438064443799e-01	   4.2580721964795987e-01	   4.3998713098045894e-01	   4.5304952140987409e-01	   5.3949123621429285e-01	   5.2429888754293930e-01	   4.4051840018950733e-01	   3.5776468487720431e-01	   5.2488175565081108e-01	   4.9240805409019717e-01	   6.3066438424290314e-02	  -1.8976045166542992e-02	   4.4487249400825035e-01	   2.1621717256412964e-01	   7.1027283612729408e-01	   5.9482457643096853e-01	   1.2578953399007009e-01	   3.4634983381022455e-01	   7.2705774556622083e-01	   4.5968093967720824e-01	   4.6761623865001339e-01	   4.2191107748105683e-01	   4.1733183165111942e-01	   4.0145997634978281e-01	   3.9591471135725403e-01	   2.5785612069810759e-01	   4.1728254652711971e-01	   2.9828782594732250e-01	   4.9678129495142631e-01	   4.5883510693769342e-01	   4.3868498455466226e-01	   4.0170651669900176e-01	   7.1650446730206679e-02	   1.6037956013573085e-01	   1.2385957438216175e-01	   3.7695275618614882e-01	   6.7980319088568641e-01	   3.9655485494582565e-01	   4.4332231024525193e-01	   5.0125943417786489e-01	   2.6930092140058520e-01	   2.6806452273726367e-01	   6.4513197837541525e-01	   6.7108404576685676e-01	   3.7039664264990058e-01	   3.1249061337606998e-01	   3.0103790013260168e-01	   3.2328767419597398e-01	   1.0652523635031320e-01	   1.8757933670001478e-01	   3.6760173894871351e-01	   3.3651210446143554e-01	   4.3436626602130518e-01	   4.0032225031817370e-01	   4.7688525725096659e-01	   4.4338323701537097e-01	   4.0840645989067997e-01	   3.7108841531086784e-01	   4.5237881857520468e-01	   3.5653340335525641e-01	   3.6563737614036118e-01	   3.5031362934449933e-01	   6.4598128327171378e-02	   8.2920439117745055e-03	   2.7392693151822189e-01	   3.4494461055523817e-01	   2.1984916120765041e-01	   3.4570272470886410e-01	   2.3498421072088713e-01	   1.9629287517385155e-01	
