   0.0000000000000000e+00	   6.5308310345662479e-01	   5.8564430476630969e-01	   4.4783795374543789e-01	   3.7868786050787062e-01	   2.3989240638527834e-01	   5.2785057105795152e-01	   3.6229767959737480e-01	   2.7336597892451858e-01	   3.0040435416159972e-01	   8.0809540866694274e-01	   5.7570700941030273e-01	   5.8465301752703958e-01	   5.4622125146332978e-01	   5.2214180633807439e-01	   4.8208909715917658e-01	   4.8305961984002954e-01	   3.5530215794057984e-01	   7.0965824402771838e-01	   4.6792914561429866e-01	   3.1375465878317582e-01	   2.4827133645597083e-01	   4.8774393271112926e-01	   3.1613375367229601e-01	   4.0753488327639431e-01	   3.4228749814363368e-01	   2.5402584311436660e-01	   2.7203468491616378e-01	   1.9859447550769979e-01	   1.1655310991003695e-01	   4.8999790033634616e-01	   2.6221082674303930e-01	   6.5290672982324183e-01	   4.0658928133812133e-01	   2.5829018950597959e-01	   2.1071927326395634e-01	   3.4920239804199837e-01	   4.9172694209434159e-01	   4.0331947397576662e-01	   4.1898374521294024e-01	   1.4895650452003206e-01	   1.5134258130351319e-01	  -1.7536355214601850e-02	  -2.2565385206310937e-02	   7.7070950047006037e-02	   1.3871604141087912e-01	   9.8855032419667851e-02	   8.7473104103947347e-02	   3.4495742188918327e-01	   3.4819211276150464e-01	   4.6961625482822345e-01	   4.5083109522543807e-01	   4.4878499560036261e-01	   3.7363152818089701e-01	   5.6107536647329870e-01	   5.7648684576521991e-01	   5.6860663687127344e-01	   2.6117380988590894e-01	   4.9522957244097310e-01	   2.7476104826542996e-01	   5.2211604622093610e-01	   3.8133199859214795e-01	   3.7890794528058774e-01	   1.0321433941127896e-01	   3.1506402202295014e-01	   1.7109639631570803e-01	   4.9524242048067812e-01	   3.5268245906599660e-01	   6.5831413048910536e-01	   4.7355880754555491e-01	   4.6328777449075220e-01	   4.5181354752973629e-01	   2.6112539322675460e-01	   6.8932547162990229e-02	   5.4714981496305448e-01	   4.1379043167619650e-01	   7.3317448369534155e-01	   5.0133315619954255e-01	   3.1076897602161785e-01	   1.6164272804511604e-01	   2.6804998097437349e-01	   3.8153827775800231e-01	   3.9436044644154050e-01	   4.3022879736164321e-01	   4.7082235228650171e-01	   4.3894350073875443e-01	   4.2109674589542995e-01	   3.3831101102903305e-01	   6.0995688441644313e-01	   6.7813083260725848e-01	   4.6489658644610621e-01	   6.6531830299495798e-01	   2.2916940120389045e-01	   4.0069137755964240e-01	  -2.5839428286516808e-01	   6.9142232447642379e-02	   1.3415112680395341e-01	  -3.7113275799802630e-03	   2.4636766472479413e-01	   3.6087741094361470e-01	  -1.7939577103381163e-02	   4.7295272507086622e-01	   1.1776938144325354e-01	   5.4628848104637329e-01	   1.3238124917861382e-01	   2.1686768174894416e-01	   3.3361363041445802e-01	   1.9374687548471931e-01	  -1.7270002273847304e-01	   6.6833178501993287e-03	   2.9616569421037375e-01	   2.3260356847649760e-01	   3.2271487141234306e-01	   2.0318006585268780e-01	   2.7005304474551917e-01	   8.1197341162292033e-02	
   6.5308310345662479e-01	   0.0000000000000000e+00	   3.7733241998463118e-01	   3.8944467936478594e-01	   2.1148384335844200e-01	   1.7697976089418677e-01	   2.4895288178380076e-01	   3.6687580645446929e-02	   2.0822557743605766e-02	   1.1349559144642835e-02	   5.4135971953823181e-01	   3.6116694572297897e-01	   2.8127085482639036e-01	   2.9878445448057395e-01	   3.9146565021527813e-01	   2.9165748506770872e-01	   4.9121705508326646e-01	   6.6589180043283658e-01	   6.8006645655593290e-01	   7.1940606680315489e-01	   4.5158228396580258e-01	   4.3707676384721528e-01	   3.3411449017938422e-01	   1.3169535245066458e-01	   3.9686666923469616e-01	   2.4971140048899804e-01	   3.4897165474484054e-01	   3.2869494258485188e-01	   3.5597863884566316e-01	   4.3704914898839703e-01	   4.7519878281544958e-01	   2.5191786814227324e-01	   5.6113245671687106e-01	   5.1070344755298558e-01	   1.3487385085436940e-01	   6.6082810754709426e-02	   3.1971460094104320e-01	   4.8692445934517081e-01	   3.1917477486120155e-01	   3.7076131632814679e-01	   3.5913307703199010e-01	   4.8763138380811821e-01	  -1.8741898895459630e-01	  -1.7919952962961405e-01	  -1.8982373357405258e-01	  -1.6499490878375386e-01	  -8.2609339684884875e-02	  -2.7067448701365176e-03	   3.3644936575556589e-02	  -4.5145434677817779e-04	   1.2642999671885996e-01	  -7.1495891451024574e-03	   3.1892184632070314e-01	   3.1866756575960187e-01	   2.8714216000420034e-01	   3.5889784177191375e-01	   3.9618296548218335e-01	   7.3149885574020479e-01	   5.0948188556700558e-01	   6.3351459269455090e-01	   5.1882722837129713e-01	   2.8992587298464623e-01	   4.8184960061180454e-01	   3.8723337661121560e-01	   1.4200655517601338e-01	  -1.2273453469152852e-01	   1.9457731232606049e-01	   1.4253229032962406e-01	   4.1603114884948589e-01	   6.1502230371479094e-01	   3.5672184282371305e-01	   4.8814667295893599e-01	   4.3860486046002933e-01	   4.9291871459085901e-01	   5.8576779410123547e-01	   6.6131671977661455e-01	   4.4515869914918782e-01	   5.8885358644997321e-01	   3.5251880622955550e-01	   4.9009435180929878e-01	   3.8103825115493700e-01	   5.5701799979671041e-01	   4.5977249870391124e-01	   5.5850232056799509e-01	   3.3620272112349348e-01	   2.1410098418921542e-01	   3.4832861205626309e-01	   4.0650563280344432e-01	   4.5268069328064009e-01	   5.1455178388342337e-01	   3.7838135587242311e-01	   6.3728339863845773e-01	   7.3240214456694999e-02	   2.6128161153408014e-01	  -2.8705077811732871e-01	  -2.3864388913471715e-02	  -5.1820699883636051e-02	  -1.4294879980773562e-01	   3.9547441776536846e-01	   2.5250485842805137e-01	  -2.8793697185823509e-02	   3.4267704826671197e-01	   2.3571946085476758e-01	   5.1901060064532967e-01	  -4.8857709857546824e-02	   7.8342507252164045e-02	   3.1306646507279745e-01	   2.6736542995780821e-01	  -9.4360013640630638e-02	  -1.6630802456496319e-01	   6.9492150934058111e-02	   2.4543603363617333e-01	   2.3648182885618776e-01	   2.4698701155553813e-02	   1.2728415602704796e-03	   2.6792957636086849e-02	
   5.8564430476630969e-01	   3.7733241998463118e-01	   0.0000000000000000e+00	   6.7958176804559367e-01	   6.6008946649747002e-01	   4.2511260903896797e-01	   7.9973049361785864e-01	   5.1314781744987648e-01	   3.8547537404116905e-01	   2.7148819137096791e-01	   6.9946696964159005e-01	   2.8593337049044815e-01	   6.5058936445722204e-01	   2.8654737928007384e-01	   6.0775867274076534e-01	   5.5622596905833988e-01	   9.0087674705055534e-02	   1.0998079035550579e-01	   4.5672852286714483e-01	   1.5674753585769488e-01	   4.9441375591084424e-01	   4.1661024808462033e-01	   9.0106216754088220e-01	   6.9696279063481781e-01	   8.4534143487151592e-01	   7.4122682678344953e-01	   5.1546296158232674e-01	   5.0324501042363734e-01	  -1.4151959131991163e-01	  -1.9554171036258133e-01	   5.6340741185791399e-01	   3.3370343629105703e-01	   4.1972831161702440e-01	   1.1405786921742206e-01	   7.4911086424180828e-01	   6.2952866126962337e-01	   3.3414680695523569e-01	   4.6302278487136073e-01	   4.5379158298522060e-01	   3.8662687377324201e-01	   1.1983145356846164e-01	   3.9804448158203267e-03	   3.7369543133423377e-01	   3.9114571084828487e-01	   3.9401725322059722e-01	   4.0201276342534253e-01	   4.0799904562371320e-01	   4.4338724098163762e-01	   3.8340823723384321e-01	   4.5767898099678050e-01	   8.0262880247473500e-01	   5.5207339528547839e-01	   5.0014980109307516e-01	   3.2335765549744211e-01	   4.9494477744909876e-01	   4.9566382586094893e-01	  -7.7602740866835121e-03	   9.5844714555698748e-02	   1.0286649147456388e-01	   3.1966761920880334e-02	   2.8119542080715032e-01	   1.0222736647718061e-01	  -1.0453694405936248e-01	  -3.3135002417151693e-01	   6.1282289910655796e-01	   3.6007023126862853e-01	   5.5001319438021512e-01	   2.8524533282730530e-01	   6.4880261227009950e-01	   4.5791571951128213e-01	   4.4990155438035573e-01	   3.6751398402175178e-01	   1.4311366799651359e-01	  -3.6573762046284812e-02	   4.4058021120146107e-01	   2.9982763435087034e-01	   4.7324681235545485e-01	   2.3721388880451677e-01	   1.2157450248762639e-02	   4.6656329981207265e-02	  -4.9060721472599884e-02	   1.3510541717232233e-01	   4.5351655685569486e-01	   3.7935340728067890e-01	   8.4135084815613048e-01	   6.2899170956413442e-01	   7.1903458414913568e-01	   6.4755644423930692e-01	   7.9764038159600870e-01	   6.7378619191239464e-01	   6.1122652329734239e-01	   7.5064127523682100e-01	   5.5125340059645367e-01	   7.7520161436796187e-01	  -5.6336257292360671e-02	   2.1905545083194278e-01	   3.6480246508251180e-01	   4.4123359424453699e-03	   3.4440036600836832e-01	   4.8605507363036482e-01	  -1.1147077146006211e-01	   4.5271059337785213e-01	  -1.3342227295933259e-01	   3.1759595253581369e-01	   1.4616450095694905e-01	   2.8469740824507217e-01	   3.0159252808887338e-01	  -1.7532932248860733e-01	  -8.2778053303410815e-02	   4.6910837882441013e-02	   5.8921380673432555e-01	   5.6979918167882937e-01	   4.4609359552145172e-01	   4.1744300207350193e-01	   3.9506876682077652e-01	   1.5231163416921734e-01	
   4.4783795374543789e-01	   3.8944467936478594e-01	   6.7958176804559367e-01	   0.0000000000000000e+00	   4.8251335843402821e-01	   4.1559672765930333e-01	   5.6075475154939824e-01	   6.9264284645443275e-01	   3.7371419924319360e-01	   3.0568296981018472e-01	   4.6180423346518956e-01	   4.9320060212356248e-01	   3.6294583385544532e-01	   5.0645204672029387e-01	   4.9937983106503414e-01	   6.2269461224453593e-01	   7.9404230058450487e-02	   1.1736347945082624e-01	   3.2889766521461022e-01	   4.5342948042112691e-01	   3.3378160055173528e-01	   3.2136000461873354e-01	   6.7342674333990704e-01	   7.7734888268934754e-01	   7.3604016042628073e-01	   7.2050574152408975e-01	   3.2380001320995122e-01	   3.1970598360808161e-01	  -2.6838535118865782e-02	   5.4001355264495607e-02	   5.6955088787739272e-01	   6.2375786358203977e-01	   4.8194957787647819e-01	   3.5912448975099359e-01	   5.8223233668710828e-01	   6.0595241562465096e-01	   3.3438644734745654e-01	   5.7888830757083187e-01	   4.2059702431653334e-01	   4.8424092289543319e-01	   9.5894319080333329e-02	   1.2427922381803663e-01	   1.8507506146396435e-01	   2.0321811979467222e-01	   2.2381489926932047e-01	   2.8816780120137209e-01	   2.6273539789375167e-01	   2.4705186010600666e-01	   4.2288077954971393e-01	   4.9460995637233052e-01	   5.9818180204372351e-01	   5.4852360613756934e-01	   5.7442526868830579e-01	   3.5217428142581469e-01	   4.8819579022587428e-01	   4.4769482437530994e-01	   1.9026928679682112e-01	   8.0117240607990747e-02	   3.2160345806277013e-01	   2.4042060350729685e-01	   4.0336402118561338e-01	   4.4871410427284869e-01	   1.2283276939096449e-01	  -1.5644753044799870e-02	   4.3656226971742007e-01	   5.1943865631391040e-01	   5.9240118808613551e-01	   5.2545961002531327e-01	   6.7984155657243905e-01	   5.3314928525637328e-01	   2.3451109062701139e-01	   4.0016657229684982e-01	   1.5775386286063486e-01	   1.0547082718634036e-01	   3.5046678053479585e-01	   3.5832290583969684e-01	   3.3221695634103843e-01	   4.4261137829434560e-01	   2.4648340032359765e-02	  -1.5300973193437760e-02	   9.5423178316078494e-02	   2.3753413987030852e-01	   3.0053266971126669e-01	   4.5361336521233769e-01	   5.9365980207142488e-01	   6.5621563479053280e-01	   5.1638643820529329e-01	   4.4706545493085564e-01	   6.1805921354602655e-01	   7.1958814107031255e-01	   7.0832805834510792e-01	   5.4692474564898497e-01	   6.8890641142488840e-01	   4.7207901747921288e-01	   4.7142925601630553e-02	   3.3751450302039587e-01	   3.3188983419384904e-01	   3.1043886297793772e-02	   3.4581317794643807e-01	   3.1852009578595497e-01	   3.4428747414888167e-01	   3.0373754668422398e-01	   2.6324845777465067e-01	   3.3999551875674444e-01	   2.3653601238790778e-01	   2.7517063096683525e-01	   2.4710890055321272e-01	  -4.2036480190521260e-02	   4.7544652552676703e-02	   8.1126872626162888e-02	   4.7846576456695933e-01	   4.4510878551380822e-01	   3.2648533381699518e-01	   3.7358509590958366e-01	   3.7977543776623612e-01	   2.7836237140520642e-01	
   3.7868786050787062e-01	   2.1148384335844200e-01	   6.6008946649747002e-01	   4.8251335843402821e-01	   0.0000000000000000e+00	   8.4930838522876084e-01	   8.2223568979537887e-01	   7.0991653725883941e-01	   6.5771024692847824e-01	   5.4265867087215902e-01	   4.6886179875182199e-01	   1.2197037662871493e-01	   5.5299405183829209e-01	   1.7669117497374046e-01	   6.2324167800872865e-01	   7.2476417322561293e-01	   1.1060781259875933e-01	   9.2766222038317303e-02	   2.3964517315436354e-01	   3.3147769590927773e-02	   5.4673817750146281e-01	   4.8446897129151534e-01	   5.3511885621088240e-01	   3.5699657953233643e-01	   5.6221931253276269e-01	   6.8680658186177812e-01	   3.9488712055018438e-01	   3.3365678931642717e-01	  -5.7713617893194961e-03	  -6.4293020655249139e-02	   3.8831718581363217e-01	   2.2325649053221497e-01	   2.3071632882536641e-01	   1.8164735772780397e-01	   3.7947108420832165e-01	   3.4500790874606857e-01	   1.1641927427814419e-01	   3.3951634656099217e-01	   3.6790503367818556e-01	   2.0159047906325467e-01	   2.9353184243462488e-01	   1.7686000891888334e-01	   2.9488609288506457e-01	   3.7875265530319568e-01	   2.7973466941942809e-01	   3.7111323405114016e-01	   3.6838600544768751e-01	   3.7492250116851822e-01	   4.3365733725546468e-01	   6.7606966305312155e-01	   6.8622789079078594e-01	   6.0009137063725393e-01	   4.7668134337977608e-01	   4.6041549880045896e-01	   2.4996090981385505e-01	   3.5073876751450300e-01	  -1.0189780548872075e-01	  -4.0690156253105056e-02	   2.2611893741105127e-01	   1.3941688601548227e-01	   3.6549704706413155e-01	   4.0654133770200851e-01	  -2.2899954286216007e-01	  -1.8994936313966165e-01	   6.2880713138967870e-01	   5.1389405151852308e-01	   3.8002977309352337e-01	   2.9094846153991072e-01	   3.6295505564902508e-01	   1.8065932233920398e-01	   3.7971195200172014e-01	   2.7960407831692025e-01	   2.3545674312414777e-01	   1.1019637617896995e-01	   3.0914611020898619e-01	   2.6550862488203492e-01	   1.8120407652931153e-01	   1.7124470452576654e-01	  -1.0191135048350046e-01	  -7.1882391542426455e-03	  -2.4017519587950432e-02	  -6.9283400588979194e-02	   6.9216271152910680e-02	   1.7839842637918885e-01	   3.4959801756279058e-01	   1.2321052255309475e-01	   3.0994846066844339e-01	   1.0013587936273516e-01	   3.8237448834858268e-01	   2.6653549009590716e-01	   4.8219197239599132e-01	   6.4341019201496685e-01	   1.4933378275909065e-01	   2.9803095976549787e-01	  -1.5944851434329964e-02	   1.3816202567306315e-01	   2.4267085131887173e-01	  -2.4676729952688225e-02	   2.0950210368317707e-01	   4.2714060885033794e-01	  -8.7827936030214063e-02	   2.0148003390951957e-01	  -4.3736118715519343e-02	   2.5364170670492292e-01	  -7.0425558501985511e-03	   4.0507097443707854e-02	   2.6203074128193526e-01	  -1.8466282856475563e-01	  -4.2912332548588901e-02	  -7.6370360942789886e-02	   3.1006029112805478e-01	   3.7334634171471692e-01	   3.3598135488975139e-02	  -7.1145683824441787e-03	   8.0967805931630096e-02	   4.2343487812784630e-02	
   2.3989240638527834e-01	   1.7697976089418677e-01	   4.2511260903896797e-01	   4.1559672765930333e-01	   8.4930838522876084e-01	   0.0000000000000000e+00	   6.3727027233877209e-01	   7.3077469163296727e-01	   3.9597507776571067e-01	   3.9989959473191722e-01	   2.6605360923246485e-01	   6.0653431654236797e-02	   3.5168254430942814e-01	   1.0368624408639499e-01	   3.6075106842496563e-01	   6.6823195719971640e-01	   1.8194790657329929e-01	   1.6386910585808026e-01	   1.1511603459850109e-01	  -1.4526021002416917e-02	   4.6732381674921702e-01	   5.1035813969377730e-01	   2.8512596541384311e-01	   1.8785719603659917e-01	   4.8110877171341743e-01	   7.3706925371137177e-01	   5.0635862867712245e-01	   4.5845857270121038e-01	   1.8099948654117792e-02	   4.6274212774951251e-02	   2.1726606739099247e-01	   1.4018644455548754e-01	   1.6275011938758072e-01	   2.4076988491297424e-01	   2.3623266578321095e-01	   2.6145880210536848e-01	   3.7238696737742334e-02	   3.2852964993269884e-01	   3.3815134856704887e-01	   1.7759445193259965e-01	   2.5134138737575717e-01	   3.0941309716154614e-01	   2.3695395166291899e-01	   3.1689774692434031e-01	   1.1336396889440556e-01	   2.2265008868969066e-01	   3.0987964395544909e-01	   3.2265071284547520e-01	   2.9715182471169632e-01	   6.0242516350966380e-01	   4.8263188098455650e-01	   5.0295525694539722e-01	   3.5816068182732752e-01	   3.4385170786184727e-01	   1.2813117234195090e-01	   2.0200463814210279e-01	  -1.9640689172006277e-02	   4.6500368547833723e-02	   2.5236590291866001e-01	   2.3814765336183424e-01	   3.3560960937447903e-01	   4.7020079019119765e-01	  -2.0043477670948853e-01	  -1.2468420983378574e-01	   4.7996093243121285e-01	   5.8542689778630363e-01	   2.6755592827544805e-01	   3.0077909340518783e-01	   2.2004293266730779e-01	   1.9876790654768700e-01	   2.3720572096262574e-01	   2.4400424653834368e-01	   1.6150094248000701e-01	   1.5512130763741006e-01	   2.3372722244345884e-01	   2.2923189601510927e-01	   5.8543452814890262e-02	   2.1064160383972139e-01	   1.2072615456827626e-02	   1.2276115063211182e-01	   6.9079232719500172e-02	  -6.5083910800245615e-02	  -2.0803014304667793e-02	   1.8121868263499641e-01	   1.5132700962292414e-01	  -3.9102553808395765e-02	   2.0755373094137186e-01	   7.2491741951217865e-03	   2.4290949852695276e-01	   1.6541952219479594e-01	   4.1836969659343970e-01	   5.2306789669957698e-01	   1.2076774314294464e-01	   1.3164972991412113e-01	  -5.6067849585338093e-02	   7.7919134098490980e-02	   2.4419799336486550e-01	  -6.8932737479875966e-02	   1.9109004281020386e-01	   3.1285078289126589e-01	   1.4488747379884286e-03	   4.9303962078788260e-02	   6.2850175918525278e-02	   2.6452130068366836e-01	  -7.2153119953943676e-02	  -6.4314356050321653e-02	   2.5181993421326365e-01	  -1.0886986178142416e-01	   6.9718231681080156e-02	  -1.8999851548625574e-01	   2.3464160951317214e-01	   3.2091563401404605e-01	  -1.9490603086988707e-02	  -7.6660655794162674e-02	   7.1717499819493038e-03	   4.6872178040951895e-02	
   5.2785057105795152e-01	   2.4895288178380076e-01	   7.9973049361785864e-01	   5.6075475154939824e-01	   8.2223568979537887e-01	   6.3727027233877209e-01	   0.0000000000000000e+00	   7.6593164911368850e-01	   4.9087643145853954e-01	   3.5269472180468042e-01	   6.9822539625254998e-01	   3.1638538497307978e-01	   8.0093201830595029e-01	   3.5084786871673745e-01	   6.6222946246155123e-01	   6.9695435226111579e-01	   1.7027211540782666e-01	   1.2533215031034334e-01	   2.8674643579126208e-01	   6.4996105392549477e-02	   4.5810181858428572e-01	   4.0363199692449803e-01	   6.6207148160065965e-01	   4.3814127225733701e-01	   5.8186526068888145e-01	   6.6078848411628344e-01	   4.3190551878384509e-01	   4.4137504343721201e-01	  -5.8578306392993156e-02	  -1.5067134110406236e-01	   3.5810733588259702e-01	   1.5514175128464994e-01	   3.5469221724394473e-01	   1.7066921665676416e-01	   5.1375143225110265e-01	   4.3390808693230859e-01	   1.4587974553901939e-01	   3.1132127241287877e-01	   3.7899071027453923e-01	   2.2791380433863540e-01	   2.4785243329118106e-01	   8.2584939796614104e-02	   2.5941909225701754e-01	   3.0715605894231268e-01	   3.5762170274582644e-01	   3.7083411338540728e-01	   3.2009065947884396e-01	   3.2068039721401548e-01	   4.2227116768816431e-01	   6.2297345808151983e-01	   7.4975682842628266e-01	   5.9137287497957569e-01	   4.4634161347328871e-01	   3.0415010193627173e-01	   2.7514084437899888e-01	   3.2531298122960245e-01	  -5.6298243106840104e-02	  -2.5753849622171070e-02	   1.7355194646097774e-01	   6.0821709710156047e-02	   4.9910771187218889e-01	   3.8882846842046059e-01	  -1.5320621883012392e-01	  -2.5976809683412150e-01	   8.1278268202169957e-01	   5.9454214547611650e-01	   5.2281605351092098e-01	   3.3218507577595430e-01	   4.8177509261443768e-01	   2.6548410443506737e-01	   5.6276374932874140e-01	   4.4756525815846748e-01	   2.6462521556631136e-01	   6.6176694041644737e-02	   4.7069243221302370e-01	   3.5423566260584816e-01	   4.2794055211827736e-01	   2.7216349187013766e-01	  -2.9457124590155030e-02	   1.7106127473550163e-02	  -1.2860267927976751e-01	   8.8755495157375429e-03	   2.4898903218745741e-01	   2.9703518527325418e-01	   5.6830804497061838e-01	   3.7639369844004245e-01	   4.6200202883226527e-01	   3.0244678827805016e-01	   6.8251471617446935e-01	   4.8716393032846789e-01	   5.2146091016523366e-01	   6.8486023384836758e-01	   3.9148190255446780e-01	   5.9871952248132709e-01	  -1.7490852280272626e-01	   6.4387187684641231e-02	   1.8570164325264749e-01	  -1.1013931545260236e-01	   1.6628082383112947e-01	   3.5364706961868037e-01	  -6.2946728653531597e-02	   4.2350835113090102e-01	  -1.3793892669838637e-01	   2.6119234597597518e-01	  -1.2453926693589943e-02	   6.1428367622462413e-02	   2.3990987364567862e-01	  -2.3387933957664897e-01	  -1.3852971070307207e-01	  -5.7242978775179379e-02	   4.0711690708823950e-01	   3.8766993399047567e-01	   2.2119932095345879e-01	   1.8153328358975840e-01	   2.1581534558249743e-01	   5.6570575218922961e-02	
   3.6229767959737480e-01	   3.6687580645446929e-02	   5.1314781744987648e-01	   6.9264284645443275e-01	   7.0991653725883941e-01	   7.3077469163296727e-01	   7.6593164911368850e-01	   0.0000000000000000e+00	   4.5333151350938161e-01	   4.1791686763716041e-01	   4.1952985990694547e-01	   3.6278616755468635e-01	   5.4012364180799921e-01	   4.2501575221619536e-01	   3.9821347601010809e-01	   7.0267296920832245e-01	   1.1203026944554857e-01	  -1.0584352900890265e-02	  -1.5763827205195796e-03	   1.0794629234093976e-03	   2.2900193141610775e-01	   2.3908515052291696e-01	   4.0738315940929781e-01	   4.3924640599115428e-01	   4.8925832492564680e-01	   7.1183010056636686e-01	   3.2251353639925739e-01	   3.3483011303327137e-01	  -1.5971933845193315e-01	  -1.4302831972951521e-01	   1.7238049834083624e-01	   2.2781873074859071e-01	   2.3975400332285679e-01	   1.9396728338337776e-01	   3.9850843223262278e-01	   4.1975367532094682e-01	   7.1330413518997854e-02	   3.2774117365397981e-01	   3.1727420109913251e-01	   2.2824851981481842e-01	   8.8787561377662583e-02	   5.5470700523214574e-02	   1.5139331082490562e-01	   2.0009347357443452e-01	   2.0760134091218524e-01	   2.8264010624405289e-01	   2.3868736519318576e-01	   1.6556624853770396e-01	   4.3106564347843113e-01	   7.0097565119122018e-01	   6.7316296347768945e-01	   7.0377446281176304e-01	   4.3498953521922856e-01	   2.9991056468271510e-01	   2.6940679293876002e-01	   2.5075703149251233e-01	   8.2929100728549129e-02	  -2.3641495728175427e-01	   2.3910134479747469e-01	   4.0614158627850193e-02	   4.5338547415654679e-01	   6.1693574391961148e-01	  -1.5273714296551055e-01	  -2.1859399778859831e-01	   6.9646500034252212e-01	   8.5895157069279193e-01	   5.3710160996122136e-01	   5.0297978797375009e-01	   4.2275483373370021e-01	   1.5090803021087007e-01	   2.4162415398302151e-01	   3.1639064236596176e-01	   9.6969252247158411e-02	   1.1548620744602678e-03	   2.5187596143945740e-01	   1.8436907498758193e-01	   2.7638280372232582e-01	   2.7369251647891768e-01	  -2.2200038483177982e-02	  -1.2808600835753092e-01	  -9.3008264540622998e-02	  -8.5162147023051998e-02	  -1.0770142362345744e-01	   1.6138310823640162e-01	   3.4208879634899231e-01	   3.6813492129124725e-01	   1.9999344157107102e-01	   5.2553127311620582e-02	   4.8581902787004189e-01	   4.5272056594022247e-01	   4.7492926493409737e-01	   4.2882475384373697e-01	   4.5826362648597097e-01	   3.1688510996531044e-01	  -1.1397649766210066e-01	   1.2292590824202734e-01	   2.7019434466321546e-01	  -8.9806225517515867e-02	   1.6971610941219368e-03	   1.7514517520930029e-01	   2.2853363881685240e-01	   2.1305009180635315e-01	   7.0692375346282227e-02	   1.9976532730447125e-01	   4.4828221029004064e-02	   1.5177974615500479e-02	   1.5846571492840203e-01	  -1.7902778536426178e-01	  -4.0688871383520078e-02	  -7.8851451313238619e-02	   3.5635963422998840e-01	   2.1325828019862875e-01	   4.4502955863716637e-02	   1.3211049954964010e-01	   2.0066503318995893e-01	   1.1772540174027327e-01	
   2.7336597892451858e-01	   2.0822557743605766e-02	   3.8547537404116905e-01	   3.7371419924319360e-01	   6.5771024692847824e-01	   3.9597507776571067e-01	   4.9087643145853954e-01	   4.5333151350938161e-01	   0.0000000000000000e+00	   9.2099133226772123e-01	   2.1391406007651192e-01	   6.7271684094481754e-02	   2.6540521176778487e-01	   2.0412359901001947e-01	   6.3443265686457018e-01	   5.8478312392486642e-01	  -9.5545380922721843e-02	  -2.4933011941739852e-01	   2.3889267259128960e-01	   1.8853304113563052e-01	   5.1848306015339685e-02	  -5.3940402562650390e-02	   4.0844050918698593e-01	   3.9748004906288803e-01	   2.2998768265675945e-01	   2.7359837487058752e-01	  -3.1686936128238891e-01	  -3.5330490639161494e-01	   1.4070467563608302e-02	  -9.4296152142152256e-02	   3.6435947255952666e-01	   3.3783034982073401e-01	   1.2391974493794922e-01	   4.7580775053077890e-03	   1.6111383682124336e-01	   1.8608402322942003e-01	   1.5762369359671435e-01	   2.5693950514297181e-01	   1.3859103184563040e-01	   1.6106883175500836e-01	   3.3646725286785584e-02	  -1.1347196505649482e-01	   1.1023007625253450e-01	   2.3564731983913453e-01	   2.9223566522303268e-01	   3.9925997442817629e-01	   2.0959255572905194e-01	   2.5412905239321032e-01	   5.2351131766164405e-01	   5.3373084136302917e-01	   4.8542491008119165e-01	   4.9196366235349054e-01	   6.0326751108230914e-01	   6.1927833393459586e-01	   2.7438775385955955e-01	   3.9888651714554429e-01	   2.4230213167886067e-02	  -3.9424089037800991e-01	   1.8543854316248981e-01	  -1.6075491651145474e-01	   1.3812865919093753e-01	   3.7608816674437517e-01	  -1.9617475332628206e-01	  -1.4292845326809808e-01	   2.5297291998205540e-01	   2.4321209839498920e-01	   2.6877349004082640e-01	   1.4911032952785766e-01	   4.0039344456219961e-01	   3.6578619901648700e-02	   8.5448301747951871e-02	  -1.5503136588490844e-02	   1.5022707714220734e-01	   1.8420941273162079e-02	   9.6748512462075303e-02	   1.0400956639040168e-01	   1.5575040584034833e-01	   1.2402450381084121e-01	  -3.0409175196192773e-01	  -4.1171968976069107e-01	  -1.4788341210146311e-01	  -6.2374044615678040e-02	  -1.1624235167802600e-01	   1.8522212056491377e-02	   1.3232520055663805e-01	   1.2536526999741721e-01	   2.0907343962086013e-02	  -1.8360674621030093e-01	   1.6435397054166223e-01	   1.5572282943914620e-01	   4.2933486552361588e-01	   4.4847355800014999e-01	   1.2799493877905219e-01	   1.2940246759400470e-01	   2.2408974343461424e-01	   2.9507173919780050e-01	   1.1502212234043331e-01	   2.4149169677538165e-01	   2.0348366117626481e-02	   3.5343238941494681e-01	   3.9691651679954268e-02	   2.1070408482756636e-01	   3.4402126677131627e-02	   9.8964740863090955e-02	   5.9576836974143940e-02	   2.8039071365122230e-02	   1.2345150607383680e-01	   1.4713534571731655e-02	   3.4988792713545698e-03	   2.9271376689385054e-01	   1.9748110820701531e-01	   1.7439076716967697e-01	   3.0702093512705676e-02	   7.9614497630050504e-02	   1.8342551582923841e-01	   6.7813751662078342e-02	
   3.0040435416159972e-01	   1.1349559144642835e-02	   2.7148819137096791e-01	   3.0568296981018472e-01	   5.4265867087215902e-01	   3.9989959473191722e-01	   3.5269472180468042e-01	   4.1791686763716041e-01	   9.2099133226772123e-01	   0.0000000000000000e+00	   1.3162276085066738e-01	   2.8906003507699105e-02	   1.2909792110529372e-01	   1.7736916705163075e-01	   4.9082688487114334e-01	   5.2258742007653702e-01	  -4.4776396723782530e-02	  -2.5561436720373626e-01	   2.3156365399033810e-01	   1.7898072600110887e-01	  -5.7290344302071181e-02	  -1.4615846631741930e-01	   2.6832189519031036e-01	   3.0408620987178731e-01	   1.8805658209293977e-01	   2.7055909531401434e-01	  -3.5736614393078237e-01	  -3.9706273186005064e-01	   1.1126874633912456e-02	  -7.1017970089592333e-02	   3.1656853250949535e-01	   3.2912273621469118e-01	   9.9033569323145748e-02	  -7.0921061788923486e-05	   6.0523302202726989e-02	   1.0526481423782977e-01	   1.8649606015612305e-01	   2.5320986568566245e-01	   1.1269805954303171e-01	   1.4656254065018845e-01	  -4.1393195388278903e-02	  -1.2032274148517366e-01	   7.4971913026948708e-02	   1.9805239514884804e-01	   1.6831734746359750e-01	   3.1021715140292816e-01	   1.7876088469803425e-01	   2.1589699076432897e-01	   4.4404068518065237e-01	   4.5053185126704132e-01	   3.9306253185969742e-01	   4.4610020516288751e-01	   5.7314857087085846e-01	   6.1271365075259854e-01	   2.8754118973489651e-01	   3.7737450667604661e-01	   1.7500117516866498e-01	  -4.0776805974674396e-01	   1.8732018369597664e-01	  -1.8514555391936457e-01	   7.7318420550960776e-02	   3.9310924901575761e-01	  -1.3715023087299202e-01	  -1.4581126570326400e-01	   1.0526344328960502e-01	   2.0917040538642717e-01	   2.3513704692818668e-01	   1.3975840936505907e-01	   3.6186974606565592e-01	   6.4761946704030588e-03	  -5.8279998360822871e-02	  -9.6004533996675537e-02	   2.2463338106006717e-02	  -7.5637354982890648e-02	  -1.4381881449115648e-02	  -2.6273084047625773e-02	   1.5910483453640001e-01	   9.7993723762647339e-02	  -2.6642065347883598e-01	  -4.2123307953550193e-01	  -7.7859508055835552e-02	  -5.1737976567946722e-02	  -2.0704086397434410e-01	  -2.8847335934818982e-03	   4.1596705854114083e-02	   7.6443583278519633e-02	  -1.1154209402124944e-01	  -2.9255604793035261e-01	   1.0299750221936164e-01	   1.1086623232710689e-01	   3.8588211745074963e-01	   4.0766730986548766e-01	   1.0585216905199188e-01	   3.2401618460054703e-02	   1.9348362063022284e-01	   3.0476791367611678e-01	   8.5114952775498631e-02	   2.5749834818066275e-01	  -9.4376435632070668e-03	   3.1817124254203294e-01	   6.6076968156282556e-02	   1.6773587796158240e-01	   8.0667404344310800e-02	   1.2951032690124312e-01	   5.3971100759474540e-02	   4.1083889256231278e-03	   1.5474013400491216e-01	   1.4174328842542958e-01	   2.7941568919845894e-02	   2.4820073936299097e-01	   1.4813767981373904e-01	   1.2558575409706707e-01	   1.9321821820970558e-02	   5.7347015032254783e-02	   1.9525992657646324e-01	   1.0184081416221999e-01	
   8.0809540866694274e-01	   5.4135971953823181e-01	   6.9946696964159005e-01	   4.6180423346518956e-01	   4.6886179875182199e-01	   2.6605360923246485e-01	   6.9822539625254998e-01	   4.1952985990694547e-01	   2.1391406007651192e-01	   1.3162276085066738e-01	   0.0000000000000000e+00	   5.7448397177880361e-01	   8.3509697008302985e-01	   5.7321583663303888e-01	   6.1650257435920641e-01	   5.0181895622877370e-01	   4.4364692945656592e-01	   3.3612198419108391e-01	   5.6491195136075811e-01	   3.3184139163571602e-01	   3.7904914085073171e-01	   2.9687863074958043e-01	   6.7162654407141065e-01	   4.2132634362988625e-01	   5.2678059808515276e-01	   4.1514067963620138e-01	   4.1998482121959979e-01	   4.2335310590659991e-01	   5.9557844485317701e-02	  -2.9924491186612622e-02	   4.4645282363616134e-01	   1.7380343727148689e-01	   5.5495351199988918e-01	   2.7098101354667298e-01	   4.1561523056958805e-01	   3.2350616148324723e-01	   3.1230746704568790e-01	   3.8364758296258333e-01	   2.6671504871029361e-01	   2.4571894946312595e-01	   2.5836624144878162e-01	   4.4640997473501871e-02	   1.4026032919108461e-01	   7.6869037899727599e-02	   2.2688484589244970e-01	   2.2669389615549454e-01	   1.6891134452263334e-01	   1.6782829992700876e-01	   3.8540818709783309e-01	   3.8281293702201197e-01	   5.4002487349484896e-01	   4.0381191215355339e-01	   3.6946691891613298e-01	   2.2971299281379701e-01	   4.1109217323552677e-01	   4.2778516269051609e-01	   2.2534621096134955e-01	   2.1967000014347274e-01	   2.9734140290117317e-01	   1.9987741913951473e-01	   5.0475890567809090e-01	   2.8628118978949124e-01	   2.0600612880620239e-01	  -4.9412308552405332e-02	   5.4046163600201957e-01	   2.3569674147581327e-01	   4.0967223429026622e-01	   2.1625285353493337e-01	   5.9797774314746177e-01	   4.0170273189511113e-01	   6.4907763329205315e-01	   5.5436293522591273e-01	   2.9025920918370240e-01	   6.9238018937991433e-02	   5.8183589787079448e-01	   4.1640488111723900e-01	   6.9380047622316310e-01	   4.0646221189736675e-01	   2.6827262568267252e-01	   1.8701888652607229e-01	   2.0564684442986808e-01	   3.6417707032974433e-01	   5.0004044875699727e-01	   5.0034384266707366e-01	   6.7744330960662091e-01	   5.4203978279455500e-01	   5.4559851938738879e-01	   4.2465992693187821e-01	   7.0503261428152508e-01	   6.5650020636378259e-01	   4.9976712950088553e-01	   6.9282759596782950e-01	   3.2337805911823614e-01	   6.0009938561408549e-01	  -4.2071198896163120e-01	  -7.1190199049476169e-02	   2.6649158780437769e-02	  -1.5109543481697577e-01	   2.9349445105757693e-01	   4.0228257429168462e-01	  -1.6544577611417841e-01	   4.3900877258118248e-01	  -1.2937706550548142e-01	   3.1246429855059510e-01	  -6.7177507830691402e-02	   6.2965513910387585e-02	   1.2495663133200269e-01	  -1.2247804551354230e-01	  -3.0745265181152859e-01	  -9.4122025235730461e-02	   2.8549301704422297e-01	   3.3623688459250789e-01	   3.4667834388542063e-01	   1.4340430789119349e-01	   1.8109997261774857e-01	  -1.1626258832522056e-01	
   5.7570700941030273e-01	   3.6116694572297897e-01	   2.8593337049044815e-01	   4.9320060212356248e-01	   1.2197037662871493e-01	   6.0653431654236797e-02	   3.1638538497307978e-01	   3.6278616755468635e-01	   6.7271684094481754e-02	   2.8906003507699105e-02	   5.7448397177880361e-01	   0.0000000000000000e+00	   4.1301252354500873e-01	   8.3476409059498735e-01	   3.2522390386570144e-01	   4.0009311429187078e-01	   2.1743173705066438e-01	   1.4034329764701794e-01	   4.5664665083384076e-01	   5.7736888862866120e-01	   9.8374034916495767e-02	   5.5946208850823936e-02	   3.3198058976129224e-01	   4.2152360732032623e-01	   2.2940528901402560e-01	   1.7127936799353374e-01	   1.4029131575088824e-01	   2.1768016670791104e-01	   1.4604466966373986e-01	   1.8218876780948284e-01	   4.5082938354795399e-01	   3.8176081192707051e-01	   4.1426872466174713e-01	   2.8993120178719700e-01	   1.0600605976336128e-01	   1.5159443554135790e-01	   2.7587696402776746e-01	   4.3808474173977979e-01	   2.6983795167377261e-01	   3.8638893028546428e-01	   1.9708457046655659e-01	   5.6744475060332852e-02	  -2.0349101460220228e-02	  -1.0601538334725466e-01	   1.0974193404066660e-02	   4.9935044252926539e-02	   7.3059493719916310e-02	   1.2202331023623638e-02	   3.6904902230934367e-01	   3.0507653745814423e-01	   2.2598103997477043e-01	   3.3238294861551876e-01	   3.0769859447127146e-01	   2.1205454680935565e-01	   3.7066145397403805e-01	   4.1142258639420892e-01	   4.9372889666892034e-01	   6.3920011830047391e-02	   3.3147999483408080e-01	   2.5982753223132293e-01	   2.8069714741898055e-01	   5.3862863252316129e-01	   1.9992339838183817e-01	   2.0393644760520208e-01	   1.6283901229433634e-01	   2.0977830203729458e-01	   1.8754109233585092e-01	   1.6934709348372798e-01	   4.9022136148332884e-01	   2.3231625682191293e-01	   3.5992787637893092e-01	   3.7466697709521374e-01	   1.6129358492350251e-01	  -2.0748212771868439e-02	   3.4780128909330016e-01	   2.2349490409462203e-01	   3.7739939076669299e-01	   3.3578614180250804e-01	   2.1262643805874143e-01	  -3.6160364846833853e-02	   2.2296162148698423e-01	   3.2704953688632588e-01	   3.6164523580740893e-01	   5.4901597657241807e-01	   2.6656179930805352e-01	   5.2708710830249728e-01	   3.4648120907850033e-01	   2.8575509851476089e-01	   2.9469760195776240e-01	   5.3880241266353923e-01	   4.5473260932553039e-01	   3.5673527699891228e-01	   4.5507177268575461e-01	   2.9961184766383064e-01	  -6.8001894928667816e-02	   1.6040264723336098e-01	   1.0397369699006559e-01	   5.9990902364747301e-02	   1.1578033273244834e-01	   2.4193989082785189e-01	   3.3523236000186873e-01	   2.9740424538078680e-01	   1.7119250159330657e-01	   2.1259819842571853e-01	   1.2654908442351750e-01	   1.0351976845094142e-01	   1.8607102561747756e-02	   1.4528557772281986e-01	  -3.3697293087141478e-02	   1.9551065047161664e-01	   1.7932906837488380e-01	   1.1840653703373841e-01	   2.7225912768267402e-01	   3.3041027587318728e-01	   2.9944075159817496e-01	   6.3806820017310348e-02	
   5.8465301752703958e-01	   2.8127085482639036e-01	   6.5058936445722204e-01	   3.6294583385544532e-01	   5.5299405183829209e-01	   3.5168254430942814e-01	   8.0093201830595029e-01	   5.4012364180799921e-01	   2.6540521176778487e-01	   1.2909792110529372e-01	   8.3509697008302985e-01	   4.1301252354500873e-01	   0.0000000000000000e+00	   5.5246222100355502e-01	   6.4100822355632725e-01	   5.7876979195435296e-01	   3.2377996223139216e-01	   1.4586602403498078e-01	   3.6714384145215956e-01	   1.1271587707010337e-01	   2.7692197333864788e-01	   2.3140780935559488e-01	   6.3589159288648767e-01	   3.7429396399449311e-01	   4.4052742483860952e-01	   4.4936709712739464e-01	   3.7916018108333405e-01	   3.9914450154025105e-01	  -1.1366915414894506e-01	  -1.8983267297558779e-01	   2.6253665564150919e-01	   4.8764389782754490e-04	   3.7453101313261972e-01	   9.6212598241849773e-02	   3.8376932116117318e-01	   2.9727997931149641e-01	   2.1729924077746066e-01	   2.8166489822792062e-01	   2.1110976019292554e-01	   1.7858948038409397e-01	   1.0198237428433532e-01	   3.5986274391406850e-02	   2.0861678764236510e-01	   1.7874879801961685e-01	   3.4329515745129169e-01	   3.4027556072392767e-01	   2.4938455792871839e-01	   2.5760099508745438e-01	   3.8132617843378214e-01	   4.9209772768205567e-01	   6.1757542246360941e-01	   4.5931037730220414e-01	   3.5283590322671132e-01	   2.2291576696456616e-01	   3.1583580197755595e-01	   3.6252762965135898e-01	   2.4004544369027200e-02	  -2.1645253472376523e-02	   1.4343982211856923e-01	  -7.3981543774040096e-03	   4.0569315860412997e-01	   2.3232312347418113e-01	  -9.2052835213802156e-02	  -2.3636227506200219e-01	   6.6269331971841472e-01	   3.7267794499892615e-01	   3.1865928857898718e-01	   1.1399112567248346e-01	   5.0026748345508854e-01	   2.4013472038071254e-01	   6.2829012546609131e-01	   4.6786456783527997e-01	   2.9871072745646576e-01	   5.0237977819819757e-02	   5.4635704861211776e-01	   3.4525482368178667e-01	   6.0580806859486935e-01	   2.6493228084014125e-01	   1.0275202153511644e-01	   4.0242850097675822e-02	  -2.0999044413796485e-02	   1.4960441397692922e-01	   2.9901691283799436e-01	   3.5093286734401841e-01	   5.7668992832727584e-01	   4.3746058168061153e-01	   4.9026030368276258e-01	   3.8938856557868617e-01	   6.9638018947282054e-01	   5.4670558101123568e-01	   4.5560868422979334e-01	   6.2592883913446484e-01	   3.2308720760119097e-01	   6.2664389545499199e-01	  -3.2182300282750642e-01	  -2.4089037636899707e-02	   5.4430578648091976e-02	  -8.1187594821898912e-02	   1.5931258301499318e-01	   3.9071653044035137e-01	  -2.0528027644121641e-01	   3.8871837480280269e-01	  -2.4544130991941956e-01	   1.6497464264994507e-01	  -1.5171578504710229e-01	  -4.3771084267661763e-02	   7.2772783146766620e-02	  -2.2664918258066491e-01	  -2.8629742412383791e-01	   1.6230602170602126e-02	   3.5231942409617706e-01	   3.4753805964265017e-01	   2.6437908868523435e-01	   1.1641189029909105e-01	   1.9631125945161740e-01	  -1.1427769311756074e-01	
