   0.0000000000000000e+00	   6.2867758822674702e-01	   1.3946460793268706e-01	   4.9230409968489444e-02	   1.1979035174707947e-01	   1.3938591844157322e-01	   2.1047771685332423e-01	   6.2762521824671791e-02	   1.6961066264492741e-01	   1.5648431934193854e-01	   6.8700635059114024e-01	   2.4014925206145155e-01	   3.7025284775961220e-01	   2.7696244347374399e-01	   2.5458300676045692e-01	   1.4793187988130851e-01	   4.8043535734988996e-01	   3.8230815571531973e-01	   6.6136845518104315e-01	   6.2289364384592394e-01	   2.6231300031770732e-01	   2.5069821916095725e-01	   7.6293547538820408e-02	   7.2589681358912223e-02	   1.8895528281134219e-01	   1.8727827533368843e-01	   2.5366839458960611e-01	   2.8485681308077615e-01	   3.7523895846196326e-01	   2.6580747560099832e-01	   7.5013763262722979e-02	   2.7281823795556152e-03	   2.6978080700833068e-01	   1.6523384734438412e-01	   3.7405220545273260e-02	   6.7352091285305827e-03	   5.8150273726140955e-01	   5.4245420268516353e-01	   5.4516773498336124e-01	   3.8856584298427038e-01	   5.8355089222068546e-01	   6.4520157151188884e-01	   1.9574984637329387e-01	   1.9864168638281213e-01	  -6.4902879133287295e-02	  -6.2220137667851089e-02	   2.2328150768849317e-01	   2.9649048738409584e-01	   1.1629009355731804e-01	   1.6785217914560621e-01	   2.1429540480447526e-01	   2.6086887932033170e-01	   3.7174192690191810e-01	   3.1208079110110420e-01	   4.8551690194904462e-01	   3.5092720797151389e-01	   6.7958076927242939e-01	   4.6381737126877459e-01	   3.8571404963491601e-01	   1.5587092859454163e-01	   3.2069100153026275e-01	  -2.2812845726522694e-02	   2.3527834616985760e-01	   2.1844925215577693e-01	  -1.2217321853403579e-01	  -8.3218115770136547e-02	   5.6599352495575427e-02	   2.3910742016540032e-02	   4.4788977656984363e-01	   3.0815438630097591e-01	   6.5909269894242936e-02	  -4.2999768831087359e-02	   5.1127656056295323e-01	   4.6093359165158027e-01	   4.8094291632809016e-01	   3.0257643796382078e-01	   1.8338669066220697e-01	   5.6584500794288367e-02	   3.4113155797963479e-01	   2.7131929721585579e-01	   3.6498441235529039e-01	   4.3348466692658683e-01	   2.1536475695691024e-01	   3.3712490979493315e-01	   1.7364170563698422e-01	   1.4482543267372827e-01	   1.1046321625449676e-01	   8.3737461637002436e-02	   4.4247562951898656e-01	   5.7549118004087818e-01	   4.3905983021623840e-01	   4.8945639218451215e-01	   2.6598792446616970e-01	   2.9491272985927153e-01	   3.3448846238306618e-01	   2.2942948559984407e-02	   2.9653362041990844e-01	   2.1765103163811200e-01	   2.8816543351440049e-01	   5.1457019461410625e-01	   2.5787186659188327e-01	   4.5560429075468967e-01	   2.8970358099963656e-01	   4.3553804140464358e-01	   2.5165681977693066e-01	   2.5934413531109146e-01	   2.5078282829520993e-01	   3.6425809976316137e-01	   8.1600442852988717e-02	   2.4760330302493982e-02	   1.9239243845902701e-01	   3.2443154237260197e-01	   4.1872656052436696e-01	   2.0732611320379435e-01	   2.5856024442168157e-01	   9.8936011593082646e-04	
   6.2867758822674702e-01	   0.0000000000000000e+00	   7.7312740424430898e-02	   2.3136956052168295e-01	   1.4674524835123479e-01	   1.6771608294790735e-01	   1.3705147573633886e-01	   2.2148220068702293e-01	   3.3450873746806470e-02	   2.0540349499787733e-01	   5.9696465752691119e-01	   3.8119267850464833e-01	   3.3321395439360524e-02	   2.7316595748606159e-01	   3.4353214890988554e-01	   4.1839792026164435e-01	   6.2833097749181133e-01	   6.7245018170228765e-01	   5.7392876962571471e-01	   7.8062746129470251e-01	   4.2326735835687601e-01	   4.2863010681970160e-01	   8.9708062796759497e-02	   2.1481715512950797e-01	   1.4794061243860387e-01	   1.8523432465913325e-01	   2.2083454460831536e-01	   2.7766307796602824e-01	   5.0627075148121581e-01	   4.8829596190183477e-01	   1.9812448899890828e-01	   2.0495443237397859e-01	   3.9278576555777556e-01	   3.9107966223133672e-01	  -1.0241097403575747e-01	  -7.5453097880597425e-02	   3.6197285151220004e-01	   5.5102627816433269e-01	   4.1283918008445042e-01	   3.8315172492150074e-01	   5.1972570604268087e-01	   6.6600881887093988e-01	   2.4469324119270328e-01	   2.5232745019905345e-01	   1.8948726403751386e-02	   4.4190441629568096e-02	   2.6647361188388818e-01	   3.9520410134905798e-01	   2.1031007121448508e-01	   2.5029456159723906e-01	   1.5687806151695885e-01	   1.5983296030339278e-01	   2.8966154387178822e-01	   2.6030830599202881e-01	   3.8429110501025987e-01	   3.1217507155019597e-01	   6.7356631467193351e-01	   7.1665228442044304e-01	   1.7247708629780292e-01	   3.4884211368229490e-01	   1.0364237423114736e-01	   4.1282040146720295e-02	   3.6459623718013190e-01	   3.8856935250188196e-01	  -1.6676574631789615e-01	  -1.0000228190779906e-01	   4.0693164646649814e-02	   6.4031768338540546e-02	   5.3752693581102573e-01	   4.6235378911459551e-01	   1.6874179987202745e-01	   1.7220764077281522e-01	   6.4697680588627970e-01	   6.2692404908616517e-01	   5.4857069893822996e-01	   5.2783049021220951e-01	   2.0037959720257997e-01	   3.7122903463792356e-01	   4.7652974985655783e-01	   4.9896581077139335e-01	   5.0933756729544899e-01	   5.0251002691043056e-01	   3.5276587187516395e-01	   5.4690987837480631e-01	   1.4207117351973669e-01	   2.4436168009749731e-01	   1.0246333745909143e-01	   1.8937798343716411e-01	   2.7452562569099148e-01	   5.8609173052584573e-01	   5.2132542890113587e-01	   4.4038822132500477e-01	   4.5108736845974945e-01	   3.1954695055331639e-01	   2.5447845196669577e-01	   2.2744137228357220e-02	   2.2420501889725797e-01	   1.4746180266231781e-01	   4.3515598623141044e-01	   4.7932004900546454e-01	   5.2896633815048477e-01	   4.5230693979616310e-01	   6.0105728035629946e-01	   5.7540726823825072e-01	   2.0296636795975806e-01	   2.6782450063903024e-01	   3.9850750991851830e-01	   4.0917978471258776e-01	  -1.7851775838883416e-01	  -3.8464770483808038e-02	   2.4185042587843633e-01	   4.4790743055044718e-01	   5.1967054445682281e-01	   3.5219809782562161e-01	   1.9486038097727895e-01	  -1.2679823553735770e-01	
   1.3946460793268706e-01	   7.7312740424430898e-02	   0.0000000000000000e+00	   8.1332026706032290e-01	   6.2743888180713880e-01	   3.9120917646630804e-01	   5.4685576923401413e-01	   3.6358183019079549e-01	   4.2132580592963431e-01	   2.3307136521099772e-01	  -4.7434490775751507e-02	  -1.9582541508269349e-02	   3.1587906034043561e-01	  -8.6585783771009235e-03	   5.4357661468474916e-01	   3.6406875034810715e-01	  -2.1045902532152452e-01	  -1.6998093134866465e-01	   6.0439282117962390e-01	   3.8591311446689913e-01	   4.8187915808362175e-01	   4.5581583587484165e-01	   9.1685788460368489e-01	   8.0643014366330912e-01	   8.1087751673060926e-01	   7.8466488066359052e-01	   7.4698463372926216e-01	   7.0070960940030469e-01	  -1.6376314682003046e-03	   3.7828227877987577e-02	   7.4505813304077506e-01	   6.7704591423450200e-01	   4.1171760173829097e-01	   4.2899394909175081e-01	   6.0108174470905262e-01	   3.7805792136616245e-01	   1.9046027212863204e-01	   1.8902409722013250e-01	   2.5414199110007002e-01	   2.1494254062884599e-01	   2.3268078194397579e-01	   2.8073406705261073e-01	   2.1459560961899379e-01	   2.9498456196174028e-01	   1.3116700746570442e-01	   1.9778843248132216e-01	   3.6399700778456440e-01	   3.2804052193661787e-01	   1.2082308411406473e-01	   2.8590472564260783e-01	   4.4947012523549917e-01	   5.1217483218975957e-01	   5.9516754510083281e-01	   6.1176585586995946e-01	   3.7701476369908249e-01	   4.3354541316559370e-01	  -1.6835639482409517e-01	  -1.8321848743807878e-01	  -9.2016733073529450e-02	  -1.5040592604820752e-01	   1.4850270128682919e-02	   4.8765800449228569e-02	  -4.4692239451283577e-01	  -3.9251144655943226e-01	   6.6730116008738372e-01	   4.7534373018588538e-01	   2.9359194142159528e-01	   2.7481419592050366e-01	   3.5042176958598159e-01	   3.3337347180667642e-01	   5.8671841463957275e-01	   5.0796276099887050e-01	   1.7319506717590144e-01	   1.3374201765692864e-01	   1.9390348050899570e-01	   1.0599406277256664e-01	   3.4710059325800369e-01	   2.9205378869746318e-01	   1.1865228334424561e-02	   1.6525201749829374e-01	  -5.5885141106459868e-02	   1.4760320929704077e-01	   5.2824027215204783e-01	   3.0070937724843738e-01	   6.0122567068281130e-01	   4.3779049344516630e-01	   3.4947343673823167e-01	   1.9926244579393809e-01	   4.3397819384575148e-01	   4.2178194706304667e-01	   3.5256273251359305e-01	   4.4912367411279508e-01	   3.4433351689504499e-01	   3.2083911051881420e-01	   6.0348683452759309e-02	  -7.4283771298203419e-02	   3.2716188269967217e-01	   2.0159301251805600e-01	   4.8021038122848733e-02	   2.6535671025450969e-01	  -9.1997844614364860e-02	   2.9892119946784781e-02	  -2.1572826857808999e-01	  -8.2134611065577831e-02	   1.0044495816446211e-01	   4.5834209912876933e-01	   9.7405251734474257e-02	   4.2140081255957945e-02	  -3.2685681115385512e-01	  -2.8488258331243754e-01	   1.3667936415330070e-01	   1.0983829688253524e-02	  -6.7782169078652893e-02	  -7.6273342166557965e-04	   2.8271168181242978e-02	  -4.0049914262703395e-01	
   4.9230409968489444e-02	   2.3136956052168295e-01	   8.1332026706032290e-01	   0.0000000000000000e+00	   6.7561813757581290e-01	   5.6697022664627117e-01	   4.4695107626689878e-01	   5.3076791205396134e-01	   4.4804280957624409e-01	   4.1753024233003855e-01	  -7.3404831109464844e-02	   8.2394538404069635e-03	   1.7454311764702082e-01	   4.8769293847075915e-02	   4.4586792008117188e-01	   4.4008950857274381e-01	  -4.0534506043142675e-02	  -3.3059733452328856e-02	   5.4218374865381147e-01	   4.9396721970976976e-01	   4.6357105461386167e-01	   5.0241756204047017e-01	   8.5090190335951255e-01	   8.8902237968589160e-01	   6.6798309448183357e-01	   7.4324321982463815e-01	   6.7063589340967178e-01	   6.8275957852626967e-01	   2.4918017725225054e-02	   9.5512730209682983e-02	   6.2312560177940002e-01	   7.0397473433062085e-01	   4.8473078381334223e-01	   6.1085194963196066e-01	   6.6644295428898570e-01	   5.9948199661486190e-01	   1.7898918708582520e-01	   2.4117260604575802e-01	   3.1299413859428871e-01	   2.7481659738585745e-01	   1.7610429876855921e-01	   3.3363547448995068e-01	   1.1477805052300044e-01	   1.9674681797431631e-01	   1.3860002771666852e-01	   2.9811930868844450e-01	   2.3865562949327668e-01	   2.6571025423981659e-01	  -9.2171605658926264e-03	   1.9686094009765440e-01	   3.2033646084395362e-01	   4.0335073357256279e-01	   4.3570044250213424e-01	   4.5785922333968931e-01	   3.1929910652889992e-01	   3.8389175221944194e-01	  -1.2682217724492645e-01	  -5.7925011381908351e-02	  -9.1072079940094308e-02	   7.3084976971714857e-02	   5.0460553770679567e-02	   2.3315778556154121e-01	  -3.0577622603242244e-01	  -3.1901241785283940e-01	   7.3665133028278706e-01	   7.4806289272686000e-01	   4.1199445242182281e-01	   5.5011463713568742e-01	   4.5937637296499051e-01	   4.9775829595322962e-01	   5.3264039302576538e-01	   5.4273728191178039e-01	   1.3720497714376706e-01	   1.2468144932094531e-01	   1.5972457721068825e-01	   9.1891020352198122e-02	   3.8843307859221937e-01	   4.2785085583775950e-01	   1.3592438921931879e-01	   3.0678329349695033e-01	   7.5267947620445003e-02	   1.8544243140273939e-01	   4.4201979694360449e-01	   2.9174296714828835e-01	   6.6396406593604917e-01	   6.5150052202072140e-01	   3.2618846273543883e-01	   3.5978275767763013e-01	   5.2594306461231288e-01	   5.2581452989048161e-01	   4.8704394444245069e-01	   5.0479800388380636e-01	   5.9020496208408868e-01	   4.1974069090073524e-01	   1.3651501109439179e-01	   4.4239597243904121e-03	   3.7202683738024467e-01	   2.0825067652548382e-01	   2.7956470815334443e-02	   2.3110402112939141e-01	   2.0797773873996273e-01	   2.0498063977929165e-01	   4.2292021087418613e-02	   8.3553737990085156e-02	   2.5792896570414336e-01	   5.0207903881940341e-01	   3.2757688136440477e-01	   2.7549162071721528e-01	  -3.3804032811207757e-01	  -2.7073679732440636e-01	   2.0763860472749482e-01	   1.0211724689454789e-02	  -3.3925355581633440e-02	   3.3556516960550620e-02	  -1.9890548576567600e-02	  -4.1487023179208665e-01	
   1.1979035174707947e-01	   1.4674524835123479e-01	   6.2743888180713880e-01	   6.7561813757581290e-01	   0.0000000000000000e+00	   8.5610198159381024e-01	   6.7256447202961034e-01	   6.5315050671162234e-01	   8.5714159556740777e-01	   7.2881232243064131e-01	   4.4883453590202252e-02	   2.9792698105102111e-01	   3.8056873067297692e-01	   2.8552259833438004e-01	   5.9664655280433265e-01	   6.5283183314152571e-01	  -1.0914823062770934e-01	  -1.2159258742931275e-02	   4.9611745222056475e-01	   4.4474180769316485e-01	   6.0659197925184261e-01	   6.3216814240884434e-01	   6.8603822348422805e-01	   6.7026337505711409e-01	   4.4644008739057511e-01	   5.4580259953612775e-01	   4.7857731809387194e-01	   5.6093003754252913e-01	   2.3251096511044900e-01	   3.0181079566493713e-01	   5.8302760507274554e-01	   5.9126816087026746e-01	   4.5990084942243348e-01	   5.1296999048498115e-01	   4.0828341212545993e-01	   3.4469109917359653e-01	   7.2720099040774450e-02	   2.2679977110322741e-01	   2.4493469999119935e-01	   2.5117518272908979e-01	   1.9187806203270563e-01	   3.5685995804545212e-01	   3.7696425716077414e-01	   4.3080945893352157e-01	   4.6634567138507527e-01	   5.4586027626002442e-01	   5.0106999644781003e-01	   5.2108604115672741e-01	   4.0981792247494203e-01	   5.0725338855922875e-01	   5.8384443534091779e-01	   5.5408065820157026e-01	   5.1006306183512939e-01	   5.5365222680693638e-01	   4.6840804544757930e-01	   5.7917137227471249e-01	  -1.2641553830472094e-01	  -1.3303764073309332e-01	   6.9429118678798779e-02	   1.4972522659866128e-01	   3.0051672476491381e-01	   4.9090813413063977e-01	  -2.6413012312923179e-01	  -1.3846731875164034e-01	   6.9401358797151924e-01	   5.4152339123170423e-01	   4.7966486649598372e-01	   5.0391734316187753e-01	   3.0955950612443695e-01	   4.5989437520630705e-01	   6.2222347991791738e-01	   5.2715675199546008e-01	   3.2288344958684456e-01	   3.0010005574577736e-01	   3.9764016069558705e-01	   3.1520240185918236e-01	   2.7264021878170119e-01	   3.0529744744881510e-01	   1.8924110169136996e-01	   2.9024845775896790e-01	   1.1615607610965845e-01	   2.3351562274358600e-01	   4.1753564770710960e-01	   4.4158569122344821e-01	   5.2078048925944886e-01	   4.8654020862411346e-01	   2.0460758042595095e-01	   2.9972016547273089e-01	   5.1042218907545034e-01	   4.2302186022237570e-01	   5.9964218187163132e-01	   4.8228186169016862e-01	   4.5917283258094244e-01	   2.8856979735748128e-01	   1.6123162997363873e-03	  -1.9265257239190495e-02	   2.7225414525942704e-01	   2.2674164400891275e-01	   3.0499950549733384e-01	   3.8112736767667887e-01	   2.5479402552465719e-01	   2.7006068294930552e-01	   8.1090684317594558e-02	   8.9852186849443960e-02	   2.6943138526210197e-01	   5.2301514363883972e-01	   3.8941643896036926e-01	   3.6242471460047870e-01	  -1.2851070669273779e-01	  -3.8212556900219274e-01	   4.8783245179728284e-02	   7.4775440870662568e-02	  -3.0857199394870041e-02	   9.8383058660037985e-03	   2.6242400438957484e-02	  -3.8211933162373035e-01	
   1.3938591844157322e-01	   1.6771608294790735e-01	   3.9120917646630804e-01	   5.6697022664627117e-01	   8.5610198159381024e-01	   0.0000000000000000e+00	   6.1251955224931465e-01	   7.3836963185447613e-01	   8.6796418235060080e-01	   9.0842303287731196e-01	   5.6176047695358555e-02	   3.0761333903524962e-01	   4.0415902304400747e-01	   3.9269489636294780e-01	   3.6173299149299826e-01	   5.9794162630746728e-01	   8.8846874122494340e-02	   1.3524986569548836e-01	   4.3140108835614049e-01	   4.8770786175540481e-01	   5.7905552276845706e-01	   6.4438248091422690e-01	   4.8701743703263561e-01	   4.9722946771128540e-01	   2.7815174981223556e-01	   4.1693796638566999e-01	   3.2005550309576447e-01	   5.0184349395374972e-01	   2.7558335488240510e-01	   3.8052608976329871e-01	   3.7355444350464984e-01	   4.4118687548332303e-01	   5.3370602954472923e-01	   6.2315760583382218e-01	   3.9492431175566417e-01	   4.8583351225495935e-01	   1.5158099706882064e-01	   3.5727020608147181e-01	   3.4758599407646651e-01	   3.7719920240047117e-01	   2.0138784018764960e-01	   4.2949193193371193e-01	   3.9310155124779456e-01	   4.4911991201054580e-01	   4.9956872224939208e-01	   5.9149088693473550e-01	   4.6127036719126419e-01	   5.3423565138578333e-01	   3.6442513100666363e-01	   4.8460351684403846e-01	   4.8707132331282516e-01	   4.2612616207879861e-01	   3.2997733374703031e-01	   3.1996037518262777e-01	   4.3409914885963996e-01	   5.4906236187643720e-01	  -1.7659136175378509e-02	  -1.3683411050046002e-02	   2.8478486047702845e-01	   3.6509031770407580e-01	   4.9385604981584363e-01	   5.9917044991633217e-01	  -4.5081823275861826e-02	   7.5107770208690153e-02	   5.7065600343142453e-01	   5.5300548980368047e-01	   5.8419539467251691e-01	   6.3737037471251368e-01	   3.9975504989368660e-01	   5.7647178859013781e-01	   4.7641230558957570e-01	   4.1357352241879874e-01	   2.9794993201566372e-01	   3.2189528197138617e-01	   3.2527582523882614e-01	   3.0284631963296649e-01	   2.7312158549766702e-01	   3.1658602989016255e-01	   3.2208507298567174e-01	   3.8150393054699527e-01	   3.2411923213247856e-01	   3.3613440157497942e-01	   1.7062403152090991e-01	   2.8690006396398587e-01	   4.1719505730252110e-01	   4.1898908183216793e-01	   1.4682410142876268e-01	   2.3315280357034796e-01	   6.0511098296645938e-01	   4.1368885070921646e-01	   6.1269875634482296e-01	   4.7213218402271828e-01	   4.6419807110827066e-01	   2.9896770535421691e-01	   8.0107554059657221e-02	   4.6280641426187985e-02	   3.8953238806247342e-01	   4.0725334025947774e-01	   3.2301251939158915e-01	   4.2763670779289353e-01	   4.3684519872251093e-01	   4.3960496110058406e-01	   3.0215012263948293e-01	   2.6654801082065871e-01	   4.5114108087116189e-01	   4.7726583877622403e-01	   5.6919035823320530e-01	   5.7029284378625644e-01	  -4.1634569191120754e-02	  -2.1698951857735113e-01	   2.3190187402736559e-01	   1.2401699134786823e-01	  -5.5885903837093456e-03	   3.2972469998399707e-02	  -2.4632619202676384e-02	  -2.2573187961650248e-01	
   2.1047771685332423e-01	   1.3705147573633886e-01	   5.4685576923401413e-01	   4.4695107626689878e-01	   6.7256447202961034e-01	   6.1251955224931465e-01	   0.0000000000000000e+00	   8.5470837700749724e-01	   6.8412902482882076e-01	   6.8971111764441728e-01	   1.7050224605728725e-01	   4.5121407695820465e-01	   5.1502317442495427e-01	   3.8567667735403632e-01	   4.2400176554685304e-01	   5.7133277094802215e-01	   1.1178061800018716e-02	   1.6963998776272279e-01	   4.7665020887131626e-01	   4.6223049957048545e-01	   5.6624217501502028e-01	   5.6354120255719597e-01	   4.9602778151225868e-01	   3.7514666141922282e-01	   2.4071609889769216e-01	   3.0935776550599636e-01	   1.2277116436953629e-01	   2.1782007982804086e-01	   5.1319551575640121e-01	   5.8191332452781885e-01	   6.9973929787889955e-01	   6.9432483510730836e-01	   6.8634571358796315e-01	   6.7525142755172918e-01	   1.6371362027840430e-01	   1.6714620938428351e-01	   1.6346363032976158e-01	   2.1467558457871144e-01	   1.7654795821508162e-01	   1.1615284993751933e-01	   2.2069725912365151e-01	   3.4525426298424666e-01	   2.8372401690595850e-01	   3.3119867707711470e-01	   3.4158246790940561e-01	   4.1820511304821589e-01	   4.4631354061636264e-01	   4.5309903820928815e-01	   3.9055567498281213e-01	   4.1191921622009037e-01	   5.9744941175263921e-01	   4.6833193431585884e-01	   4.7938927035238454e-01	   5.7388166826068032e-01	   4.1341889933081771e-01	   4.7412232127680293e-01	  -8.7467184420056882e-02	  -1.3823916522797874e-01	   2.7328008362097422e-01	   1.8514624155336795e-01	   5.3518486224485950e-01	   5.6493718566997353e-01	  -9.4533613212584772e-02	   1.5322783256845543e-01	   4.2864400897939053e-01	   2.0167570106204058e-01	   4.6633962570255927e-01	   3.4485782678368110e-01	   2.0056666356799302e-01	   2.6494340051385179e-01	   6.3884314629624162e-01	   5.0474840383602049e-01	   5.4989705044566528e-01	   5.2798307878920536e-01	   5.2804198726177454e-01	   5.0956846638924014e-01	   4.3989379167919285e-01	   4.6697467651616897e-01	   2.1193305045290908e-01	   3.5266335086719103e-01	   2.8051143488483676e-01	   3.5591223835945179e-01	   2.5800294975744031e-01	   4.7009542805512922e-01	   1.6539705145005962e-01	   1.5937358443106814e-01	  -2.0480256550252129e-01	  -2.0722233361046716e-01	   2.2550283262151785e-01	   1.9468775102954194e-01	   4.1398759345997294e-01	   1.9887359960037160e-01	   1.2893674861504845e-01	  -6.7576801286592103e-02	  -1.9920885236938753e-02	   2.4242119261239835e-02	   1.3804138223855711e-01	   2.4542763704572845e-01	   2.9945561198150161e-01	   3.4796901728025564e-01	   2.0649645589417215e-01	   1.2264049321354178e-01	   1.4461755606993684e-01	   2.2612928371212326e-02	   3.3620057777779433e-01	   3.4860220997210034e-01	   3.1794818023785831e-01	   3.2917253537138680e-01	  -1.3322723787450441e-01	  -3.6469685194632590e-01	  -6.0328314104786201e-02	   1.5998422655273393e-02	  -1.1073565266622384e-01	  -6.1161125149266110e-02	   8.1702350823286710e-02	  -2.4572945916117497e-01	
   6.2762521824671791e-02	   2.2148220068702293e-01	   3.6358183019079549e-01	   5.3076791205396134e-01	   6.5315050671162234e-01	   7.3836963185447613e-01	   8.5470837700749724e-01	   0.0000000000000000e+00	   6.6450681172524617e-01	   8.3820618222419885e-01	   1.0718125515039204e-01	   4.8147462889703535e-01	   3.4903419344298325e-01	   4.2189253830832907e-01	   2.6117315044582157e-01	   5.7818493119042247e-01	   1.5685980829714580e-01	   2.9660819892678630e-01	   3.6988502630299974e-01	   4.9813961061840489e-01	   5.2805075325471140e-01	   5.9708628208425429e-01	   4.1964494899086768e-01	   3.8779515400690823e-01	   6.7793050937400706e-02	   2.0021510217178920e-01	  -2.6837840800113619e-03	   1.3484724766993259e-01	   4.7608165916794071e-01	   6.0248497001530177e-01	   5.6478142107925555e-01	   6.6967024048820090e-01	   7.1322832451427520e-01	   8.2699061437720434e-01	   1.7019454675789192e-01	   3.0771085155493233e-01	   7.2816497404691746e-02	   2.2755605079785374e-01	   1.3173297438070686e-01	   1.2400391367624689e-01	   1.0516204314400500e-01	   3.2026970071005412e-01	   2.4460018567144404e-01	   3.0356366273420426e-01	   3.6994512284573194e-01	   5.1065829215958192e-01	   3.6781177091492367e-01	   4.2780136598982943e-01	   3.1879603577442817e-01	   3.6047437727270060e-01	   4.6927719512067861e-01	   3.3089951068424839e-01	   2.9954257137387175e-01	   3.7125370793928425e-01	   3.2404649291409077e-01	   4.2471713146130730e-01	  -7.7017400285000107e-02	  -3.2812097898076244e-02	   2.9390076260257181e-01	   4.1063124046356025e-01	   5.7297165084165513e-01	   7.4903746649086878e-01	   8.6357621525355963e-02	   2.9428628128171874e-01	   4.3807990029469945e-01	   3.7272317306327113e-01	   5.3635658603365000e-01	   5.4283194257957001e-01	   2.4641110371347733e-01	   3.6525940847092658e-01	   5.3538062669873687e-01	   4.7717054886380150e-01	   4.9862864800264761e-01	   4.8787817258516986e-01	   4.8376742797127237e-01	   4.9584907853061422e-01	   4.0232006291722527e-01	   5.1258394397603191e-01	   3.2438162364186540e-01	   4.5662797017746370e-01	   4.0548659616459048e-01	   3.6810967238242220e-01	   9.9310273521432429e-02	   3.5857489723150954e-01	   1.7166585878346671e-01	   2.3340804365483209e-01	  -2.2607636635703365e-01	  -1.1063533702737884e-01	   2.4759479903301840e-01	   2.4167819761339238e-01	   5.0184520450127423e-01	   2.0224581910076622e-01	   2.7904834137720436e-01	  -1.6220653703356101e-02	   5.2511158644638539e-02	   9.6127666012125440e-02	   1.9442383815994310e-01	   3.0511457807635778e-01	   3.5086387181071033e-01	   3.3472469027592044e-01	   4.6025518418957900e-01	   2.5314913608670159e-01	   3.9927944477727095e-01	   1.8755437185861851e-01	   5.2150985581742315e-01	   3.9413141689819359e-01	   4.7993254493730919e-01	   5.0160253210872763e-01	  -6.2222061814930556e-02	  -2.5171077827907978e-01	   5.3952249964604376e-02	   7.5339609495014642e-02	  -5.0096555706516388e-02	   2.5624138164066477e-02	   1.0947313238720421e-01	  -1.6449538773374822e-01	
   1.6961066264492741e-01	   3.3450873746806470e-02	   4.2132580592963431e-01	   4.4804280957624409e-01	   8.5714159556740777e-01	   8.6796418235060080e-01	   6.8412902482882076e-01	   6.6450681172524617e-01	   0.0000000000000000e+00	   8.3763919596942671e-01	   7.1344213039573445e-02	   3.5747869972316393e-01	   5.6021593940857595e-01	   3.9857504354603573e-01	   4.7934689373813677e-01	   5.9058780640668340e-01	  -1.0153826582841501e-01	  -7.7811700893480797e-03	   3.6991165560760386e-01	   3.0215542569839704e-01	   5.4565023623506570e-01	   5.8987393880990524e-01	   5.1892838968208344e-01	   4.7441082688604597e-01	   2.3855329542403159e-01	   4.0531332525438618e-01	   2.3741255120188368e-01	   4.0611416696287872e-01	   2.7799648556828260e-01	   3.3585054160143479e-01	   4.0278673601632392e-01	   4.2483575255483941e-01	   4.1479441659767219e-01	   4.6191811455751347e-01	   2.8542445010956119e-01	   2.8994573001281121e-01	   7.6671521918106736e-02	   2.4162082192510526e-01	   1.9397163414657581e-01	   2.2834195631940479e-01	   1.9940607041702846e-01	   3.6236776768204915e-01	   2.9170002437983389e-01	   3.4991062723571981e-01	   3.8638949557937274e-01	   4.7756045032614181e-01	   3.9394101356013866e-01	   3.9680509858334906e-01	   3.3770859053278446e-01	   4.1140634906435380e-01	   5.4915546812885019e-01	   5.0536588527283177e-01	   4.3156817648065571e-01	   4.5538567947202602e-01	   3.7782687343629240e-01	   4.5187313826512188e-01	  -1.2013904211209384e-01	  -1.8192766989455408e-01	   1.9781392583207247e-01	   1.6624723176107262e-01	   5.3670389107093419e-01	   6.1836240030191036e-01	  -1.4943829248795840e-01	  -1.9911676361994389e-02	   6.1697085567270993e-01	   4.7139150399655078e-01	   4.0782845967235259e-01	   4.4754761480846228e-01	   1.6741130488068162e-01	   3.2004467617663790e-01	   5.5985170672087381e-01	   4.3425569438599965e-01	   2.9145935256465721e-01	   2.6896187496961288e-01	   3.5589798600759082e-01	   2.5440243344344859e-01	   1.6367571142430271e-01	   1.9078910129628812e-01	   2.0016290676412252e-01	   2.7950503008074201e-01	   1.3452615822144912e-01	   2.2997887224703301e-01	   2.5899533459886159e-01	   3.0600093642161785e-01	   4.1704235566231551e-01	   3.4371586944258831e-01	   9.5474291623957153e-02	   9.5473596068914909e-02	   5.0063696243913691e-01	   3.1964581594569369e-01	   4.6745643581452950e-01	   3.4006279459048866e-01	   3.2229703080467631e-01	   1.1959047220292496e-01	  -7.8527935493153747e-02	   2.0159631859981353e-03	   1.2405070233359014e-01	   1.8369871643760957e-01	   1.7181318212923685e-01	   2.5869144209709360e-01	   2.3416049401819738e-01	   2.6949621036803439e-01	   5.8700636210107154e-02	   5.0599947999305180e-02	   2.5445585149757743e-01	   3.9657974761189918e-01	   3.2169692321671778e-01	   3.7500310701339634e-01	  -2.2463683043152109e-02	  -3.8334270781306812e-01	  -6.0918136469130982e-02	  -9.9888971831205584e-02	  -1.4441185079492574e-01	  -1.4953277296046763e-01	  -3.3916113620337418e-02	  -2.5721573187796876e-01	
   1.5648431934193854e-01	   2.0540349499787733e-01	   2.3307136521099772e-01	   4.1753024233003855e-01	   7.2881232243064131e-01	   9.0842303287731196e-01	   6.8971111764441728e-01	   8.3820618222419885e-01	   8.3763919596942671e-01	   0.0000000000000000e+00	   9.9386938778195100e-02	   4.3140796057374475e-01	   3.7516436139976911e-01	   4.1139586208808654e-01	   2.6594150814689277e-01	   6.0985339366546754e-01	   1.8941835738697910e-01	   2.8642039157956811e-01	   3.8781846337728443e-01	   4.8578331802017349e-01	   5.1260909349266393e-01	   5.8357605473281404e-01	   3.8726739763974882e-01	   3.8708022580386869e-01	   9.8618101034809072e-02	   2.6072366840175448e-01	   6.8970415304649396e-02	   2.7318639486187757e-01	   4.2058240639859035e-01	   5.4172587853383214e-01	   3.8347353132473289e-01	   4.7781382908299164e-01	   5.9038863682722953e-01	   6.7473604399519860e-01	   1.6112103648204998e-01	   2.7006930869484858e-01	   8.2746812891930852e-02	   2.9543357451400232e-01	   2.0515221374694978e-01	   1.7324603185499371e-01	   1.3051664982826991e-01	   3.6652379662609136e-01	   2.8751466979421098e-01	   3.3501738007599197e-01	   3.8137872127448402e-01	   4.6433917783040451e-01	   3.5850171093462424e-01	   4.3954180667888310e-01	   3.3466519417861934e-01	   3.6252848786480057e-01	   4.0210884280754478e-01	   2.9411751070014752e-01	   2.5760063436227931e-01	   2.8775882659647617e-01	   3.0016699673596126e-01	   4.0901879456846724e-01	   4.3403889905506067e-02	   7.9069400764998757e-02	   3.4576646333579808e-01	   4.4512590446223077e-01	   6.2240247868489229e-01	   7.6200763017049233e-01	   1.2295586567165720e-01	   2.8187675257230388e-01	   4.4958563022383369e-01	   3.8823079294544643e-01	   4.4831349102527640e-01	   4.9266802617203559e-01	   2.6759253868601435e-01	   4.2135035558659195e-01	   4.3891467673426093e-01	   3.7528214752343514e-01	   3.5232083956890931e-01	   3.5823256604073617e-01	   3.6932565405848639e-01	   3.5357282669295842e-01	   2.2211381616146725e-01	   3.0211781596586690e-01	   3.4373192352986848e-01	   4.3018788648775208e-01	   4.1037779365255611e-01	   3.4921353935061400e-01	   6.0950917062275040e-02	   3.1567988010910764e-01	   1.9353745675841216e-01	   2.0260220621376573e-01	  -1.3465376423322484e-01	  -6.7612950350786558e-02	   4.4055974126436015e-01	   3.1403025875938784e-01	   5.6484156592080348e-01	   3.3746947978391717e-01	   4.0351387442563247e-01	   1.1341066472368180e-01	   1.3604351151792844e-03	   7.3571012831052662e-02	   1.7001391635313814e-01	   2.5317404454792092e-01	   3.2001507235005328e-01	   3.5738453349018728e-01	   4.7943252365652655e-01	   4.1286862759301790e-01	   3.6427520216104164e-01	   2.8184947536639027e-01	   4.7162070063516626e-01	   3.8355350931227977e-01	   5.4014285100723980e-01	   5.9719018364033738e-01	  -8.8182696652507209e-03	  -2.8688846504409493e-01	   5.0048668423974804e-02	   6.9385331245190918e-02	  -6.0858689681123686e-02	  -8.7735110071018058e-02	  -4.1909035421788886e-02	  -1.3217449638379603e-01	
   6.8700635059114024e-01	   5.9696465752691119e-01	  -4.7434490775751507e-02	  -7.3404831109464844e-02	   4.4883453590202252e-02	   5.6176047695358555e-02	   1.7050224605728725e-01	   1.0718125515039204e-01	   7.1344213039573445e-02	   9.9386938778195100e-02	   0.0000000000000000e+00	   5.7772293719341683e-01	   5.2573339562833032e-01	   5.6559573543320218e-01	   4.3492013933855977e-01	   4.1577245328288537e-01	   4.7936343607978715e-01	   5.0040452349492193e-01	   4.8085193984336849e-01	   5.5017178622904805e-01	   3.0230081530344383e-01	   2.8528167916990926e-01	  -9.5663477284106402e-02	  -7.5386458141947083e-03	  -1.7264829957579594e-02	  -5.1295652329690369e-02	   3.9821854120781243e-02	   1.9550736327692077e-02	   5.6837670646143168e-01	   4.5374449762258651e-01	   9.5129953682705271e-02	   3.8484301283865638e-02	   2.4497545775443763e-01	   1.4364437562833804e-01	  -2.8643880281273326e-01	  -1.8461365733176835e-01	   5.1709459265492586e-01	   5.0963597576184150e-01	   4.1639399423457202e-01	   2.9334565779490518e-01	   6.0492988517902080e-01	   5.1273226061132660e-01	   1.2044172687126907e-01	   1.0361077590185229e-01	  -7.2219582580368813e-02	  -9.8019106309304105e-02	   1.4863130365862304e-01	   2.4637769970276704e-01	   8.9343622304017933e-02	   7.6336867743138637e-02	   1.2257622524291886e-01	   1.0180959863100200e-01	   1.5509079385275454e-01	   1.2150920562080783e-01	   3.1481228873623590e-01	   2.3576593907125015e-01	   4.1815740571549298e-01	   4.0719804436288193e-01	   4.8021109809067497e-01	   3.0133862558400448e-01	   3.6703148101334815e-01	   6.2263416979082171e-02	   5.6882006254686424e-01	   5.4722895266575855e-01	  -3.7073908695908314e-01	  -2.9717365034373117e-01	   1.4801396763647690e-01	   4.5993215591966966e-02	   2.8247076798890891e-01	   2.4924164579566352e-01	  -6.7320953784347021e-02	  -9.7437373157687190e-02	   4.8026412902425653e-01	   4.6218193095274673e-01	   4.0404116260570822e-01	   3.0769398392450975e-01	   1.2115210113338626e-01	   1.6417414652727794e-01	   3.1185617296995205e-01	   2.6970777834923199e-01	   4.6951651766551250e-01	   4.5908566682409735e-01	   2.1668972173885326e-01	   4.8626352397795891e-01	  -2.5437775730286855e-02	   9.3624699655104560e-02	  -2.4365413163603955e-01	  -4.2944335016597855e-02	   2.3607345163046572e-01	   4.7129610827788265e-01	   3.4089273290718913e-01	   3.7528513833371052e-01	   2.4409277375358401e-01	   1.7730394878340855e-01	   2.7070273549267054e-01	   1.4171621667470180e-01	   2.1817385408772957e-01	   1.4063191251157545e-01	   1.8974699780042958e-01	   3.4572692245695447e-01	   3.5794870427378545e-01	   3.0311050580928106e-01	   3.5026738917872002e-01	   3.6037823792309909e-01	   5.9837553879492009e-02	   3.8010201284368210e-02	   2.2940648506048239e-01	   2.5051492203434311e-01	   5.4297405164003471e-02	   9.8201741201020210e-02	   1.1405876745795385e-01	   2.2539532310848162e-01	   3.5010260043850960e-01	   1.2644300149779347e-01	   1.8367287287880651e-01	   4.7815184866302061e-02	
   2.4014925206145155e-01	   3.8119267850464833e-01	  -1.9582541508269349e-02	   8.2394538404069635e-03	   2.9792698105102111e-01	   3.0761333903524962e-01	   4.5121407695820465e-01	   4.8147462889703535e-01	   3.5747869972316393e-01	   4.3140796057374475e-01	   5.7772293719341683e-01	   0.0000000000000000e+00	   5.0700668264884086e-01	   8.6124093095889165e-01	   4.2292633956810166e-01	   7.1561025708034676e-01	   1.5761402705139554e-01	   4.1601860260310641e-01	   1.5917108990487164e-01	   3.1969761852586753e-01	   3.6056675317545150e-01	   3.8412840565786716e-01	   4.8023504859403258e-02	   1.0690013837504872e-01	  -1.6194049764378818e-01	  -9.7266730980653762e-02	  -2.1288693662945174e-01	  -2.0793716639751797e-01	   6.2245045894284567e-01	   6.7663080769405726e-01	   2.8123795893217629e-01	   2.9121828756076995e-01	   3.0067650083797143e-01	   3.0357381122504534e-01	  -4.0209779423847786e-01	  -3.2616420621541836e-01	   3.8187033116080737e-02	   1.5303874109825588e-01	  -5.2144958191050167e-02	  -7.7437310742812779e-02	   1.9166699193030662e-01	   3.3355291870291620e-01	   1.0296881480537316e-01	   1.5393996364089924e-01	   1.3847558435470900e-01	   1.6615945777237617e-01	   2.4359321254156280e-01	   3.0288576874874834e-01	   3.9651024919478101e-01	   3.0434738301063813e-01	   4.7317791953195998e-01	   3.4578790675153864e-01	   3.9860782308394471e-01	   3.4627390185967710e-01	   3.9701836331477142e-01	   3.2316717426838515e-01	  -6.3018788558842714e-02	  -4.8566318429310397e-02	   2.5386163101003811e-01	   2.7716616177104358e-01	   3.9346364871753881e-01	   4.9197550758120917e-01	   2.8267238843328246e-01	   5.1724625622544529e-01	  -1.0874624133423137e-01	  -1.8061072006492862e-01	   8.4222504852072527e-02	   2.1967581412043694e-02	  -4.1656619823853124e-02	   2.8136317342957060e-02	   1.6117280904523348e-01	   1.8970853114670028e-01	   3.5819815902571139e-01	   3.5247780172783549e-01	   2.9894874696804880e-01	   3.7631074912249235e-01	  -6.7039058002764496e-02	   1.7807746175333949e-01	   3.4565548268657353e-01	   3.8175523449669313e-01	   4.0165551358764706e-01	   4.4299378980138360e-01	   2.3858471795748054e-01	   5.6999106825184687e-01	  -8.4593011410043051e-02	   1.0126106737800079e-01	  -3.5900854075085920e-01	  -1.7406486896749637e-01	   2.9883699529484817e-02	   2.4618508061944325e-01	   3.6008167265118485e-01	   1.3203046888376069e-01	   1.2523612491070585e-01	  -9.9964870133952666e-02	   4.1630095892635437e-02	   2.4203450333547238e-01	  -4.9825246795145647e-02	   5.8936470312655399e-02	   2.7127914898529293e-01	   2.2994626293088571e-01	   3.8343958232993108e-01	   4.0818474647252467e-02	   2.5509551937335906e-01	   3.0730885148929077e-02	   2.0031211610702890e-01	   2.0753154597477352e-01	   2.3722129785951010e-01	   2.5575439985508391e-01	   7.9615170607763602e-02	  -1.7515507625390686e-01	  -2.6481098837733780e-01	   3.2794387611100470e-02	   9.0813357800704389e-02	   2.7691782423819790e-02	   1.4403864145173079e-01	   4.5886694593066733e-02	
   3.7025284775961220e-01	   3.3321395439360524e-02	   3.1587906034043561e-01	   1.7454311764702082e-01	   3.8056873067297692e-01	   4.0415902304400747e-01	   5.1502317442495427e-01	   3.4903419344298325e-01	   5.6021593940857595e-01	   3.7516436139976911e-01	   5.2573339562833032e-01	   5.0700668264884086e-01	   0.0000000000000000e+00	   6.9145927622617165e-01	   5.5848630783746700e-01	   5.4745872603952350e-01	  -1.6139144981270429e-01	  -8.1539780451581514e-02	   2.9330446752633943e-01	   2.0825960709039662e-01	   3.6020881801223215e-01	   3.3049089227543171e-01	   2.7736189737010203e-01	   2.5846552795053646e-01	   1.5553735729214596e-01	   1.8347240167710688e-01	   1.4998463667017969e-01	   1.7186176930932601e-01	   2.9824323743192932e-01	   2.4649392039780493e-01	   2.3913239516879431e-01	   2.0331625621969127e-01	   2.7114094967379099e-01	   2.2400043152706917e-01	   1.0307238819057130e-01	   1.1521555097695042e-01	   3.6096570162405262e-01	   2.0564506426784529e-01	   2.7092002335247711e-01	   1.7873129647037067e-01	   4.4701339139736623e-01	   3.2694153124078862e-01	   7.2945820392382635e-02	   1.3005666373206376e-01	   7.2558828838521314e-02	   1.1080403794055341e-01	   1.9457800748741905e-01	   2.0253583512822348e-01	   1.0570291167397777e-01	   1.8369436352574475e-01	   5.1134439994696956e-01	   5.0692169251455033e-01	   4.7173655291508931e-01	   4.2339911939978780e-01	   3.8253884633671092e-01	   3.1784588475593867e-01	  -1.1167700695800514e-01	  -2.4738266921273266e-01	   3.0161653299307911e-01	  -2.3919427518207609e-02	   5.4156929534315479e-01	   3.3061100179227387e-01	   3.3903534249565992e-02	   1.1934648617680854e-01	   1.9787952920173538e-01	   1.4936461894074970e-01	   3.0356372423565015e-01	   2.2005984194054035e-01	   8.0817071947928518e-02	   1.6298363460050663e-01	   2.5592966586761234e-01	   1.3954148139311159e-01	   2.5549868975723422e-01	   2.2654883483980637e-01	   2.3145107394470082e-01	   1.4344775524906322e-01	   1.0497241699708823e-01	   8.4348105949723168e-02	   3.8285996878451356e-02	   1.0976963584764350e-01	   1.1324478541909670e-01	   2.5292349474057380e-01	   2.7477859150278894e-01	   2.9557533028144711e-01	   2.6417751905424780e-01	   2.7721147943278462e-01	  -9.1670114816898851e-02	  -8.8651216813228628e-02	   3.8094550181577869e-01	   3.2814959475761113e-01	   2.3930020118660261e-01	   2.7592382141461141e-01	   1.1008684119222259e-01	   2.0061032835093980e-02	   1.4164026342581029e-02	   1.8171282651004005e-02	   1.5580754329926000e-01	   1.4433457064235980e-01	  -9.0681529389982141e-02	   1.7469486888616315e-01	   8.2045019416977449e-02	   1.0343245108475929e-01	  -9.4650564108384891e-02	  -8.3398974603836745e-02	   7.4205578512858167e-02	   1.0920426220442681e-01	   1.0859527350878798e-01	   1.3414102255569182e-01	  -1.9350533739938055e-02	  -1.8242536447407814e-01	  -5.6380380046435231e-02	  -2.0141441529469781e-01	  -9.1878943867218871e-02	  -1.6311431155877754e-01	   3.5508263776485222e-02	  -8.5866984531189461e-02	
