   0.0000000000000000e+00	   6.7170648346825013e-01	   5.7969194250010470e-01	   4.4223341069652966e-01	   5.2123309610160140e-01	   3.4283645423403925e-01	   5.5551505942868906e-01	   4.2345603084081401e-01	   5.9382320117426723e-01	   3.9070534207172136e-01	   6.8941227381693038e-01	   5.5468908604720069e-01	   6.4920004910104823e-01	   4.7528009998058640e-01	   5.3637977853392083e-01	   4.5707863941687321e-01	   3.6736499355827934e-01	   3.3610128209102808e-01	   6.3051436501313352e-01	   4.7569460492328719e-01	   3.0833704758885128e-01	   8.1393439468997658e-02	   2.0025883368784114e-01	  -3.0865473677511607e-02	   3.7137301368357711e-01	   2.2592441123096607e-01	   6.2454398524315913e-01	   2.0997192549013319e-01	   3.5446350217149503e-01	   2.3814118528964934e-01	   3.2212723672633603e-01	   2.6128198903381422e-01	   4.7035383588770585e-01	   4.6633249019831846e-01	   3.8371021252248527e-01	   3.2417204170922970e-01	   5.2002060941173778e-01	   3.4574373402493630e-01	   3.4124298516151275e-01	   2.8470834715746018e-01	   3.8246656690147396e-01	   2.8900470618285728e-01	  -7.4789922474850709e-02	  -8.9398749470947850e-02	   4.3204437217812225e-02	   2.3377607591829566e-02	  -1.8826898664342742e-02	  -1.8249136878490113e-02	   1.4801570319362309e-01	  -1.3427650493604532e-01	   3.0791383388445515e-01	   7.2878809238689654e-02	   3.0349512670715978e-01	   1.7843983577283051e-01	   4.1092907401319950e-01	   1.6449015997997862e-01	   5.8194447521159742e-01	   4.5406655565341647e-01	   7.4467842460110723e-01	   2.4941110567829336e-01	   6.7709919978993360e-01	   4.2998729312634504e-01	   4.2463898198397554e-01	   3.6362437122570379e-01	   4.0656097270064295e-01	   3.4889800890738931e-01	   3.9667848217288670e-01	   2.8057148532942439e-01	   3.8976411037246267e-01	   5.0599987624978571e-01	   5.1538561102096359e-01	   2.7412371597020224e-01	   4.9318288548603068e-01	   4.0745645729485580e-01	   5.1031803499914408e-01	   3.5938458592565742e-01	   5.9456911332518936e-01	   4.3270116406121201e-01	   1.1259274246015424e-01	   1.0411179771801289e-01	   3.7414954642502374e-01	   3.5004716988567347e-01	   4.6710750575013904e-01	   1.8186385368101618e-01	   5.6143303505197573e-01	   3.3292791594306143e-01	   4.5580748642066404e-01	   1.6420568266924643e-01	   6.6870263964271459e-01	   6.4985831441509911e-01	  -2.4028680105442204e-02	   2.7921055354406715e-01	   2.9703934625544770e-01	   4.4803430072139472e-01	  -3.2319143194092562e-03	   1.7013818611887963e-01	   2.1112440326202517e-01	   2.8132144601180148e-01	   7.2476462955346557e-02	   3.4954743061903415e-01	   4.0311914709781493e-01	   6.1828511445925050e-01	   4.3141389577264433e-01	   5.8967137987722296e-01	   3.1485943931708182e-01	   3.6079175641043987e-01	   4.4417982310210186e-01	   4.6081758556613817e-01	   2.8566164191714832e-01	   2.4436417059832083e-01	   2.0360263248473406e-01	   9.4238802997784435e-02	   1.9569902581261153e-01	   3.1850608947657938e-01	   3.7748555956282959e-01	   1.5864178615489324e-01	
   6.7170648346825013e-01	   0.0000000000000000e+00	   2.3928317229494828e-01	   3.5744308891411386e-01	   2.9207033411556838e-01	   2.8562671791998298e-02	   2.4706878843106347e-01	   2.7216811011740150e-01	   3.2268050993545200e-01	   2.7910469793974581e-02	   3.9577745597388370e-01	   4.9761336727864447e-01	   3.7922430393325368e-01	   4.1017274472347792e-01	   3.4014101631848392e-01	   4.6064877536594062e-01	   5.9942128350988244e-01	   5.9079759772647777e-01	   6.3312822920640577e-01	   6.9003652148174077e-01	   2.0165739453593173e-01	   1.3016550372746799e-01	   1.1078916692778717e-01	   2.1653029431936234e-02	   2.9039183240052974e-01	   7.7339304894972372e-02	   3.4499462580690526e-01	   9.8914192200234979e-03	   4.4132760035895674e-01	   4.8628241930018223e-01	   2.3607777249464845e-01	   2.2877636603968823e-01	   4.9771808473894597e-01	   5.2513817206178048e-01	   2.4118949258160219e-01	   2.7825488894086842e-01	   6.3892492708822257e-01	   6.2587736548697637e-01	   4.5607624003558955e-01	   5.4117358875923727e-01	   6.2268009415027825e-01	   6.3456304340902103e-01	   8.9242081943403856e-02	   1.2159920677216035e-01	   2.4871508041513690e-01	   1.2788365857357775e-01	   1.9289352824199640e-01	   1.7052144016525012e-01	   2.6393476201146193e-01	   4.7297388421536239e-02	   3.9213885264043902e-01	   1.8437417638538306e-01	   3.5506215689360421e-01	   1.8731713512756548e-01	   5.4418645520457509e-01	   3.5282375233117408e-01	   7.6714342589737128e-01	   6.4158375850073623e-01	   5.0014725023809214e-01	   1.5977646147432278e-01	   2.5506881704131096e-01	   1.4592838756566817e-01	   4.1532782634378851e-01	   5.0292335979295077e-01	   1.1651170854289082e-01	   1.0969673296499260e-01	   3.8084548618638048e-01	   3.2847028611742479e-01	   4.7984673153627488e-01	   5.5262896492038771e-01	   3.3605736608279452e-01	   2.7585304080889000e-01	   6.2923658141892891e-01	   6.7038503106372949e-01	   6.1920825725250128e-01	   5.7306725048608298e-01	   6.7139833600156462e-01	   6.2049183131750563e-01	   4.2443556795350346e-01	   3.5400183521473233e-01	   5.8812663238972163e-01	   5.9235781140129118e-01	   4.5853563280603465e-01	   5.1885491073150869e-01	   4.4549924997276258e-01	   5.4084422735033333e-01	   3.2477239982880246e-01	   3.7615210315841974e-01	   3.1772155244704203e-01	   3.9678587174465013e-01	  -4.0039790618389005e-02	   3.4662894087123357e-02	   1.3059787217627591e-01	   1.7108516294982387e-01	   4.3935518995683577e-02	   1.8870463659035641e-01	   4.8072919332293268e-01	   5.0369675374804312e-01	   2.8534572857080504e-01	   2.9193117051094325e-01	   2.8041088797892622e-01	   3.0743115338470550e-01	   4.7367015152427216e-01	   4.6783798420288852e-01	   3.2253786418125752e-01	   2.4047497609122254e-01	   4.9132299682373376e-01	   4.0376978637356775e-01	   3.5783750923833507e-01	   3.9249519922903880e-01	   3.8402867665998158e-01	   2.0536139130394010e-01	   2.1286224117225452e-01	   4.2056746722384458e-01	   4.7401702454118799e-01	   3.2090082762909700e-01	
   5.7969194250010470e-01	   2.3928317229494828e-01	   0.0000000000000000e+00	   2.2956678358175170e-01	   6.3318598319795105e-01	   2.4179916499701820e-01	   7.2443695884797665e-01	   1.4016022334225067e-01	   7.4112183356986638e-01	   3.3106564285561579e-01	   5.2956248844711529e-01	   1.5955317579755351e-01	   5.5151567053812867e-01	   1.1503452960279370e-01	   6.4212155656745773e-01	   3.5737537773020733e-01	  -8.5867946559999055e-03	   1.0777155671973496e-01	   5.0876705300719471e-01	   2.7396126534714504e-01	   3.2029219747738658e-01	   7.5235337685263082e-02	   5.6137791545175542e-01	   3.0878031109378179e-01	   6.6069152789972208e-01	   6.0334835398515985e-01	   8.1037038748480961e-01	   5.3979418824093739e-01	   9.6805757363687434e-02	  -5.0871072491911244e-02	   5.8719767091020136e-01	   4.4499925079432445e-01	   3.8844915896641841e-01	   2.5930585616786900e-01	   7.5832408448718258e-01	   5.9466714239193597e-01	   4.5522659551516964e-01	   3.1641810843173529e-01	   2.5098633867366199e-01	   1.6182088052256402e-01	   3.0424872001668107e-01	   2.8107373619188369e-01	   1.2688664827163751e-01	   1.2415304294036419e-01	   1.3041792845800781e-01	   1.3853723512439631e-01	   1.4447705967580166e-01	   1.8321227765818843e-01	   1.6194705647587312e-01	   4.1528457918800485e-02	   3.5509395064697252e-01	   9.7030390807560901e-02	   1.4657136004032228e-01	   2.9575725552106258e-01	   2.4766399961184213e-01	   1.8313679642456016e-01	   1.9398659510612537e-01	   1.7205020477907951e-01	   4.9369899647295268e-01	  -6.9839811696784104e-02	   5.0724322766088270e-01	   1.0561131280617746e-01	   6.3032880706845804e-02	  -3.4493911182511126e-02	   6.4498468606270387e-01	   2.9250844644284135e-01	   3.5498468189584764e-01	   2.0601463272322851e-01	   1.6312269488949999e-01	   3.8528131852976588e-01	   6.3183468731676562e-01	   3.7439865287257690e-01	   2.6036996995037087e-01	   1.2470700831148518e-01	   2.9602064375769310e-01	   1.4086205012010222e-01	   5.4064648083844835e-01	   3.9026482923531741e-01	  -5.9546806476575606e-02	   9.6268632275961705e-02	   8.7948416525839290e-02	   2.2302261989912386e-01	   5.8264951702027989e-01	   2.2052537175383510e-01	   5.3474055988761038e-01	   2.3839918621705247e-01	   5.6894904264820634e-01	   1.7509942964762795e-01	   6.5055715902256916e-01	   4.0733415986265020e-01	   2.5414738022758199e-01	   5.8005382459886468e-01	   3.6548655895379156e-01	   6.6978517808114912e-01	   8.6621125678238056e-02	   2.3440295737760919e-01	   1.8592072802197185e-01	   1.3586515290611806e-01	   1.9439200072196423e-02	   3.9946171074934195e-01	   1.0027692923213133e-01	   6.6174656414333977e-01	   1.7271176881528172e-01	   4.5040784849435489e-01	   9.4602277751685490e-02	   5.4985289076695143e-01	   2.3110366680617422e-01	   3.3041836829158500e-01	   1.2218102161085451e-01	   9.9035762768755711e-02	   3.3104536928484074e-01	   1.8981559568482911e-01	   3.2661713422011884e-01	   3.6320540562545961e-01	   3.6899186836667519e-01	   1.0963102286570260e-01	
   4.4223341069652966e-01	   3.5744308891411386e-01	   2.2956678358175170e-01	   0.0000000000000000e+00	   4.6107837389728801e-01	   7.3098471849034696e-01	   5.0674210852048074e-01	   8.9040830308497887e-01	   5.1253773812775105e-01	   6.4143110233576128e-01	   4.1942801812637892e-01	   5.4466887123121766e-01	   4.3378378493877479e-01	   4.7577716272549675e-01	   3.9720809447881922e-01	   5.6364480386335636e-01	   2.6518324670029231e-01	   1.5824224846363655e-01	   4.5463462824750334e-01	   4.7078397095395336e-01	   1.1871657409340265e-01	   8.5890083697876041e-02	   1.9134361038382033e-01	   2.1266524994876379e-01	   2.2826386351411920e-01	   3.5283214070853430e-01	   3.1707019612893639e-01	  -1.7849622870432576e-02	   3.5595534440412518e-01	   2.9954851866049226e-01	   4.9100191990073067e-01	   5.8484790060297576e-01	   6.4276894061707068e-01	   7.2316399589799918e-01	   3.4133865836151767e-01	   3.9833028329081144e-01	   2.8683390921630358e-01	   2.5967825296298780e-01	   1.3109060501522121e-01	   1.9910293932303116e-01	  -3.9254158997012512e-02	   1.3696285472923458e-01	   7.0737748602769462e-02	   8.4347646539917567e-02	   1.7952565607641614e-02	   8.7558302429668750e-02	   9.0079569167383175e-02	   1.4908827675883354e-01	  -4.4470521342613908e-02	  -1.0405827202394718e-01	   1.4832337788767264e-01	   1.6610085171392538e-01	   1.8046967333246758e-01	   3.8173603460423833e-01	   2.2172140296109616e-01	   2.0446977656379844e-01	   1.8290041743942614e-01	   2.3119833109937762e-01	   3.3448430342802288e-01	   4.8084351391390817e-01	   5.0284538844825610e-01	   6.5866031653293788e-01	   4.1811733088549990e-01	   5.8750593925190575e-01	   4.0105331920307885e-01	   5.2323525544535887e-01	   2.5832255997584697e-01	   4.8176594849762622e-01	   2.9332990537523002e-01	   5.1628116062933127e-01	   4.5740864022663946e-01	   3.2132002125266279e-01	   2.6690314503536833e-01	   2.1504987447297091e-01	   3.0944155673191442e-01	   2.6048946781085819e-01	   3.5105666815253550e-01	   4.5464275190086861e-01	   1.0468540669612658e-01	   1.0806875284419915e-01	   2.5440298120916582e-01	   2.4459320552667582e-01	   3.3883306370396316e-01	   1.7683012533047673e-01	   3.8106081530026187e-01	   2.7608209784172866e-01	   3.0263782549000262e-01	   5.5190234254611004e-02	   5.0981315937665150e-01	   6.9633879170819346e-01	   3.6118174750835641e-01	   1.7290370613176836e-01	   5.6657516897241345e-01	   2.7893560003104023e-01	  -1.3359707781837735e-01	  -1.2056458856720553e-02	   9.1138802018143270e-02	   1.0976225847273363e-01	   2.7416806731422549e-01	   2.7033557048050338e-01	   5.0912610408828551e-01	   4.4029669456558596e-01	   4.8630678012707196e-01	   4.0165730150029610e-01	   4.3244864815724066e-01	   2.2736747626114046e-01	   4.2567872166688497e-01	   2.0330526608886335e-01	   1.7744411109606426e-01	   5.0247567729572711e-03	   1.4368277567300267e-01	   1.6759142979750408e-01	   1.9221926753370663e-01	   1.7599919284080873e-01	   2.2738447493341596e-01	   3.6767382698889928e-01	
   5.2123309610160140e-01	   2.9207033411556838e-01	   6.3318598319795105e-01	   4.6107837389728801e-01	   0.0000000000000000e+00	   5.8638769691609793e-01	   7.7968440306207154e-01	   5.0143514093913688e-01	   8.7749562241208978e-01	   5.1563676392449775e-01	   5.2978305884626109e-01	   3.2650388709478417e-01	   6.0554982674248126e-01	   2.8794955575314052e-01	   6.6440794466210285e-01	   4.9969368702523154e-01	   2.7828347657684871e-01	   3.1468270518194552e-01	   6.4747537316984238e-01	   5.3023777572118769e-01	   4.1669247837671253e-01	   2.2891799999183243e-01	   4.3783518404916899e-01	   2.0872612742114952e-01	   4.3377459715310290e-01	   3.4380455063854248e-01	   5.2551518818279885e-01	   9.5979932648286886e-02	   5.5227508383881074e-01	   3.9931187268753765e-01	   6.5319746803809409e-01	   5.3691902905222888e-01	   6.4761657613591217e-01	   5.6140768171086985e-01	   4.8991771350232255e-01	   4.2108544290807776e-01	   4.5128810655036178e-01	   3.2590589295283368e-01	   2.4197287516454805e-01	   2.0915406929827784e-01	   2.4508576886189037e-01	   3.4835610323488186e-01	   1.9780641152157111e-01	   2.3611678712390416e-01	   2.7686791259808641e-01	   3.1974924546056482e-01	   2.5152304925822971e-01	   2.7955438119018888e-01	   2.9648307743374347e-01	   2.6604982021951623e-01	   3.8575811181267694e-01	   4.3424832260026247e-01	   3.7680266881856939e-01	   5.9667187556338730e-01	   4.4074311535641908e-01	   4.2152256936479532e-01	   2.0442223288558869e-01	   3.6051422351122420e-01	   6.0197012695292995e-01	   3.4678360518244716e-01	   5.4410366801879273e-01	   3.2915358711868892e-01	   3.2160821101461690e-01	   3.5826072573877987e-01	   4.6418044570295725e-01	   2.2311625711432326e-01	   4.3902048138717037e-01	   3.4588440308327767e-01	   2.3415663449724020e-01	   5.5900072149542701e-01	   6.2138897922561331e-01	   4.5868688953928771e-01	   5.2506928160519206e-01	   4.4189644183463345e-01	   4.8917936715074545e-01	   4.2369724893612570e-01	   4.8599043716887580e-01	   4.2034589330439143e-01	   1.7019722380998645e-01	   2.6087131172289479e-01	   3.6262898036865565e-01	   3.4008326395348709e-01	   5.9552267088487987e-01	   2.9572966021592967e-01	   5.1942879624927296e-01	   2.2552573583080440e-01	   4.7413103814418683e-01	   8.9300825137402978e-02	   5.3239878987175437e-01	   5.3462977634923181e-01	   3.2796207728030763e-01	   4.7640474032312863e-01	   3.9353216061257945e-01	   5.6698296925059199e-01	   2.5819313443152563e-02	   1.3281866811349241e-01	   1.6934261249774146e-01	   1.9532878260622408e-01	   3.4558014332397541e-01	   5.7939148376895255e-01	   3.2750397472549098e-01	   6.5539833586197793e-01	   4.0497747931109690e-01	   4.8230759874955476e-01	   1.6561809783250778e-01	   2.3110950911397543e-01	   3.6339423769308199e-01	   3.5985706536084694e-01	   3.4882474634553307e-01	   2.1687708853074913e-01	   1.9459677675934683e-01	   3.0230833071706292e-01	   4.8247712616100913e-01	   3.5284313650100102e-01	   3.4991748377920828e-01	   2.7579930751248044e-01	
   3.4283645423403925e-01	   2.8562671791998298e-02	   2.4179916499701820e-01	   7.3098471849034696e-01	   5.8638769691609793e-01	   0.0000000000000000e+00	   4.8892846470341500e-01	   7.8567492080328483e-01	   6.0891552883647770e-01	   8.6339327578102132e-01	   3.4734723951787094e-01	   3.8756073020644244e-01	   4.0386434682782713e-01	   3.9270557185954508e-01	   3.4360863574693307e-01	   3.8585341336767709e-01	   1.2237279765285985e-01	  -2.3226327431313226e-02	   3.2584916341314085e-01	   2.9289949263269488e-01	   1.3408123971677038e-01	   1.4457101671890205e-01	   1.3593619072190169e-01	   4.1035815995980440e-02	   1.7784701312987566e-01	   3.0813182266699246e-01	   2.6929331813450297e-01	   5.5025737904251429e-02	   2.2439720152749965e-01	   1.3491243418375137e-01	   3.7449062941933281e-01	   4.0312484528683346e-01	   4.7455882797068893e-01	   5.0445225961809281e-01	   2.3451083812891144e-01	   2.6396205607869427e-01	   1.6942312046402594e-01	   1.0408803477080580e-01	   4.2426217052426496e-02	   1.1111276532622452e-01	  -1.1318652624326793e-01	   2.6676048275879757e-02	   3.0921398328077371e-03	   2.2810721204320407e-02	  -8.2894358057467601e-02	   9.3256945072449624e-02	   4.2671104297447955e-03	   7.6606689482146481e-02	  -1.2240302496121448e-02	  -3.4219904657385523e-02	   1.1367141983706099e-01	   2.2213493104929222e-01	   2.8967076341928188e-01	   4.4258261243047115e-01	   1.8517510919018146e-01	   1.9173006650341115e-01	  -1.3668680029463271e-02	   1.9072405242261092e-01	   3.5641047794843511e-01	   6.6257956762729431e-01	   5.0828262403645907e-01	   7.0551860222786456e-01	   2.3916075465505832e-01	   3.3507328967922095e-01	   3.1590423541467061e-01	   4.3769452338438752e-01	   1.1781071795650605e-01	   2.9653590738163504e-01	   2.6254676772870722e-01	   4.8904396064970934e-01	   4.2870246020873659e-01	   3.5616906016812017e-01	   1.9450191274940409e-01	   1.3581409835757985e-01	   1.8038324309221268e-01	   2.3609895112278595e-01	   1.6381346198634733e-01	   2.3407987970325475e-01	  -4.0927164683026589e-02	  -6.6952612578571741e-02	   6.8020398302198706e-02	  -6.8811819900065241e-02	   2.0419639006502671e-01	  -6.3720264931109605e-02	   2.7174493692650126e-01	  -9.1497508867203325e-03	   2.8329183509758143e-01	  -1.4193437687311006e-01	   5.1091529182889639e-01	   7.2385457638681405e-01	   5.2103194239808193e-01	   3.8579517782135742e-01	   6.5838219050893754e-01	   4.6561512928076698e-01	   2.0546628188039581e-02	   1.0619717379766612e-01	  -3.8101043078070870e-02	   1.0509670297590025e-01	   2.9572431055328541e-01	   3.9613818667148826e-01	   6.3139634154677959e-01	   5.4896487416656192e-01	   4.7406227274667057e-01	   4.4350289370622858e-01	   3.7831976206355178e-01	   1.3221879891721014e-01	   3.6519160145954005e-01	   2.5804623252665743e-01	   2.0945279635245037e-01	   9.6038248439185556e-02	   4.5742686323293480e-02	   2.6102172100816112e-01	   3.5350242258062697e-01	   1.3278060075014217e-01	   1.3692466098578451e-01	   3.2691278812765834e-01	
   5.5551505942868906e-01	   2.4706878843106347e-01	   7.2443695884797665e-01	   5.0674210852048074e-01	   7.7968440306207154e-01	   4.8892846470341500e-01	   0.0000000000000000e+00	   5.5406488068358162e-01	   8.3369220792547372e-01	   4.8077033890890969e-01	   6.2105137217690576e-01	   3.3967930650793471e-01	   6.7376694396391579e-01	   2.5161442411763973e-01	   7.0617895873691583e-01	   5.3715253456304479e-01	   1.4800874315873974e-01	   1.8355602787790845e-01	   6.4102636328582263e-01	   4.6628572620985104e-01	   3.1762263792327433e-01	   7.9754401410427805e-02	   5.0813860414811440e-01	   2.9605272074988598e-01	   3.8977180437230130e-01	   3.8129620200649306e-01	   5.3529180503105711e-01	   1.5633629349975908e-01	   4.3278482455297251e-01	   1.7580814982489951e-01	   6.5107715938130739e-01	   5.4796564348710752e-01	   5.9558235743957577e-01	   4.6708569239696041e-01	   5.6241535544153398e-01	   4.8013786208293940e-01	   4.0809770426959074e-01	   2.9093110108455272e-01	   1.8372223047942252e-01	   1.0021625703110765e-01	   1.5394198447184881e-01	   2.0564146208776907e-01	   2.6860358035158710e-01	   2.4647749571938518e-01	   2.7127988772353823e-01	   2.4137023482456951e-01	   2.9162834522192382e-01	   3.0048346836025636e-01	   2.3415763597271816e-01	   1.0312142893035989e-01	   3.4160823147047276e-01	   3.0032530935281632e-01	   1.8727783614223445e-01	   4.8602513736430758e-01	   3.0956610456786854e-01	   3.8286891309246324e-01	   1.0351734544867275e-01	   2.0101344967987739e-01	   5.5210944740875578e-01	   1.8540403441458106e-01	   6.7250852773925818e-01	   3.4465257001416810e-01	   3.3555179429291937e-01	   3.6131615024273228e-01	   6.9803064998263853e-01	   3.6052361099780506e-01	   5.3578959252715042e-01	   4.4963595967760367e-01	   4.9396755429690659e-02	   5.3100293911281216e-01	   7.1064531375888129e-01	   4.1678850198642170e-01	   3.7709565682822771e-01	   2.2724004576532855e-01	   4.7198812765851939e-01	   2.8024748944132261e-01	   4.5031073611717787e-01	   3.7193782371010198e-01	   3.0774150559339054e-02	   1.8816814840485294e-01	   2.5165617899475823e-01	   3.3661077682343865e-01	   5.3864081118431162e-01	   1.9618773734929545e-01	   6.2400536260756889e-01	   3.0100187674440887e-01	   4.8120723942604737e-01	   1.2597836808435733e-01	   6.6838541409574737e-01	   5.3741903702831284e-01	   2.3830501766816792e-01	   4.3980138159495769e-01	   2.9685248980345064e-01	   5.0059314983711423e-01	  -9.8181075551677710e-02	   1.6885072758842202e-02	   9.5077277882180594e-02	   2.2864493241228519e-02	   1.9510749463498805e-01	   5.0052076508202470e-01	   2.1505729017738262e-01	   6.1622616409681719e-01	   2.2565282944815634e-01	   4.0634765639063686e-01	   1.2097052267542459e-02	   1.6534960869650445e-01	   2.3700922760650972e-01	   2.9497367333447622e-01	   2.6017279938968446e-01	   5.7675103802932087e-02	   1.8750687080766681e-01	   4.8153464920254324e-02	   2.2260570727275075e-01	   1.7054964596238908e-01	   1.4511407790075095e-01	   9.2916273978646380e-02	
   4.2345603084081401e-01	   2.7216811011740150e-01	   1.4016022334225067e-01	   8.9040830308497887e-01	   5.0143514093913688e-01	   7.8567492080328483e-01	   5.5406488068358162e-01	   0.0000000000000000e+00	   5.6034575352506233e-01	   7.6956082273894044e-01	   5.4703387016615657e-01	   6.4918930977362543e-01	   5.3444522250687898e-01	   5.4246943053993324e-01	   4.7032724825866090e-01	   6.4003841303289699e-01	   2.6894953761076706e-01	   1.2119368544544180e-01	   4.3000476640115232e-01	   4.3364767707708540e-01	   7.3102404946967486e-02	   5.6297667582912964e-02	   2.0219999121117299e-01	   2.1292657193978326e-01	   1.3139792377321075e-01	   2.7031349201107324e-01	   1.9690226481515410e-01	  -1.4338947610908281e-01	   4.4781865940117371e-01	   3.4714448650853941e-01	   4.8039809955375401e-01	   5.7017200374830723e-01	   6.1721279938186591e-01	   7.1162402735823294e-01	   2.7483748822949383e-01	   3.5889102787029797e-01	   2.7786925784651811e-01	   2.3606079200591540e-01	   1.3374328577880321e-01	   2.0638131459026862e-01	  -9.4900834012838664e-02	   1.3004126886508485e-01	   1.5044392246657778e-01	   1.6256631078673797e-01	   1.0937396995980705e-01	   1.8715869960541515e-01	   1.6158302765682445e-01	   2.1677196263225079e-01	   5.6747447116900746e-02	  -3.2420360023890052e-02	   1.6168587692296002e-01	   2.2956486079615374e-01	   1.7781109977627754e-01	   3.8440766213941063e-01	   2.2774120898464870e-01	   2.6411650806887177e-01	   6.2306419987388256e-02	   1.4782400564403342e-01	   3.9934526714787111e-01	   5.6300567059471174e-01	   6.1908774024256064e-01	   8.1775946883507511e-01	   4.1837442109209166e-01	   6.3836949574158142e-01	   4.7149595697388713e-01	   6.3937833598348104e-01	   3.0107617643291740e-01	   5.3776412844868426e-01	   9.7889152763289050e-02	   4.8797319321057220e-01	   3.9320090706581456e-01	   2.9818633179438159e-01	   2.6944742435952518e-01	   2.4241065297193587e-01	   3.3919506187828496e-01	   3.1057946646288015e-01	   3.0366585486499409e-01	   3.7814729494256633e-01	   1.7591862495026361e-01	   1.6450966389321262e-01	   3.1701648423466283e-01	   2.6367598215407378e-01	   3.0342899454341121e-01	   1.8977761872694751e-01	   4.6158717130369648e-01	   3.1133354708874361e-01	   2.5681405453137252e-01	   4.3152926159460064e-02	   4.9487501938575029e-01	   7.0504385611451048e-01	   3.6868699463282428e-01	   1.5320670473580325e-01	   5.2522773586760696e-01	   2.2207237884393594e-01	  -1.3185470231072666e-01	  -3.5420690124098970e-03	   7.7552291155904091e-02	   8.8338866255289639e-02	   3.1355794056708203e-01	   3.4410242188853557e-01	   5.2339786437901714e-01	   4.0311894695054290e-01	   4.0640611726717379e-01	   3.3470927596218170e-01	   3.8128013213505407e-01	   7.4037303864255236e-02	   3.8803208962380070e-01	   2.3116735811198702e-01	   3.4733329478109737e-01	   8.1669040276662441e-02	   1.5737338979191051e-01	   1.9602292922741149e-01	   2.2512102229700848e-01	   1.3821695555390584e-01	   1.8037242248027852e-01	   3.8098864427810103e-01	
   5.9382320117426723e-01	   3.2268050993545200e-01	   7.4112183356986638e-01	   5.1253773812775105e-01	   8.7749562241208978e-01	   6.0891552883647770e-01	   8.3369220792547372e-01	   5.6034575352506233e-01	   0.0000000000000000e+00	   6.4975998683485592e-01	   6.8858574293336172e-01	   4.7252506771874592e-01	   7.6737352549660609e-01	   4.2345185939403429e-01	   7.6388379325776046e-01	   5.9812906460715021e-01	   2.6292822174586783e-01	   2.5481974342618152e-01	   6.6070860364405959e-01	   5.1001805735158667e-01	   3.2836533752722696e-01	   1.1640875535544155e-01	   4.2577442356424861e-01	   1.8720287809331315e-01	   4.4219307649396755e-01	   3.9771325980624450e-01	   5.7750598998521396e-01	   1.8424408087558181e-01	   4.7404442933293178e-01	   3.0378794765902767e-01	   5.8680548197567639e-01	   4.7633738734853770e-01	   5.7225498563552701e-01	   5.1493890947330834e-01	   5.2798277076181799e-01	   4.7773952532899117e-01	   5.2991732850170270e-01	   3.2661290869530629e-01	   2.3384045209506296e-01	   1.9395345550973969e-01	   2.4303344405383315e-01	   3.7758703280363726e-01	   1.2939673205297866e-01	   1.4127179549897356e-01	   1.2015338646361090e-01	   1.4547181463488587e-01	   1.6184819914068160e-01	   1.9927590226795214e-01	   1.2515413104433132e-01	   2.3833948410736307e-02	   2.6149269573198952e-01	   2.0631378289309943e-01	   2.6116450367322930e-01	   4.9336970462892910e-01	   3.3875270488702403e-01	   2.9148062031672567e-01	   1.5451480810755580e-01	   3.4242113122293294e-01	   6.5527500972541763e-01	   2.9243746369932205e-01	   6.9886998636276121e-01	   4.7638367621111438e-01	   3.5767728907934693e-01	   3.9321761691618279e-01	   5.9581264412310198e-01	   3.7089339852998643e-01	   4.1170956670945380e-01	   3.0831427577451426e-01	   2.3706467719286700e-01	   6.1067374877243352e-01	   6.2564191985911621e-01	   3.7485707517115807e-01	   4.6085023985217832e-01	   3.4659904864381019e-01	   4.8085132992526902e-01	   3.5279910791770885e-01	   5.1439977992573327e-01	   4.2685218212990200e-01	   1.7332283430994500e-01	   2.1930365567970830e-01	   3.2259177616442686e-01	   3.0494180967820222e-01	   6.0220369030901233e-01	   2.4466652238072908e-01	   5.7956570973682753e-01	   2.3978295759380938e-01	   4.9035229838696515e-01	   9.9061911502038941e-02	   6.8114539735247526e-01	   6.3547563372748472e-01	   3.2071797360277104e-01	   5.5441601673372887e-01	   4.7222471546712497e-01	   6.7417063059883242e-01	   1.1918047575088117e-02	   1.2351936707497224e-01	   1.5439959211806548e-01	   1.0507252941977832e-01	   2.1740018970839908e-01	   5.4433211438921147e-01	   3.4180622437378377e-01	   7.5595108130124511e-01	   3.8286511648540322e-01	   5.4421051640019147e-01	   1.8372481851103112e-01	   2.9228285966193729e-01	   3.8826319039620200e-01	   4.0901897754158922e-01	   3.3478107346768210e-01	   2.5349132726439116e-01	   2.6522202694243313e-01	   2.4321639742634221e-01	   4.5813396566535436e-01	   3.5645335105538806e-01	   3.6380067933107713e-01	   2.5776421518025078e-01	
   3.9070534207172136e-01	   2.7910469793974581e-02	   3.3106564285561579e-01	   6.4143110233576128e-01	   5.1563676392449775e-01	   8.6339327578102132e-01	   4.8077033890890969e-01	   7.6956082273894044e-01	   6.4975998683485592e-01	   0.0000000000000000e+00	   5.4682543757112989e-01	   5.5530702955443412e-01	   5.7508650360302682e-01	   5.6093417306325710e-01	   4.3848022637153905e-01	   5.1331456981977208e-01	   9.2176370189699680e-02	  -4.1496811966742840e-02	   2.7026681595143165e-01	   1.8310338686100835e-01	   5.3546462835872576e-02	   1.1916994624077412e-01	   1.3188886689035492e-01	   6.5320491815453297e-02	   1.8130880368270857e-01	   3.7594142632182187e-01	   3.7406018700358357e-01	   1.7569614786393892e-01	   1.3795870329622473e-01	   1.6709231420272981e-02	   2.8685056712430240e-01	   3.2047309781458172e-01	   3.0650248282058762e-01	   3.9661248569805957e-01	   2.7669513535606138e-01	   3.1873250659917557e-01	   2.7697221117107435e-01	   1.8601378711339706e-01	   1.2106513407630959e-01	   1.5453610114141336e-01	  -3.3094989450632120e-02	   1.2962832581836628e-01	  -1.5830713466420926e-02	  -2.1524870878924730e-02	  -1.7497945513732915e-01	  -1.8400940861496906e-02	  -7.1908994322010644e-02	   1.9745462003323944e-02	  -1.0658539284346238e-01	  -1.9381777760588675e-01	   4.1650216825818862e-02	  -5.2901173262088026e-03	   1.3410334785536820e-01	   2.4464984601436246e-01	   9.6440918930804920e-02	   4.4957903539947830e-02	  -5.6635861307450144e-02	   1.3943320232592119e-01	   4.0295877628967980e-01	   5.8547268125561025e-01	   6.0520804599277822e-01	   7.9276395100715746e-01	   2.2514050619596776e-01	   2.7235593778241696e-01	   4.4568041867849545e-01	   6.4166009490890508e-01	   8.1926882699356995e-02	   2.5236785716871257e-01	   1.1661799980423390e-01	   3.9793396707066725e-01	   3.7571032585124170e-01	   3.7529829522283847e-01	   1.6361125504806226e-01	   1.1049641395933646e-01	   1.9555566093339391e-01	   2.0488366542692094e-01	   2.3930144167032141e-01	   2.7691458346253839e-01	  -2.4180853468022179e-02	  -7.3505204919078054e-02	   5.2042156135310054e-02	  -5.8854447870469659e-02	   2.3839946522608446e-01	  -3.9539362546534632e-02	   3.6684153039216816e-01	   7.0958054974245982e-02	   3.1252013546412788e-01	  -6.2012582165801772e-02	   6.2199628349432690e-01	   7.1615648285277278e-01	   4.2502128218141078e-01	   3.9102107916596551e-01	   7.1179898359268978e-01	   4.9504189216136218e-01	  -4.3842952741486314e-02	   1.3765501734270807e-01	  -1.3744939675026935e-01	   1.1497292441877617e-02	   7.2998634103474444e-02	   3.1807136439675499e-01	   5.7177309796686138e-01	   5.6946839916574743e-01	   3.2469624449451184e-01	   3.5724274627951158e-01	   3.4330518777444441e-01	   2.4331038735209276e-01	   2.6163825626758275e-01	   2.8093661003404830e-01	   2.0509423146372696e-01	   7.2145411758270522e-02	   9.5900484869732017e-02	   1.9280227849005580e-01	   2.9163291482537090e-01	   1.2616431232019379e-01	   1.7799099619892472e-01	   3.2236419993604537e-01	
   6.8941227381693038e-01	   3.9577745597388370e-01	   5.2956248844711529e-01	   4.1942801812637892e-01	   5.2978305884626109e-01	   3.4734723951787094e-01	   6.2105137217690576e-01	   5.4703387016615657e-01	   6.8858574293336172e-01	   5.4682543757112989e-01	   0.0000000000000000e+00	   7.0929993742457564e-01	   9.5042987276499635e-01	   6.7319534465625175e-01	   7.7950076469592244e-01	   7.3389819971812820e-01	   1.9590682529702647e-01	   7.9837538854741819e-02	   5.2734145182148828e-01	   3.9393215109447821e-01	   2.4472550751300612e-01	   6.8538609028982039e-02	   2.9131877361829456e-01	   1.0918685908038217e-01	   2.5380650211879241e-01	   2.8681048434912498e-01	   4.8796119035416324e-01	   1.8372798461911921e-01	   4.5676344451571366e-01	   1.6344219334503976e-01	   3.6383605898376481e-01	   2.8788024882142715e-01	   4.2115260900581808e-01	   4.2989254348192329e-01	   4.1994878809728792e-01	   4.4891777928534926e-01	   6.2671387846680382e-01	   4.7329027988736377e-01	   4.2705230519132914e-01	   3.2782831197829937e-01	   3.4170574228771494e-01	   4.1435997773520328e-01	   1.0465005797192042e-01	   8.6347400587755599e-02	   1.0995278809902254e-01	   8.0949928200106130e-02	   1.0606165103239071e-01	   1.6031641410678887e-01	   8.6505232490313499e-02	  -1.4697638056566437e-01	   1.9190492916771429e-01	   6.8273085527793070e-02	   3.8306045062446045e-02	   1.2818763885291573e-01	   3.1777978909799331e-01	   1.8111732148753512e-01	   1.0844475623229971e-01	   2.6461791375938160e-01	   7.6875228087115532e-01	   2.9480035752959716e-01	   8.8324866358062626e-01	   5.9795994611461945e-01	   4.8506875533959948e-01	   4.3963388248989954e-01	   6.1703933822631640e-01	   5.8097037850363575e-01	   4.9393598930300475e-01	   4.4436421052766711e-01	  -9.3009919004923322e-02	   4.8212886225180157e-01	   4.1860783082982767e-01	   1.8756606884335952e-01	   4.0442533826665378e-01	   2.5120776851764381e-01	   5.0913605401351159e-01	   2.8237393519121923e-01	   5.7399317542327366e-01	   4.4756905126006424e-01	   1.3023569949367869e-01	   1.0816839280433742e-01	   3.7960465958961626e-01	   3.7099486701909989e-01	   5.2196671812159301e-01	   2.5982859830898863e-01	   7.0395975988723125e-01	   4.7545933585410755e-01	   4.7281416571675139e-01	   3.3634634381282202e-01	   7.4988554462157198e-01	   6.2208892405251370e-01	   3.0645838004635322e-02	   2.6806212931100970e-01	   3.3682314518213702e-01	   3.8817444693021030e-01	  -3.4706182688598444e-02	   1.1260178188709344e-01	   2.1670290070583720e-01	   1.4333296450225591e-01	  -2.0046475763513989e-02	   3.9669743596842050e-01	   3.1747269153709962e-01	   5.8099271494731208e-01	   2.2442069360132455e-01	   4.0920450255063440e-01	   2.3647650142067156e-01	   2.7173915442513463e-01	   3.8792388877169481e-01	   4.4279566805759141e-01	   4.4146582215088437e-01	   2.4399175790483990e-01	   4.2322319613327491e-01	   6.3314263528875606e-02	   1.9943998480136294e-01	   2.1882558540151281e-01	   2.8745812548600602e-01	   1.6162930931756964e-01	
   5.5468908604720069e-01	   4.9761336727864447e-01	   1.5955317579755351e-01	   5.4466887123121766e-01	   3.2650388709478417e-01	   3.8756073020644244e-01	   3.3967930650793471e-01	   6.4918930977362543e-01	   4.7252506771874592e-01	   5.5530702955443412e-01	   7.0929993742457564e-01	   0.0000000000000000e+00	   6.9350173191713993e-01	   8.8895172385697918e-01	   4.3214458541761364e-01	   8.1024523067025345e-01	   3.2164189391464987e-01	   1.6770331127360574e-01	   4.7486827186640818e-01	   5.2140994496160931e-01	   1.5489748575048937e-01	   1.2688490597739635e-01	   5.4936335982722094e-02	   1.0119160374521886e-01	   4.1932326449372920e-02	   1.1074317424143035e-01	   2.5328743113033436e-01	   4.2257970022293020e-02	   4.0515364757631156e-01	   3.1455462517184474e-01	   2.1173714997752530e-01	   2.4554690280576041e-01	   4.1503345045038581e-01	   5.4285907773291731e-01	   1.1227435665508947e-01	   2.6182810114451044e-01	   4.5921412686017676e-01	   4.9075755694467638e-01	   2.7229890171936633e-01	   3.7583080004555003e-01	   2.4826442364825207e-01	   4.1816704860244958e-01	   1.2613693083507807e-01	   9.9230026030302371e-02	   8.0518880640338325e-02	   3.6966910270909030e-02	   1.6141257191551911e-01	   1.4829098247532105e-01	   1.5287259669286479e-01	  -1.3817791337602306e-01	   2.1834179113155472e-01	   6.2741397895310080e-02	   2.8600991788941421e-01	   9.7407353723687043e-02	   3.8259478604428621e-01	   2.1271798287413551e-01	   2.0003251052879800e-01	   3.8895367396374114e-01	   5.7983467928851395e-01	   4.9868924650632113e-01	   6.5756373979258043e-01	   6.8584640866316260e-01	   5.1669044386568019e-01	   6.1621887330671676e-01	   2.6276721013398197e-01	   5.2575903646390654e-01	   3.0365383677517854e-01	   3.8267610708039224e-01	   1.2470987742477316e-01	   5.3463877144495664e-01	   3.1218863706160316e-01	   2.5193472831234354e-01	   3.2429095369374489e-01	   3.2958716733731891e-01	   3.9483847575337994e-01	   3.4821763198337574e-01	   4.5334736698903050e-01	   5.4347866741871598e-01	   1.6113844474354933e-01	   9.9496719650612655e-03	   4.0294097069425627e-01	   3.7017968665941819e-01	   3.5076939604915069e-01	   2.6043926663980632e-01	   4.7786561195803212e-01	   4.9082029584631626e-01	   2.7875526719038768e-01	   3.0132855370786393e-01	   5.5573769297128894e-01	   6.5830576500186788e-01	   1.2136850735039438e-01	   7.3935024945109520e-02	   4.1306116858169334e-01	   1.6411365487785395e-01	  -3.4333358149377921e-02	   9.9777686693444168e-02	   1.8766906851341433e-01	   1.5668654088512271e-01	   1.7137555101505511e-01	   2.8961146598861515e-01	   5.4887951157546011e-01	   3.4489976077530610e-01	   3.7405622775882563e-01	   3.1338550547101768e-01	   3.4076678438861724e-01	   1.5877777184988687e-01	   4.4465635515895996e-01	   3.4746473978627451e-01	   4.6812933203080997e-01	   2.6004928408355898e-01	   3.2070319812335513e-01	   1.5697951068139501e-01	   2.1650068971348452e-01	   2.2951934715851241e-01	   3.7033106686050860e-01	   3.6658359539731927e-01	
   6.4920004910104823e-01	   3.7922430393325368e-01	   5.5151567053812867e-01	   4.3378378493877479e-01	   6.0554982674248126e-01	   4.0386434682782713e-01	   6.7376694396391579e-01	   5.3444522250687898e-01	   7.6737352549660609e-01	   5.7508650360302682e-01	   9.5042987276499635e-01	   6.9350173191713993e-01	   0.0000000000000000e+00	   7.3077692943624128e-01	   7.7967454478418485e-01	   7.6141495969677397e-01	   1.6623117453973563e-01	   6.6088762970204828e-02	   5.4013615204411558e-01	   4.5366433504773696e-01	   3.1867519666284516e-01	   1.5402799898546490e-01	   2.8599439623267592e-01	   1.0387263211396769e-01	   2.6288666664381655e-01	   2.9075757885026504e-01	   5.3016587695449746e-01	   2.2261120590246308e-01	   4.5861562625677982e-01	   1.4424789520354614e-01	   3.4633415597551520e-01	   2.5792975826567127e-01	   4.0797015949100335e-01	   3.8936266285847965e-01	   4.2199031213734328e-01	   4.5464072229366803e-01	   6.5355219622006633e-01	   5.1482047301656730e-01	   4.4229800981255235e-01	   3.6194227367515441e-01	   3.9852243508991630e-01	   4.7620751204743100e-01	   1.4421742334932189e-01	   1.1317507526544315e-01	   1.2651582270977252e-01	   7.8556495453253383e-02	   1.4877762434572134e-01	   1.8664470914303638e-01	   9.8660445969287996e-02	  -1.3919371394133781e-01	   2.1303232470788200e-01	   6.9564140811441244e-02	   1.1681293330099843e-01	   1.7758315390005494e-01	   3.9530991462268039e-01	   2.4834478133798954e-01	   1.3143179985556705e-01	   3.3639774091961228e-01	   7.8111224404730095e-01	   3.5048200430973170e-01	   8.6926925722549431e-01	   5.7762812458700974e-01	   4.5455298434702152e-01	   4.1895280403490009e-01	   5.8567079485422890e-01	   5.2518894064889299e-01	   5.1520028408390828e-01	   4.4278074845554216e-01	  -2.1535289821750257e-02	   5.7174398426793605e-01	   4.6013808699901659e-01	   2.4318230069600330e-01	   4.4086419211766148e-01	   2.8253363757956707e-01	   5.4875317727559025e-01	   3.3701334982438802e-01	   5.4990655680806177e-01	   4.3584133945355924e-01	   8.0111758526803398e-02	   6.1266128323065182e-02	   3.3028118073774432e-01	   3.2656708580040333e-01	   5.3012910877934183e-01	   2.1756397731193947e-01	   6.6778858352791837e-01	   4.4666020636490322e-01	   5.0721186629222226e-01	   3.6335534619634380e-01	   8.0774476613955715e-01	   6.7453314884174720e-01	   7.0341118417787091e-02	   3.2103410136800692e-01	   3.5323410030813390e-01	   4.5477177523432638e-01	  -7.0232290119366075e-02	   3.0396901704244556e-02	   1.8795540688537699e-01	   1.0083906603796768e-01	   3.0645730704256129e-02	   4.6625357088753877e-01	   3.2255954806714920e-01	   6.2992486266152170e-01	   2.4683231936353833e-01	   4.5105516331254714e-01	   2.2166635963935263e-01	   2.7025789391344601e-01	   4.0508889749316929e-01	   4.9674990164163912e-01	   4.2006283940042605e-01	   2.4387149516021606e-01	   4.0872680697118580e-01	   6.9769055218866560e-02	   2.4424940975627940e-01	   2.2053073985736732e-01	   2.6306349112611749e-01	   1.5817596467781248e-01	
