   0.0000000000000000e+00	   7.2417705747912597e-01	   4.7633876038928069e-01	   1.9651185085318046e-01	   1.7219186838797074e-01	   1.1386872412426882e-01	   2.5792072925372250e-01	   1.0895393952870118e-01	   1.8239594172424195e-01	  -1.2319358014918289e-01	   5.0528171807939626e-01	   5.2238196229273082e-01	   4.9806420904556647e-01	   4.2605122341565010e-01	   2.7236501118977974e-01	   3.0985956643884177e-01	   3.4317451410963640e-01	   5.1154806160757538e-01	   5.9592375607595505e-01	   4.8963888027431307e-01	   3.3773209794984449e-01	   2.1290915019548584e-01	   8.1005238064416091e-02	  -2.9045500716767658e-03	   1.6525756098471722e-01	   2.0603012298127645e-02	   3.5868888628143525e-01	   3.8635453428210165e-01	   4.2578779288466012e-01	   3.4049576406898530e-01	   8.4232471045623841e-02	  -3.1933795714154070e-02	   5.4748661932713616e-01	   3.2321899741785132e-01	  -1.9691198286686823e-01	  -1.0319642112503009e-01	   4.6877520931148031e-01	   4.1915645212559072e-01	   3.3061889231512431e-01	   3.7118091961456867e-01	   3.2827798064921143e-01	   4.1198842649361456e-01	   2.8476769185937112e-01	   1.4744026510380953e-01	  -2.4795370084483903e-01	  -1.2548598553993495e-01	   2.7816402862555178e-01	   2.8953240955691284e-01	   1.0533065214508702e-01	  -9.0921151179960039e-02	   4.1537472692178534e-01	   1.7097284981666006e-01	   3.7304562930125051e-01	   2.7477123761300165e-01	   5.1442672150073732e-01	   4.3080907405587449e-01	   6.2570795199409524e-01	   6.5777444926877127e-01	   4.3016164966948645e-01	   4.4149916685737667e-01	   4.9762159097727676e-01	   1.2544391789011985e-01	   4.7229036220662612e-01	   4.9407167990679268e-01	  -1.5328252865757441e-01	  -2.2739043003033363e-01	   1.8336771281220410e-01	   3.2765204042160698e-02	   5.0904183333775399e-01	   4.8850140019537247e-01	   4.2826566234269992e-01	   4.0232864978926974e-01	   4.4098878919673523e-01	   4.7823544594254375e-01	   2.3569472437167199e-01	   4.0107123416703094e-01	   6.1374339197316830e-01	   5.6038680745576397e-01	   3.5327918297837391e-01	   4.1283781070585129e-01	   2.8166688401250856e-01	   5.5755517450213543e-01	   4.4534758170378230e-01	   5.0643581167832741e-01	   3.3974657130710545e-01	   5.3840079014322029e-01	   3.8826213313808644e-01	   3.2368949678307818e-01	   6.5263788536081879e-01	   6.2978446266581745e-01	   5.0657949075495734e-01	   4.4171535905221526e-01	   2.3539891148440345e-01	   3.0415804764876553e-01	   3.3464874201924504e-02	   1.1188885708453433e-01	   3.0540520772748153e-01	   3.5386039535397895e-01	   4.0683064925517154e-01	   3.1889012886594559e-01	   2.5663716195360048e-01	   1.5194411987039058e-01	   1.9873249017141603e-01	   1.4570830634575252e-01	   3.5336328451338167e-01	   3.7475200432373740e-01	   3.0877304906245318e-01	   4.0843665967157705e-01	   6.4090150625319350e-03	   6.8318310750465475e-02	   2.5776760959615497e-01	   2.0087601698614649e-01	   4.0776944428785600e-01	   4.5778829267464916e-01	   3.6650365362845816e-01	  -1.3985109742317223e-01	
   7.2417705747912597e-01	   0.0000000000000000e+00	   2.5097325156691214e-01	   1.6241270793501100e-01	   2.2678644570559481e-01	   1.2402822662679652e-01	  -5.5666610253739229e-02	  -2.0798138420696739e-02	   2.6176862657557720e-01	  -1.6044204423131719e-01	   2.5637627105091176e-01	   4.7311446190868267e-01	   2.5658288480641600e-01	   3.1326568114817527e-01	   9.0745073890216077e-02	   2.1788263465570573e-01	   3.9888656500754249e-01	   7.4042692306910807e-01	   4.9069534066595699e-01	   6.6793302079615002e-01	   2.5041150111740695e-01	   2.9355431229305706e-01	   1.5408538693320655e-03	  -3.9347368698563111e-02	   1.6255051154266620e-01	   6.1455976294734399e-02	   2.6720230677041357e-01	   3.2930817424141401e-01	   4.3889324469801272e-01	   5.4612783991243119e-01	   1.8261332281733343e-02	  -3.1438511082606160e-02	   6.3727878067141297e-01	   4.6615255635698771e-01	  -1.0757608065689560e-01	   2.1417772152501485e-02	   6.0593714980237623e-01	   7.0803168410495565e-01	   5.8024276197097857e-01	   6.8385799532312652e-01	   4.8091489518517072e-01	   5.6367320775351715e-01	   3.0241133632172823e-01	   2.5709966656400246e-01	  -8.2364908222369554e-02	   6.9832681544078110e-02	   5.0602380298784344e-01	   5.0140401064338902e-01	   2.1965589179457418e-01	   1.4988700037719177e-01	   4.7573967625494246e-01	   2.8241286097650631e-01	   4.3008369653862910e-01	   3.3304667154293510e-01	   6.6491990353726660e-01	   6.5213995092176547e-01	   7.4109706892847105e-01	   7.8339867726317625e-01	   3.3997132902747185e-01	   4.0753394703139284e-01	   3.2154147826555202e-01	   8.9744318468893067e-02	   2.2214150182520742e-01	   3.2653741499314215e-01	  -1.6070404006669514e-01	  -1.3040273812096831e-01	   1.6629505035463718e-02	  -5.6693822113030333e-02	   5.4010998259795162e-01	   4.4015132465352447e-01	   2.8421626631003105e-01	   2.6010605959233196e-01	   5.1538963232101065e-01	   6.6181946435178551e-01	   3.2226747434483305e-01	   5.7985733585315491e-01	   3.6864358154928956e-01	   4.0535658148001913e-01	   4.6190079371899412e-01	   6.4371882776725919e-01	   2.5964545779019366e-01	   6.3268583405238854e-01	   1.6884864312226094e-01	   3.8179881897193346e-01	   2.8188821133977726e-01	   5.4792480460290338e-01	   3.3029766165215513e-01	   4.0299921622099372e-01	   5.0977375922447854e-01	   6.7055768050774922e-01	   4.1181027230283906e-01	   3.0027382716688605e-01	   1.1658578075537243e-01	   1.0856451691576076e-01	   1.3213519434809767e-01	   2.1767897638990746e-01	   6.2718157617873049e-01	   6.4280923484984209e-01	   6.2438679065753755e-01	   4.4181823034226597e-01	   2.4882468488307780e-01	  -7.9406996280148176e-02	   1.4407094531102871e-01	  -8.8677411056166972e-02	   1.1838131153764446e-01	   1.5181880398455835e-01	   3.5462565066021789e-01	   3.9519382741792708e-01	   8.0227044095432576e-02	   3.6019071557282922e-01	   4.9967768566048204e-01	   4.4966530175827402e-01	   5.5642096548203313e-01	   4.0622807154505508e-01	   3.5969454065178752e-01	   1.0006316000611326e-01	
   4.7633876038928069e-01	   2.5097325156691214e-01	   0.0000000000000000e+00	   4.7105736498307460e-01	   2.5881226276160335e-01	   1.8146783642329684e-01	   6.7744512590134998e-01	   2.2033154130236768e-01	   1.8753559720293389e-01	  -2.2160537128285262e-02	   3.6898525572990215e-01	   3.1141819358614581e-01	   4.6181912461269770e-01	   3.5510935613769440e-01	   4.7219437926823610e-01	   2.4269977935973708e-01	  -1.4163531878466853e-01	   4.6429662635414891e-03	   2.1536039476097968e-01	   8.7639026520269073e-02	   2.9169209246521799e-01	   5.7283375370802962e-02	   6.5852841970883846e-01	   2.1371100258207970e-01	   3.8254427987503087e-01	   2.1152575293549722e-01	   5.9590340983912671e-01	   5.3715626021086416e-01	  -2.5641856217514569e-01	  -2.8180692000318924e-01	   2.1159864908828113e-01	  -2.3513299240069275e-02	   2.3211884868026333e-01	   4.3406110418203629e-02	   4.1513850192422291e-01	   3.1994497295807578e-01	   3.8608908896930616e-01	   2.1747309542812476e-01	   2.5471529450192659e-01	   3.0701736681243330e-01	   1.2197174760776515e-01	   1.7764850096246898e-01	   2.8436052640234971e-01	   1.7969887926374500e-01	  -1.9564377823388474e-01	  -8.2222536369395860e-02	   1.9963627293107397e-02	   1.4603345931716111e-01	   1.8052503727601923e-01	   5.5730471462143216e-02	   6.1588913722114258e-01	   3.6034693544759688e-01	   3.5421821578180679e-01	   3.4033338206822794e-01	   4.7319658716188040e-01	   3.7178335827064357e-01	   7.5910121497532040e-02	   3.5141733841205014e-01	   4.0748425931013199e-01	   4.8529478504005197e-01	   9.4082703679435081e-02	  -7.3966466062872160e-02	  -2.5252752716576558e-02	  -9.4371815518105834e-02	   1.8360122250045985e-01	   2.4734387613135836e-01	   5.4467745076704166e-01	   3.1137879023774562e-01	   4.6463234135240405e-01	   5.3521593174502780e-01	   3.6505292392845151e-01	   2.1885746950164342e-01	  -5.0907066724694909e-02	   2.4579715898884864e-02	  -1.3019502324346566e-01	  -1.5138004666405381e-02	   4.0771952815478130e-01	   3.9061467715651799e-01	  -1.8438462887863341e-02	   6.9437554775122090e-02	  -8.3631357301574699e-02	   1.2542032829530386e-01	   6.9841719949856407e-01	   3.8998121641538469e-01	   6.8817766117516188e-01	   4.4061945616316917e-01	   7.1977765986803155e-01	   4.6828254290160526e-01	   7.7095546725397912e-01	   6.3804624556143030e-01	   4.8457430028654924e-01	   6.0947308738579598e-01	   4.0079120973280541e-01	   6.7345075624719830e-01	   9.3300082920599395e-02	   2.2998075793726752e-01	   2.0907118942690561e-01	   2.3348431057803487e-01	   1.1619684120932389e-01	  -3.2459388126471082e-02	  -1.1252305726977652e-01	   8.2795398760401956e-02	  -8.0028092805125794e-02	   1.4060062543515727e-02	   2.3134044979680257e-01	   3.5589873607485500e-01	   2.3217376730157777e-01	   2.8570863732141893e-01	   2.0363258693176477e-02	   1.0113595171277773e-01	   4.1258827182685054e-01	   3.8632417771882407e-02	   3.0889248888921317e-01	   3.9385229073388284e-01	   3.7873051509484151e-01	  -1.8938175933234996e-01	
   1.9651185085318046e-01	   1.6241270793501100e-01	   4.7105736498307460e-01	   0.0000000000000000e+00	   2.0993651875317429e-01	   4.2078550032474638e-01	   6.7437528633792376e-01	   8.2112006428015938e-01	   2.4599764354377890e-01	   6.6724556921957401e-01	  -4.0555732393312498e-02	   2.8883969211926225e-01	   4.7738732455623697e-02	   2.7302250203493744e-01	   1.2167155364325888e-01	   5.5765500369896970e-01	   9.5459997706216659e-02	   6.2616237747567874e-03	   2.3413705479064245e-01	   3.2418488187249717e-01	   2.9346387364504151e-01	   1.7259855657555803e-01	   6.0461149791929780e-01	   8.4062868914997069e-01	   3.9632126959470265e-01	   5.1786665691216727e-01	   3.5218729700281676e-01	   3.8404339414106459e-01	  -8.4586928126883371e-02	   1.2103466214119250e-01	   4.6335670962507863e-01	   5.6583233966338320e-01	   4.8292070654516983e-01	   5.7607286315774020e-01	   4.3836313629118451e-01	   6.1003409502434847e-01	   2.7571793443412812e-01	   3.5500889155339166e-01	   8.8446183808079004e-02	   3.4186102871311408e-01	   2.4172020426912041e-01	   4.2222190252533370e-01	   5.0880028484378936e-01	   4.7179311571906357e-01	   2.8098298851572079e-01	   3.9111610566274546e-01	   2.6729141302890969e-01	   3.7370531907965243e-01	   3.3978715785008984e-01	   2.2822034471088343e-01	   4.4877060306123584e-01	   2.6237263713813119e-01	   3.2223124869247294e-01	   1.8946036424628435e-01	   2.7130433887539473e-01	   3.8970626948210502e-01	   1.1911155749999947e-01	   2.2450210415874070e-01	   4.4410261821720129e-02	   2.0584774102538228e-01	   1.6406683012530031e-02	   2.0056880312896047e-01	   1.6051572127376440e-01	   2.0930449868241977e-01	   4.6586240190275591e-01	   5.7601019340621029e-01	   4.0362782247443729e-01	   6.1783932741007019e-01	   5.2624471278990961e-02	   2.9174973784245850e-01	   3.8475775289693193e-01	   6.0156303888669427e-01	   1.1162114461887501e-01	   2.2747153684170868e-01	   9.4653724723087612e-02	   2.5687046886785414e-01	   3.2889298218686319e-01	   5.2967918971313643e-01	   2.8428856069887953e-01	   1.6759939839238561e-01	   2.7400946791877531e-02	   3.0012759165993863e-01	   3.0074189654550287e-01	   4.0092884371507376e-01	   4.0607667258063895e-01	   6.1990546928536538e-01	   3.2874048440702758e-01	   4.5626949653034682e-01	   3.8988294849867089e-01	   4.9984865918408550e-01	   7.4970086443306017e-01	   6.7641355341163056e-01	   7.9605053368144785e-01	   3.5805024967358334e-01	  -1.1259438588316383e-01	   3.4698142090867989e-01	   1.2548461178050518e-01	   2.2753013888091467e-01	   3.8259068842561622e-01	   3.1570137433155521e-01	   2.5236516150318794e-01	  -2.0081911745969136e-03	   1.9462333968709886e-01	   7.5169765242660655e-02	   2.7737963301459689e-01	   4.0335853674114969e-01	   1.8403479545823953e-01	   2.6778474304935579e-01	   1.3864322438383025e-01	  -6.4269603754862567e-04	   3.5493475547987968e-01	   2.8230758966735414e-01	   3.5189801851695041e-01	   3.4817332930849509e-01	   2.8668221627507451e-01	  -1.6402038342459022e-01	
   1.7219186838797074e-01	   2.2678644570559481e-01	   2.5881226276160335e-01	   2.0993651875317429e-01	   0.0000000000000000e+00	   8.0195030136662226e-01	   3.1962064104105520e-01	   1.6659008357388594e-01	   9.3822096429643753e-01	   3.1745738895329456e-01	   2.8667286344476667e-01	   5.2286396798525214e-01	   1.2602383259531963e-01	   4.1076592780407034e-01	   1.4231972500847956e-01	  -7.2578178897094975e-02	   5.4464411384824475e-02	   1.1309537017909968e-01	  -1.9690956951655353e-01	  -9.4469360894939958e-02	   5.2368295586821700e-01	   4.5853118204747012e-01	   2.8859741425958824e-01	  -6.4455890305594218e-02	   8.2150301022126004e-01	   7.4581055798096374e-01	   7.1685646852021567e-01	   7.0695648754224383e-01	   8.1642294185812741e-03	  -8.5022009926533276e-02	   2.7531704118621753e-01	   5.2240889634430812e-02	   5.7652270980741147e-02	   1.8768340098378128e-01	   3.9711987037135027e-01	   3.9233668207612937e-01	   1.2741406779502160e-01	   8.7285931233192261e-03	   1.0881970553096731e-01	   4.7297766113019349e-02	   2.7730477796703534e-01	   1.4793920768212654e-01	   2.0641763823352657e-01	   3.8408070068355232e-01	   4.4667492674867409e-01	   3.5712251351607877e-01	   1.1750938186214635e-01	   1.9456516019862913e-01	   6.3876067923176805e-01	   4.8021814793708112e-01	   6.2794678697443207e-01	   6.6015557988835005e-01	   6.3691952463329704e-01	   6.3885310340066359e-01	   3.7032995655940570e-01	   2.9134039555165037e-01	  -2.7252298986487518e-02	   1.7964004452400092e-01	   4.7138652100538370e-01	   5.0875304469824822e-01	   3.6683929246383878e-01	   5.2261512056241521e-01	  -1.2687427900326720e-01	  -6.9554457467003256e-02	   3.8189071011468118e-01	   5.1681787450413830e-01	   4.3414660312463549e-01	   3.6963670113828090e-01	   4.4229848900299733e-02	   2.2681437179513050e-01	   1.6163887953499922e-01	   3.9026457411990241e-02	  -2.3825645819935592e-01	  -1.5695662541067185e-01	  -4.2544292091476382e-01	  -2.5827109474456927e-01	   1.3141046337682236e-01	   1.3139802046723975e-01	   1.0596733633780892e-01	  -2.9340177124363348e-02	  -3.6250217672737645e-02	   1.8451217660914149e-02	   3.0094076141537498e-02	  -1.9089580233467340e-01	   1.8778570501276185e-02	   1.3698195638767269e-01	   2.6419585851155086e-02	  -2.3814749443824904e-02	   2.5097258677703960e-01	   5.5058299262261423e-01	   4.0453397947136593e-01	   4.1847800747575858e-01	   2.6357456852545622e-02	   5.1996180499717923e-02	  -3.9959013022767653e-01	  -1.0915491967743714e-01	  -1.4086190367791634e-01	   9.6204025432447229e-02	   2.3022300189377670e-01	   2.0638765189707753e-01	  -1.1834812097297411e-01	  -1.5368642825277534e-01	  -1.5445155644037270e-01	  -1.9369380283979426e-01	  -2.1390332510727923e-02	   1.5740133881291427e-01	   1.5373537016280274e-02	  -2.2898780186392225e-03	  -2.7169779460861310e-01	  -2.2765018508276352e-01	   2.1736051366880407e-02	   1.3220338448223867e-01	   3.1696346525410796e-01	   2.5804204509996609e-01	   3.1009789276301519e-01	  -1.3191345290288331e-01	
   1.1386872412426882e-01	   1.2402822662679652e-01	   1.8146783642329684e-01	   4.2078550032474638e-01	   8.0195030136662226e-01	   0.0000000000000000e+00	   3.5977893515829212e-01	   4.1312960010969185e-01	   7.4805042467211191e-01	   4.9663751076347418e-01	   2.0669297942177070e-01	   4.9454131349751856e-01	   6.2463680707366839e-02	   4.9047114026355487e-01	  -5.7777418453932763e-02	  -6.7491699453065934e-02	   2.2086825569569396e-01	   1.0855040390558246e-01	  -2.2723031398225019e-01	  -8.8393251763142763e-02	   4.6947478905460499e-01	   4.3715020855786119e-01	   3.5711390466988863e-01	   2.0317804636495335e-01	   9.0174107296940043e-01	   9.2788139084924648e-01	   6.4505303477725229e-01	   6.7451195695412736e-01	   9.9673145986817355e-02	  -2.0240883266327010e-02	   2.9015045454258109e-01	   2.2564214418356701e-01	   9.2304059721174281e-02	   2.7405828382093422e-01	   2.9841738881761221e-01	   3.9301099914649618e-01	   2.3755676508269868e-01	   1.0644701271169861e-01	   1.0091384900643756e-01	   6.7740827401691642e-02	   3.8235690818414270e-01	   2.3281176456376743e-01	   3.1675223078547432e-01	   4.8599659607297463e-01	   4.3365317022858868e-01	   4.3022559403719035e-01	   2.5762632324720752e-01	   2.9732536847352276e-01	   7.8674342789060558e-01	   5.7284327060889972e-01	   6.7890558048472682e-01	   6.8210206785727734e-01	   6.4630843924395143e-01	   5.7834128432654996e-01	   4.1345976198015472e-01	   3.6852474918731526e-01	   6.8728093571045687e-03	   1.3797444956626004e-01	   4.7029011685531741e-01	   5.0735977977950708e-01	   3.8831952063164699e-01	   5.0159434751115650e-01	   9.8921121350132701e-02	   1.5878722220282254e-01	   4.1352474948133972e-01	   5.4039191238636231e-01	   4.5858336523396648e-01	   5.1165811202632616e-01	  -7.9064990344178673e-02	   1.5519543672274699e-01	   1.8678030572849919e-01	   1.4625933984378026e-01	  -1.2045852977816970e-01	  -9.8489816660931345e-02	  -3.4541119315069424e-01	  -2.2632271342386065e-01	   1.6295494541785399e-01	   1.7208223910721668e-01	   2.3200891611817664e-01	  -3.0942074166907044e-02	   2.5425963943337865e-02	   1.1475776016281850e-01	  -6.4067590639733926e-02	  -1.5022357506768988e-01	   3.9750085813274411e-02	   2.4097133826761846e-01	  -2.7652203490881433e-02	  -2.4629055223337245e-02	   2.5623652277906211e-01	   5.5357397504181449e-01	   5.7701192449953664e-01	   5.6994800680160573e-01	   2.8599951831079551e-01	   1.2083116292615928e-01	  -3.4075279705083328e-01	   5.8674325663718996e-02	  -8.6575635902220838e-02	   1.9256838887819910e-01	   3.4449619217745286e-01	   4.0142633649574955e-01	   5.8215988316297387e-02	  -8.7026901407486396e-02	   1.9413565538157644e-02	  -3.4358684069413066e-02	   1.8207332925571548e-01	   3.9383303408526049e-01	   2.2745529813803837e-02	   5.6430489295591565e-02	  -1.1240038064422764e-01	  -2.0880481826807132e-01	   9.6219649365390611e-02	   3.7076846863232982e-01	   4.6033715166388373e-01	   3.3136146853688031e-01	   3.7609026781163135e-01	  -7.5469917545546480e-02	
   2.5792072925372250e-01	  -5.5666610253739229e-02	   6.7744512590134998e-01	   6.7437528633792376e-01	   3.1962064104105520e-01	   3.5977893515829212e-01	   0.0000000000000000e+00	   7.4090253707370213e-01	   3.2990449039823566e-01	   4.9038809471236311e-01	   3.3369196426916514e-01	   3.3812280651515036e-01	   4.1888704140921545e-01	   4.9161967715226795e-01	   3.7720230290768170e-01	   4.2707628424375266e-01	  -8.1705453115171300e-02	  -1.6500187583984488e-01	   1.3351916118712817e-01	   1.3508941470586205e-01	   3.2281525275986694e-01	   1.1972196296024959e-01	   6.2837983716849399e-01	   4.7138555790247072e-01	   3.7482068390675893e-01	   3.9057241878136395e-01	   4.4128696711657156e-01	   4.1699172345776325e-01	  -1.2946705166639624e-01	  -1.6757299733895964e-01	   4.3924596851096726e-01	   3.2374994068066532e-01	   2.7174160657015933e-01	   3.0118883165910115e-01	   3.5277761292031995e-01	   3.6104851826846301e-01	   1.3223521212721287e-01	   1.0127104880688010e-02	   5.3589147294001108e-03	   9.8972412368618201e-02	   1.4607401581226037e-01	   1.8118411490806574e-01	   4.1439389231159357e-01	   3.7407591251295358e-01	   1.5365722006105104e-01	   2.1353044810894084e-01	   7.9347223434881625e-02	   2.1448075669982714e-01	   2.7335193841159144e-01	   1.2243517759578061e-01	   4.2764590135678443e-01	   2.8643989734191982e-01	   2.5288195206390929e-01	   2.8709582948018536e-01	   1.8373313825547727e-01	   2.1709165016347298e-01	  -1.0808052093133955e-01	   6.3569096330916522e-02	   2.7385115846255487e-01	   3.0435092398864150e-01	   2.2441265491347873e-01	   2.4546918774530768e-01	   7.4731306151550575e-02	   6.4410177085153966e-02	   4.3907127758006459e-01	   4.1068762137426101e-01	   5.8300404820430596e-01	   5.1859613057451448e-01	   1.8238683998180399e-01	   4.4884087501679909e-01	   4.0877766735351029e-01	   3.8163612562926880e-01	  -1.9459155587351992e-02	  -4.5596322829935801e-03	  -2.3319253669431193e-02	  -1.7982549226254921e-02	   3.7599508755247352e-01	   3.4144966321946324e-01	   5.3383331093268233e-02	  -6.0707689111321919e-02	  -5.6937788629381147e-02	  -9.7903922147457708e-04	   3.8205092564248122e-01	   1.6817699004779113e-01	   2.8663875938067601e-01	   2.8538501677237460e-01	   2.9902918421868085e-01	   2.2382351468027656e-01	   4.1264436680104893e-01	   4.1338893482891781e-01	   6.0761558283263284e-01	   7.1883116792829149e-01	   5.3531848286429662e-01	   4.9221078936204432e-01	  -1.8908282661547454e-01	   2.0569083955908118e-01	  -4.9260915648407455e-02	   7.2458724310015807e-02	   1.0574315730842315e-01	   6.1620104478936871e-02	   4.3793618055773097e-03	   1.0886652128386545e-01	  -1.3138393383723714e-02	   9.0047077754622923e-02	   2.4846955376550961e-01	   3.7326740117474866e-01	   5.5560192114509771e-02	   1.8477952955782168e-01	  -4.5832996182646746e-02	  -1.6319461663338888e-01	   1.4190829196342547e-01	   1.6500115838859204e-02	   1.8409587697622792e-01	   3.1991508951743741e-01	   2.5889814620633317e-01	  -3.0016404011917142e-01	
   1.0895393952870118e-01	  -2.0798138420696739e-02	   2.2033154130236768e-01	   8.2112006428015938e-01	   1.6659008357388594e-01	   4.1312960010969185e-01	   7.4090253707370213e-01	   0.0000000000000000e+00	   2.2370773827365892e-01	   7.4596820419935628e-01	   9.9950071951952976e-02	   3.0841237799486698e-01	   1.4249199331782253e-01	   4.2842805052313931e-01	   6.4371735977487812e-02	   5.3793996327389548e-01	   1.7449075361243649e-01	   2.5151933149796159e-02	   1.6255303494476306e-01	   2.8067976329287891e-01	   3.1134164105411716e-01	   2.1959095832755066e-01	   4.2331221777959160e-01	   6.9514885664523951e-01	   2.6036937496245183e-01	   4.7321356858742059e-01	   1.8539506060235170e-01	   2.2783074805570952e-01	   9.0620068873504461e-02	   1.7919378607628306e-01	   5.0504638334214147e-01	   6.3473886219259223e-01	   4.4669850629631713e-01	   6.3107876309763133e-01	   2.3553529721884242e-01	   4.0621480281580769e-01	   1.5330996203553371e-01	   1.8742754971434078e-01	   4.8380692429919614e-04	   2.0858585876238253e-01	   2.6632327172417669e-01	   3.6863275519743416e-01	   4.5165612716015668e-01	   4.4549791722451043e-01	   2.9351541401987219e-01	   3.6207591718111320e-01	   2.4796646860810539e-01	   3.1297436933249301e-01	   2.4947885330287350e-01	   1.3613049569461744e-01	   2.4378804201910376e-01	   1.2398536761046799e-01	   1.7058214177435119e-01	   9.3347447925008181e-02	   1.0548171762819644e-01	   2.3349938318536770e-01	   3.5554720060445924e-02	   1.1273932334682324e-01	   4.5148625828382888e-02	   1.5311142280429468e-01	   2.5695665745538177e-01	   4.6776395381737235e-01	   2.8708871041900319e-01	   3.9238101240117851e-01	   4.6468401890245137e-01	   5.1067607157824579e-01	   3.6244235758031146e-01	   5.4379458423678073e-01	  -5.5157690425978796e-02	   2.0906310832976360e-01	   4.3433188892214514e-01	   6.0602185234823147e-01	   2.3285720329252901e-01	   2.6541000991266622e-01	   2.0228483927021218e-01	   2.4428090268644492e-01	   3.1806925537311809e-01	   4.2911723754702635e-01	   2.7695585051952626e-01	   1.1762978952932196e-01	   4.2973633210996051e-02	   1.7367937086495641e-01	   1.1079065628375484e-01	   1.5716798768733495e-01	   8.7624940946201629e-02	   3.4985101710535721e-01	   4.6800479129852954e-02	   2.0293586440578529e-01	   1.9653495623355383e-01	   2.8485309128507930e-01	   6.8563114647673662e-01	   6.2767597609706216e-01	   7.1459698272494532e-01	   2.5846881669065097e-01	  -2.4991928740765229e-01	   2.3158895259898055e-01	  -3.7148338702948855e-02	   1.4352244872229805e-01	   2.9123969989074239e-01	   2.8726395817214889e-01	   3.6321462617459432e-01	   9.0459406513932486e-02	   2.7770933074966264e-01	   1.7263884522176651e-01	   3.2171791041289383e-01	   4.2767210703370440e-01	   1.2403695756980904e-01	   2.6107049938449556e-01	   7.0876972161286467e-02	  -1.5601339045340473e-01	   1.3214051887580033e-01	   1.8375082754045147e-01	   2.3872331827162130e-01	   3.3785684664088722e-01	   2.0112250131756959e-01	  -2.2266678003295295e-01	
   1.8239594172424195e-01	   2.6176862657557720e-01	   1.8753559720293389e-01	   2.4599764354377890e-01	   9.3822096429643753e-01	   7.4805042467211191e-01	   3.2990449039823566e-01	   2.2370773827365892e-01	   0.0000000000000000e+00	   3.9062515396936393e-01	   2.4197594680218112e-01	   5.4596341875757326e-01	   1.2555091934256268e-01	   4.0634882439745229e-01	   2.0233302597136495e-02	  -4.9075803556509694e-02	   1.8320852173491001e-02	   1.4619414980365253e-01	  -2.0836765888385433e-01	  -3.1973997087817389e-02	   4.0240032219638333e-01	   3.2455763326217146e-01	   2.3903145501561279e-01	  -1.0849285393889432e-02	   7.1657421181182757e-01	   6.5407688196030678e-01	   5.5184018365473064e-01	   5.3890016286717612e-01	  -4.3339531961325301e-03	  -4.2291958218071468e-02	   2.2434085900527864e-01	   5.7904344338536938e-02	   1.2119544384556324e-01	   2.6963084247039687e-01	   3.1289848032640699e-01	   3.5670916962909416e-01	   1.0029246591030223e-01	   3.9072156966631771e-02	   1.0539728285315816e-01	   8.0290492636852367e-02	   3.2974646705689331e-01	   1.3276986292149057e-01	   1.8352539062882769e-01	   3.5405246765911047e-01	   4.4598690381465678e-01	   3.3680811986334264e-01	   9.7741788696833032e-02	   1.7097812764205572e-01	   6.2456779190857548e-01	   4.2041052041014382e-01	   6.1977963673606229e-01	   6.2900113889468934e-01	   6.7985630493485949e-01	   6.6442250134972403e-01	   3.3896329967625816e-01	   2.4728498237746122e-01	   4.7849303532222618e-04	   1.3091710120047401e-01	   3.3004707242691400e-01	   3.2962040437299855e-01	   3.5313336523567018e-01	   5.6225596690525781e-01	  -1.1270675277930844e-01	  -2.1799430501746063e-02	   4.2995649405696468e-01	   5.2656463439505818e-01	   3.4763777544155983e-01	   3.3691647277578257e-01	   2.3741907940438726e-02	   2.0686333133549190e-01	   8.3627769795921569e-02	   4.2020031711522285e-02	  -2.2418729418864389e-01	  -1.3733399406102312e-01	  -4.0064093604051132e-01	  -2.1793920508725850e-01	   1.4547145364769182e-01	   1.6249644220885673e-01	   9.3044239745030843e-02	  -3.5535756750810658e-02	  -1.1477007891676524e-01	   2.7374618754052379e-02	  -7.5109800247247033e-02	  -2.0614318698089373e-01	  -1.3233995019951364e-02	   1.9901099198452094e-01	  -5.4245406450251304e-02	  -2.5451230528820028e-02	   2.1118065114627660e-01	   5.0320068564378495e-01	   4.0412515600696008e-01	   4.0408182869128828e-01	   4.4448515784575753e-02	   7.7352204025466928e-02	  -4.2373488727139963e-01	  -1.0645767384535987e-01	  -1.4558022043922295e-01	   3.1907343915711726e-02	   2.2803841157899657e-01	   1.6028566147254641e-01	  -1.2970960769876355e-01	  -1.0189271869209658e-01	  -2.2279535125711419e-01	  -1.7065619168996854e-01	  -1.0697985178176032e-01	   1.3994895431707724e-01	   9.5834959322125102e-02	   6.0682402969967346e-02	  -3.1010438696816173e-01	  -2.1890725771167097e-01	  -5.2974991963609226e-02	   1.0548868580389251e-01	   2.9179280518226219e-01	   2.7026501793366331e-01	   3.5058203460449788e-01	  -5.5621997064002650e-02	
  -1.2319358014918289e-01	  -1.6044204423131719e-01	  -2.2160537128285262e-02	   6.6724556921957401e-01	   3.1745738895329456e-01	   4.9663751076347418e-01	   4.9038809471236311e-01	   7.4596820419935628e-01	   3.9062515396936393e-01	   0.0000000000000000e+00	  -1.9075560202805697e-01	   1.3077946774720722e-01	  -1.9000303038202082e-01	   1.8652722764356047e-01	   2.4650864176741165e-02	   4.6653955444751516e-01	   1.0028379241474115e-01	  -8.6342517801846319e-02	  -1.6163747223463895e-01	   5.8478155395528780e-02	   1.9612720198553235e-01	   1.3100450838854483e-01	   4.0558784491555844e-01	   7.1108369315422038e-01	   3.2425000931156700e-01	   5.4913523981365697e-01	   6.9750188926567008e-02	   1.1287705042206686e-01	   2.1865439512428714e-02	   1.5873825401872127e-01	   4.5801645383219725e-01	   5.9949627612559286e-01	   1.7898542260713823e-01	   4.4064799515836905e-01	   2.8511237035273179e-01	   4.4260513268329893e-01	  -6.0850093270275504e-02	  -3.4017850633835341e-02	  -1.5377123037116580e-01	  -6.0232985252615927e-03	   1.7236982557208655e-01	   2.0098482449349842e-01	   3.3117432929277740e-01	   3.4317891116320015e-01	   5.9560667028490799e-01	   5.3791939444314962e-01	   1.2196969740811094e-01	   2.0720739264938448e-01	   3.3850098975045906e-01	   2.4529754869402060e-01	   1.6576185257611575e-01	   1.0723360374427859e-01	   2.0944767526233912e-01	   1.0619817302189367e-01	  -2.8843860319704918e-02	   9.4256386118506508e-02	  -5.5535792274610467e-02	  -3.3271237200026900e-02	  -5.3066552184484368e-02	  -2.7399288845546392e-05	   8.9681513172401653e-02	   3.9855053681393532e-01	   1.1242287342331189e-01	   1.1839817078029019e-01	   6.7345378995872518e-01	   5.8573855996460811e-01	   3.1767102184195839e-01	   6.0392405425777129e-01	  -2.1563767509575110e-01	   1.2554437268657126e-01	   2.1916287474023755e-01	   4.1803509225554492e-01	  -2.9749446703636676e-02	  -2.0148811757739665e-02	  -3.5549909245890687e-02	  -5.4446766916213356e-03	   1.3395343280315694e-01	   3.2201970738798102e-01	   2.7660648509125618e-01	   4.8323761044721858e-02	   8.5727346531263793e-02	   1.5490775574969284e-01	  -8.0480449901025847e-02	   1.4125251959713586e-01	  -8.3911804674361191e-03	   2.9908254661341471e-01	  -1.6671763401550238e-01	   1.5718631014117970e-01	  -1.0059964311978718e-01	   1.7854612575710899e-01	   5.7227537791727090e-01	   5.2112036991552479e-01	   5.8454039922119239e-01	   1.4389481076359964e-01	  -3.8394456150376649e-01	   5.6116373457557184e-02	  -1.5792058838712250e-01	  -3.2145816586850944e-02	   2.4399155388713673e-01	   3.2099827711005857e-01	   1.9062138384675670e-01	   1.1225045063673656e-02	   1.1038870575856927e-01	   7.0792107236469753e-02	   7.0055334997937063e-02	   2.8067196121226690e-01	   1.1493964790359892e-01	   1.8857932203335084e-01	   4.0695732555320820e-04	  -1.0727709696905859e-01	   3.2343246716337967e-02	   1.6876446983994517e-01	   1.5427685144217329e-01	   1.6305074509650619e-01	   1.0505189293870137e-01	  -1.0841861022974317e-01	
   5.0528171807939626e-01	   2.5637627105091176e-01	   3.6898525572990215e-01	  -4.0555732393312498e-02	   2.8667286344476667e-01	   2.0669297942177070e-01	   3.3369196426916514e-01	   9.9950071951952976e-02	   2.4197594680218112e-01	  -1.9075560202805697e-01	   0.0000000000000000e+00	   6.6683584612915980e-01	   8.9855690403873023e-01	   7.6947224673825776e-01	   5.0074499120414306e-01	   1.2303846114656619e-01	   3.1183526203619299e-01	   2.8302690624309146e-01	   1.1271852037672186e-01	   7.4297003862176136e-02	   2.3009616514531966e-01	   1.6487945473193180e-01	   1.2918026987677533e-01	  -3.1138874675118344e-01	   1.6004607758495698e-01	   5.6620320801453794e-02	   3.5544421526112085e-01	   3.3054399135022766e-01	   3.0416982862772768e-01	   1.4859762683086902e-02	   4.5222745620503615e-02	  -1.7514111483427508e-01	   1.9966877187373216e-01	   9.0552005089586191e-02	  -6.9509786163833853e-02	  -1.1044538904630699e-01	   3.1532745945942642e-01	   1.6905830931034471e-01	   2.5726966710193877e-01	   1.1858611729114929e-01	   1.5754268857760997e-01	   1.3229743931877125e-01	   4.3377708630283979e-02	   5.2714106722638002e-02	  -2.9743380616830956e-01	  -2.9016326549770866e-01	   5.2410083146776865e-02	   7.0111135173882191e-02	   9.8229317632970700e-02	  -1.3784491502655996e-01	   4.2938520146005227e-01	   2.3137689690290142e-01	   3.2173632574887057e-01	   3.1718477657108729e-01	   2.9967921431786604e-01	   1.8458954918772352e-01	   7.9735901285701932e-02	   2.8494322168191988e-01	   5.7443731517626295e-01	   5.0247847881335550e-01	   7.5659391526146447e-01	   3.6896100003294119e-01	   2.9143242069485842e-01	   2.9353400995903761e-01	  -8.4943890256512278e-02	  -7.1943701592820805e-02	   2.5953607527625339e-01	  -5.2316157657337159e-02	   2.3231915572717174e-01	   2.3082821834641071e-01	   3.0316316931883991e-01	   1.1550740672895676e-01	   2.7073525084922229e-01	   1.9965981851044079e-01	   1.1355287467371575e-01	   9.1873389612902229e-02	   2.3700753673362310e-01	   8.9400697184822714e-02	   5.5237389871673467e-02	   1.4259733019820697e-01	   1.3918373773266510e-01	   9.3971272291818703e-02	   2.6379637509309350e-01	  -7.7401755507325948e-02	   1.5689603391861434e-01	   4.0180182351060398e-02	   1.6755685842031406e-01	  -6.9161418633541069e-02	   5.7795609312586516e-01	   4.5573479552984919e-01	   1.6258735420884979e-01	   2.5736584209392022e-01	  -4.4507154204470184e-02	   2.5354386755866964e-01	  -9.5543937104765608e-02	  -1.9196917080037337e-01	   1.0433345123161625e-01	   1.3910309303056068e-01	  -4.7251895727501896e-03	  -1.0163736297997125e-01	  -3.1949494487496677e-02	   1.7679640613642505e-01	  -6.1874337100243273e-02	   1.1922890791789585e-01	   2.0685212866072267e-01	   2.9901780582808368e-01	   5.6647019761438017e-02	   1.6445790346062192e-01	  -1.3607838203580269e-01	   5.7601391641703040e-02	   3.3973065192812374e-02	  -5.0636116751266433e-02	   1.4859287735346438e-01	   3.2893509196463988e-01	   3.4456903118213600e-01	  -1.9920648328477414e-01	
   5.2238196229273082e-01	   4.7311446190868267e-01	   3.1141819358614581e-01	   2.8883969211926225e-01	   5.2286396798525214e-01	   4.9454131349751856e-01	   3.3812280651515036e-01	   3.0841237799486698e-01	   5.4596341875757326e-01	   1.3077946774720722e-01	   6.6683584612915980e-01	   0.0000000000000000e+00	   5.7257818393549154e-01	   7.9312749748944444e-01	   3.6096729765288937e-01	   3.2967407669819937e-01	   3.0287787069095579e-01	   3.8314868923828721e-01	   8.1965845305092808e-02	   1.7442690699851210e-01	   3.1799899938455983e-01	   3.2251453843323902e-01	   2.8012397698041713e-01	   2.9661341016550095e-02	   4.3658377707884433e-01	   3.6629586451079055e-01	   4.2495325969267095e-01	   4.2260180739886410e-01	   3.3215831322366962e-01	   2.7212414067246438e-01	   2.5097349753336717e-01	   9.6984276675575132e-02	   3.5188500425053548e-01	   3.8791705765674567e-01	   8.9928156916007959e-02	   1.8364809560691051e-01	   3.6249226282807201e-01	   3.0545391188133031e-01	   2.7329005996060690e-01	   3.0454295027040229e-01	   3.8181034114026258e-01	   3.3189864292438365e-01	   1.5327512474824140e-01	   2.5351866939111262e-01	   4.2010546197777894e-02	   6.6512166546033424e-02	   1.0845219968945777e-01	   1.4893868056587795e-01	   3.8066381159076568e-01	   9.7748692507900720e-02	   6.4839537255072488e-01	   4.7145399837367175e-01	   5.9020112142984626e-01	   5.0972352299801904e-01	   4.6635908363297479e-01	   4.1197343989250512e-01	   1.0564720529662516e-01	   3.1392835357086174e-01	   4.2799540654009460e-01	   4.7876859866721166e-01	   5.4347503937746455e-01	   5.7871041320189587e-01	   2.1414068245770049e-01	   3.2590542263140915e-01	   1.3414439074407300e-01	   2.9810743202183254e-01	   2.5541181806849961e-01	   1.8502910087240079e-01	   7.7667817687025603e-02	   2.4046939578797466e-01	   2.1943624860312075e-01	   2.5881291039428511e-01	   2.5763749115808143e-01	   2.8716970164229749e-01	   4.3299196471826250e-02	   2.2649433154716803e-01	   4.0303077532063092e-01	   3.8512523184958286e-01	   2.7539886990790907e-01	   2.1516547035340469e-01	   1.2565450881174023e-01	   2.8442123474763870e-01	   1.7244956227438538e-01	   1.0641248571432441e-01	   1.4667698630045845e-01	   3.5106117085115607e-01	   1.2418884505922413e-01	   1.2684567934929286e-01	   4.8567928354475243e-01	   6.4356791777360178e-01	   3.9390494984740360e-01	   4.0911116672843850e-01	   1.1551355916783020e-01	   2.5500799085846798e-01	  -3.8170055008111292e-01	  -1.0763378532556529e-01	   2.4232096591878985e-02	   2.0041936559564683e-01	   2.4268543896904238e-01	   8.2374209312663288e-02	  -4.6695597457063504e-02	   1.8169181431964290e-01	  -1.3810213871903812e-01	   1.7015123826901218e-01	   1.4122444788513477e-01	   3.7981467614956294e-01	   1.4250227060465476e-01	   2.0278658583997636e-01	  -2.6828292605757853e-01	  -7.9526927269212344e-02	   7.4238707107827914e-02	   3.9167612336873880e-02	   3.4846950431873991e-01	   4.0182170002409540e-01	   4.8224891942549186e-01	  -1.6357337900825589e-01	
   4.9806420904556647e-01	   2.5658288480641600e-01	   4.6181912461269770e-01	   4.7738732455623697e-02	   1.2602383259531963e-01	   6.2463680707366839e-02	   4.1888704140921545e-01	   1.4249199331782253e-01	   1.2555091934256268e-01	  -1.9000303038202082e-01	   8.9855690403873023e-01	   5.7257818393549154e-01	   0.0000000000000000e+00	   7.4178143345327729e-01	   5.0197505662065334e-01	   2.5837804023384892e-01	   2.1253281529585200e-01	   2.8367972900204652e-01	   2.3895714834337267e-01	   2.2551907389275466e-01	   1.4742353270419520e-01	   5.5996572544580583e-02	   2.0996092992078186e-01	  -1.8792669624382782e-01	   1.6199493647266906e-02	  -7.5446142689953338e-02	   2.6162099091635177e-01	   2.1171084294947390e-01	   2.2993100381676246e-01	   4.8018169148453818e-02	   7.3730540976354744e-02	  -1.2779976822338951e-01	   2.3852970239674096e-01	   9.7710080060617682e-02	  -3.6274112036023251e-02	  -9.3529824554035634e-02	   3.7439173943714166e-01	   2.4478627428081434e-01	   3.5181731636695163e-01	   1.9668853422048449e-01	   1.6423046416646367e-01	   1.2978044266889441e-01	   8.9747021766682658e-02	   5.9901153903284869e-02	  -3.4573949205783994e-01	  -3.3288467318898568e-01	   2.0042833572808894e-02	   1.0942865040198771e-01	   2.6456835353045362e-02	  -2.0535437052421912e-01	   3.9981225710636670e-01	   1.4249146270549101e-01	   2.7682050455230200e-01	   3.1387069366023829e-01	   2.8897349845337345e-01	   1.7924287417005957e-01	   1.1598974055349126e-01	   2.8053113411588004e-01	   4.8947574238200153e-01	   3.7479852202341435e-01	   6.1511857253877988e-01	   2.2254377223560320e-01	   1.8830792064145296e-01	   2.0009344548806815e-01	  -1.0410260268205482e-01	  -8.4389997286857088e-02	   2.1501377834726879e-01	  -8.9104907804477079e-02	   3.0441284736364194e-01	   2.7584766428402557e-01	   3.4446054668174109e-01	   2.1752755501377885e-01	   3.2345102734780939e-01	   2.5804341803384356e-01	   1.9345740954482726e-01	   1.5474150492741659e-01	   3.5495423389259612e-01	   2.1141309013147591e-01	  -4.7665009509357190e-03	   1.4057993002997970e-01	   1.9604520596927112e-02	   6.0598985038301328e-02	   2.6768430321512443e-01	   7.6126013253176111e-02	   2.0439534609396065e-01	   7.0119898502226621e-02	   3.0100648971443034e-01	   1.1598925389709247e-01	   6.2097829488920431e-01	   4.2850435033497269e-01	   1.9206452026794205e-01	   3.1850118263563509e-01	   3.7341253469406019e-02	   3.5188101041680331e-01	   2.1670798019538572e-03	  -1.3845735337594428e-01	   1.9881823309175850e-01	   1.3756984732346217e-01	  -1.7189895936529014e-02	  -1.1687849669227773e-01	   5.5653872861151810e-02	   1.7796828769076922e-01	   7.2645094884270841e-03	   1.1718864558364764e-01	   1.3700501454808844e-01	   2.2077038106095964e-01	   1.1008743311159737e-01	   2.5593437771582617e-01	  -1.3091705912346613e-01	   2.1119787146597793e-01	   1.5461708594198598e-01	   1.9306921071247530e-02	   1.9895227460598730e-01	   3.3039721254565657e-01	   3.6607384487361860e-01	  -2.0169616783796196e-01	
