   0.0000000000000000e+00	   7.6857796430389003e-01	   5.3213194977695666e-01	   6.8753140986645189e-01	   6.9288944321580415e-01	   5.4465915062621562e-01	   6.1779447840857782e-01	   6.6214378547888897e-01	   4.0854676687318003e-01	   4.0329815244274370e-01	   6.9812092331888598e-01	   6.7355103442705544e-01	   6.4866125936933927e-01	   6.5538131925437648e-01	   5.4600595630709525e-01	   6.4884577621840966e-01	   6.3729324225494643e-01	   6.8409188053071923e-01	   7.2519670172819839e-01	   7.5706647079736433e-01	   4.8026430560545874e-01	   3.3928821902779305e-01	   5.0883779055244860e-01	   5.7947904651993931e-01	   5.0499702121831713e-01	   5.6182583312960721e-01	   4.9505281324184597e-01	   4.6272318294054071e-01	   4.9027757293783547e-01	   6.1461744502678206e-01	   4.7491674049459631e-01	   5.6965839747248381e-01	   7.9942377712461221e-01	   7.8015297737285549e-01	   4.2084137414200218e-01	   4.4706530529489008e-01	   4.3009964667647138e-01	   5.4008257034485896e-01	   5.9791131145414500e-01	   2.5983563524435438e-01	   3.9495939149896031e-01	   3.9069870102224535e-01	   4.4111690517253854e-01	   4.9849428512385685e-01	   4.2715300311393667e-01	   4.2044691657751010e-01	   5.8386380780633484e-01	   5.7904983153116751e-01	   3.5803554628636525e-01	   4.0716459324280763e-01	   5.8835929810211440e-01	   5.0867020466250312e-01	   5.7913449045841936e-01	   4.5316735325455315e-01	   7.0004928429250479e-01	   5.4587753469717182e-01	   7.2245607703463821e-01	   7.2962115276047168e-01	   7.8090911667180707e-01	   6.1133627147330061e-01	   6.9208628992234988e-01	   6.2869003665083811e-01	   6.8933233250871795e-01	   6.8243298876822200e-01	   2.8968536287022834e-01	   5.2848796747803872e-01	   6.5094968190228097e-01	   6.0512984913221168e-01	   6.2689839316170071e-01	   6.3493154554731468e-01	   5.1359635941045634e-01	   5.2753952434751894e-01	   5.1776042166895464e-01	   4.6331307423599832e-01	   5.2927662263562891e-01	   5.0837389058741123e-01	   6.0895077838637690e-01	   6.2704555423740072e-01	   4.4728228461285291e-01	   5.3491343782698320e-01	   7.2304838321863185e-01	   7.5111061875148499e-01	   5.5406237311016882e-01	   7.0359690384455031e-01	   5.9594708584592304e-01	   6.6075104278837116e-01	   3.2245493210180798e-01	   2.7610031803147783e-01	   6.8744217615515080e-01	   7.3530271358610433e-01	   2.3552267602075483e-01	   1.3858664107009278e-01	  -7.7715209174553735e-03	  -5.4765575638566710e-02	  -2.2240131533357893e-01	  -1.1856458689916521e-01	   4.8752809366880634e-01	   2.6590276214225039e-01	   4.7891232912798765e-01	   4.0781359115601740e-01	  -2.8522033061262902e-01	  -2.9764635606380813e-01	   3.6699107759254619e-02	  -8.0597745864195144e-02	   2.7952443886265987e-01	   8.8515384276249609e-02	   1.1618601536879739e-01	   8.9599106855925537e-02	  -1.9581465664072820e-01	  -1.8048039851311437e-01	   5.5713043373174731e-01	   6.0541975487846122e-01	   2.8058673010782142e-01	   9.2256289753210721e-02	  -9.9393546001652108e-02	  -2.6932370201745431e-01	
   7.6857796430389003e-01	   0.0000000000000000e+00	   2.6135387562289480e-01	   4.8145622244945840e-01	   4.2386450443823320e-01	   3.6368857382898245e-01	   3.7708068140349815e-01	   5.2104788257815959e-01	   1.6019722437180478e-01	   2.2760490439901390e-01	   3.9645275437531374e-01	   6.7589411951296652e-01	   3.7818360401191431e-01	   5.3990555199658674e-01	   2.8931878642138453e-01	   4.8432570706733252e-01	   5.6246487277349244e-01	   6.4730039620190771e-01	   5.5857498164210084e-01	   7.4034256780663155e-01	   2.7197159528288184e-01	   3.2434941954370700e-01	   2.3577493765774449e-01	   3.1638609204266571e-01	   2.7082030866841122e-01	   3.8313224253610406e-01	   2.8764632395000156e-01	   3.3216786621119998e-01	   3.0654793647604250e-01	   5.0847764263192485e-01	   2.6521212014423057e-01	   3.8705992671871559e-01	   6.5494170243212657e-01	   6.8740910812250999e-01	   1.5725534174794692e-01	   2.1604256872425442e-01	   4.3396551052617682e-01	   5.9142403721105252e-01	   4.9264545685182093e-01	   4.0890606007129415e-01	   3.4895077974133692e-01	   3.3096281603184552e-01	   2.5219197003282479e-01	   3.9629210807122395e-01	   3.8478942830052620e-01	   5.3456553969638654e-01	   4.7107383892394700e-01	   4.6772101881086303e-01	   4.9019213930092548e-01	   6.1227753507377369e-01	   4.8495105101120711e-01	   5.2017840541026472e-01	   5.9913375016271964e-01	   5.4751063068300776e-01	   6.6970508614826463e-01	   6.8263608761581529e-01	   7.7770894486140196e-01	   7.8311253461380081e-01	   6.3745409309939027e-01	   6.3959194890722049e-01	   5.2652850566325893e-01	   5.6661228902267535e-01	   6.2785814976666321e-01	   6.4074182374641175e-01	   5.7088451686259326e-02	   3.7005083027635211e-01	   3.7683165478795932e-01	   4.2448774435346581e-01	   6.8955569089640822e-01	   6.7174424202284644e-01	   3.9554327024456604e-01	   4.9369705846065559e-01	   4.0762265764194971e-01	   4.0746005978613742e-01	   4.3594972724280906e-01	   4.9805592274643362e-01	   5.2669369285371825e-01	   6.3940682945956939e-01	   3.7688630954036706e-01	   3.5079829538028762e-01	   5.8573167611058041e-01	   6.2124772453805632e-01	   4.1519168506355797e-01	   6.4636046951095771e-01	   2.9573554962248866e-01	   5.2349339466558875e-01	   2.9428794338688380e-01	   3.3762769084859623e-01	   4.9602588640760226e-01	   6.6393440364642542e-01	   3.0013425542511274e-01	   1.4281156323578903e-01	   8.4540005889835554e-02	  -6.8202641511543982e-02	  -6.7492550440824653e-02	  -7.1674212066559747e-03	   4.1299690102051306e-01	   3.7602077517061161e-01	   4.8831874437707568e-01	   4.6217212603485841e-01	  -4.3134114399120141e-02	  -1.3861740193041697e-01	   2.7093905165913068e-01	   1.0620054206511968e-01	   3.6304974071795165e-01	   7.2799222371230293e-02	   1.8963192522439759e-01	   2.0080701295333125e-01	  -6.0411426135916671e-02	  -1.0208084382193637e-01	   4.0801230952558826e-01	   5.0237445459650165e-01	   2.7563278110509964e-01	   1.5622149183323547e-01	  -4.5063806461363258e-02	  -1.9913138733233665e-01	
   5.3213194977695666e-01	   2.6135387562289480e-01	   0.0000000000000000e+00	   7.2581626617838235e-01	   7.0461623905122850e-01	   7.1235070888913266e-01	   8.4073358820722099e-01	   5.4602603507201508e-01	   7.0628422454122397e-01	   7.1859181548772866e-01	   5.5776561512069245e-01	   3.0471341072953706e-01	   7.0669156628044694e-01	   5.0434610386381851e-01	   7.6770819660183265e-01	   5.9621863991243262e-01	   4.4774699418481656e-01	   5.2519482094016068e-01	   7.2062045904187300e-01	   3.3941651237253567e-01	   6.4458331675265090e-01	   3.7701428392885711e-01	   8.9384061836211959e-01	   7.1163259044493432e-01	   9.1026620121081603e-01	   7.7692104518603866e-01	   6.2108953185074300e-01	   5.0187415451609174e-01	   6.0990660237017025e-01	   4.5799266408844808e-01	   8.3267780521451840e-01	   7.5242028341534128e-01	   7.5565841144877344e-01	   7.1207558756646683e-01	   7.7403146014859536e-01	   6.9851356730043812e-01	   3.6815612299156825e-01	   3.3939542498466646e-01	   5.8300707625479031e-01	  -7.8243924689819611e-02	   2.4441331544772521e-01	   2.1687722976861343e-01	   2.9202023474719196e-01	   3.0570758025728256e-01	   3.2520019762437558e-01	   1.8150779570520698e-01	   3.5123318609792964e-01	   3.2790850119799797e-01	   1.3851411966032501e-01	   2.2396966159758167e-01	   6.5499792646961175e-01	   6.5722489437857856e-01	   4.4091522474929479e-01	   4.3828082385904099e-01	   5.2745957719900116e-01	   1.7201075586972972e-01	   2.7736655817934242e-01	   3.8674275850254414e-01	   5.1093267702945155e-01	   3.2474577739893917e-01	   6.5980316286796525e-01	   5.8653990969254632e-01	   3.5413802155724983e-01	   3.7491056364094127e-01	   8.7930901576522735e-01	   7.5974364983689369e-01	   7.8915242235178251e-01	   6.2418083607430996e-01	   4.3757231634528015e-01	   4.2708133884538979e-01	   7.4781158536466363e-01	   5.9792324264347640e-01	   6.5285552685149950e-01	   5.9257507471506665e-01	   6.5746784778641132e-01	   5.7904673504682513e-01	   5.5205104278118189e-01	   4.2041543578161128e-01	   4.5837741371827967e-01	   6.2671023137260429e-01	   4.4448151121417001e-01	   5.7695220040296014e-01	   6.8876992029394468e-01	   3.7694632374192433e-01	   8.4853489792740322e-01	   5.3037119554921830e-01	   2.2913887248374290e-01	  -8.6175358212136025e-02	   7.5976812414035355e-01	   4.6442241553111441e-01	  -6.6518774278361628e-02	  -3.4196859253432542e-02	  -3.1226327674802123e-01	  -2.2372757626904424e-01	  -1.4106167013798865e-01	  -4.2106327332331006e-01	   2.3984049696637283e-01	  -4.8590830486160197e-02	   3.8337637617351261e-02	  -7.8298687866119945e-03	  -7.0995990181176161e-01	  -6.7339625646318702e-01	  -4.5703153648492562e-01	  -5.3596770473270428e-01	   2.8141060077715888e-02	   5.9214597600543248e-02	  -1.1271486013111232e-01	  -1.9675569753787037e-01	  -2.4769938053662638e-01	  -3.1595457589599352e-01	   3.5251974990325929e-01	   3.3426635361330920e-01	   1.8636807474726935e-01	  -5.6232160610294596e-02	  -2.5417069777897774e-02	  -4.9429099974141866e-01	
   6.8753140986645189e-01	   4.8145622244945840e-01	   7.2581626617838235e-01	   0.0000000000000000e+00	   7.7499410814831560e-01	   8.0732621850634045e-01	   7.7090096049330670e-01	   8.6235323541357212e-01	   6.2941717324932089e-01	   7.3340981179796128e-01	   5.6191586514519665e-01	   6.0676263597316993e-01	   6.3062157049775769e-01	   6.6205912461447325e-01	   7.1083513378348662e-01	   8.2417605970485641e-01	   4.6251485855507046e-01	   4.7574701737034053e-01	   7.8440195386010136e-01	   6.2463627113812570e-01	   6.8103297425041609e-01	   5.4440111856376183e-01	   7.4206987600111562e-01	   8.4848973434950503e-01	   6.4935280511548210e-01	   7.3867927593985205e-01	   6.8997408855177356e-01	   6.7604205690416297e-01	   4.7257265978758772e-01	   5.1063012536963592e-01	   5.4291930384393083e-01	   6.6182531961114588e-01	   6.4031958344342133e-01	   7.2506985746987418e-01	   4.6114192114886554e-01	   5.3635126634503716e-01	   5.7941061252359360e-01	   5.7812657612827389e-01	   7.2251782178141888e-01	   2.1364387307902813e-01	   4.1890854447830078e-01	   3.7096935197440639e-01	   2.0985864335105314e-01	   2.4723085411143003e-01	   9.7314950962812966e-02	   1.0337573820294102e-01	   3.7494922923108481e-01	   3.7202779744584114e-01	   1.6709795665110666e-01	   2.3200587179076210e-01	   6.7353913341160454e-01	   5.9508163737699316e-01	   5.5836363659766419e-01	   5.3695025231443849e-01	   5.9964761534541888e-01	   3.4554227212176369e-01	   5.0513158299751182e-01	   4.4606374421993944e-01	   6.1069124574136202e-01	   4.8870002441520088e-01	   6.3998646141000592e-01	   6.4720699392739545e-01	   3.9950269252659043e-01	   4.4751985368950653e-01	   5.2314509762443473e-01	   7.3891460637447914e-01	   7.0668991236931478e-01	   7.0975129836147022e-01	   7.1164165792066369e-01	   7.2320452241565181e-01	   5.7379300173302372e-01	   6.0994086636752121e-01	   4.3422834828098300e-01	   3.9875895456666233e-01	   4.2581664133051877e-01	   4.1102691088361198e-01	   4.0871220438191908e-01	   4.2759759826261756e-01	   5.0684359586600358e-01	   5.6944411546686435e-01	   6.0387214164986913e-01	   6.6482333548479244e-01	   7.0307701736511019e-01	   7.4075130612208651e-01	   6.8951206347460703e-01	   7.0511886918892452e-01	   2.1544219376460727e-01	   1.4928950603038504e-01	   8.3181644003334243e-01	   7.4155014978979295e-01	   3.4442168361402981e-01	   2.2815371421296265e-01	   7.6439163061456775e-02	  -6.3800400086135550e-02	  -1.7214367056589236e-01	  -3.1149654200054988e-01	   3.0575167813176968e-01	   2.3201678390932139e-03	   2.4712857091752957e-01	   1.9404006271304441e-01	  -4.1571066459260353e-01	  -4.4279930505002341e-01	  -1.2478090003854503e-01	  -2.4651685816645497e-01	   2.3869601610408969e-01	   1.6846460725907922e-01	   1.1755238697044035e-01	   4.1142746571770208e-02	  -1.3235385177370262e-01	  -1.9903381589824398e-01	   4.6333368770546668e-01	   4.6949641556244237e-01	   1.9191277297995193e-01	  -4.8565452415565938e-02	  -1.4814643474015694e-02	  -3.7780374486196616e-01	
   6.9288944321580415e-01	   4.2386450443823320e-01	   7.0461623905122850e-01	   7.7499410814831560e-01	   0.0000000000000000e+00	   7.9677457456545686e-01	   7.0297632140688793e-01	   6.6715117853471817e-01	   7.3918299602241744e-01	   6.1265818943343198e-01	   6.4882610525775197e-01	   4.3485761438192383e-01	   5.9085254702512524e-01	   4.8061257882279951e-01	   8.0349493247125447e-01	   7.2262147802512178e-01	   3.7120753633146819e-01	   3.9249520509431929e-01	   8.3461739065488794e-01	   5.9123222347992066e-01	   6.2352669290049922e-01	   4.4038484485950791e-01	   8.3517038979938096e-01	   8.0048947476997889e-01	   7.4614955763850599e-01	   7.3588417271270723e-01	   8.0606266214016753e-01	   7.1290185054700173e-01	   4.0231608726969559e-01	   3.6192421694201005e-01	   4.9771007751679242e-01	   4.9260150759940979e-01	   5.6972174006282816e-01	   5.6482528556574008e-01	   6.6578404828245397e-01	   6.8136996463817145e-01	   3.8794683214239145e-01	   4.0614452144258517e-01	   5.3114286280352996e-01	   2.7180307060335661e-02	   3.1268670040731128e-01	   2.0870204092861086e-01	   2.4392011092829963e-01	   2.9607478535824727e-01	   1.3275469970735870e-01	   8.8092420084216888e-02	   3.7103642354937694e-01	   3.2797061115001225e-01	   1.5393918469407922e-01	   1.8217728076263559e-01	   4.9801344775772127e-01	   4.5463183385203704e-01	   4.0023782643664668e-01	   4.1933509371710709e-01	   4.0822163966281061e-01	   1.4403255562426293e-01	   4.2141331033454865e-01	   3.3774638647253880e-01	   5.2814577088325587e-01	   2.9867090328850177e-01	   4.9361307269596066e-01	   4.2554430699659057e-01	   3.0041394295654900e-01	   2.7293914116973161e-01	   5.8071694197199764e-01	   7.1650284237127004e-01	   7.1446564488578745e-01	   6.3295499326489790e-01	   5.9669226178670809e-01	   5.9363225760635330e-01	   4.5581963731487413e-01	   4.0324679232512695e-01	   3.3137093991137390e-01	   2.1525017227123111e-01	   3.6378396727705864e-01	   2.9290677508218638e-01	   3.2897493830861951e-01	   2.4538650196149539e-01	   4.4386474927028541e-01	   5.4817644520484243e-01	   6.1742888020168407e-01	   6.4382449167436984e-01	   7.1183945737685295e-01	   6.1030882926134256e-01	   6.8586232121651380e-01	   5.3330204592132224e-01	   2.0809633644960771e-01	   1.2697171713839911e-02	   6.7187469158335489e-01	   5.7137603496131395e-01	   3.9518740897047921e-01	   3.7554521368501809e-01	   1.1883800959506599e-01	   1.2706070292568211e-01	  -1.0052595877870346e-01	  -2.4528856348324046e-01	   2.6209544082273911e-01	   3.0497700507708513e-03	   2.3294252587457642e-01	   2.0121166002824159e-01	  -4.7654474322394136e-01	  -3.8368636473521051e-01	  -1.7618159971100159e-01	  -2.0891972007155957e-01	   8.5379916050112692e-02	   1.5505850790317757e-01	   2.5675255715897016e-02	   6.1697487400025390e-02	  -1.5949660325588663e-01	  -1.7973975956264038e-01	   5.4599737273699023e-01	   5.1998862354331554e-01	   1.6337127430916343e-01	  -1.6314717296999981e-01	  -1.0168542591664542e-01	  -4.7071197245754776e-01	
   5.4465915062621562e-01	   3.6368857382898245e-01	   7.1235070888913266e-01	   8.0732621850634045e-01	   7.9677457456545686e-01	   0.0000000000000000e+00	   6.7797277344002049e-01	   6.5913807858266815e-01	   7.5810160844464103e-01	   8.3397543042945443e-01	   5.4802056637852181e-01	   4.9083739095928264e-01	   6.5232076191507016e-01	   6.8516831663055533e-01	   7.3123812947311739e-01	   8.2044452197895912e-01	   3.4863895753310969e-01	   3.7226556577406317e-01	   6.7357378968175707e-01	   4.9688341069483921e-01	   7.0864278964454730e-01	   6.4816159172515608e-01	   7.9634904985926080e-01	   8.7683456634301837e-01	   7.2407495712681946e-01	   8.2974929741706116e-01	   7.0540402674005787e-01	   7.4429827515460922e-01	   4.3366321500764138e-01	   3.9701310643924059e-01	   5.8754976805260406e-01	   6.7643186426750501e-01	   5.1439404933483557e-01	   5.9185579786018150e-01	   5.6444828070268471e-01	   7.0767971266210972e-01	   5.2911344147148154e-01	   5.4234983989690333e-01	   6.4274187611554534e-01	   1.2353779569928131e-01	   4.4692528656933683e-01	   3.5043150182310467e-01	   2.0640420360025322e-01	   2.4399156675523348e-01	   7.0156753273401595e-02	   1.2578069252806318e-02	   3.1667380845973114e-01	   3.1904778861824845e-01	   1.3241000456863419e-01	   2.1543723109028629e-01	   5.2997090532090585e-01	   5.3956088519325562e-01	   4.5525155057957012e-01	   4.6557718649979291e-01	   5.3033495779076689e-01	   1.9787245874531639e-01	   4.2479421715545129e-01	   3.4426311448845398e-01	   5.6998153906773141e-01	   4.1131172704558094e-01	   5.2984647900236170e-01	   4.8371359836587591e-01	   2.0947336146345871e-01	   2.3547690660919005e-01	   5.6392897776582662e-01	   7.5836981286091443e-01	   6.1209217058318544e-01	   6.0010982476152386e-01	   5.9253976288577248e-01	   6.0771447737127526e-01	   5.7905952243652214e-01	   5.7643672406960123e-01	   4.4436183820204045e-01	   3.6929290058773723e-01	   4.7282572532602829e-01	   4.3354592513268392e-01	   4.1884176442014076e-01	   3.7943536204447231e-01	   4.4664433050121644e-01	   5.1101703159259815e-01	   5.1662968406215237e-01	   5.5855327015526113e-01	   6.6860108077864011e-01	   6.1600002798243625e-01	   6.2163427509154889e-01	   5.5798879085523467e-01	   2.8064626936472187e-01	   1.2256351667405349e-01	   7.2622477993710621e-01	   5.8670686313737264e-01	   3.6430971452974836e-01	   3.2612534660229187e-01	   1.0542659096025216e-01	   8.5805233739563863e-02	  -4.8628770428093798e-02	  -2.4417080344082318e-01	   2.4026977777867492e-01	  -1.0598240423344529e-01	   2.3045310025414550e-01	   1.7691070119832822e-01	  -4.6095800113278046e-01	  -3.8921451686873532e-01	  -1.4658149014510913e-01	  -2.4543121675068164e-01	   2.1182219912679792e-01	   2.1534839237698200e-01	   1.3505652699003243e-01	   1.0482466843045427e-01	  -6.6472068420182884e-02	  -1.5711617082041440e-01	   4.4705588467893193e-01	   4.1505680651752747e-01	   2.4273093309248323e-01	  -1.0560917768981863e-01	   5.7389418854165708e-02	  -4.2477007272699596e-01	
   6.1779447840857782e-01	   3.7708068140349815e-01	   8.4073358820722099e-01	   7.7090096049330670e-01	   7.0297632140688793e-01	   6.7797277344002049e-01	   0.0000000000000000e+00	   8.2455935628033261e-01	   7.0519520904200228e-01	   6.9930442168848472e-01	   6.4051321541028361e-01	   5.6365884033154723e-01	   7.5092548741297405e-01	   6.6187881960949468e-01	   6.3957178201559517e-01	   6.3218883029136130e-01	   5.0971074170032449e-01	   4.7333757465035953e-01	   7.1568014382220713e-01	   4.8771405536760526e-01	   5.0459805426699234e-01	   2.5088245114838853e-01	   6.9198616970848115e-01	   6.4587889882616856e-01	   6.6799272284758970e-01	   6.2842431473811278e-01	   4.9711818851875433e-01	   4.8285870611112214e-01	   5.5798074048008361e-01	   4.2047031404086110e-01	   6.3477502084617576e-01	   6.2921096482734873e-01	   7.2264201647578730e-01	   7.6082251481597019e-01	   5.6675458303502080e-01	   5.3212826051750106e-01	   3.8479759693786741e-01	   3.7152629594094344e-01	   5.8825107653635622e-01	  -5.3451449471395157e-02	   2.1682291218160515e-01	   2.0473829103920468e-01	   3.8313296380505873e-01	   3.9344856240978465e-01	   3.7369459993741000e-01	   2.8595411684511551e-01	   4.8566466655098239e-01	   4.5922639368454876e-01	   2.4566069148056308e-01	   2.5559507403878212e-01	   6.5724690527998941e-01	   5.8068257245312238e-01	   5.3511859725413724e-01	   4.8678933024050725e-01	   5.7477113150959336e-01	   2.8794988020806844e-01	   3.3393242289973263e-01	   4.0071456043578613e-01	   5.6691871465268917e-01	   4.2811706928835686e-01	   7.9029157782003023e-01	   7.3995979357308428e-01	   4.5738144786092844e-01	   5.5746057030439422e-01	   6.9906063758970638e-01	   6.6638126711777801e-01	   7.5619920673013286e-01	   6.7334674315815346e-01	   5.3995652284226880e-01	   5.6595014686866241e-01	   6.4914920394693909e-01	   5.5744397846909177e-01	   5.4621018493310558e-01	   4.6770326399083167e-01	   5.7129464132818608e-01	   4.9975099432040049e-01	   5.0361575007575909e-01	   4.7499069734339472e-01	   3.3878345980039887e-01	   4.4115036514714367e-01	   4.6167651268587706e-01	   5.2207887320711999e-01	   5.0843987982411964e-01	   4.4992433555103950e-01	   6.8907634707642573e-01	   5.9681696589878641e-01	   4.9323683427638224e-02	   1.1806283210119870e-02	   7.5993868893048200e-01	   6.2180025200980804e-01	   1.3795308229175568e-01	   6.9952070719063050e-02	  -1.0773593648174154e-01	  -1.4864644165813051e-01	  -1.7233600466608801e-01	  -4.1930478826996831e-01	   3.2663573049953454e-01	  -5.2831280922192456e-02	   2.2343759813219755e-01	   1.1918940213433014e-01	  -4.6225942237356404e-01	  -4.4946856761654763e-01	  -2.9013708739683286e-01	  -3.4101405774759919e-01	   1.4435905189375231e-01	   1.2193139584755447e-01	  -2.6398383271736280e-02	  -9.8103625520483378e-02	  -2.9416958620027489e-01	  -3.3156816016660007e-01	   3.9490339472431618e-01	   4.5709613930412396e-01	   1.7499087917931191e-01	  -5.4003852410367634e-02	  -7.4265659149984925e-02	  -4.5541060810780715e-01	
   6.6214378547888897e-01	   5.2104788257815959e-01	   5.4602603507201508e-01	   8.6235323541357212e-01	   6.6715117853471817e-01	   6.5913807858266815e-01	   8.2455935628033261e-01	   0.0000000000000000e+00	   5.6599875882398565e-01	   6.6755243752138183e-01	   5.6800282657073031e-01	   7.1387163793005493e-01	   6.1161535411056112e-01	   6.8417367800140205e-01	   5.2108635968023365e-01	   7.1236076784959768e-01	   4.9446285835315262e-01	   4.3262629357760646e-01	   6.7949433544170179e-01	   6.3982675414161727e-01	   4.3244295602933958e-01	   3.2447529818556964e-01	   4.8867875393222182e-01	   6.2831333380938459e-01	   4.0070627967731542e-01	   5.2017404774574827e-01	   4.4827783226820800e-01	   5.0345963128523363e-01	   4.1452591966905245e-01	   4.4329342340919620e-01	   3.5531174325896342e-01	   4.9976888683442877e-01	   5.8254468012011396e-01	   7.1237449430008160e-01	   2.6685423201036784e-01	   3.3701866656838353e-01	   5.2604632990599764e-01	   5.2345611093278288e-01	   6.5075048113026634e-01	   2.4858700993866401e-01	   2.9018804657077935e-01	   2.8861222443480899e-01	   2.7889664352186516e-01	   3.3132755182263257e-01	   2.0319880381098585e-01	   2.5278420262045009e-01	   4.6897329197092547e-01	   4.5666304774825012e-01	   2.7518655134040282e-01	   2.8955378456065539e-01	   6.1155112064038775e-01	   5.2421650792420538e-01	   5.7421681953252091e-01	   5.0165201857201203e-01	   6.2775731999615914e-01	   4.5837418215222525e-01	   4.8530496367367959e-01	   4.2371570499135047e-01	   5.7871827554151201e-01	   5.1806352335468087e-01	   7.1092363701021277e-01	   7.7566795540712652e-01	   4.4299057057644831e-01	   5.7111251512758754e-01	   3.8993415034192558e-01	   6.5039348531169217e-01	   5.7854181405690386e-01	   6.4800035913993603e-01	   6.8002567340754894e-01	   7.1267549496225280e-01	   4.7031015629114131e-01	   5.5733877038801394e-01	   3.4441889114353236e-01	   2.9646547706571308e-01	   3.5950220935810573e-01	   3.6142077172679987e-01	   3.8471717519533172e-01	   4.6665944867979581e-01	   3.4711759588081093e-01	   3.6810207257593519e-01	   5.4962898240147573e-01	   5.5921463307672026e-01	   4.3508216261163180e-01	   6.6606778555651247e-01	   4.9435276908026515e-01	   6.3706281655775754e-01	   3.2085691478151324e-02	   1.6269537726570171e-01	   7.3425514430400440e-01	   7.5318397100670242e-01	   3.9803386091733789e-01	   2.0986042419080647e-01	   1.8571943837423913e-01	  -4.8505466713506917e-02	  -1.0079762325753550e-01	  -2.3441987661291580e-01	   4.0157959181990754e-01	   7.6535101291098501e-02	   4.2371506721328894e-01	   2.9091103429219500e-01	  -1.8494702236559354e-01	  -2.4644800271906175e-01	  -3.4371320346283513e-02	  -1.0424536800647528e-01	   2.8598998922982138e-01	   1.9092231926246286e-01	   1.7299806857420666e-01	   8.7885392429668308e-02	  -9.6532802128974693e-02	  -1.6679714020156636e-01	   4.4280247641069753e-01	   5.3493990326564356e-01	   2.1816023773720977e-01	   2.0334827831979985e-02	  -2.4752039835594854e-02	  -2.7327744926574743e-01	
   4.0854676687318003e-01	   1.6019722437180478e-01	   7.0628422454122397e-01	   6.2941717324932089e-01	   7.3918299602241744e-01	   7.5810160844464103e-01	   7.0519520904200228e-01	   5.6599875882398565e-01	   0.0000000000000000e+00	   8.6375943707941083e-01	   6.4942979917150678e-01	   3.2075264176876206e-01	   6.5617191753094295e-01	   4.8507393993228587e-01	   7.5985493627665635e-01	   6.4974220854877784e-01	   1.2141532726825735e-01	   1.0449628066519240e-01	   6.4765833001904927e-01	   3.5195078336005675e-01	   5.1605918278422835e-01	   3.9711070677632077e-01	   7.8126262145565462e-01	   7.3873900177457230e-01	   6.8635515648582091e-01	   6.5683934382935072e-01	   6.9575114160462936e-01	   6.3943436276118304e-01	   4.4021729482171817e-01	   2.8838764418843904e-01	   5.2444062662280211e-01	   4.8067747618497314e-01	   4.2429214115918407e-01	   4.5199419197487090e-01	   6.5121032684013125e-01	   6.5764356239801658e-01	   3.4320323340557302e-01	   3.1506138648930926e-01	   3.8744320312462260e-01	  -1.5026915092992732e-01	   2.8887049359679146e-01	   2.6726700863776870e-01	   4.4571148660287069e-01	   4.1759462707950623e-01	   2.1383489976176831e-01	   1.3315001716500727e-01	   4.7603767478531700e-01	   4.2951851197508029e-01	   2.6838249145206600e-01	   2.7081743881707859e-01	   5.0274592541598040e-01	   4.9365381762893484e-01	   4.3421734177870541e-01	   4.8860553627714010e-01	   3.4941527241985210e-01	   7.9900494031233352e-02	   3.0051698677935439e-03	  -3.0626680044391051e-03	   3.1823306197329460e-01	   1.3032463407447045e-01	   3.7659945238637416e-01	   3.2421489054633046e-01	   5.7062648858785668e-02	   7.3963751336484598e-02	   6.3123836573027914e-01	   5.9630244183164327e-01	   5.7265407916100852e-01	   5.0482903822071945e-01	   3.7546669004827293e-01	   3.8445221903227234e-01	   4.1260619268932147e-01	   3.2648227870905655e-01	   2.9640247364909927e-01	   2.3127501770168879e-01	   3.3614624316320202e-01	   2.2575201996877003e-01	   3.2799139364997737e-01	   1.5813680997790697e-01	   2.4573618728498958e-01	   3.6493354006033030e-01	   3.9892197123948725e-01	   4.2876209320978387e-01	   5.5283206797920104e-01	   3.9161560201127132e-01	   5.8680477542794218e-01	   3.0036561473239043e-01	  -9.5754537212564050e-02	  -2.3282833872728195e-01	   4.7281620197493501e-01	   3.0749088581724104e-01	   3.6716359315363378e-01	   4.2037966194156495e-01	   1.5050319965596223e-01	   1.9288300453215462e-01	   1.9842801974884636e-01	  -1.7868283486427225e-01	   3.1280403453818856e-01	  -2.6669100498649480e-02	   2.3091490406593462e-01	   1.9674235685007810e-01	  -4.1399018946147392e-01	  -3.9455052681114411e-01	  -2.7468249271038386e-01	  -3.1027769125832649e-01	   1.6591754155984512e-01	   2.4232995870323815e-01	   5.2553816884910225e-02	   3.6083410870036336e-03	   6.9960733172599737e-02	   1.9276250376689711e-03	   5.5265276746812775e-01	   4.9248399059532610e-01	   2.5117730056066778e-01	  -3.8587393985793167e-02	   1.8394990431751657e-01	  -3.7425867707128285e-01	
   4.0329815244274370e-01	   2.2760490439901390e-01	   7.1859181548772866e-01	   7.3340981179796128e-01	   6.1265818943343198e-01	   8.3397543042945443e-01	   6.9930442168848472e-01	   6.6755243752138183e-01	   8.6375943707941083e-01	   0.0000000000000000e+00	   5.4166028604161043e-01	   4.0671590401617108e-01	   6.6392774783228059e-01	   6.3699480794969676e-01	   6.5483708686011044e-01	   7.1256335328529496e-01	   2.7209981198533062e-01	   2.7355201240131755e-01	   5.9274099680936265e-01	   3.6474656948953554e-01	   5.7495031021588194e-01	   5.1105133875386499e-01	   7.2501574238267086e-01	   7.5231823031866185e-01	   6.5429472075978590e-01	   6.9858650957692159e-01	   6.1714869256212002e-01	   6.3295927307530508e-01	   4.7009310989574138e-01	   3.8347920249065331e-01	   5.9769481598952401e-01	   6.4568510741826857e-01	   4.6980339845741836e-01	   5.5773626379597840e-01	   4.8237642946424431e-01	   5.9105237537982735e-01	   4.4465169572411106e-01	   4.2161955332108314e-01	   5.1059030551268780e-01	   1.1133835977749531e-02	   3.6900337112128817e-01	   3.9262782502190297e-01	   2.7615747923836925e-01	   2.6226593908239448e-01	   1.3122941370240901e-01	   8.9750788503716303e-02	   3.6774645706059428e-01	   3.6044133771956621e-01	   2.2702538454585391e-01	   2.8819159333059247e-01	   5.5903229289681722e-01	   6.2079409355994974e-01	   5.1820807938010227e-01	   5.3328702534829620e-01	   5.0285871724789422e-01	   1.9585789615042051e-01	   1.7842962386981975e-01	   1.5971583379873133e-01	   4.4980568688960926e-01	   2.9419376455815999e-01	   5.1224792278516751e-01	   5.1284315517426793e-01	   1.6420729992054195e-01	   2.1575458441051165e-01	   6.1747106873465596e-01	   6.8738811030972746e-01	   5.2926902812604648e-01	   5.1622041651114547e-01	   4.6285673516516135e-01	   4.7354262256341767e-01	   5.7625949543673360e-01	   5.8348495721120508e-01	   4.3048886149025600e-01	   4.0918558673823902e-01	   4.5969717108845354e-01	   4.0023227618934376e-01	   4.2220982791349898e-01	   3.3922904944049415e-01	   3.3348180156317991e-01	   4.2673613773096697e-01	   4.0870066084723056e-01	   4.5799617368205536e-01	   5.4694785908683718e-01	   5.1464317210627264e-01	   5.7198880559837117e-01	   3.7781940086678728e-01	  -3.6634898387213136e-02	  -1.6007490478190883e-01	   6.0898829078830030e-01	   4.3333629657061057e-01	   2.9120551607952450e-01	   2.4838867816003157e-01	   5.7970047239875963e-02	  -3.3615631230880370e-02	   6.7949772651201931e-02	  -2.7042982143247629e-01	   2.5503771166091666e-01	  -9.2560958075068075e-02	   2.5147374437014725e-01	   1.5519007235430080e-01	  -4.6240346220959394e-01	  -5.2219665040871943e-01	  -2.9137470184092396e-01	  -4.1304307298435583e-01	   2.2685775076888132e-01	   1.9110274595391985e-01	   8.5389945558116229e-02	  -5.5001891698997607e-02	   1.4804193845445453e-02	  -9.9370387721863643e-02	   4.0175549455097481e-01	   4.0471150596922301e-01	   2.8683177320757519e-01	   1.7349387010551498e-02	   1.8195784680120280e-01	  -3.5960347081285249e-01	
   6.9812092331888598e-01	   3.9645275437531374e-01	   5.5776561512069245e-01	   5.6191586514519665e-01	   6.4882610525775197e-01	   5.4802056637852181e-01	   6.4051321541028361e-01	   5.6800282657073031e-01	   6.4942979917150678e-01	   5.4166028604161043e-01	   0.0000000000000000e+00	   6.4499648313123248e-01	   8.5927749161683986e-01	   6.8401982941174311e-01	   7.6171794004661464e-01	   7.1619483028496467e-01	   4.8079860260265123e-01	   4.6475727086983054e-01	   6.6304136933606228e-01	   5.1302143567348135e-01	   5.0854119455681968e-01	   3.2682638010382242e-01	   5.9710994347964697e-01	   6.2969114344622246e-01	   5.4280724795153046e-01	   5.8813464130821569e-01	   4.8437979371518380e-01	   4.4670881858323841e-01	   6.3948972484763278e-01	   6.2815056268328706e-01	   5.4077553112678156e-01	   5.7509359199186649e-01	   6.1592728439275135e-01	   5.8107746358748114e-01	   5.3787492153970340e-01	   5.0170523369203290e-01	   5.0534992592970274e-01	   4.5501134184543923e-01	   5.3076354356855315e-01	  -2.4447212600123204e-02	   3.4943505148800380e-01	   3.6663536090431492e-01	   4.0358378746651702e-01	   4.1453047713941382e-01	   2.7925469613333387e-01	   1.9853968656083476e-01	   5.0248820391950622e-01	   4.6046817597391398e-01	   1.7677730318659174e-01	   2.4955124758793854e-01	   3.8320681532263690e-01	   3.8718954336357531e-01	   3.2299639945394221e-01	   2.8061402048734335e-01	   4.3588308706403672e-01	   1.4642663444694584e-01	   3.3367604393841788e-01	   3.3435189809469612e-01	   4.6857796104528932e-01	   2.6464281817683977e-01	   5.8054932957616268e-01	   5.0621042447407205e-01	   4.6496044025114014e-01	   4.4652615217982949e-01	   4.7518750104441032e-01	   5.6914699872569663e-01	   5.5703273296336731e-01	   4.5675423537676257e-01	   4.2973709791245812e-01	   4.4830553903895187e-01	   5.3766015557490243e-01	   4.7062094282323197e-01	   4.7216097005211993e-01	   3.7797117538021202e-01	   4.8393116340075215e-01	   3.8862856089409059e-01	   5.2048909395723597e-01	   4.0451223220390564e-01	   3.7204665677295357e-01	   5.2665470208562581e-01	   6.5665665684184638e-01	   6.8643193632861410e-01	   5.4515340336266105e-01	   5.5445650811871572e-01	   7.0103159060820808e-01	   5.2133669909609459e-01	   1.5402632680948691e-01	   2.9476427093790079e-02	   5.2596125226237544e-01	   4.5852610073803651e-01	   2.2620907267826323e-01	   1.8610659833453091e-01	   1.2702413079982638e-01	   8.0479862242930411e-02	   7.1947407618894801e-02	  -4.9596772217240882e-02	   4.4795528214410096e-01	   1.2470582969967432e-01	   2.9973165636951338e-01	   1.2882104847736059e-01	  -2.9072157154321554e-01	  -3.0711505955379825e-01	  -7.4542846835427751e-02	  -2.2027758210585591e-01	   1.8524919419234048e-01	   9.9027965141092494e-02	  -3.2286770419943996e-02	  -3.5248971554141237e-02	  -6.6765969807440040e-02	  -6.0021675848737278e-02	   5.9032155748341253e-01	   4.8791905935901259e-01	   2.1016940191690070e-01	   6.2909328353090960e-02	   6.3720300010125797e-02	  -2.7743964257280862e-01	
   6.7355103442705544e-01	   6.7589411951296652e-01	   3.0471341072953706e-01	   6.0676263597316993e-01	   4.3485761438192383e-01	   4.9083739095928264e-01	   5.6365884033154723e-01	   7.1387163793005493e-01	   3.2075264176876206e-01	   4.0671590401617108e-01	   6.4499648313123248e-01	   0.0000000000000000e+00	   6.6884326067394029e-01	   8.7478957457359541e-01	   4.0469708070348065e-01	   7.4140605328887021e-01	   5.0393806109203765e-01	   4.6529863158436902e-01	   4.7915503736205511e-01	   6.3503510843682176e-01	   4.8101608189052192e-01	   4.6888329211524177e-01	   2.8952122539403347e-01	   5.5101922873855491e-01	   2.7881379635675130e-01	   5.3402881867268803e-01	   3.1796027110015679e-01	   4.6926228412383497e-01	   4.1279483189787025e-01	   5.6028054591793630e-01	   2.9968215024825240e-01	   5.2862704677242967e-01	   5.4765816027727277e-01	   6.3646013256532463e-01	   1.5382883583527918e-01	   2.6000747540570834e-01	   5.4811238479655877e-01	   6.0440060355131087e-01	   5.9768644610246180e-01	   2.7586049356156805e-01	   4.1657483054591837e-01	   4.0437577673044139e-01	   2.4500019966315378e-01	   2.8148604328309140e-01	   2.0456411428881260e-01	   2.8275265466451593e-01	   3.7469050182227887e-01	   3.8785315532421993e-01	   3.2317111909041590e-01	   3.8284951325084110e-01	   5.0181167789634185e-01	   4.5683356868574310e-01	   4.9283434059448972e-01	   4.2138394383810590e-01	   5.9461537191800184e-01	   4.4966551125441634e-01	   6.0379176462512940e-01	   5.3760601548591613e-01	   6.2363466646048527e-01	   5.7315170951604055e-01	   6.5741652278247020e-01	   7.0306687818816993e-01	   5.6969858056326705e-01	   6.3704029020630326e-01	   1.3470947581608991e-01	   4.8109846964165515e-01	   4.4604506878998595e-01	   5.2036891706728605e-01	   6.1007546399511792e-01	   6.6239640568173075e-01	   4.4941325011595679e-01	   5.6257810066104541e-01	   4.0528109016311231e-01	   3.7968897312064798e-01	   4.2669551650015269e-01	   4.3409948641632479e-01	   4.2204506025999788e-01	   5.5617019956298652e-01	   3.9978203330660278e-01	   3.1997002587126766e-01	   5.9378395544558160e-01	   6.1535677836685099e-01	   3.9284062609585257e-01	   6.9987599490942398e-01	   4.2582636361926085e-01	   7.3223037447245820e-01	   3.0093558710913665e-01	   4.3949325310926735e-01	   5.6043581635172168e-01	   7.1329754221877195e-01	   3.1154899677558945e-01	   1.4707717414464971e-01	   1.2388528386429726e-01	  -5.7744416491095574e-02	  -2.4863838638232376e-02	  -6.0805531985036132e-02	   3.5051960698635748e-01	   1.2058609955714805e-01	   3.4735139875118481e-01	   2.3499866263821140e-01	  -1.3153640733477991e-02	  -4.7837226047882001e-02	   1.9254470537206900e-01	   7.8451441340295427e-02	   3.7106974762332545e-01	   1.1857656103311462e-01	   1.8057545208398967e-01	   2.3283386098783826e-01	  -4.0583649513461315e-02	  -4.5559150179848032e-02	   3.8678061566246247e-01	   3.9013115925447006e-01	   1.2074476550446522e-01	   5.4911157804693571e-02	   4.4509396727887958e-02	  -2.4380333179637839e-01	
   6.4866125936933927e-01	   3.7818360401191431e-01	   7.0669156628044694e-01	   6.3062157049775769e-01	   5.9085254702512524e-01	   6.5232076191507016e-01	   7.5092548741297405e-01	   6.1161535411056112e-01	   6.5617191753094295e-01	   6.6392774783228059e-01	   8.5927749161683986e-01	   6.6884326067394029e-01	   0.0000000000000000e+00	   8.2278569019769954e-01	   7.7271444934542755e-01	   7.8602478546142984e-01	   4.8652038832242545e-01	   5.0105981379248754e-01	   5.5207463160066372e-01	   4.0781590446295229e-01	   5.7331977249380961e-01	   3.5307472954378982e-01	   6.4935608328028160e-01	   6.8970785760763298e-01	   6.1392645103137200e-01	   6.8644920032979384e-01	   4.2285700240158597e-01	   4.3437367901356688e-01	   6.6209061230285426e-01	   6.2494329786865510e-01	   6.3702766495113539e-01	   7.1881630405700658e-01	   6.7528458912891520e-01	   6.6285527183931492e-01	   5.5984436298982487e-01	   5.5237894584118241e-01	   4.8880887595696865e-01	   4.6390771959977017e-01	   6.1058782030805370e-01	   1.9405848574901876e-02	   3.3415135842027310e-01	   3.9390540313623940e-01	   3.7396372825002533e-01	   3.6524363172591889e-01	   3.3848474864740363e-01	   2.3474902395775921e-01	   4.4194546412876434e-01	   4.3158477983961829e-01	   1.9578907814316809e-01	   2.7104637026262957e-01	   5.2023022533804131e-01	   5.3748478403202893e-01	   3.4143108033214198e-01	   2.8077324205197690e-01	   5.8040935983980924e-01	   2.2687262010341300e-01	   3.3206394641127190e-01	   4.0379793119644236e-01	   5.6322463594815353e-01	   3.8198643398691934e-01	   7.8556668292432619e-01	   6.8688953134496633e-01	   4.3488312097423126e-01	   4.9910704463293221e-01	   6.2898067976929461e-01	   6.9632372707602608e-01	   6.5111006978442376e-01	   5.4351677393913822e-01	   4.4605602796343152e-01	   4.7117882891722490e-01	   7.3770232476018249e-01	   6.4484455714089239e-01	   6.4976626538681193e-01	   5.7972696500934362e-01	   6.7571920392894269e-01	   5.9253794682817695e-01	   6.5369656579423918e-01	   5.6827539291677831e-01	   3.5074127255178589e-01	   4.9428748570550685e-01	   5.0924763118775995e-01	   6.1763498087421864e-01	   5.3164874114431870e-01	   5.3699340159499287e-01	   7.3054648107887599e-01	   6.1799722248889566e-01	   2.5660484032649744e-01	   1.1438933540595428e-01	   6.8391002890229013e-01	   5.4014315790399070e-01	   6.2290378666245594e-02	   3.8651167547225779e-02	  -7.2663156881530994e-02	  -6.5103543759428145e-02	   5.4600046728014509e-02	  -1.2217977729825510e-01	   4.5231827390582635e-01	   9.9744427974447075e-02	   2.2737205473245919e-01	   4.4526476798411097e-02	  -4.1556106575789808e-01	  -4.2385943958881911e-01	  -1.9572078843522014e-01	  -3.5993796401132544e-01	   1.9866956622434639e-01	   1.0005844306820544e-01	   7.7203451113003307e-02	  -5.3444271663253648e-02	  -1.4429084376893397e-01	  -1.5231707721264703e-01	   4.7235572686321875e-01	   4.1211686267945991e-01	   2.3745276578068639e-01	   6.1300984786547025e-02	   9.3511612393824592e-02	  -2.9200738929065695e-01	
