   0.0000000000000000e+00	   7.2750813677645232e-01	   5.6492716866148684e-01	   5.4023248733828755e-01	   4.1855548008436116e-01	   4.1342053714532029e-01	   5.4778768137482248e-01	   6.0036084312412685e-01	   2.8953517805829138e-01	   5.5611676898230222e-01	   8.2336062407700472e-01	   7.4209517721421447e-01	   6.8881235193934798e-01	   7.0479038150237994e-01	   6.0070468559199885e-01	   7.2621017723718906e-01	   7.6783490763358364e-01	   6.2238856807481224e-01	   7.5684567826592630e-01	   7.1312745725188109e-01	   2.8258996870349024e-01	   2.2971967324022266e-01	   4.5380828021231967e-01	   5.0405315700187103e-01	   4.0660216771877467e-01	   4.7776430634102623e-01	   3.8958648769191806e-01	   2.2980264554051216e-01	   7.5567869590500136e-01	   7.4930692452840886e-01	   7.0339010203405872e-01	   6.5586951095087875e-01	   8.3633791394512724e-01	   7.9484229170722820e-01	   3.1737964883190262e-01	   3.6959869088293440e-01	   5.9294772898828441e-01	   6.7453636802613492e-01	   5.7216909189353826e-01	   5.4299575900693775e-01	   5.9939300975343701e-01	   7.0334165018185146e-01	   7.8631151544419409e-01	   7.5933488126851811e-01	   6.6756089167319943e-01	   6.0888062760507711e-01	   7.9295847931417973e-01	   8.2304981568838864e-01	   5.3291477511560137e-01	   5.3500975718868116e-01	   6.1348485804983044e-01	   6.2906902349011506e-01	   7.7595575754866597e-01	   8.0516671761728520e-01	   6.6969353542213972e-01	   6.8300970940031891e-01	   7.7387668174685365e-01	   6.8784565712288215e-01	   4.8734072264228651e-01	   4.1735466997287307e-01	   6.7715804929452106e-01	   5.3911816434696624e-01	   7.7056836329485234e-01	   6.8416774775121847e-01	   3.2389554554838318e-01	   4.7995571032325790e-01	   3.5568064983256020e-01	   3.9896198351668055e-01	   6.4892534478618247e-01	   4.5360777350554649e-01	   3.1162102122321178e-01	   3.3667949357357707e-01	   6.1969474450825457e-01	   6.1146475861416194e-01	   6.5294827396608535e-01	   6.9570276900252781e-01	   6.7832700699857584e-01	   6.3875886486156563e-01	   7.3102657279201200e-01	   6.1636411520857304e-01	   8.2065849681012937e-01	   7.5519852863024650e-01	   7.0044904696594956e-01	   7.7832973885964762e-01	   6.0777823772013484e-01	   6.2969896328631569e-01	   5.1336406972814030e-01	   3.2435097026766890e-01	   5.1693191478326361e-01	   5.7262863059691904e-01	   5.9245709290356596e-01	   4.4226848572509825e-01	   3.7577892735099555e-01	   3.0783363252796675e-01	  -1.0139944512442427e-01	  -7.6808552962298438e-02	   6.1824100715881625e-01	   3.7914678191268936e-01	   8.1403795293958692e-01	   8.3734798268807387e-01	   5.8760953478679745e-01	   4.2078629510090226e-01	   5.5912521885820410e-01	   5.4473389242109205e-01	   1.4083481548596807e-01	  -1.6850234616343054e-01	   1.9116379193172889e-01	   2.3030304798248771e-01	  -1.3248301272982854e-01	   6.6325388007716590e-02	   7.1879651157389091e-01	   7.6753077197942210e-01	   5.3971661621488765e-01	   5.4775124609307357e-01	   7.0264357813631578e-02	  -2.5213012413902926e-02	
   7.2750813677645232e-01	   0.0000000000000000e+00	   3.7357871790961761e-01	   2.8560970432417943e-01	   2.0639323071868354e-01	   2.0632740078913539e-01	   2.4490999015708043e-01	   4.0168720690252790e-01	   1.7144304276665118e-01	   2.9491958819140418e-01	   5.4656392121987463e-01	   5.5561213874073911e-01	   3.9832108385220300e-01	   4.6376206634310962e-01	   3.3888092044629747e-01	   4.8906351120575947e-01	   8.4313341616013893e-01	   8.0079504510738209e-01	   5.0504219603265754e-01	   5.3740119574319334e-01	   5.2472212074832836e-01	   4.6422783499254849e-01	   2.1476852482543665e-01	   2.4787951777576001e-01	   4.1118428020796294e-01	   5.5749704309964376e-01	   3.5268544701013926e-01	   3.7568914179289958e-01	   7.2171497745162072e-01	   7.7961761604506497e-01	   7.4083040902866937e-01	   6.6838453523168551e-01	   7.4439351880808080e-01	   7.0210922441668200e-01	   3.0733225158017990e-01	   3.3655018223469202e-01	   6.1149651354983381e-01	   5.6901265796718214e-01	   7.5311279103506257e-01	   6.2854476368339529e-01	   7.2787942416147045e-01	   6.0717146114140952e-01	   7.7599290199078297e-01	   7.4311643520774862e-01	   5.3692426606003862e-01	   5.9879049169739251e-01	   7.3980873072361963e-01	   7.0304764670317521e-01	   4.7015519290169805e-01	   5.3164420628325293e-01	   4.3074047686883732e-01	   5.2887762876726763e-01	   5.5548242937152670e-01	   6.3699851352827341e-01	   6.9567203029904445e-01	   5.9573589775157576e-01	   8.9899834443327220e-01	   8.9073950692736403e-01	   1.5544973930456898e-01	   2.0621451309506461e-01	   4.7002790699079700e-01	   3.9473475053395934e-01	   6.2750396276500653e-01	   6.4582531168634061e-01	   2.4887241879566518e-01	   3.0935396643245516e-01	   6.3567862732289676e-02	   2.1374575086287290e-01	   3.6454953767725329e-01	   2.0755580768228005e-01	   3.7109555728236016e-01	   4.1394502681434631e-01	   7.1187939810054535e-01	   7.6670186677480590e-01	   6.7755221259666576e-01	   7.3688331369213889e-01	   6.1603427955070456e-01	   5.4907735917100720e-01	   8.4833755984441506e-01	   7.6050294315547318e-01	   7.6321345007151431e-01	   7.4656957993813133e-01	   4.7755682374397801e-01	   6.3276056510920964e-01	   4.3220596678429490e-01	   4.4475393959028758e-01	   3.4616945798682797e-01	   2.5466957298344473e-01	   2.9830128776738030e-01	   2.7125900798320479e-01	   3.2381391312921692e-01	   5.0879457688949491e-02	   2.7101223551647763e-01	   2.6416057778247043e-01	  -1.4376682765030246e-01	  -5.7717710792979895e-02	   5.5468749663670358e-01	   2.4229619489824211e-01	   7.6888928731824602e-01	   6.7201341085259214e-01	   6.1994548194831223e-01	   5.1966564387674907e-01	   5.0666010314755283e-01	   5.7726686754839629e-01	   2.2905826994584083e-01	   1.6217073395244135e-02	   4.0980697705004010e-01	   3.7260532683512987e-01	  -1.7968430874486097e-01	  -1.9567276040850262e-01	   4.6094490206947430e-01	   5.0760118275681909e-01	   4.4535059444729852e-01	   4.5131325354841889e-01	   1.1174827331375986e-01	   1.5903043956855895e-01	
   5.6492716866148684e-01	   3.7357871790961761e-01	   0.0000000000000000e+00	   7.6581629808707574e-01	   6.9766949178702753e-01	   5.7618110453712745e-01	   8.4155448402481081e-01	   4.3952207311947711e-01	   4.6181877700227347e-01	   6.3220521757663262e-01	   5.5016402154762101e-01	   2.9127139561861692e-01	   6.6619983156737983e-01	   4.7650835948790415e-01	   7.2165022307740290e-01	   6.6666824700329808e-01	   3.0090113109500111e-01	   2.2387896113874733e-01	   6.1089659547466935e-01	   5.5295728466116689e-01	   4.9644369511016376e-02	  -1.9005151516701825e-02	   8.7185315559804333e-01	   7.8714406228556766e-01	   7.5212854095646209e-01	   6.5864777420485887e-01	   7.1947286226795182e-01	   2.8015622275021468e-01	   3.5783663344966699e-01	   3.7316844220133899e-01	   7.1526191218661395e-01	   6.7335317038083864e-01	   7.1144452802804947e-01	   6.1804701182942257e-01	   6.4971516509586191e-01	   6.6379479859648727e-01	   3.7224247853690723e-01	   4.0159057706127677e-01	   3.5114395887550809e-01	   3.3019408150100776e-01	   2.8922119210804154e-01	   4.6136971117330350e-01	   6.6981311877528327e-01	   5.9074380838222540e-01	   5.9097334214654129e-01	   4.7292142702657436e-01	   6.0388023633130861e-01	   6.1898845945262415e-01	   3.8397821838407764e-01	   3.8054956326535494e-01	   6.1328889881237580e-01	   5.0261665021211088e-01	   6.0062615764157634e-01	   6.1293604072943231e-01	   4.5148638401885938e-01	   5.1635271992292531e-01	   3.6896400099749282e-01	   4.2903657192662548e-01	   6.3546894342882643e-01	   4.3869402144780628e-01	   5.2297449751914349e-01	   3.1174223550730296e-01	   4.1240974884758536e-01	   3.8030204105692067e-01	   7.3207820954895353e-01	   4.2273747193449579e-01	   6.2274688486020291e-01	   4.9273249742947756e-01	   6.8863459464035204e-01	   6.0489967949810974e-01	   2.0783626673309480e-01	   1.3794978675060929e-01	   2.9822991548067834e-01	   1.0900565355527300e-01	   4.0443607378121293e-01	   4.1638081680477834e-01	   4.3308950993991091e-01	   4.1591926716141453e-01	   4.4062295271316693e-01	   4.2828682450885946e-01	   4.9920766359425323e-01	   5.4644950775435730e-01	   6.3817298279228329e-01	   5.9483130906698323e-01	   8.0895549032128300e-01	   7.0210173778668150e-01	   6.9684629493794747e-01	   4.7546926239278986e-01	   6.7377785512722244e-01	   5.8689084903703137e-01	   4.7279858054886603e-01	   4.5839163661846777e-01	   2.5348559950995087e-01	   3.3355557444406331e-01	  -8.2005183400749498e-02	  -1.3259978453750731e-01	   5.5035117162719105e-01	   2.8471735449634644e-01	   5.4007413195386966e-01	   5.9359486255491911e-01	   2.2930402808619618e-01	   2.2276102678264476e-01	   2.7345299412715168e-01	   3.2469448391667660e-01	   1.4143276773484242e-01	   8.9555745805085657e-03	  -5.4551980683966522e-02	   2.5100318569426655e-01	  -9.8318439816423381e-02	   1.0176018823366200e-02	   6.3643900020512123e-01	   4.4907841835427342e-01	   2.7322451681125687e-01	   2.9213597759540855e-01	  -3.9499496006165771e-02	  -5.4118004433352115e-02	
   5.4023248733828755e-01	   2.8560970432417943e-01	   7.6581629808707574e-01	   0.0000000000000000e+00	   7.9459183817463064e-01	   8.3304516705070941e-01	   8.0518521514765418e-01	   7.8506192575490297e-01	   5.6135157154051418e-01	   7.6592485962145018e-01	   5.7144439615190656e-01	   5.3817430247591413e-01	   6.0823123110562483e-01	   6.0792311780253749e-01	   5.3257584181324646e-01	   6.6402906722400923e-01	   3.4809490311723817e-01	   2.4631456144771954e-01	   6.4255161140111738e-01	   7.2298513322297686e-01	   5.6557462069647034e-02	   9.4847050230920979e-02	   8.0146976489600297e-01	   9.0718858704748284e-01	   6.2923887842263793e-01	   6.7953818102871033e-01	   5.5524654183229527e-01	   3.2249501013429305e-01	   3.0533034528810260e-01	   4.6224520648493606e-01	   5.3446164380630956e-01	   6.6799724546752048e-01	   7.0813376940318185e-01	   7.5105818569145733e-01	   6.7428242032615859e-01	   7.3928775489404530e-01	   2.6022740466890254e-01	   3.8573046039802372e-01	   3.3943296797753686e-01	   3.9452399533737381e-01	   4.0754814227433761e-01	   5.7632583006910765e-01	   5.2746734632280401e-01	   5.0880311157708147e-01	   6.4509742320779029e-01	   5.8937259473186765e-01	   5.1002316096466682e-01	   5.4577591280346471e-01	   5.3950029133994359e-01	   5.5648869660303280e-01	   7.4205820530176070e-01	   6.4639207640823149e-01	   6.9303438182146349e-01	   6.4379106104272887e-01	   4.7930347335378543e-01	   5.3392204154291178e-01	   3.3571354165117551e-01	   4.4452353702645631e-01	   8.4827927190747765e-01	   8.0302775980448393e-01	   6.9856001221504371e-01	   6.2178845147602524e-01	   5.2619934275623015e-01	   5.8973594143505792e-01	   7.2615771062166401e-01	   7.5352518349126407e-01	   8.1651344895254652e-01	   8.0378497531767645e-01	   7.9154053088200360e-01	   7.8825773369439123e-01	  -7.5815112762120024e-02	  -9.2672549758312916e-03	   1.6139965166964709e-01	   1.3949730904602692e-01	   2.6910415510984742e-01	   4.1859521124795301e-01	   2.2626096182689256e-01	   2.6428586154790290e-01	   3.5975127241949600e-01	   3.9045427743086131e-01	   5.6892764310624910e-01	   5.7835443149172583e-01	   7.0637119110424362e-01	   6.8495304077130703e-01	   8.2896609069587590e-01	   8.7130837205109124e-01	   6.9649233205190608e-01	   5.7940474526068542e-01	   8.4556537486756000e-01	   8.5671340156559328e-01	   7.1866141003948147e-01	   5.7966715474438613e-01	   5.4306416717466344e-01	   4.5761532806505867e-01	  -5.3997180627189549e-02	   1.5037933956607113e-02	   4.4895116655127687e-01	   3.1972175146349829e-01	   5.0507572221320096e-01	   5.9880033775053865e-01	   3.7880954648579851e-01	   3.3458407524066630e-01	   3.8112168456491330e-01	   3.7140728081080210e-01	   1.3535952046188943e-01	  -6.5013764065959392e-02	   1.3028926356882256e-01	   3.1291458632607166e-01	  -1.6288862312931288e-01	  -1.5483160440614380e-01	   5.4688646186839529e-01	   4.9454731534868657e-01	   4.5636314284922352e-01	   3.4264935201327279e-01	  -3.9268340374804950e-02	  -1.3972028021378828e-03	
   4.1855548008436116e-01	   2.0639323071868354e-01	   6.9766949178702753e-01	   7.9459183817463064e-01	   0.0000000000000000e+00	   8.3586804687620475e-01	   8.2113283452199681e-01	   5.7304146798299749e-01	   7.3978552204666825e-01	   8.0130970558389558e-01	   4.3963706975233219e-01	   3.2068046179261328e-01	   5.4460351017517483e-01	   4.4909317764890061e-01	   5.5918153045824770e-01	   5.9145008145929645e-01	   2.0650286657802852e-01	   1.1765206751669841e-01	   6.9316571100014157e-01	   7.3848140625368419e-01	  -4.7607948965411422e-03	   4.4626251688722321e-02	   7.3931372471829016e-01	   7.9677231777400914e-01	   6.3311559872555878e-01	   6.1662006195801089e-01	   5.8972668912587789e-01	   2.6575018559816083e-01	   2.4270918610273962e-01	   3.5624682479226411e-01	   3.5590949249935061e-01	   5.2386824841690194e-01	   6.0525880394577769e-01	   6.0165719546929375e-01	   5.6661934418127258e-01	   5.3977280088734148e-01	   2.1500033812159466e-01	   2.4413720526304736e-01	   1.8714321340579324e-01	   1.9599169645252018e-01	   4.0961256090198811e-01	   3.4462415470830238e-01	   3.9106644964786719e-01	   3.5337202755455072e-01	   4.9115664594036734e-01	   3.9500698059885092e-01	   3.3008423253788582e-01	   3.9659756968264859e-01	   4.4935592680265296e-01	   3.7258991143089004e-01	   6.4265419009564262e-01	   4.7698754940099841e-01	   5.3959866920524302e-01	   4.9367763489050842e-01	   2.5305873649516519e-01	   2.9351953395940428e-01	   2.8137442041717964e-01	   3.2623664092919169e-01	   7.8049818211772037e-01	   5.5939537647965953e-01	   6.6779210986349558e-01	   5.1103686990548325e-01	   4.0595570210332504e-01	   4.5546555147167717e-01	   7.0088094384820221e-01	   6.0007492280095254e-01	   7.5105208565269832e-01	   6.4852770998476461e-01	   7.4918070864566400e-01	   7.8428360838419398e-01	  -9.1826867619233324e-02	   2.9468656980192472e-02	   4.3330082711890990e-02	   1.1216878865972193e-02	   1.3812120796358981e-01	   3.1895157684875219e-01	  -2.7813085832783576e-03	   8.0862613606031020e-03	   1.9496078989742854e-01	   2.9424223357316415e-01	   3.5498315509093181e-01	   4.2259337562306920e-01	   5.4529320984911911e-01	   5.5091213108867954e-01	   6.1569213236853781e-01	   7.0096594332009077e-01	   5.7679322604664252e-01	   4.7318679040445577e-01	   7.0824438104644349e-01	   6.6069290240317602e-01	   6.0926660929197862e-01	   4.7928977666218697e-01	   4.0710778053805596e-01	   3.1478255822397205e-01	   1.3587717190501750e-01	   1.7594808315987515e-01	   2.3038823086054788e-01	   1.3402742215059771e-01	   3.1277760845373059e-01	   4.2870584828566749e-01	   2.0922287567931791e-01	   1.9865464927024537e-01	   1.4913471621814656e-01	   2.0650799854089275e-01	   1.1287962039994501e-01	  -3.1050437986494681e-02	   1.8003841969526305e-01	   4.0719765963388921e-01	  -1.2172788887318932e-01	  -2.5127678481178672e-01	   3.5736964534631432e-01	   3.6106604609469911e-01	   2.7832672200357123e-01	   1.6582049329158641e-01	  -4.7750016298551891e-02	   1.7492685654861988e-02	
   4.1342053714532029e-01	   2.0632740078913539e-01	   5.7618110453712745e-01	   8.3304516705070941e-01	   8.3586804687620475e-01	   0.0000000000000000e+00	   6.8414793899706294e-01	   6.8820966628517055e-01	   6.3187752361281646e-01	   8.7124087250833493e-01	   5.6062969010317465e-01	   4.7106618101203213e-01	   6.0433249793884070e-01	   5.7200014212271955e-01	   4.8250563083128767e-01	   6.1472526319481235e-01	   3.2137225455276536e-01	   2.3733741216078297e-01	   6.7226508540324137e-01	   7.3921509558958465e-01	   2.5341310696130468e-02	   1.3389497881262324e-01	   7.2029652567243119e-01	   8.0438028431839403e-01	   5.8934610401723575e-01	   6.6763989003482804e-01	   4.5980261528037969e-01	   2.9296565848672007e-01	   2.4623764188160663e-01	   4.8006111891892611e-01	   3.1756277608525385e-01	   5.1282157524840977e-01	   5.3761182818244613e-01	   6.0951066058075476e-01	   6.2642026785648530e-01	   5.9601224294578947e-01	   2.0967314610512297e-01	   2.5085991512783001e-01	   2.9840925865599760e-01	   3.1217872328225993e-01	   4.5389453596582424e-01	   4.4405926685206543e-01	   3.9991825103370587e-01	   4.0129672382434223e-01	   5.8160628234554612e-01	   5.2719496889337081e-01	   3.7780900105262671e-01	   4.4534986840412250e-01	   4.8219204479015199e-01	   4.8938712345246138e-01	   6.6484972616296600e-01	   5.5830102254015768e-01	   4.8749879329831847e-01	   4.5937393390843906e-01	   3.3371084908849180e-01	   3.6897253619615655e-01	   2.9496527479718404e-01	   3.7927783304065388e-01	   7.8024885502031815e-01	   7.1883258610880829e-01	   6.9639727680191310e-01	   6.3349827587660168e-01	   4.8727574787402655e-01	   5.7576124790569272e-01	   6.9487796816244052e-01	   7.5446565639739815e-01	   7.6996869148309655e-01	   8.1286899573785643e-01	   6.3656943734636218e-01	   7.5478969236147642e-01	  -2.1490048298376790e-01	  -4.4705129019860762e-02	   2.9097453543100688e-02	   7.7261532873747624e-02	   9.8512248509408540e-02	   3.6093247887030222e-01	  -2.8898317900418160e-02	   2.4529711343785995e-02	   2.0396206654587912e-01	   3.0387724436143881e-01	   4.4470051890176604e-01	   4.4063645053181166e-01	   5.9190652160503732e-01	   5.8208048321199346e-01	   6.6572186821148627e-01	   7.4743511006974039e-01	   6.5309658987821373e-01	   5.9002485560133899e-01	   7.6152258416811081e-01	   7.7557058007687329e-01	   7.2314915359157228e-01	   5.6849486074632738e-01	   5.8757530923532264e-01	   4.0871406229133855e-01	  -3.2353411175175421e-02	   9.0574703164984380e-02	   1.6398198095258182e-01	   8.9158196948446983e-02	   3.9878858378340237e-01	   4.9001952543879046e-01	   3.4503318712037567e-01	   2.5885267500915998e-01	   2.4343362628200635e-01	   2.1868797778076457e-01	   9.9273627459998598e-02	  -9.1244209783728075e-02	   2.8582660755705319e-01	   5.4332024470394591e-01	  -2.8685802653123227e-01	  -4.3695821422169323e-01	   3.6306723312770256e-01	   4.2273565814047165e-01	   4.5400965750323669e-01	   1.1332311467851772e-01	  -1.3524590025612823e-01	  -2.2946090658497408e-02	
   5.4778768137482248e-01	   2.4490999015708043e-01	   8.4155448402481081e-01	   8.0518521514765418e-01	   8.2113283452199681e-01	   6.8414793899706294e-01	   0.0000000000000000e+00	   6.7465424224216219e-01	   5.9116846038477622e-01	   7.5678794561666474e-01	   5.2919820775764204e-01	   4.4927971043256720e-01	   6.5076109959458273e-01	   5.8653324669514484e-01	   6.5599076136189449e-01	   6.8694579212135465e-01	   2.3010610376750840e-01	   1.8518893259487865e-01	   6.1379202706991531e-01	   6.1722260184314026e-01	   5.3015722481770194e-02	   2.7630805724338847e-02	   7.5628934240692514e-01	   8.0288854849357594e-01	   5.0714486620414423e-01	   5.2431296397558258e-01	   5.8933676922344969e-01	   2.7893823168845444e-01	   3.6160020929037789e-01	   3.7671620604168682e-01	   5.9109544879755449e-01	   6.8559262124662834e-01	   6.7670264767009503e-01	   6.7308490420357980e-01	   5.1448874686483825e-01	   5.8500530860856392e-01	   2.3212691839916830e-01	   2.6540682057592863e-01	   1.6227977326466045e-01	   1.4235105372953896e-01	   3.2142859785710814e-01	   3.5656467725704238e-01	   5.5264367847009965e-01	   4.8742426423586860e-01	   5.0765501632512033e-01	   4.0424782332918596e-01	   4.6871740907678683e-01	   5.3321143832333029e-01	   3.1862777098798201e-01	   3.3312105545687709e-01	   6.0447285993469246e-01	   4.7833499903262350e-01	   5.8564866702713725e-01	   5.5712724932210056e-01	   2.7907259177250560e-01	   3.3830073223570933e-01	   3.0589921609124204e-01	   3.2752778753816159e-01	   7.1098492581522177e-01	   4.9768587699480471e-01	   6.8825896572804490e-01	   5.3379913488700836e-01	   4.6558259698498727e-01	   4.7583031218878274e-01	   7.5715537917270204e-01	   6.4703218137909946e-01	   6.6073330096989080e-01	   5.4147147194236611e-01	   6.6058295758077501e-01	   6.2053594169387982e-01	   1.4458621861626952e-01	   1.9945392558811215e-01	   2.1170867671134666e-01	   8.5298726195491004e-02	   3.4271193759564794e-01	   4.0148077924948444e-01	   2.7917389561698258e-01	   2.9068807477986269e-01	   3.3207878902647059e-01	   3.4510564784701103e-01	   4.1919887365992414e-01	   5.2104633468535111e-01	   5.7221616691391952e-01	   6.2527309593715386e-01	   6.6965265144973818e-01	   7.5692894118997245e-01	   5.1674764495497594e-01	   3.4844688244886823e-01	   6.8565636375394567e-01	   6.1503600591417618e-01	   5.4290368093896157e-01	   4.4587185228927562e-01	   3.2401719758473202e-01	   2.0095469335104291e-01	   3.3420160656440892e-02	   1.8637414215710003e-02	   3.5624317152334878e-01	   1.6034587024374980e-01	   4.4363269408736561e-01	   5.2209399790082711e-01	   2.0010594214179306e-01	   1.2561341423389283e-01	   1.8860119287560703e-01	   2.2691359028880709e-01	   1.7688465873480413e-01	   1.6869424096044999e-02	  -2.4670927473040921e-02	   2.3408271774193826e-01	  -6.6610512510503816e-02	  -8.0367972881393329e-02	   4.8574420124862272e-01	   4.5945355844800090e-01	   2.0881125815880838e-01	   2.4867826769927451e-01	   2.8441271541859284e-02	   5.3038895555968871e-02	
   6.0036084312412685e-01	   4.0168720690252790e-01	   4.3952207311947711e-01	   7.8506192575490297e-01	   5.7304146798299749e-01	   6.8820966628517055e-01	   6.7465424224216219e-01	   0.0000000000000000e+00	   4.7809476224590219e-01	   6.9848555145722757e-01	   5.6992701323424444e-01	   7.6440089348826867e-01	   4.8210780404795417e-01	   7.1617349361423444e-01	   3.4709628748095256e-01	   5.7118409798797110e-01	   5.1713547448025587e-01	   4.5642821643210274e-01	   5.1863293457756021e-01	   6.3352460420909473e-01	   2.4790671608119266e-01	   3.1193298188952079e-01	   4.4024847348127227e-01	   6.2963649695742652e-01	   3.0337728246200246e-01	   5.4296905866955547e-01	   2.8018102358684133e-01	   3.2998721408241710e-01	   4.7974434119131271e-01	   6.3155019693163894e-01	   5.2218719743073261e-01	   7.0167526988308426e-01	   7.0160883910483185e-01	   8.2266468468685683e-01	   4.7068624280637095e-01	   5.7212565187159203e-01	   2.5448844337412768e-01	   3.4232735216061833e-01	   3.3481878259728831e-01	   3.5159939854625888e-01	   5.1949504424739457e-01	   5.1919030183099013e-01	   5.8071927842779336e-01	   5.7305295024233649e-01	   6.2065002485441467e-01	   6.4677981394031336e-01	   5.5128114165805853e-01	   5.7593581276978911e-01	   5.4643172936441764e-01	   6.2672958774686649e-01	   6.7869474925831463e-01	   6.8467826168147039e-01	   6.4423792472380415e-01	   5.8621705306950578e-01	   4.4368374306306768e-01	   4.5096266660568213e-01	   4.5685955855678423e-01	   4.7958659731127740e-01	   7.0093114322323180e-01	   7.3134778718293680e-01	   7.9086657490319467e-01	   8.6544363351199172e-01	   6.4088443489901370e-01	   7.2769458467342996e-01	   5.8635133935000050e-01	   9.0556866977012163e-01	   5.9643337883352854e-01	   7.1299990665598467e-01	   5.4225648265144233e-01	   5.4853848251166992e-01	   2.0740051288043668e-02	   2.3012346589828125e-01	   3.2384172363196956e-01	   3.9808520723006247e-01	   4.1350950916841800e-01	   5.7594831193523577e-01	   2.7255051230355842e-01	   3.1323676831759106e-01	   4.7552604096324419e-01	   4.8966036526815460e-01	   6.1060156215318506e-01	   6.0653364070783722e-01	   5.7080233378346112e-01	   6.8480113670141429e-01	   5.9020675420419866e-01	   7.8860020799975139e-01	   4.0405006512272651e-01	   3.7214980915218615e-01	   6.8453656824108478e-01	   7.3118595240488093e-01	   6.2234048206030612e-01	   3.3354514002760893e-01	   4.6323492645971009e-01	   2.0254587810523167e-01	  -1.7172486310694419e-02	   9.5223536328245525e-02	   3.7643002427924827e-01	   2.3795260447039149e-01	   5.5047930790711841e-01	   5.5345016578392814e-01	   4.1152588737004037e-01	   2.4297613405122820e-01	   3.4262387918906806e-01	   2.8194788743133942e-01	   1.1883032122664300e-01	  -1.1126689871674182e-01	   1.8416530967846431e-01	   2.4814342833114683e-01	  -1.2842141485616226e-01	  -1.9390462343779896e-01	   4.4925549925582298e-01	   5.2553680562789473e-01	   3.7699868007584186e-01	   3.1616302058457790e-01	   3.3945572039467325e-02	   1.5170275711934431e-01	
   2.8953517805829138e-01	   1.7144304276665118e-01	   4.6181877700227347e-01	   5.6135157154051418e-01	   7.3978552204666825e-01	   6.3187752361281646e-01	   5.9116846038477622e-01	   4.7809476224590219e-01	   0.0000000000000000e+00	   6.3467840315172164e-01	   3.8993973132015125e-01	   2.3113325674259311e-01	   4.5201700633635689e-01	   3.8761866344009233e-01	   2.5940736491909866e-01	   2.5256940117614035e-01	   1.3172496257368954e-01	   1.5258507828809550e-02	   4.7968064680390476e-01	   4.5363696332572967e-01	   6.7859854608986817e-02	   1.0931994297427539e-01	   4.7092007484567378e-01	   4.5756636690384789e-01	   3.8319019405005150e-01	   4.1773000528256032e-01	   3.3106896677480574e-01	   2.5435572110933136e-01	   1.3175342164130399e-01	   1.9562241360198585e-01	   2.0857001261891539e-01	   3.3084756435716095e-01	   4.0449907872683055e-01	   4.1394846202477614e-01	   4.7272456830389697e-01	   4.7991069404175429e-01	   2.5380213091847287e-01	   2.2135870067948038e-01	   2.8278716987507990e-01	   2.6122521143776045e-01	   4.3039522883719961e-01	   3.5279057139360603e-01	   3.4272692896289081e-01	   2.8948750118541611e-01	   2.9746269719881530e-01	   2.2652639486348680e-01	   2.9642162481152479e-01	   3.5914175982966984e-01	   2.7967690915673915e-01	   2.6228607919481212e-01	   5.2541531454878931e-01	   4.4141860080931450e-01	   4.5668752630770559e-01	   4.0060194559124518e-01	   2.9800200434547930e-01	   2.5479910063624173e-01	   1.8106017400111418e-01	   2.5263060795054171e-01	   4.9932242114562297e-01	   3.7614725582347780e-01	   5.3107135629390978e-01	   4.7644426073910073e-01	   2.1445192078375608e-01	   2.5806191315539145e-01	   6.2923301328331649e-01	   5.6973628566327594e-01	   5.1692427498303140e-01	   4.7479144452460564e-01	   4.4663728397110558e-01	   5.2725938507054448e-01	  -7.5604172021496455e-02	   3.8944932418799788e-02	   3.9012392712198543e-02	   9.2665883291939893e-02	   1.9503619993424956e-01	   2.7472481500410356e-01	  -1.8794681561646764e-02	  -6.5800346616837480e-02	   7.1151720643045716e-02	   1.1007215922929182e-01	   1.4540822722627517e-01	   1.4691675010453328e-01	   2.5367163403633708e-01	   2.7159604736792975e-01	   4.0486478263535342e-01	   5.1429100630721158e-01	   2.8215841369656763e-01	   2.2535218316239819e-01	   5.0767960075188323e-01	   5.1141522929905814e-01	   4.1772443925122443e-01	   3.1895273136594693e-01	   3.7076916539134785e-01	   3.6396080048856444e-01	   8.4010074545771501e-02	   1.8234286683177142e-01	   1.2114431654016265e-01	   6.0246863068471018e-02	   2.4299358739195107e-01	   2.8222959425621552e-01	   1.4179249455367085e-01	   1.8349224976385795e-01	   3.4590006703872100e-03	   9.3716157932469762e-02	  -3.9436244030459831e-02	  -1.2799032268116561e-01	   1.0297085695770863e-01	   3.7431300124118894e-01	  -2.6914088612005390e-02	  -2.5610308107412760e-01	   2.6787400142276174e-01	   3.0714427840764652e-01	   1.7218927694354436e-01	   8.0699489563123367e-02	  -6.7410566620696860e-02	   7.6855754454879287e-03	
   5.5611676898230222e-01	   2.9491958819140418e-01	   6.3220521757663262e-01	   7.6592485962145018e-01	   8.0130970558389558e-01	   8.7124087250833493e-01	   7.5678794561666474e-01	   6.9848555145722757e-01	   6.3467840315172164e-01	   0.0000000000000000e+00	   6.7969372759875990e-01	   6.1326639120901671e-01	   7.8996650002244106e-01	   7.4897525542471444e-01	   6.6861891399281315e-01	   7.6558062239541624e-01	   4.5707056589207878e-01	   4.1609888894054969e-01	   7.2405282634475676e-01	   7.2677271913095243e-01	  -9.0002512975947066e-02	  -6.5954768239005868e-02	   6.5785312418689212e-01	   7.5761303500584543e-01	   4.4909149475645538e-01	   5.2523419637303059e-01	   3.4696006636960519e-01	   7.3852139687293525e-02	   5.0854523858964573e-01	   5.9033100999928712e-01	   4.4034062562466386e-01	   5.9064286816906408e-01	   6.4409196437546012e-01	   6.9497268326380812e-01	   4.5270506350419887e-01	   4.3092509254995548e-01	   3.1901217259763726e-01	   3.3817446149876645e-01	   2.5281202850971479e-01	   2.4762354772689638e-01	   4.1267532049382127e-01	   5.0203964379294896e-01	   4.6461226788628174e-01	   4.2209583742300538e-01	   6.1964376545016542e-01	   5.5763149056148309e-01	   4.2563089342797022e-01	   4.8682541629037934e-01	   4.2635821182530398e-01	   4.4087927954746142e-01	   5.7689635826411456e-01	   4.8792871201437249e-01	   5.0518748787204926e-01	   4.7775461951185860e-01	   3.2198489349135911e-01	   3.5476052588319906e-01	   3.6126970831283689e-01	   3.9006874934533747e-01	   6.7362162535813175e-01	   5.3679015816484477e-01	   7.9399342030578346e-01	   7.1003591995271520e-01	   6.3776183826184396e-01	   6.8878579711047461e-01	   6.5050632765693361e-01	   7.4145003101137708e-01	   6.0233921247213873e-01	   6.1884637335362691e-01	   6.0422863739413224e-01	   6.1092418237625534e-01	  -4.4487610109119613e-02	   1.5081135965619577e-01	   2.7927264740834934e-01	   2.3283614612581649e-01	   3.1911355456184354e-01	   5.6162667860382465e-01	   2.2119990055814992e-01	   2.6056108776890263e-01	   3.8656437482622774e-01	   4.6682004859316117e-01	   5.7945470258041532e-01	   5.4687416830710034e-01	   5.7446123889083878e-01	   6.5244626839550712e-01	   5.6807299869707006e-01	   6.4394632689013998e-01	   5.4625775621240846e-01	   4.0579710664531804e-01	   6.1598274151718102e-01	   6.3876258599909519e-01	   6.3973784898008801e-01	   4.7457835727948983e-01	   4.6820086800642602e-01	   2.5178275326011440e-01	  -3.1088038284930224e-02	   5.1237467491942766e-02	   2.4711094654839980e-01	   1.3296049726291009e-01	   4.6260281158216549e-01	   5.3020652561674964e-01	   3.5065870426082213e-01	   2.3380227046484545e-01	   2.9280278691977774e-01	   2.6164362026249155e-01	   9.8876076979647176e-02	  -1.2969314732342496e-01	   2.0326804527338943e-01	   3.7010639835575626e-01	  -1.4792320129830538e-01	  -2.1325693012742250e-01	   4.0938118687757452e-01	   4.9234800932944395e-01	   3.6036166516096513e-01	   3.0131191680552100e-01	   1.8295936101608297e-02	   1.4688625316767647e-02	
   8.2336062407700472e-01	   5.4656392121987463e-01	   5.5016402154762101e-01	   5.7144439615190656e-01	   4.3963706975233219e-01	   5.6062969010317465e-01	   5.2919820775764204e-01	   5.6992701323424444e-01	   3.8993973132015125e-01	   6.7969372759875990e-01	   0.0000000000000000e+00	   7.6198768231436664e-01	   8.5090342167181610e-01	   7.9382030855295893e-01	   6.5631750298230673e-01	   7.2511358997238173e-01	   7.0049413055228715e-01	   5.3870369362133319e-01	   7.6358622318374747e-01	   6.8368231130005563e-01	   8.1094195586151940e-02	   6.0611085234096578e-02	   5.6212339311981363e-01	   5.5910581914829782e-01	   3.8824313857485332e-01	   4.2073922014487480e-01	   2.9487467799283451e-01	   9.6673606594455952e-02	   7.0535304186052694e-01	   6.9743547651583360e-01	   5.8506747202201037e-01	   5.6083372478689530e-01	   6.7911677350500410e-01	   6.6739622008922050e-01	   3.5359667913518228e-01	   3.3630295882941375e-01	   5.1502796142417107e-01	   5.6703735891493623e-01	   5.2745795872495771e-01	   4.7274579289377039e-01	   4.7957079851302176e-01	   6.9051867837173664e-01	   6.5544886681640535e-01	   6.4576412132015959e-01	   6.5484738690500333e-01	   5.7050487582729070e-01	   7.1989368237247264e-01	   7.4057135093612025e-01	   4.9634152980363089e-01	   4.9268682275665066e-01	   5.8981949969635072e-01	   5.8431361477287891e-01	   6.9551631055177676e-01	   7.1213109375223793e-01	   6.3212570588954509e-01	   6.5689955022663948e-01	   5.4685542403476251e-01	   5.3303809931292678e-01	   5.2139479021371427e-01	   4.3291129329855127e-01	   6.8816645728621184e-01	   5.5361771237926272e-01	   7.8134114263079590e-01	   6.7285628866938119e-01	   4.0039458917300880e-01	   5.4055339334476016e-01	   4.1286791493496933e-01	   4.5540543127548583e-01	   5.7320086178727836e-01	   4.8077164203120548e-01	   1.7320972066419962e-01	   1.7296351851442460e-01	   4.7854802375815925e-01	   4.5407469656627020e-01	   5.2803671413928255e-01	   6.1115067019180280e-01	   5.6942903893928665e-01	   5.2985841635202091e-01	   5.8579420062597187e-01	   4.5910003756983908e-01	   7.6621373150885508e-01	   6.0379779579432724e-01	   7.2841598859570644e-01	   7.0220818446320221e-01	   5.9721580239033578e-01	   5.7335860229213276e-01	   5.8039110675985417e-01	   3.1436612245987383e-01	   5.3735656101440776e-01	   6.1636937999446151e-01	   6.8301251376993544e-01	   5.8367545240445029e-01	   4.9894644654992704e-01	   3.8164730919042833e-01	  -2.7620828905212924e-01	  -1.9256699227775326e-01	   4.4391508256212819e-01	   2.4130086241737270e-01	   7.5937188279279988e-01	   8.0535643618606567e-01	   5.8866055808456563e-01	   3.4832421461918295e-01	   5.4625596548954869e-01	   4.2674992358416364e-01	   6.1186208709393813e-02	  -2.1397068642844380e-01	   1.4562246115941463e-01	   3.0680655214059555e-01	  -2.2977224095779497e-01	  -5.4853658041891455e-02	   6.1054540298836613e-01	   7.0026842327500893e-01	   5.9676578154874260e-01	   3.6843517245683011e-01	  -8.8752383294577616e-02	  -1.5662608953943610e-01	
   7.4209517721421447e-01	   5.5561213874073911e-01	   2.9127139561861692e-01	   5.3817430247591413e-01	   3.2068046179261328e-01	   4.7106618101203213e-01	   4.4927971043256720e-01	   7.6440089348826867e-01	   2.3113325674259311e-01	   6.1326639120901671e-01	   7.6198768231436664e-01	   0.0000000000000000e+00	   6.3393241085728702e-01	   8.7838782357714207e-01	   5.2154310942795679e-01	   7.1321638963218192e-01	   7.1704108505795783e-01	   7.1849998460295539e-01	   5.4852071877745767e-01	   6.1211690018402509e-01	   2.6620502090025200e-01	   2.3591250502633068e-01	   2.4621490103041355e-01	   4.7482194660594967e-01	   1.0535640270142704e-01	   3.0975453556611143e-01	   1.6127006101378444e-01	   1.8324668488780316e-01	   7.9878045947673093e-01	   8.1087172060281065e-01	   5.5484205020832844e-01	   6.5469378369185938e-01	   6.4769084284734180e-01	   7.5145784750926736e-01	   1.0042228803852221e-01	   1.9964415617142775e-01	   4.4823206477538574e-01	   4.8984422413057049e-01	   3.8829244492892573e-01	   3.2457726633361739e-01	   5.4971817693505953e-01	   5.7164287374595457e-01	   5.5364890428300451e-01	   5.7509397338210777e-01	   5.3091588684557589e-01	   5.7117343970691914e-01	   5.9349349623247349e-01	   6.0515537543626519e-01	   4.4804996612408088e-01	   5.2383366997636815e-01	   4.7459726286483228e-01	   5.5517273566778436e-01	   6.2693261985024917e-01	   5.8176554599018648e-01	   4.9962984269586513e-01	   4.9551663956863501e-01	   5.6292006439276565e-01	   5.5573880272388765e-01	   5.0222097355886641e-01	   5.4119955191439761e-01	   7.7875129558381606e-01	   7.9710954749067375e-01	   8.1924192391263140e-01	   8.4299973614991297e-01	   2.0707984845628624e-01	   6.7430494114503392e-01	   2.5335813831420118e-01	   3.9428452631124877e-01	   4.2972865353415557e-01	   3.1953486970126233e-01	   2.5095534913924894e-01	   3.9173794465593315e-01	   6.1093983176698741e-01	   6.2180804745477070e-01	   6.0868466467605975e-01	   7.1714265121382581e-01	   5.1686505599645061e-01	   5.1963347765417889e-01	   6.8000719103288776e-01	   6.2168733101435047e-01	   8.0724309035751474e-01	   7.5464534966156815e-01	   6.0867067192944790e-01	   7.4794350611319738e-01	   4.1311491961575403e-01	   6.1259109400453082e-01	   3.5745967224887459e-01	   1.9056752394641319e-01	   4.5141073144358390e-01	   5.2891628306054406e-01	   5.6271692147849151e-01	   2.8808179460987149e-01	   4.2299217543894918e-01	   9.0743100770649204e-02	  -5.9079122197095546e-02	   2.3786547758368002e-02	   4.2668443271434842e-01	   2.8854363778446179e-01	   6.7054481666633348e-01	   6.7149107501443650e-01	   6.2602062055426688e-01	   3.1371968003334294e-01	   5.8979535305393704e-01	   4.6449180145001767e-01	   2.1670041112551475e-01	  -5.9620728765595737e-02	   2.5783688722414666e-01	   1.3660339080232853e-01	  -2.6833433725732769e-02	   5.8090535147582083e-04	   4.1446089712989059e-01	   6.3128458019745615e-01	   4.9707283257522517e-01	   5.0407363154401374e-01	   1.7231814780744215e-01	   1.5734426668084761e-01	
   6.8881235193934798e-01	   3.9832108385220300e-01	   6.6619983156737983e-01	   6.0823123110562483e-01	   5.4460351017517483e-01	   6.0433249793884070e-01	   6.5076109959458273e-01	   4.8210780404795417e-01	   4.5201700633635689e-01	   7.8996650002244106e-01	   8.5090342167181610e-01	   6.3393241085728702e-01	   0.0000000000000000e+00	   8.1561064091667190e-01	   8.0278324925575184e-01	   7.9462971319778786e-01	   5.0052496719565776e-01	   4.5101781222948167e-01	   7.0306906618977361e-01	   6.1426493682905370e-01	  -5.0934308576628548e-02	  -1.0884474647464340e-01	   6.3091152096754766e-01	   6.3451664824328491e-01	   4.1560622025157368e-01	   4.1989894846326248e-01	   3.3974180244681096e-01	   2.6390785720871038e-03	   6.3227158588391308e-01	   5.8920312651786544e-01	   5.6862687590925931e-01	   5.6948447133923319e-01	   6.2512163869974557e-01	   5.9985554880174918e-01	   3.6516910416272524e-01	   3.3434889962812753e-01	   4.9673168755297992e-01	   5.0365081689424207e-01	   4.1213522014635207e-01	   3.5705576003687878e-01	   3.5073402634253148e-01	   5.7698816699583155e-01	   5.3804234403119966e-01	   5.0133007740278723e-01	   5.6308916954860333e-01	   4.7801971338562205e-01	   5.6492014193919315e-01	   6.0070514980119061e-01	   3.2742139845876295e-01	   3.4346561539990716e-01	   5.0859489808029057e-01	   4.3574173320664183e-01	   5.6388563622115162e-01	   5.4761994866492869e-01	   4.9622048776182237e-01	   5.2291079388510309e-01	   3.7324208143453075e-01	   4.1603005345479516e-01	   4.7677393946257030e-01	   3.2456238449759650e-01	   6.7784205635063710e-01	   5.0214825378176497e-01	   6.3580161358518128e-01	   5.9086515082208546e-01	   5.4036465023183600e-01	   5.0891735370382829e-01	   3.9089765483358696e-01	   3.5943664056735103e-01	   5.1378176387812002e-01	   4.1648120848851550e-01	   1.5046039166664038e-01	   1.9461943118500186e-01	   4.4148183081756537e-01	   2.5927712399500646e-01	   4.4602517216232762e-01	   5.4074948684297586e-01	   5.0818359698880711e-01	   4.8976128437804289e-01	   4.8701749833775404e-01	   4.8977302611779577e-01	   6.3263476968223731e-01	   5.8116067718599362e-01	   6.3319303882478395e-01	   6.3120116518755554e-01	   5.9339183788841110e-01	   5.5182022195558578e-01	   5.9344192270626450e-01	   2.9105818792137156e-01	   5.2696285235025486e-01	   5.2715845264390271e-01	   5.2921935509626561e-01	   5.0213376416002631e-01	   3.9785263311195462e-01	   3.0098343302958641e-01	  -2.3462798813446017e-01	  -2.0183978471398858e-01	   3.8059360679946236e-01	   1.6909535896973360e-01	   5.8055904762042410e-01	   6.4282656490872148e-01	   4.3171673346025696e-01	   3.0106882816661240e-01	   4.4909991933034921e-01	   3.7984329224841534e-01	   4.3065021489796004e-02	  -1.8665490074139895e-01	   1.2029216534823699e-01	   2.9264884674760738e-01	  -1.5307950106166868e-01	  -7.5211333273990724e-03	   5.1749627331528347e-01	   5.2406796777857345e-01	   3.6744185362171633e-01	   3.7118059600733844e-01	  -8.9734714373340477e-03	  -1.4879608272337097e-01	
