   0.0000000000000000e+00	   6.2097997484359602e-01	   4.7733237924181060e-01	   1.3093740646542401e-01	   5.1668211733825360e-02	  -5.0526387832447582e-02	   4.4758129034224708e-01	   1.6040657277217543e-01	   4.1992444261388678e-01	   1.1161455639456121e-01	   7.3045748714692316e-01	   7.2275154488315918e-01	   5.7744432530068657e-01	   5.2890675186753788e-01	   6.7089180489698719e-01	   5.4752311900764916e-01	   2.8768019066838912e-01	   4.2443141234386289e-01	   6.5128440071450289e-01	   5.7958750861484365e-01	   3.0816933502553046e-01	   1.5275400299103042e-01	   4.7685330978008755e-01	   2.1120431425910810e-01	   1.7575258607396649e-01	  -1.5812622209945831e-01	   1.5325286222781470e-01	   8.1173995041201180e-02	   6.6945574308062805e-01	   5.0522421438740661e-01	  -1.2343681715771047e-02	  -1.0832552762601906e-01	   3.8851175637173239e-02	  -5.3289724440016138e-02	  -3.7341671872577537e-01	  -3.4472843808632758e-01	   5.1436187327053351e-01	   2.6651714557393258e-01	   3.3987293694558385e-01	   2.8070751378835318e-01	   5.7306675695056741e-01	   4.6334099418090569e-01	   3.8398928553298023e-01	   4.3075685614860770e-01	  -1.8498343795041332e-02	   1.9164417478181334e-02	   4.9835977313576929e-01	   4.7365725832272920e-01	   4.4383875529510358e-01	   4.3407626162230217e-01	   4.7070513639760236e-01	   2.8982190723611151e-01	   4.3685215967075719e-01	   3.7879003274705197e-01	   3.9732406501110135e-01	   4.1981727319648954e-01	   5.9277677305412857e-01	   4.1377201051848844e-01	   3.4349822473513120e-01	   9.1155475279674686e-02	   4.7375890152629530e-01	   3.2825023596114902e-02	   4.8636615076199385e-01	   2.8395899440322342e-01	   6.5221520421281085e-02	  -1.8435889292016045e-03	  -1.9625912744929180e-02	  -1.2896095336517341e-01	   4.7199307423777614e-01	   2.9309044769276055e-01	   3.1259975471936308e-01	   1.7104927995748842e-01	   6.2417361289661577e-01	   5.0655459907147127e-01	   5.7557296191861962e-01	   4.9931069536205996e-01	   4.9835492568721973e-01	   2.6000390793443878e-01	   2.3601195836521069e-01	   1.2189838371824718e-01	   5.7168667553630326e-01	   5.9086981730411314e-01	   6.4074742880024815e-01	   7.1140917861503317e-01	   6.3520041028238572e-01	   4.4502466462748164e-01	   2.0373304157264799e-01	   4.2409227141429168e-01	   2.3692420112076557e-01	   3.3943390742567475e-01	   3.0618443311930466e-01	   3.9333596478643829e-01	   3.9066859799857401e-01	   3.6800444378657615e-01	   3.4121641137567382e-01	   3.7427793879992555e-01	   4.7950078211784736e-01	   4.2438637270634905e-01	   4.9660883864890304e-01	   5.9743898608274137e-01	   5.6559872691524316e-01	   4.9105061966857366e-01	   5.2672708516310807e-01	   6.4225458992943252e-01	   3.2531703306270493e-01	   3.9176991358602076e-01	   2.5003241308098473e-01	   2.4981794697572146e-01	   1.8816939963091134e-01	   2.4511481584043771e-01	   1.1189668909600883e-01	   2.8897994770428898e-01	   3.6674360818277058e-01	   5.9105310886380202e-01	   4.9345853946346774e-01	   3.2467197819874555e-01	
   6.2097997484359602e-01	   0.0000000000000000e+00	   2.0511535232925904e-01	   1.9584571341005139e-01	   1.3081299617352141e-02	  -2.3619975341065899e-02	   2.3347894630923660e-01	   1.5494825388030770e-01	   2.5006156903521187e-01	  -3.5621631574871662e-03	   4.3780294521116564e-01	   4.7089079978799725e-01	   2.0556604776470322e-01	   1.9276698158992675e-01	   3.8624363048552579e-01	   3.4902374261647318e-01	   4.1590675087237261e-01	   6.4507139648071399e-01	   4.8471206747390683e-01	   6.2409717742921034e-01	   6.7866004590491510e-02	   6.9399641494400560e-02	   3.5933733124147965e-01	   1.0696105644938901e-01	   1.6850184058259335e-01	  -7.7121317473995324e-02	   1.6344000767878500e-01	   1.0933361602711765e-01	   6.0589251793565213e-01	   7.2287036135245841e-01	   5.3835882384055400e-02	   3.0426677713939018e-02	   9.4840225940190759e-02	   2.3869208871195993e-01	  -1.6777068047193155e-01	  -7.6322254071475193e-02	   2.7729595754706493e-01	   3.7576632398537646e-01	   2.6938320045829817e-01	   3.3096941183000106e-01	   4.7684534260376010e-01	   4.4634460798172559e-01	   4.5683171727169491e-01	   4.0256343180233300e-01	   8.9779188296491300e-02	   1.4672405833704974e-01	   4.6407739263751119e-01	   4.7047747498115866e-01	   2.1977054568037457e-01	   2.9492541258403238e-01	   3.1738778882540980e-01	   1.6712830709241447e-01	   1.6515711659241641e-01	   1.6468880527988719e-01	   4.1516488441933186e-01	   4.0398041733066536e-01	   4.4788527389701405e-01	   8.1914729214284210e-01	   3.0681160045348130e-02	   2.9347914904315481e-01	   1.3549569076580506e-01	  -7.7892151831651024e-03	   4.6453150963728712e-01	   4.6432372861720539e-01	  -4.3584843911191676e-02	  -8.0344475618449859e-02	   5.8691275303285753e-03	   7.6116869099681378e-02	   1.9937735327075096e-01	   2.2236548999770486e-01	   1.2579598110641726e-02	   1.4303229956775093e-01	   4.3350071558017006e-01	   6.0127969519829283e-01	   3.9716938606284358e-01	   5.4414238205499621e-01	   5.7040779588805290e-01	   5.6123494421239339e-01	   2.0528474280305586e-01	   9.6484964308069868e-02	   4.8831039581997504e-01	   4.3556338172365261e-01	   5.0940919344941549e-01	   5.9934854603070242e-01	   3.9991432727410892e-01	   3.7437504614690148e-01	   1.4023923868840638e-01	   2.4959711848736110e-01	   1.0169513636644907e-01	   2.1166870206155647e-01	   3.8389474409890800e-01	   3.3729683098026164e-01	   3.5784528634500157e-01	   2.6880642840988306e-01	   2.1767957600562454e-01	   2.8926907922669948e-01	   4.9401289664731968e-01	   4.2969912983569125e-01	   6.7588934577139104e-01	   5.7761323157689159e-01	   5.6707032522906053e-01	   2.6431602942567256e-01	   5.8562006330495553e-01	   4.3832535181860721e-01	   1.8435853363042271e-01	   2.4456010320344210e-01	   1.2925709696979845e-01	   1.9838171955616002e-01	   1.6909598526697484e-01	   2.3611052376412101e-01	   3.2402393090949067e-01	   4.4921628890065601e-01	   4.7724294155182390e-01	   5.3304508880081303e-01	   3.2507298117907718e-01	   1.5056322303755185e-01	
   4.7733237924181060e-01	   2.0511535232925904e-01	   0.0000000000000000e+00	   3.3989857222854331e-01	   5.3897919872032518e-01	   1.8876259666968956e-01	   5.3758159538723782e-01	   1.7145633939786997e-01	   5.6146756925096875e-01	   1.6585934570439287e-01	   3.1884395558316581e-01	   2.8097089292337857e-01	   3.6575132633391177e-01	   2.7453462131860878e-01	   7.2990798447250838e-01	   6.6089532527842532e-01	  -1.3290162132498079e-01	  -5.1632754313880778e-02	   6.0685052915662085e-01	   4.0964046547477495e-01	   6.1484775339030817e-01	   4.1396108095789019e-01	   7.4992940080275527e-01	   4.7155097159567777e-01	   7.8663324453062211e-01	   3.2048857116357427e-01	   6.9859438018571796e-01	   5.6757182204371937e-01	   2.8980631489850872e-01	   3.9999033215932484e-02	   4.8054488949091073e-01	   2.2803981278973126e-01	   2.9953994224546526e-01	   5.9229327195434639e-02	   1.0318137406700748e-01	  -4.1891193135829129e-03	   5.1137657644814161e-01	   3.4728166828594692e-01	   5.5828838431097227e-01	   4.5803318546192950e-01	   4.6189071681092875e-01	   4.4519176787920195e-01	   2.9763034707467639e-01	   3.1289960292314989e-01	   2.1488015541097187e-02	   4.6509890368309492e-02	   3.1256960099734044e-01	   3.8304203051987717e-01	   4.7295885255399311e-01	   2.7826872973646227e-01	   4.0209671076826925e-01	   2.3371971485626170e-01	   3.1258110630620251e-01	   1.8912585152082936e-01	   5.1136386849114657e-01	   4.6630468772318262e-01	   1.3408124437981259e-01	   2.5429919945239438e-01	   2.6701035249545058e-01	   2.5798626683799580e-01	   1.6421171866020279e-01	  -1.5014515668569858e-02	   3.1479144446989082e-01	   1.6446969518310214e-01	   2.7961740105465560e-01	  -2.5608013942325900e-02	   3.5690005013112602e-01	   1.4842476013719030e-01	   6.3267854365506082e-01	   5.3072622229542976e-01	   2.7733719359816872e-01	   4.9461306313509056e-02	   3.1792226339035323e-01	   8.1614997961070940e-02	   2.2035369093524224e-01	   4.3229823142427411e-02	   2.5279890317258336e-01	   5.7136595053455724e-02	   1.2796529749079721e-01	   4.1025496247010962e-02	   3.7648978007816081e-01	   4.7730214685509209e-01	   6.0713639283993004e-01	   6.3389430393451973e-01	   6.0623358062070831e-01	   4.5609877938274995e-01	   4.6332078837053225e-01	   7.0755690192925302e-01	   5.2890745855076182e-01	   5.4351378423196905e-01	   3.2965661472873498e-01	   6.7085015470193798e-01	   5.1870764755526344e-01	   6.3314272857086429e-01	   5.5493749846077034e-01	   3.2346365009896927e-01	   5.6250420988777627e-01	   4.9133880975388972e-01	   2.0922795026782803e-01	   4.8242641323345914e-01	   4.6046436822512182e-01	   4.8513958244043698e-01	   3.9026839518709067e-01	   4.0305956313279079e-01	   1.2360294453007639e-01	   3.4346342616697123e-01	   2.9612985320212687e-01	   4.6255048329315346e-01	   3.5838188253439218e-01	   4.7190187172017234e-01	   3.6721893138617301e-01	   4.1058454181194909e-01	   3.5304398373239232e-01	   2.8116430051407909e-01	   2.6446483598519843e-01	   2.9394505264095712e-02	
   1.3093740646542401e-01	   1.9584571341005139e-01	   3.3989857222854331e-01	   0.0000000000000000e+00	   3.0654574060263245e-01	   7.2013394613615056e-01	   2.1668858102487337e-01	   7.2408968284058584e-01	   2.8795045073803516e-01	   5.4835000198919215e-01	  -3.5974558294513447e-03	   2.1373157936612289e-01	   4.5832808488416248e-02	   2.1839206584429688e-01	   2.6451577017996103e-01	   2.9716677077430032e-01	   1.6494182331348556e-01	   1.5729032724257347e-01	   2.6161971147575580e-01	   4.0833427374810494e-01	   2.3823686006214104e-01	   4.2471044980490247e-01	   3.1539814346335504e-01	   6.9839690709762114e-01	   4.7012630646090198e-01	   6.5941470919173861e-01	   3.3574012749853899e-01	   4.1149738106560363e-01	   8.1791345565591325e-02	   1.4773707161944133e-01	   3.9927017277222426e-01	   5.4539788634226816e-01	   4.2649951292243937e-01	   6.1351088270836851e-01	   4.4947136495233952e-01	   5.9627879696372399e-01	   1.9389116952155752e-01	   4.5323831152067007e-01	   3.0462065817394779e-01	   4.9092591742666702e-01	   2.5087698987229040e-01	   4.1607987972346805e-01	   4.8071661790527087e-01	   2.9019097754525791e-01	   5.1970758180260967e-01	   6.6862488480029303e-01	   4.4095759122156719e-01	   3.5345876204209553e-01	   3.9068367126530457e-01	   4.0147652240763299e-01	   4.3396612616605312e-01	   4.0561395085473995e-01	   2.9036395828203415e-01	   5.5331841515666141e-02	   4.5769218558647962e-01	   4.2196735381776612e-01	   6.9386958702104221e-02	   3.6476965223212332e-01	   5.7080490649076721e-02	   3.0486724217833949e-01	  -3.4763219111719729e-02	   5.7276352103768902e-01	   8.7692710011300079e-02	   5.1749154342068393e-01	   3.0712159048284016e-01	   6.6375085244798016e-01	   5.1234833032134608e-01	   7.0060589859386480e-01	   1.4138562913285002e-01	   4.9077380966750894e-01	  -1.1573977580610653e-01	   1.7936966283798172e-01	  -1.3460439613254188e-01	   2.7405127185647922e-02	  -1.4483772821838736e-01	  -2.6298492492940698e-03	   4.4041071138682865e-02	   2.6966489670269367e-01	   3.6719595860689175e-01	   3.3909385552358962e-01	   3.8680908919294937e-01	   3.2120420856176224e-01	   4.2847017945199473e-01	   3.3425051875411493e-01	   3.4741468467232178e-01	   5.1658283889285461e-01	   3.3378329551006425e-01	   4.3224448207494914e-01	   4.3181016603726974e-01	   6.3490344701570089e-01	   8.1877595869474895e-01	   4.6852910971955458e-01	   6.6851309239722589e-01	   1.3404914272850291e-01	   2.4608928945492251e-01	   2.3361947425697016e-01	   3.9897005309268457e-01	   3.8615874979743292e-01	   5.2012006019916834e-01	   2.5606089005118499e-01	   3.1809804706669398e-01	   1.3112774992550095e-02	   3.3991187168481041e-01	   5.8650200931413869e-02	   1.1424047812958017e-01	  -3.0109775067645991e-02	   3.9220509553615102e-01	   2.6248189065218108e-01	   6.9387563837846472e-02	   2.0080850967992114e-01	   4.4438682702101212e-01	   4.0163007435746795e-01	   3.4271958473022629e-01	   3.5121719676277030e-02	  -9.4218541930479710e-02	  -1.9704232083835949e-01	
   5.1668211733825360e-02	   1.3081299617352141e-02	   5.3897919872032518e-01	   3.0654574060263245e-01	   0.0000000000000000e+00	   5.6265013247648810e-01	   7.3407526227164355e-01	   4.6458742153861077e-01	   7.3221307106692135e-01	   3.7206735278627201e-01	   1.7583227065771112e-01	   1.2705257691019722e-01	   2.7832856059394395e-01	   6.5908502136948224e-02	   3.9680181823629340e-01	   2.7137422088919039e-01	  -1.0266238256196332e-01	  -9.4846750388149548e-02	   4.4895900919566906e-01	   3.5550019781333997e-01	   6.9343356367698539e-01	   6.5383952016940117e-01	   3.3915833165713266e-01	   2.2442624207064132e-01	   6.1441661228743394e-01	   4.7788400754597526e-01	   4.8564765809986077e-01	   5.6157076890150970e-01	   2.5674687332745016e-01	   6.9250030999498238e-02	   5.8259781519992448e-01	   4.0184352897846132e-01	   4.6070104211807861e-01	   2.6165720209432652e-01	   4.5235766320597570e-01	   3.1282926778411635e-01	   2.7256058964214480e-01	   1.7251883245289401e-01	   2.3517703337624352e-01	   2.0950487691326231e-01	   1.8255068337499797e-01	   3.1960376384956923e-01	   3.8310393723722191e-01	   2.6274584826978203e-01	   3.8688097748818223e-01	   2.8835437480018128e-01	   3.1345770451998756e-01	   2.8099107133929291e-01	   3.8249018455385081e-01	   3.5940165813196673e-02	   3.5310276195345314e-01	  -7.4629318895795965e-02	   2.4031721218311552e-02	  -1.4028519785476579e-01	   1.6262122746088017e-01	   1.3834205626796575e-01	  -4.0492118216264479e-02	   5.4370075943505444e-02	   1.5257357361459348e-02	  -9.0718791196291254e-02	   1.5583485230976518e-01	   1.7989082934418640e-01	   3.8206074883301258e-02	   2.0993435631389078e-02	   4.6733698674357516e-01	   1.8585618483298696e-01	   4.8765098148544683e-01	   3.2529621719165419e-01	   2.9754326321240360e-01	   4.1626002320664174e-01	   3.7524625362404274e-01	   9.2256118070247667e-02	   1.9949955991143947e-01	   5.5218933321505376e-02	   2.2779851860497269e-01	   8.6302034221992174e-02	   1.4447869259348134e-01	   6.1790905612692751e-02	   1.9811205780278693e-01	   1.1933371300423359e-01	   2.2886794607631031e-01	   2.8979110381420331e-01	   3.6136911497134561e-01	   3.4936857916049391e-01	   3.3093646308743391e-01	   3.3018948766016504e-01	   1.5002988895774821e-02	   2.4589000030318636e-01	   1.3958344452746993e-01	   2.2007198046125409e-01	   4.3890079562179418e-01	   5.7966700470827281e-01	   4.8285567967232845e-01	   5.7200043402710177e-01	   3.8580653468146653e-01	   3.5033227170453063e-01	   3.9202842340763600e-01	   2.3515451503527579e-01	   2.5312468146383799e-01	   3.4835822114104109e-01	   3.3502078056965429e-01	   4.9520274300108968e-01	   4.2124297876427697e-01	   3.7418056929892790e-01	   2.4110768719861331e-01	   2.6579134353740935e-01	   2.1948799320255977e-01	   1.6736735809816866e-01	   2.6939668661719518e-01	   3.8629688284604174e-01	   3.4853026225884232e-01	   3.4274351572471295e-01	   3.5251181392936681e-01	   2.0028406014516548e-01	   1.2588753234275268e-01	   5.4942156607241305e-02	
  -5.0526387832447582e-02	  -2.3619975341065899e-02	   1.8876259666968956e-01	   7.2013394613615056e-01	   5.6265013247648810e-01	   0.0000000000000000e+00	   2.9449323534427496e-01	   6.6922082262061489e-01	   4.4866904495185311e-01	   7.5736409403051697e-01	  -7.5156653651851243e-02	   8.6506596377253123e-02	   1.0939539398462023e-01	   1.3051698204398895e-01	   1.9744176193724974e-01	   1.4385703060818483e-01	   2.1266493409620092e-02	  -5.4338149650704104e-02	   1.4477583830762406e-01	   2.6865800206653812e-01	   3.7201990476721519e-01	   5.9316449071193955e-01	   1.3445488408482262e-01	   4.6713199979780706e-01	   3.8001604368920583e-01	   6.3439787770743516e-01	   3.3310783143930844e-01	   5.3080299027356503e-01	   1.1999359800376645e-02	   6.0012343856634995e-02	   3.6609461210057420e-01	   4.5459372656714814e-01	   2.9050131120705547e-01	   3.9400754803634297e-01	   4.4957660524852805e-01	   4.8109777751779859e-01	   1.7807076127930357e-01	   3.3347365734534895e-01	   1.6190463073591108e-01	   3.1448623210375576e-01	   6.0496727374494422e-02	   2.3847203992888494e-01	   3.9428663216879267e-01	   2.0837218009099545e-01	   4.5022714175016870e-01	   4.7051609602559563e-01	   3.3589160927048267e-01	   2.3117535669670697e-01	   4.0487133549208609e-01	   2.2125416899228162e-01	   4.2105283085271389e-01	   2.0368534979528216e-01	   2.6702747937694260e-01	   8.6264823907884786e-02	   1.9980058968182540e-01	   2.3851707077673884e-01	  -5.4485409895607712e-02	   1.2494316646817011e-01	   1.6416249440772751e-01	   1.3708288740372832e-01	   1.0532461746122902e-01	   5.6503629124332844e-01	  -1.1965797895378624e-01	   2.1674066692548222e-01	   3.3370888304087720e-01	   6.2495044857145821e-01	   3.3488392222762631e-01	   4.0981060802337249e-01	   8.7593695694892448e-02	   3.7689124699866117e-01	   9.8062544061184670e-02	   2.6209948022230439e-01	  -3.2562382959572221e-02	   7.7917240151861120e-02	  -3.4649785680019689e-03	   9.3576258739354379e-02	   7.0345221732299054e-02	   1.8641748893903720e-01	   2.7197466710703255e-01	   2.4065203114910549e-01	   1.5210838933262749e-01	   1.1113659648872108e-01	   2.1811155867469517e-01	   1.2982697756466727e-01	   1.8094597471548984e-01	   2.1202403807922493e-01	   7.9502589905213333e-02	   1.5228376264281962e-01	   2.1071512378423271e-01	   4.7282394309288994e-01	   6.9074555570966345e-01	   4.3398661784469034e-01	   6.3137322162522036e-01	   2.7151398960785494e-01	   2.4607733805994980e-01	   2.1568283521981835e-01	   3.0697458945815215e-01	   2.4916734663096862e-01	   3.4780584466200215e-01	   2.2952440232197568e-01	   2.3284676509017077e-01	   1.1635668429716783e-01	   3.1119975138727374e-01	   1.1095604512271151e-01	   7.7212790023486966e-02	  -8.0250312358519232e-02	   3.6379553294296513e-01	   1.4389061421930555e-01	   1.8161542935480002e-01	   3.5752713764956912e-01	   3.3707751082929210e-01	   3.1304327584609304e-01	   3.0567015732300773e-01	  -7.2201343257063079e-03	  -1.4953757659193628e-01	  -2.2417790330643247e-01	
   4.4758129034224708e-01	   2.3347894630923660e-01	   5.3758159538723782e-01	   2.1668858102487337e-01	   7.3407526227164355e-01	   2.9449323534427496e-01	   0.0000000000000000e+00	   5.0590363097846436e-01	   7.4957981123962947e-01	   3.1508736706239771e-01	   5.2960453352991610e-01	   3.9019370595511221e-01	   5.9170674860517281e-01	   3.0477623768305961e-01	   4.6689577078497263e-01	   3.1279008989001472e-01	   1.3454790170322314e-01	   2.0629212545095160e-01	   5.6256043357294216e-01	   5.0992420132695315e-01	   5.5157162330318288e-01	   4.6276412377602050e-01	   2.6973593401407625e-01	   7.6547668719969639e-02	   4.1228904827857893e-01	   1.8264428914207470e-01	   3.0070411826559751e-01	   2.5263085324521173e-01	   4.7303390875210305e-01	   2.9091363966057049e-01	   3.2119619396870464e-01	   1.8117531729838512e-01	   3.1230716413688603e-01	   1.6152215892613986e-01	   9.0635602653057423e-02	   9.4822913736423639e-03	   3.9266998352975635e-01	   1.7314647077554321e-01	   2.8573017431222514e-01	   2.0275087831561667e-01	   3.4816295698812183e-01	   4.2977052043689273e-01	   3.9397111646320848e-01	   3.4347138843322444e-01	   3.5016513758272305e-01	   2.7978589191658093e-01	   4.5261786415508531e-01	   4.1288792873312868e-01	   4.0899468478870959e-01	   1.3320100928982417e-01	   6.0420939399275952e-01	   1.0054463203130147e-01	   1.7329505576775980e-01	   8.8635769542810092e-02	   3.6028572478063003e-01	   2.5376923097991433e-01	   2.3690228116467638e-01	   1.6738545995253695e-01	   8.9574426214652156e-02	  -2.2180481136635441e-01	   4.5798050383997790e-01	   1.6808686711851722e-01	   2.5016661247274680e-01	   1.5844916690212854e-01	   4.7334008972349595e-01	   2.2373642911749037e-01	   4.3538715593397620e-01	   2.4344536959478930e-01	   3.1789619077313258e-01	   3.2879863493774525e-01	   2.8654478622986873e-01	   2.4911626854584687e-02	   3.6152146024052007e-01	   2.3279241876821272e-01	   4.2120975607945343e-01	   2.7270652522245331e-01	   2.7668967563677627e-01	   9.5595803030797621e-02	   2.8435081715822114e-01	   2.4650554232048916e-01	   3.9098454944880301e-01	   4.5983755983304464e-01	   4.2000192115963453e-01	   4.9097472321360625e-01	   4.8883161332288860e-01	   4.5284295665270335e-01	  -6.5610562046993885e-03	   2.3072791417068286e-01	   1.9910790598166994e-01	   2.0475339122437541e-01	   4.3892098642102262e-01	   5.8154466105045532e-01	   4.5489035727550253e-01	   4.8623821022242714e-01	   3.9083757689703341e-01	   4.1828138461430520e-01	   4.9983937120744087e-01	   3.0329057078691990e-01	   4.7610068820019369e-01	   5.1905172453456150e-01	   5.3872542174659488e-01	   6.4416565709488915e-01	   5.4680606192302217e-01	   6.4521666941485833e-01	   4.1915146119216784e-01	   4.6399049330733694e-01	   1.7292779477356512e-01	   1.1319127522925557e-01	   3.4632592350566271e-01	   3.4078938414733984e-01	   2.4259895644771706e-01	   2.9418464997302601e-01	   4.6978185548938800e-01	   4.9691027369924390e-01	   4.1253284681856861e-01	   3.5290233303829460e-01	
   1.6040657277217543e-01	   1.5494825388030770e-01	   1.7145633939786997e-01	   7.2408968284058584e-01	   4.6458742153861077e-01	   6.6922082262061489e-01	   5.0590363097846436e-01	   0.0000000000000000e+00	   4.4903814221216509e-01	   6.0736297247276905e-01	   2.8200550508212685e-01	   4.2398724623857481e-01	   3.5108235604879695e-01	   4.6470321466600928e-01	   2.5241529043444466e-01	   2.4063757674817543e-01	   2.1940284154650519e-01	   2.4065337391007871e-01	   2.8125136017125357e-01	   4.2796870216348382e-01	   3.3263448654919447e-01	   5.0166652296167946e-01	   1.3044704570285376e-01	   3.7744397825682408e-01	   2.8837925917999130e-01	   4.7941985825830785e-01	   2.2673369514052574e-01	   2.4245498754673123e-01	   2.6675739076848554e-01	   3.2062917566113502e-01	   3.5214584826262396e-01	   5.3417887828804944e-01	   4.8819725909535538e-01	   6.4221893648011941e-01	   4.2812173130241005e-01	   4.9531031422978783e-01	   2.1810414335742795e-01	   3.5830796425723788e-01	   2.6111680466371778e-01	   4.0281765766418526e-01	   2.5516118992843917e-01	   4.4187246931129770e-01	   5.2869918978257280e-01	   3.4043195717340202e-01	   6.5747654837173497e-01	   6.8942033728632524e-01	   4.9960230848774989e-01	   3.9241519240474554e-01	   3.5570630587816043e-01	   2.7792059106140837e-01	   4.8340048360107613e-01	   2.2031577825918777e-01	   8.7746150275867546e-02	   6.9533957913937433e-03	   3.0769156710718293e-01	   2.9693359320465745e-01	   1.4737162411980759e-01	   1.7155618323918878e-01	  -5.6294868762488452e-02	  -5.6956629107845380e-02	   2.0872900202562458e-01	   7.4864882068665461e-01	   7.9118805974415854e-02	   3.7795712646317137e-01	   5.3233078060077854e-01	   8.2312817516015624e-01	   4.3697388499163475e-01	   5.7570386257333761e-01	   9.3689226131891748e-02	   3.6589724666104162e-01	  -7.0265787851528178e-02	   1.4933394331710584e-01	  -2.2781468476574217e-02	   1.1105847687780637e-01	   3.7978628229124962e-02	   1.5964968716395564e-01	   1.3993980790199390e-01	   3.1771947576391429e-01	   4.3966039696094283e-01	   3.4219494939912037e-01	   4.6045254520395645e-01	   3.2814530241670592e-01	   3.3226198874477664e-01	   3.3137656735504056e-01	   3.7542971443783546e-01	   5.1871763879265964e-01	   6.0882437596561395e-02	   1.6196510669072869e-01	   2.6792908161539875e-01	   3.0095178243699577e-01	   7.1776148510748894e-01	   3.8915832628648062e-01	   6.3017856360475344e-01	   1.3647062539064139e-01	   2.0914183651452750e-01	   2.6328667877378492e-01	   4.0178770868836600e-01	   2.9825034420454954e-01	   5.8595167685628424e-01	   3.0072816565491134e-01	   4.0269997390705459e-01	   1.7598430472839355e-01	   4.0136237637258798e-01	   2.6302858932048462e-01	   2.7396453995813064e-01	   6.9206322275556231e-02	   3.7603279207367968e-01	   1.0534209723141172e-01	   7.6519859395845213e-02	   1.4962057301175835e-01	   3.5131005099707036e-01	   3.0915518885153526e-01	   3.8748794242835183e-01	   1.6587889781132376e-01	   2.6852843137371928e-02	  -2.6876770886547975e-02	
   4.1992444261388678e-01	   2.5006156903521187e-01	   5.6146756925096875e-01	   2.8795045073803516e-01	   7.3221307106692135e-01	   4.4866904495185311e-01	   7.4957981123962947e-01	   4.4903814221216509e-01	   0.0000000000000000e+00	   6.2548434148892640e-01	   5.1633145151877191e-01	   4.5293302114916295e-01	   6.5639204222788239e-01	   4.0039568357966571e-01	   7.1198338218764112e-01	   4.4015612301931734e-01	  -1.3489884582076964e-01	  -7.2599560418578415e-02	   4.6968507507867147e-01	   4.7733210422946321e-01	   5.6375207085264267e-01	   4.7788440022299938e-01	   5.0040807066779502e-01	   2.6171134031274368e-01	   4.2585440918781170e-01	   2.0152129824095594e-01	   3.4484966227678349e-01	   3.4279870709023591e-01	   3.4843613666333018e-01	   1.7097150170836573e-01	   3.0891402022161912e-01	   2.0082509659559222e-01	   2.6907670430780395e-01	   1.2102989764581076e-01	   1.8758180448142728e-01	   1.0284717976818551e-01	   5.1516820364432103e-01	   2.7427680926657660e-01	   3.4039481557310247e-01	   2.8930844463420075e-01	   3.3164597414454539e-01	   4.2241889560530171e-01	   3.8288564126067914e-01	   2.5034531401151433e-01	   2.5778925421300780e-01	   2.2986641759247672e-01	   3.4388950056458173e-01	   2.5524849289747636e-01	   4.8984526138908757e-01	   1.8727846807323650e-01	   6.1180304496587012e-01	   2.2966493543040498e-01	   4.1704185186466980e-01	   2.3409233617091452e-01	   3.7169583579056742e-01	   3.4106955780383741e-01	  -1.5937428065801310e-03	   1.5578134859557902e-01	   2.7765217861716218e-01	   8.0345747239056978e-02	   4.0467976887384904e-01	   2.9933844287718292e-01	   1.6411414403897517e-01	   1.6172677674333891e-01	   4.8452270012871174e-01	   2.6114868536098895e-01	   3.6111078601181879e-01	   2.2696561469194876e-01	   4.4506649709171486e-01	   4.7107899715931156e-01	   3.6958956639774931e-01	   9.0921201639555596e-02	   2.7471699520140630e-01	   1.1229096715807775e-01	   3.1466799878628698e-01	   1.8278708608965938e-01	   2.8583558080010174e-01	   1.8778651123570850e-01	   1.5496130209472242e-01	   8.7900802117201804e-02	   4.1523238520747796e-01	   3.7980802461820257e-01	   6.0946880532259395e-01	   5.7757845097867677e-01	   6.2417097700693402e-01	   3.9939240142400556e-01	   8.6942128784228467e-02	   3.3758595939111063e-01	   3.0281915188031994e-01	   4.4109515618749728e-01	   4.9009030003766141e-01	   6.4414211099481344e-01	   5.4898910806223244e-01	   6.1174310868879878e-01	   6.0509732552236972e-01	   5.6390545706302808e-01	   6.0810287227518411e-01	   4.7141824939711785e-01	   3.9007824994203005e-01	   5.4832025020325492e-01	   5.8081996482767262e-01	   6.0738373524478662e-01	   6.5871526371622990e-01	   5.9916631263630482e-01	   3.6417023376523405e-01	   4.3712696878176138e-01	   3.3058092556501756e-01	   3.3346055617755166e-01	   4.0555710603967904e-01	   5.7065117214212524e-01	   3.4578767709607894e-01	   4.1080144166877253e-01	   5.0887195960212150e-01	   5.6870975547839087e-01	   4.6753335570565646e-01	   2.1630005912741018e-01	
   1.1161455639456121e-01	  -3.5621631574871662e-03	   1.6585934570439287e-01	   5.4835000198919215e-01	   3.7206735278627201e-01	   7.5736409403051697e-01	   3.1508736706239771e-01	   6.0736297247276905e-01	   6.2548434148892640e-01	   0.0000000000000000e+00	   1.5065654978592402e-01	   3.2454030900592912e-01	   4.2863913496203060e-01	   4.2270130549858997e-01	   3.6608531608976930e-01	   2.6302460621887708e-01	  -1.4342220807152972e-01	  -1.5126404590251555e-01	   6.1620436588046924e-02	   2.4982493585860008e-01	   2.8285010356272644e-01	   4.1614935179958545e-01	   2.4303813900627547e-01	   4.5610631103886201e-01	   2.0646069656725508e-01	   3.7455302525609113e-01	   1.3586389385586889e-01	   1.9242305764208051e-01	  -1.5895132874923924e-02	   3.0885161226447848e-02	   1.6272087212639791e-01	   3.0236896223017595e-01	   1.1390331055499989e-01	   2.1392626051325048e-01	   2.8934635541951170e-01	   3.0930032822991138e-01	   3.2684147075036790e-01	   3.8414669772484700e-01	   1.6540781326044757e-01	   2.8453057640159130e-01	   1.3216500462327860e-01	   3.1787490635963789e-01	   3.3193263790165040e-01	   1.1590013766466163e-01	   3.6262630213278663e-01	   4.0103152688980481e-01	   2.5232794271304571e-01	   9.3070782049909373e-02	   4.6825858977859558e-01	   2.6412510748470575e-01	   6.1819894150763155e-01	   4.0234630240339186e-01	   5.5273038901655069e-01	   3.9258702893457337e-01	   2.8449794455940064e-01	   2.9419856911448822e-01	  -1.5426721638646251e-01	  -1.1883242860642308e-02	   2.7023939708087535e-01	   1.0361834699880479e-01	   2.1832064082361374e-01	   6.2884220608625530e-01	  -1.9694689912935764e-01	   1.4198178223073085e-01	   3.7921377364513653e-01	   6.4792825346523109e-01	   1.9113019065732301e-01	   2.7007675897972433e-01	   1.7079611328515046e-01	   3.5251941892890037e-01	   1.2879104162620370e-01	   2.4671274300147067e-01	  -4.7141234260903643e-02	   2.1668203300702926e-03	   1.3109854749857461e-02	   7.1006212480083181e-02	   9.8783067107733435e-02	   2.1799724662612752e-01	   1.0527354615468169e-01	   1.3001339254713529e-01	   2.0337329838876139e-01	   1.0179881407875228e-01	   2.9121803358670806e-01	   2.5844675029332953e-01	   3.7756210006291446e-01	   2.4637327086894009e-01	   1.6303229258646655e-02	   1.7410643804892484e-01	   2.9366165156711066e-01	   5.5875211008697367e-01	   6.3341709597162155e-01	   4.7760524480677780e-01	   5.8800221408453135e-01	   2.7683738395068069e-01	   4.3349215722084855e-01	   3.6248716699837552e-01	   3.5676689883987178e-01	   3.1847082259312504e-01	   3.5504513530247450e-01	   3.4401110356517539e-01	   3.4441015374629547e-01	   2.7902931884149013e-01	   3.8096859358368373e-01	   2.3620040478241067e-01	   1.8089409724912486e-01	   4.8723771912609501e-02	   4.4565212392492226e-01	   2.5220767761105711e-01	   2.6006654839632082e-01	   3.9602433200600196e-01	   2.7377055861323379e-01	   3.6275019413196585e-01	   5.0388426427250776e-01	   2.1557009985242959e-01	   8.9805944639503019e-02	  -1.0764648210200028e-01	
   7.3045748714692316e-01	   4.3780294521116564e-01	   3.1884395558316581e-01	  -3.5974558294513447e-03	   1.7583227065771112e-01	  -7.5156653651851243e-02	   5.2960453352991610e-01	   2.8200550508212685e-01	   5.1633145151877191e-01	   1.5065654978592402e-01	   0.0000000000000000e+00	   6.7193423926753415e-01	   8.4842506046927402e-01	   5.4278635324894642e-01	   7.1423472486198025e-01	   5.0786298004319430e-01	   3.1995028287102001e-01	   3.7001465978184711e-01	   5.9897635974143570e-01	   6.7103124291641003e-01	   3.2295238682990068e-01	   1.5931829451527713e-01	   3.1539717246314264e-01	  -2.9480856167037429e-02	   8.0226876024918167e-02	  -2.7510212589481103e-01	   7.7614281565104970e-02	   9.3880852045109056e-03	   6.9326213621535648e-01	   5.0685151770863657e-01	  -4.9628576190181538e-02	  -1.4876341785868624e-01	   1.1279737738079240e-01	   4.6169315611105126e-03	  -2.2688707952442605e-01	  -2.9856518349917521e-01	   4.5628853172678685e-01	   2.2341817869201855e-01	   2.4521195741489615e-01	   1.2744753067232531e-01	   4.3330273498204885e-01	   3.9040189429693850e-01	   2.0692210250606660e-01	   2.2821348165679831e-01	   9.9166403048958435e-02	   4.8480940545542583e-02	   3.5978023414186011e-01	   2.8593050044770058e-01	   2.5233970511566917e-01	   1.8160039350345553e-01	   4.2692032191760532e-01	   1.4736061226013214e-01	   2.4423807932325337e-01	   3.4130644120763770e-01	   2.7158823467651549e-01	   2.4329665956842805e-01	   3.4433098936299400e-01	   1.9013896212282566e-01	   1.0330515277481925e-01	  -1.4661945620718747e-01	   5.7155068915330565e-01	   1.1515687781175346e-01	   4.8268193580819163e-01	   2.3811333704021925e-01	   2.6067172622341794e-01	   9.5356729473477064e-02	   3.8293534343944245e-02	  -1.0363287167978652e-01	   4.5442446232526046e-01	   2.7166547950668707e-01	   3.6741105821898373e-01	   1.7483903598354389e-01	   5.9914018724890528e-01	   4.6886580692470514e-01	   6.1470267014169644e-01	   5.1209740063402576e-01	   4.5607117055185631e-01	   2.4892675433618061e-01	   2.2304142590710585e-01	   1.8564259050689086e-01	   5.3828552142273034e-01	   5.5932897096933099e-01	   5.5401027767368816e-01	   6.2257593964969971e-01	   5.6071196963542347e-01	   3.6570773952271429e-01	  -2.5054074789850202e-02	   1.5768942262889396e-01	   1.6286965823838867e-01	   1.6325458284700481e-01	   2.1178504516862620e-01	   3.1425426672687351e-01	   2.1820877052050375e-01	   3.2618097756803643e-01	   3.7388091705791415e-01	   4.2464643756773007e-01	   4.4059739105792273e-01	   2.6260060806129093e-01	   4.1326220242817713e-01	   4.6328663912340717e-01	   4.6733097543456809e-01	   4.5870479241316503e-01	   5.0396944234679664e-01	   5.9627606560339630e-01	   3.6023044700881390e-01	   4.4527957112861449e-01	   7.5276753318339468e-02	   5.4880980089076582e-02	   2.7440600367179946e-01	   2.8961142334101980e-01	   8.8330384502482581e-02	   2.1271259902711881e-01	   3.3761064376452032e-01	   5.9728063351747562e-01	   4.7223908471178705e-01	   4.1046857762690492e-01	
   7.2275154488315918e-01	   4.7089079978799725e-01	   2.8097089292337857e-01	   2.1373157936612289e-01	   1.2705257691019722e-01	   8.6506596377253123e-02	   3.9019370595511221e-01	   4.2398724623857481e-01	   4.5293302114916295e-01	   3.2454030900592912e-01	   6.7193423926753415e-01	   0.0000000000000000e+00	   6.3674420282082944e-01	   8.4417359548415671e-01	   6.0407052387997417e-01	   6.6562339231874290e-01	   2.1862562480431980e-01	   3.0761881646786560e-01	   4.4364876559515842e-01	   5.2381756131569668e-01	   3.7577074036120878e-01	   3.2430699296949445e-01	   3.4025732317108848e-01	   2.0827057303453994e-01	   1.5198937373196175e-01	  -1.7031400456038237e-02	   1.1606179532195574e-01	   1.0143979429445657e-01	   5.6919052894147681e-01	   5.3234432897288042e-01	   1.2726667882837164e-01	   1.1919290859157416e-01	   7.1212018455192941e-02	   9.1360450337534566e-02	  -2.4682907030681009e-01	  -1.6176189775083705e-01	   6.2674687039113997e-01	   4.4862622113076983e-01	   4.5207747968563955e-01	   4.6787483202704772e-01	   5.4579142009669923e-01	   5.2382854139898272e-01	   5.4278210615331812e-01	   5.6002093849339651e-01	   1.7790019865614001e-01	   2.6777927157251241e-01	   5.7078195859268177e-01	   4.8063019682816016e-01	   4.4835098416664038e-01	   4.8478961552852951e-01	   4.7926516198885638e-01	   3.7955130713878238e-01	   4.4750950150810154e-01	   4.1115943552745299e-01	   4.0793609363276162e-01	   4.4067658649732433e-01	   4.5081620394776445e-01	   2.3702944060922204e-01	   2.6486659738229390e-01	   1.0895759820141571e-01	   3.2857516962699035e-01	   3.9334306580549205e-01	   3.5641115737865603e-01	   2.9552025284862504e-01	   5.5546165066062095e-02	   2.7560683815314929e-01	   5.5421151039476479e-02	   7.0570548481769010e-02	   3.7402158563269433e-01	   2.8705359327674784e-01	   2.3123200317973192e-01	   2.2979838369405309e-01	   3.9246044783334622e-01	   3.5487628383526215e-01	   3.5915490259064337e-01	   3.6269769362950255e-01	   2.7220695799410366e-01	   2.1545277317219708e-01	   3.3252525989176890e-01	   1.9969603550714557e-01	   7.4010692763019348e-01	   6.5806577566928870e-01	   4.8075336438372807e-01	   5.9813821923379284e-01	   4.8922411833828905e-01	   5.8429395186822186e-01	   8.3590201262925684e-02	   3.3483652978459466e-01	   6.2914480137195666e-02	   3.2267710268132410e-01	   4.2276995159648867e-01	   3.0054343277697415e-01	   4.4424951706586790e-01	   2.3156377919672400e-01	   3.0746436042116071e-01	   3.9496760689442600e-01	   4.4697531436553861e-01	   3.7667730034266372e-01	   4.9941506028942723e-01	   5.1497266233206673e-01	   6.0250384162308124e-01	   4.8957337163565140e-01	   5.1593217321657903e-01	   5.6155048672518570e-01	   3.0237586309372660e-01	   1.8617786112701137e-01	   3.5738930764382082e-01	   3.8281605853346568e-01	   1.6376541955187596e-01	   1.6953560384238164e-01	   1.4648489935281228e-01	   2.1374461771403963e-01	   3.7264095840123862e-01	   4.3456384613761773e-01	   3.5832635105619903e-01	   1.6351370393200182e-01	
   5.7744432530068657e-01	   2.0556604776470322e-01	   3.6575132633391177e-01	   4.5832808488416248e-02	   2.7832856059394395e-01	   1.0939539398462023e-01	   5.9170674860517281e-01	   3.5108235604879695e-01	   6.5639204222788239e-01	   4.2863913496203060e-01	   8.4842506046927402e-01	   6.3674420282082944e-01	   0.0000000000000000e+00	   7.0393168930150274e-01	   7.3903619795509479e-01	   5.2963578939252853e-01	   2.2242935399815807e-02	   1.0660081405610435e-01	   3.8734260703866730e-01	   5.1081886854280745e-01	   3.6124739544093409e-01	   2.3160505380822907e-01	   2.8876586336205995e-01	   3.9405377136813871e-02	   1.2577944534186802e-01	  -1.8388078896027249e-01	   2.1144013849391799e-01	   6.8251995436412027e-02	   3.8631478321327406e-01	   2.6776589344467228e-01	  -7.7535459664363926e-02	  -1.4758858087930249e-01	   3.8780053682878068e-02	  -7.9450924281067842e-02	  -9.5295616476415546e-02	  -2.0887136469114947e-01	   5.6627711444587137e-01	   2.7201970046003365e-01	   2.7849432794758439e-01	   1.8735754096627930e-01	   2.8669654062871702e-01	   2.8960252730327285e-01	   1.7405026251541431e-01	   1.5855147035863745e-01	   9.7787033890628122e-02	   5.8803319217294994e-02	   2.6041520822077768e-01	   1.6525343536657178e-01	   3.5877420943624516e-01	   1.5286249176149699e-01	   6.2010274303216395e-01	   2.5491227782154097e-01	   4.5388185258956604e-01	   4.6708901138116987e-01	   3.2488684411690572e-01	   2.4684387274222497e-01	   1.5070169123192881e-01	   1.2836537471673098e-02	   2.1556911613948926e-01	  -1.6350770021168631e-01	   5.7152217327679045e-01	   2.6344127484344959e-01	   2.3054198454886954e-01	   1.1973462315324937e-01	   3.6688566219803148e-01	   2.9769637534851234e-01	   9.9575680436538833e-02	  -6.2428361499577756e-02	   5.3130581020172984e-01	   3.8036103442682229e-01	   3.8374772895332482e-01	   1.5405618861123441e-01	   4.0123689499873594e-01	   2.0863939070323204e-01	   4.5120952461516889e-01	   2.9573265631711215e-01	   2.8503114627436110e-01	   9.8099083642281426e-02	   1.4977254789272931e-01	   1.6241401054688537e-01	   4.3789892442060480e-01	   4.7173843383538300e-01	   4.2725476819768599e-01	   4.8958602689810371e-01	   5.8316765144126759e-01	   3.1151728746662588e-01	   4.5160907773681702e-03	   1.5107472995928711e-01	   3.3595130797839734e-01	   3.0265000605014269e-01	   2.9595535838650555e-01	   4.2251831250971622e-01	   3.5699000415437382e-01	   4.2699233364444561e-01	   4.7163465597005627e-01	   4.3307727451881989e-01	   4.0381380070048040e-01	   2.4680515330249092e-01	   2.8326671603691905e-01	   3.9635086600622316e-01	   4.6761717412567327e-01	   5.3368019514648823e-01	   4.8326515588454616e-01	   5.6046049206013282e-01	   3.2176808978540405e-01	   4.1392250426017313e-01	   2.0159284142889106e-01	   1.9018321725168727e-01	   3.8009972509830664e-01	   3.8839881442239932e-01	   9.9942239218247575e-02	   2.3768036670379167e-01	   4.0609852840503102e-01	   4.8062402156561224e-01	   4.2512428055959861e-01	   3.1859169895188794e-01	
