   0.0000000000000000e+00	   5.5356653354623542e-01	   5.6336256481425373e-01	   3.0151896001808315e-01	   7.2722760860805913e-01	   4.8029969577867537e-01	   5.4062829376037835e-01	   4.1248342773487601e-01	   5.6422300763246491e-01	   1.5154638347061089e-01	   8.2196482224816136e-01	   5.2824190461525689e-01	   8.3301083443173018e-01	   5.8088134108438849e-01	   7.1078968971505874e-01	   2.4707564288983339e-01	   6.2913546169562085e-01	   1.9117462073487423e-01	   7.3062937742977052e-01	   5.5275087457346395e-01	   6.3117188559946169e-01	   3.9645304001514686e-01	   5.5063663707532640e-01	   2.4715606111106866e-01	   3.7270787921622306e-01	   3.2316506751189866e-01	   5.6359132999752970e-01	   5.8041735376174408e-01	   6.0537079010596040e-01	   2.2522468446186478e-01	   2.5634989449491496e-01	   1.1784471815592956e-01	   6.1498006889976009e-01	   4.5921654587723093e-01	   2.6550072066931607e-01	   2.0336370439546481e-01	   3.6088924008359469e-01	   3.1470766289853525e-01	   3.8506369105079896e-01	   2.0027894081578634e-01	   5.2341690470077662e-01	   2.2626152025861229e-01	   4.7855278945837409e-01	   5.3428634589803115e-01	   4.7995321124715978e-01	   3.7286927212273752e-01	   6.5440319506468603e-01	   6.7396132885386584e-01	   5.4201351945946730e-01	   4.0688576739937465e-01	   5.3594755519183923e-01	   5.2268540079178893e-01	   4.9386857675059903e-01	   5.1564919073872995e-01	   6.2119553603718047e-01	   6.2407820947289083e-01	   6.3199573536702391e-01	   4.5732472630187171e-01	   7.0686150204353582e-01	   3.7244022019729339e-01	   6.2871330129884706e-01	   4.5859328983718128e-01	   1.7693765157936397e-01	   2.0902422386701724e-01	   4.6652967138055801e-01	   4.0204577317358448e-01	   6.1955661198902456e-01	   5.6264046294422443e-01	   6.2239336151131341e-01	   4.9882104377678960e-01	   5.2285677502418881e-01	   3.6667063038046188e-01	   7.3268349585291803e-01	   3.6893336462157572e-01	   7.9007544879877167e-01	   5.4668003090913553e-01	   6.8940636478811268e-01	   5.3084627751201818e-01	   5.4258156804327062e-01	   3.8468701464170524e-01	   5.6546148444449218e-01	   6.1110843535783232e-01	   5.0809830373855247e-01	   3.3461632861022506e-01	   6.0381874772217747e-01	   5.3201280469550016e-01	   1.5907951294186948e-01	   1.8883921079167826e-01	   6.1833850104615418e-01	   6.8996674982607920e-01	   5.6255187875481805e-01	   5.3912976973372839e-01	   2.9089492183421217e-01	   4.3222240626012254e-01	   1.1746881158189132e-01	  -1.1621381850073556e-01	   5.0923461933730541e-01	   3.2637361463287751e-01	   5.9946624225780276e-01	   5.0088268421356452e-01	   2.4900039907390370e-01	   4.2190822234438935e-01	   2.2989162180199926e-01	   2.5761033756597318e-01	   3.4232081878829618e-01	   2.8178794051645623e-01	   1.3284529176842247e-01	   6.8578429485275094e-02	   7.5360060618442054e-02	  -1.8678738564091504e-01	  -5.6045450323414320e-02	   2.3717778985058802e-01	   2.9884228161527410e-01	   4.0030795698637633e-01	   4.0444860908569469e-01	  -3.1689202292920066e-01	
   5.5356653354623542e-01	   0.0000000000000000e+00	   3.5055258154429303e-01	   6.7263723932269620e-02	   3.6923780764151548e-01	   1.2199075521834683e-01	   8.8072395845181409e-02	  -3.7355679133200405e-02	   1.4898951942620295e-01	  -1.4114712487571543e-01	   4.5123413275228386e-01	   3.4993837555742763e-01	   2.8455423244615108e-01	   1.5599513873720608e-01	   4.8102518218048063e-01	   7.7555041829101376e-02	   5.2884351195293022e-01	   5.3892817347190602e-01	   4.4083009888739955e-01	   3.9507023547542663e-01	   5.0177678296466588e-01	   3.7337802220294736e-01	   3.7409984941117608e-01	   8.4281567445834316e-02	   3.7651566021026467e-01	   2.1436733520805692e-01	   5.3710388248559293e-01	   5.2567434308028016e-01	   3.4784801414319738e-01	   2.6179728077138148e-01	   2.3288968319135997e-01	   1.2088188066807393e-01	   3.9860326980435790e-01	   2.5442558466474419e-01	   3.0166015021801751e-01	   2.2948333085699704e-01	   3.0275873924961133e-01	   2.3127602277549317e-01	   3.0076390955310550e-01	   9.4726924950201713e-02	   4.3185190289651143e-01	   4.0184327168741607e-01	   2.4963548115808853e-01	   2.8743907047451500e-01	   5.2891199325425055e-02	   3.5220291282295202e-02	   4.1867731739785569e-01	   4.1163695484166740e-01	   1.7095563553416618e-01	   1.8007682516755127e-01	   4.0892784546301586e-01	   2.9965518633939370e-01	   4.5430593330461688e-01	   4.2809317065651087e-01	   2.6444610701291488e-01	   3.6812871014089871e-01	   7.3662565697214111e-01	   8.7950335457582973e-01	   4.8966264346733623e-01	   3.6563612168589116e-01	   2.6726067001715736e-01	   2.0204237537341102e-01	   2.0587287537013782e-01	   2.1911994214142524e-01	   7.9659807505226332e-02	   1.1495839760226495e-01	   1.9055800147658544e-01	   1.9166119338649962e-01	   4.7842553980555041e-01	   3.2351994676566309e-01	   3.2611749355829839e-01	   1.8993445629132866e-01	   5.1113211227991340e-01	   4.6765205765052009e-01	   6.2458554323172422e-01	   5.8135825231116944e-01	   4.7577476857445011e-01	   3.7078558424241370e-01	   6.2881068453280808e-01	   5.3634501070811269e-01	   5.8064057802174696e-01	   4.2693156096983353e-01	   3.8130822873830916e-01	   3.1557896674575170e-01	   3.5050627141508733e-01	   2.0772426311991038e-01	   2.5047780518573448e-01	   2.6672357486593046e-01	   2.2011874743584581e-01	   4.0929437307930766e-01	   1.9593670434281485e-01	   1.8497691300121297e-01	  -1.7388342887193267e-01	  -1.5742752633427070e-03	   2.4259131652296220e-01	   5.8078257963939089e-02	   3.4349316656615747e-01	   1.2761760432629168e-01	   3.1644766241420552e-01	   2.1492182192541912e-01	  -2.1925976440544941e-02	   1.3487116971166913e-02	   1.4888885635952434e-01	   9.2311102482176513e-02	   1.0134443196922166e-01	   1.5559003756677733e-01	  -2.0226740623654038e-02	  -1.7167460135825613e-01	  -5.5158393792206328e-02	  -3.3396177690842299e-01	  -1.1551417752892931e-01	   3.8930635398777280e-02	   1.1011485842320673e-01	   2.2258270014096379e-01	   1.8040528143294435e-01	  -3.9413817788472788e-01	
   5.6336256481425373e-01	   3.5055258154429303e-01	   0.0000000000000000e+00	   4.4546760452846568e-01	   7.6003600406348448e-01	   3.7551651502336647e-01	   6.7972119484086613e-01	   2.6044276077897943e-01	   4.3440883770382321e-01	   1.2798506542973254e-01	   6.3651169828702636e-01	   1.5273631241909816e-01	   5.5786325299534800e-01	   1.5862077628240012e-01	   5.7067068810234944e-01	   1.6458774182608149e-01	   1.8830612575768266e-01	   5.5319575292316252e-03	   6.1753024122744726e-01	   3.0945602790535764e-01	   6.3768865030430977e-01	   4.5140652752885502e-01	   8.8022114284365149e-01	   4.4927158812149626e-01	   7.2164292485359349e-01	   5.6667668031954255e-01	   7.4010266163676319e-01	   6.8032171084690374e-01	   3.6959262095115103e-01	  -2.5835391946382829e-02	   7.0164675109823771e-01	   5.1229451941948390e-01	   4.1776074480451969e-01	   2.9974960679880586e-01	   5.9401747013561546e-01	   4.7049232190712398e-01	   1.3656759948626421e-01	   1.4260702789813837e-01	   3.4128851625781109e-01	   8.9743146040925523e-02	   4.0976585135894361e-01	  -1.4820328291786391e-02	   5.3507413663651682e-01	   3.9041711781171601e-01	   4.7918001343939176e-01	   3.5165025002114336e-01	   5.8718610022923190e-01	   5.1644320239899355e-01	   4.4780270990456261e-01	   4.6872335195383930e-01	   6.9757516890124416e-01	   6.4527173433882479e-01	   6.5379459651256377e-01	   7.5383659304067607e-01	   3.8374459347257384e-01	   5.0776622279570227e-01	   4.2248381828195686e-01	   4.4114459668461470e-01	   6.1987748158814004e-01	   4.9580948264715241e-01	   3.0443717540951198e-01	   3.5003784611070143e-01	  -1.6261515461916468e-01	   1.2638932769625569e-01	   6.0851107140029925e-01	   3.2799000376388865e-01	   5.7809105597314248e-01	   4.9218848564697548e-01	   4.4831640139061268e-01	   3.4858910125803710e-01	   5.2173596975405134e-01	   1.9079413774560644e-01	   3.5741436209864175e-01	   7.7498043623060193e-03	   3.3303266471621257e-01	   1.6792251439920039e-01	   5.4231173145526357e-01	   4.1685572907461671e-01	   2.8537350380019200e-01	   1.9732128035527458e-01	   3.0739082659281813e-01	   3.8340892442533570e-01	   5.2721789161560373e-01	   4.0386792366842672e-01	   6.7303214429984826e-01	   4.1384433750614513e-01	   3.1865349080930094e-01	   3.1935701100373082e-01	   4.7057252466728294e-01	   6.3767538718961225e-01	   5.6285604423460922e-01	   6.5942112001386011e-01	   2.9429232879203154e-01	   5.5879419213300330e-01	   1.4996354290272781e-01	  -2.0401402214444092e-01	   2.9800144175437993e-01	   7.3674682905492339e-02	   2.9130663617634334e-01	   4.2447923175810365e-01	   1.2213058789996528e-01	   3.6865506387548674e-01	   1.3542713937944922e-01	   3.3610904197386826e-01	   2.0042372602379380e-01	   3.7717867397054727e-01	  -3.2548371741207532e-02	   1.3974245928387368e-02	   1.6557011354437876e-01	  -2.1532065136876044e-01	  -6.1080958554432317e-02	   2.1949975852144293e-01	   3.2249866748992551e-01	   2.2541011066303701e-01	   1.9584554843329760e-01	  -1.7890960329406602e-01	
   3.0151896001808315e-01	   6.7263723932269620e-02	   4.4546760452846568e-01	   0.0000000000000000e+00	   5.7578970238924831e-01	   7.2781759433787907e-01	   7.2746595757039878e-01	   7.9854351534330226e-01	   6.2329508500036135e-01	   5.8634307740806646e-01	   2.4609034792254719e-01	   4.7868583538807707e-01	   3.7826018494969854e-01	   5.2464904834269832e-01	   4.0316553130608357e-01	   6.1819524602120846e-01	   4.7768121784025147e-02	  -8.3131902151955470e-03	   3.3999648256910697e-01	   5.9505310520289023e-01	   3.8358964785603888e-01	   2.7438194891166756e-01	   4.7138909286916686e-01	   8.0679105946748175e-01	   3.0718788105791761e-01	   5.6803906799630366e-01	   3.6050374921008810e-01	   4.9762443340015067e-01	   3.8396408696223328e-01	   3.3913234555932092e-01	   5.3458517044811238e-01	   7.6381912505189753e-01	   3.4976412988881417e-01	   5.6968814053262773e-01	   2.6499248966746025e-01	   3.8636733349358532e-01	   4.8780025632907523e-02	   2.4041789386032147e-01	   3.3277481481274501e-01	   4.3291984538227080e-01	   4.0084802167857980e-01	   2.3144399956177505e-01	   5.4166860525816118e-01	   4.6317885289837579e-01	   5.3598070888627802e-01	   5.6892144660181743e-01	   6.0180108246624253e-01	   4.9828122728114554e-01	   4.5681478514585444e-01	   4.2548733291325880e-01	   5.3521644244157929e-01	   4.9514548847018691e-01	   4.9259193179775201e-01	   5.1676132377588235e-01	   4.0069032964347584e-01	   4.9158555738657406e-01	   1.6701969466143163e-01	   1.8739162739269910e-01	   4.8860687759860111e-01	   6.2483682463699908e-01	   5.0152689680285567e-01	   6.0157071893778125e-01	   1.8227445067967962e-01	   5.3542337908141480e-01	   4.7149216371992952e-01	   5.3564730662764470e-01	   5.2334529952201114e-01	   6.3535037156440499e-01	   2.6636935211607271e-01	   4.1352809853513472e-01	   1.6043679144226755e-01	   4.3880957657942599e-01	   2.0533984512835166e-01	   1.3465549005509639e-01	   1.4304371678281347e-01	   2.9217225994125751e-01	   1.7760639615787246e-01	   4.0987274053749212e-01	   6.2957114434273515e-02	   2.0898204790880340e-02	   3.5425238977944495e-01	   4.7663353424172905e-01	   4.5474458582378052e-01	   5.4066807628459856e-01	   4.8372226098512494e-01	   6.9252336834052519e-01	   4.8212033677660748e-02	   3.5440986206254343e-01	   4.2228062516868103e-01	   6.2297126543202530e-01	   5.9879950714331598e-01	   4.0200099875991641e-01	   5.7120207919941812e-01	   1.8322499790548241e-01	   4.8256953974476477e-02	   2.6174123906543029e-02	   3.2748391936097943e-01	   1.0769013917126735e-01	   2.3398974096970715e-01	   2.6965695400993073e-01	   1.2786065091471055e-01	   1.1557358754946398e-01	  -3.6923724408287742e-02	   6.9836689758224435e-02	   3.2202278591023481e-01	   1.2107465468626918e-02	   1.3216384126771466e-01	  -6.1092670511125893e-02	  -5.1433583052575858e-02	  -3.3710357425370091e-01	  -1.9934164756466477e-01	   3.5280569106402038e-02	   1.8548685689175742e-01	   7.5158793431247206e-02	   1.7754398518921291e-01	  -1.7968224335962207e-01	
   7.2722760860805913e-01	   3.6923780764151548e-01	   7.6003600406348448e-01	   5.7578970238924831e-01	   0.0000000000000000e+00	   7.6379164060650862e-01	   7.3633121062830575e-01	   5.7232287469226772e-01	   8.1641712928777399e-01	   4.2867476731356324e-01	   6.3256677157532193e-01	   5.2510453640139898e-01	   6.7714221985441669e-01	   5.5101852064191847e-01	   7.4294286803590270e-01	   3.4769197471821001e-01	   4.2465464303366096e-01	   2.2448169089135234e-02	   7.1228910907656273e-01	   6.3887326327981864e-01	   7.5261061101180493e-01	   5.4752521341675386e-01	   7.5048272734497823e-01	   5.2873233499387007e-01	   6.1250613499891438e-01	   6.0532604182510985e-01	   6.8847695678089793e-01	   7.6555203258036852e-01	   4.9483061831701580e-01	   1.6571970236807301e-01	   5.2234139273303903e-01	   4.2514328496413489e-01	   4.3978791984674659e-01	   4.1559908693547476e-01	   3.6851414886527201e-01	   3.4449876344087837e-01	   2.5867278580337727e-01	   2.5083389845686527e-01	   3.4458083209145557e-01	   2.0873105144495324e-01	   5.1352399777615376e-01	   1.7343190611056877e-01	   5.9352046888935339e-01	   5.2836906889803315e-01	   5.4290737603386219e-01	   4.5913747810362437e-01	   7.2237538652857092e-01	   6.4472120434601043e-01	   5.4248435451382426e-01	   4.8308783016199064e-01	   7.0190038831677648e-01	   6.7372178231618474e-01	   6.5720962520868820e-01	   7.7247719863798348e-01	   4.8928738989628706e-01	   6.1618896257627642e-01	   5.0529426963033885e-01	   4.0040132742853807e-01	   7.0113444991211249e-01	   5.9349162249113985e-01	   4.9807729824543040e-01	   5.9976753645325154e-01	  -7.8318786316557115e-02	   2.2722483685651623e-01	   6.2180298018753422e-01	   5.0057143209900601e-01	   6.4046686024293675e-01	   6.2414205763202768e-01	   6.0077349747500530e-01	   5.6023211205125056e-01	   5.4924250054190460e-01	   4.6670323386009338e-01	   5.4094450112716186e-01	   1.3044161468547033e-01	   4.8387237871197197e-01	   3.2509877735560183e-01	   5.7204978208831669e-01	   4.8307073092037855e-01	   4.4574991502093542e-01	   2.1624817390009490e-01	   4.7103072521542233e-01	   5.5290168643342341e-01	   4.6256083536479509e-01	   3.9629667469987673e-01	   6.6092400979748878e-01	   5.6809501178086075e-01	   1.6296557519334579e-01	   2.8381557455244483e-01	   4.9079289978101714e-01	   7.6161886206412399e-01	   8.1119470552791673e-01	   7.8523566675095946e-01	   6.1611822037561914e-01	   5.9963432760571189e-01	   1.4755945027793027e-01	  -1.1665164506648343e-01	   4.3059449151796714e-01	   2.1551872885898823e-01	   4.8935053009330398e-01	   5.5761659034909750e-01	   3.7587699988159312e-01	   5.1451568552042914e-01	   2.6334131835545393e-01	   4.4434569054508494e-01	   3.7146162195019494e-01	   3.4266393322255650e-01	   1.1893067086382805e-01	   2.7299744445541717e-03	   7.6910406200667303e-02	  -2.1078584837052844e-01	  -7.1862389003604962e-02	   3.1450372337013766e-01	   3.3111282844782919e-01	   3.4865971852663274e-01	   3.6739160214341166e-01	  -1.7905239328042588e-01	
   4.8029969577867537e-01	   1.2199075521834683e-01	   3.7551651502336647e-01	   7.2781759433787907e-01	   7.6379164060650862e-01	   0.0000000000000000e+00	   7.2267871134746531e-01	   8.5709684419421628e-01	   8.3039277066257311e-01	   8.4035512867523887e-01	   2.7904551069322014e-01	   5.9050930179623218e-01	   5.2629169470864579e-01	   7.0181986726420176e-01	   5.2457449358882158e-01	   5.8996070419007718e-01	   1.9954505844170484e-01	  -2.0524181271592307e-01	   4.4372839175504253e-01	   6.3722004417148370e-01	   5.2822807543443395e-01	   4.5602684536798199e-01	   4.7969995494020157e-01	   6.8800443074060269e-01	   3.8042796535311563e-01	   6.2230887805488244e-01	   3.7525691297440400e-01	   5.7398846383634683e-01	   4.2835082380949108e-01	   3.0506279042282158e-01	   4.1052352597692937e-01	   4.8575995259144955e-01	   3.7251885349301350e-01	   5.2477882046133795e-01	   1.3329694708829365e-01	   2.7643279464423975e-01	   2.3097112801892378e-01	   3.3250628908697777e-01	   3.6491222218439540e-01	   4.8091827372491602e-01	   3.9707088002548330e-01	   2.5631030129182047e-01	   5.8062725490910394e-01	   5.1986061864475896e-01	   6.0548907848016409e-01	   6.2319246341726064e-01	   7.1299963624762097e-01	   5.8004247570772383e-01	   6.0652242607663187e-01	   4.5295753368997582e-01	   6.0024204240713219e-01	   5.3448553321673509e-01	   5.3553878086468576e-01	   5.8753366757237524e-01	   5.5410626990565393e-01	   5.9594555539693717e-01	   2.3359412782735514e-01	   1.1888631715416292e-01	   5.7020975492529702e-01	   6.1825490882526346e-01	   5.8758697491265854e-01	   7.9849709855676265e-01	   2.3540540491587148e-03	   3.0091510222824264e-01	   5.3948082663615793e-01	   6.5527464598437035e-01	   5.0215993947159121e-01	   5.8453840447793981e-01	   3.5979969867876410e-01	   3.9957292671576472e-01	   2.3590547744614587e-01	   5.3572826667357920e-01	   3.0983965225930787e-01	   1.1211925179566526e-01	   2.3449134639742253e-01	   2.8988798861578052e-01	   2.2901899999079151e-01	   3.3640453779815671e-01	   1.9239584936428145e-01	  -7.3293173053161770e-02	   3.1026841488698115e-01	   4.0233601466286573e-01	   3.4550572729743928e-01	   3.7112906604030749e-01	   4.3211299979301676e-01	   6.0459531810263079e-01	  -5.6203190504230366e-02	   1.8051772885970824e-01	   4.4937831699166220e-01	   6.5078211251461160e-01	   7.3358005977611074e-01	   5.9054986350193128e-01	   7.6078702117840313e-01	   3.4396211421684020e-01	   5.0929614230783203e-02	  -1.9775581290086428e-02	   4.5600317171843330e-01	   2.8064834703134417e-01	   4.7017428432701014e-01	   4.8348943517218046e-01	   4.0480358822125884e-01	   3.8559672499111908e-01	   1.2477123320949079e-01	   3.2067251317126194e-01	   4.1728875303022661e-01	   1.1779763733723615e-01	   7.5754791226798943e-02	  -3.4208532923995075e-02	  -5.2763676302283055e-02	  -2.2207595722279011e-01	  -1.1562939137927312e-01	   2.0564858078932263e-01	   2.5289931524136028e-01	   3.1543174038694433e-01	   3.9746879351853148e-01	  -1.4294977854224084e-01	
   5.4062829376037835e-01	   8.8072395845181409e-02	   6.7972119484086613e-01	   7.2746595757039878e-01	   7.3633121062830575e-01	   7.2267871134746531e-01	   0.0000000000000000e+00	   7.4000550411679100e-01	   6.9080249269021698e-01	   5.8415013785486214e-01	   4.3601777774356576e-01	   4.0890137397008808e-01	   6.3164417267229589e-01	   5.2749429605180520e-01	   5.2749959593110463e-01	   5.4418243187202997e-01	   1.2347207998790614e-01	  -1.4503116873967406e-01	   5.8013712796295802e-01	   5.4569952895735863e-01	   4.7326893943657544e-01	   2.8338646270536361e-01	   6.3288013863545445e-01	   5.6613779621909910e-01	   4.2098377317526869e-01	   5.6554261212083434e-01	   3.3902632514031439e-01	   4.5723645144248476e-01	   4.8788604968043475e-01	   1.7897278693756880e-01	   6.5378864619705568e-01	   6.2892760532419589e-01	   4.7060658721678084e-01	   5.5061753974036443e-01	   2.4830972348369790e-01	   2.9920542422752222e-01	   9.8719365107191870e-02	   2.0560339524278179e-01	   3.1128148739274897e-01	   3.2553828499678883e-01	   4.9221946763088487e-01	   1.5775885044847024e-01	   5.3346361252603725e-01	   4.5751218076244943e-01	   6.4541542336834246e-01	   5.7245062850078798e-01	   6.1159847188126693e-01	   5.1059531269977043e-01	   5.3110958249060591e-01	   4.2313015081309280e-01	   5.3697473694487008e-01	   4.9239448358277715e-01	   5.2785990165997898e-01	   5.5744728618527606e-01	   4.2218870977628215e-01	   4.7363200588866017e-01	   2.2222235931055462e-01	   1.4812237972256964e-01	   5.9979673384298571e-01	   5.5516747531499810e-01	   6.1074295070212659e-01	   6.2506228659763896e-01	   5.4494070100997917e-02	   3.2411964338309074e-01	   6.4202143027832925e-01	   5.2366628398180071e-01	   6.3066452883315405e-01	   6.3217937844531602e-01	   3.3006829709737895e-01	   4.1575514589296025e-01	   4.0754221300165838e-01	   3.8679263787075790e-01	   3.3329410474994958e-01	   5.4459801874825811e-02	   2.8703791639389425e-01	   1.9937678741838522e-01	   3.2919553919652256e-01	   3.2654815860197339e-01	   1.0335490865139903e-01	   5.4785155235128821e-03	   3.0260188577156832e-01	   4.2998901357952624e-01	   4.6250125690592780e-01	   4.4638360169470148e-01	   4.9451661641984190e-01	   5.4992076298834225e-01	  -4.3446448516326029e-02	   1.3485952939970608e-01	   4.9475027800241289e-01	   6.3307316528019020e-01	   6.2016520868480240e-01	   5.5437424912825362e-01	   5.3150147420827509e-01	   4.3721387552200985e-01	  -1.2702306015907239e-01	  -1.6386358014537905e-01	   2.7927921119795251e-01	  -8.0228328234794935e-03	   3.0432515999590048e-01	   3.1746865424268217e-01	   1.1608382621546726e-01	   3.8843136097150199e-01	  -7.4193485562125988e-02	   2.0470719752742730e-01	   2.2466122616851850e-01	   4.7687795084235970e-02	   1.9573849128560361e-02	  -2.8980612806094590e-02	  -1.7183450193547620e-01	  -4.0558374783025974e-01	  -1.7474275592996924e-01	   1.5897794115184544e-01	   2.3118619959578124e-01	   8.8686487660949387e-02	   1.9537674871193528e-01	  -2.2316369045102979e-01	
   4.1248342773487601e-01	  -3.7355679133200405e-02	   2.6044276077897943e-01	   7.9854351534330226e-01	   5.7232287469226772e-01	   8.5709684419421628e-01	   7.4000550411679100e-01	   0.0000000000000000e+00	   7.4261375210285907e-01	   7.7046372743030944e-01	   2.2749488647787788e-01	   6.5152424724704439e-01	   5.3398194011441091e-01	   7.6981582974318052e-01	   2.8634834986938090e-01	   5.4823594725307578e-01	   1.3471684385297805e-01	  -1.7729511758690680e-01	   2.7876729901293990e-01	   5.4767519551048971e-01	   3.2265663180270793e-01	   2.1082294776708183e-01	   3.0492848529897165e-01	   6.3807773557820835e-01	   1.2346823351111157e-01	   4.2729766354373150e-01	   2.1147071356731306e-01	   3.9206768092104399e-01	   4.0136416294428490e-01	   3.0175028566940920e-01	   2.9500449607826140e-01	   4.6940598928307742e-01	   3.9006982539335433e-01	   6.3535530907190463e-01	   4.3246710979209589e-02	   2.1093249432674585e-01	   1.5925623313268536e-02	   2.4100439618112374e-01	   2.4661175697174509e-01	   4.7994828617196983e-01	   2.5038571484864908e-01	   1.9134114332049232e-01	   5.6838055615526284e-01	   5.9033705819933091e-01	   6.0533298485262077e-01	   6.4045664335765007e-01	   6.4928794457425565e-01	   5.8314965736873958e-01	   6.3023174276607041e-01	   4.3684045038059827e-01	   5.2318866311118428e-01	   4.7980317651009502e-01	   4.3707899576939302e-01	   4.2054650375670222e-01	   5.0727246096914280e-01	   5.0358582432213217e-01	   7.2778445651155307e-02	  -1.4253185189433373e-02	   5.4206090074954205e-01	   5.4484081503284565e-01	   6.5559488967913215e-01	   7.4765680889676722e-01	   1.9971587981757732e-01	   4.8716038622381874e-01	   4.9358908368916321e-01	   6.0274265827752138e-01	   5.0648134165050362e-01	   6.3470796084440817e-01	   1.8454260765512248e-01	   3.4265553468326676e-01	   8.2960804105277591e-02	   4.8749402868852376e-01	   2.3296178489696620e-01	   4.3184636766920553e-02	   1.8106840306770963e-01	   2.3786630621851876e-01	   2.0527616538553950e-01	   4.0091046309957445e-01	   9.7894219755927825e-02	  -6.2156237692681054e-02	   3.0296344316943891e-01	   4.1778223517498780e-01	   2.0305593022133922e-01	   3.2902135757193701e-01	   3.5988327135089354e-01	   6.4145793671214402e-01	  -1.4857737303875379e-01	   4.1588100466919617e-02	   4.2757056104424584e-01	   5.6370000477758975e-01	   5.5259959658024782e-01	   3.7845397870450304e-01	   6.2644733153868026e-01	   1.5343577957985233e-01	  -1.2441955466127222e-01	  -1.2762535522869406e-01	   3.6983043139711136e-01	   1.9539780924530034e-01	   3.5151525058266109e-01	   2.8686733028218625e-01	   2.2151792062757586e-01	   1.9618558756808763e-01	  -7.9699318787760237e-02	   4.5268026714183195e-02	   2.7722557306259105e-01	  -1.4022008117302123e-01	   3.3132663935810353e-02	  -1.0400527929875025e-01	  -1.7135275406354522e-01	  -3.7967836641853586e-01	  -2.0179090764287394e-01	   2.1827100879000007e-02	   8.1093490451515066e-02	   9.4838313799773213e-02	   2.1654958525082274e-01	  -3.3007803305212946e-01	
   5.6422300763246491e-01	   1.4898951942620295e-01	   4.3440883770382321e-01	   6.2329508500036135e-01	   8.1641712928777399e-01	   8.3039277066257311e-01	   6.9080249269021698e-01	   7.4261375210285907e-01	   0.0000000000000000e+00	   6.7402122618403537e-01	   3.4141468740719183e-01	   5.4614750448549154e-01	   5.8298297784889175e-01	   6.6010126941176983e-01	   5.9355917156345472e-01	   4.8609120771637493e-01	   3.1828554384191049e-01	  -7.7446348272286997e-02	   5.1529766922109854e-01	   6.0362185652330158e-01	   5.3198483308629807e-01	   3.7249897291311557e-01	   5.0691296263767727e-01	   5.6552845726434586e-01	   3.6385264553720165e-01	   5.6184724836203592e-01	   3.6555353181143801e-01	   5.6032185020812153e-01	   4.4402367607004678e-01	   2.1377752560983093e-01	   3.9239147857513412e-01	   4.2526470551452467e-01	   3.7598047103261434e-01	   4.7191428211846326e-01	   1.5659537893208414e-01	   2.7597820726471112e-01	   1.4372135013294307e-01	   2.4247792590213227e-01	   2.8965128608927526e-01	   3.3449407621843769e-01	   4.0062106729315056e-01	   2.1934897655346014e-01	   5.4404526021769506e-01	   5.7055057830916955e-01	   5.5441930383042137e-01	   5.5362766112714179e-01	   6.3818268841486137e-01	   5.8049519627057211e-01	   5.0305127404338623e-01	   3.8227644402336641e-01	   5.2822355728735415e-01	   4.9133294984898912e-01	   5.2441001509158047e-01	   5.8568087798096680e-01	   4.3905264917758757e-01	   5.2999696894603110e-01	   3.3290505184710323e-01	   2.0611485536472501e-01	   5.7793108811347071e-01	   5.3774593215180366e-01	   5.8661232736967084e-01	   6.9920571999969738e-01	   4.5961866968704081e-03	   3.0749827696335574e-01	   5.3796124790081212e-01	   5.8536823946544847e-01	   5.0109160300196387e-01	   5.8060957832396887e-01	   4.1275647840663909e-01	   4.5848672733203227e-01	   3.8580613161216526e-01	   5.7768609931741022e-01	   3.7885554941573096e-01	   1.0103649198004228e-01	   3.5186476948575718e-01	   3.1327472822714397e-01	   4.1590656534956894e-01	   4.4206409317818718e-01	   3.1136267445839649e-01	   7.1569126110228615e-02	   4.0653706243212134e-01	   4.4145513711818463e-01	   2.6770404968221451e-01	   3.2782719979596708e-01	   4.2142785306196051e-01	   5.3745240597861488e-01	  -4.8070430847346933e-02	   2.0535002126350460e-01	   4.1004157227858895e-01	   6.4320937971100445e-01	   7.0098716261632399e-01	   6.2888562927203051e-01	   6.5084326365775891e-01	   3.6837875944028148e-01	   9.5738460720343282e-02	  -7.2095320014024467e-02	   3.8214936417350220e-01	   1.5359297201544642e-01	   3.7699680164011357e-01	   4.5892795812642234e-01	   3.3058802459438474e-01	   3.9098358821925283e-01	   1.5322507298368937e-01	   3.0224396407295773e-01	   3.8888516699353448e-01	   9.4185528095456911e-02	   9.6473046970672854e-02	  -1.1374884508825879e-01	  -1.1935228255445945e-01	  -2.6303673552442364e-01	  -1.4769801096081522e-01	   2.3543666307950625e-01	   2.0957449204218420e-01	   2.3429855916249565e-01	   3.6356324709325766e-01	  -1.3942117020621048e-01	
   1.5154638347061089e-01	  -1.4114712487571543e-01	   1.2798506542973254e-01	   5.8634307740806646e-01	   4.2867476731356324e-01	   8.4035512867523887e-01	   5.8415013785486214e-01	   7.7046372743030944e-01	   6.7402122618403537e-01	   0.0000000000000000e+00	  -6.3105002227739293e-02	   3.1346122393554143e-01	   2.4794895105572901e-01	   4.6678174763425395e-01	   2.6822577149450150e-01	   5.9279014743448499e-01	  -1.1487518354845513e-01	  -4.1833866579145518e-01	   1.1030543035184119e-01	   3.3878124082907285e-01	   2.7375504646010884e-01	   3.4198556535173352e-01	   2.5860077506614265e-01	   5.7168193406122958e-01	   2.6783750594979699e-01	   5.7727118075887340e-01	   3.5481675188377124e-02	   2.6453971815961785e-01	   2.4931344638965741e-01	   1.9157242619218756e-01	   3.8448496399411780e-01	   4.7412699322866469e-01	   1.6271870699815583e-01	   3.3665133579487022e-01	   2.3295903877860735e-02	   2.0410243042813991e-01	   8.4016196616780850e-02	   2.2741112136063840e-01	   2.8089747687874972e-01	   4.8993511079814256e-01	   2.1240783449672071e-01	   1.5957281047852734e-01	   4.6869988471628610e-01	   3.8363674845033957e-01	   5.3326135407388442e-01	   5.9023996062092499e-01	   4.9614907242779965e-01	   3.3518473993388120e-01	   4.6002104689300449e-01	   3.2130723165928199e-01	   3.8516004765892564e-01	   2.7945878404716140e-01	   3.4950037209922119e-01	   3.7757841972778972e-01	   3.4961214220861736e-01	   3.1359993565391325e-01	   1.8764992441435695e-02	  -1.0746233490735208e-01	   3.7206229470569985e-01	   4.9544438748912262e-01	   4.5471962987118986e-01	   6.5997513591717905e-01	  -8.2295922258264501e-02	   1.5691391213682229e-01	   3.7229743377450075e-01	   5.2911880271795309e-01	   2.6594471498372574e-01	   3.6697251553952370e-01	  -3.6598891861560321e-04	   3.2484002445582610e-02	  -6.8743300670767570e-03	   4.0370743568406953e-01	   2.9342372261475055e-02	  -4.7866059622531348e-02	  -3.4452248117145291e-02	   1.1695984702280710e-01	  -8.3267827606727671e-02	   7.3661730201089085e-02	  -1.1977683363916611e-01	  -3.5298487296039538e-01	   3.8524724764573609e-02	   8.6443870083652202e-02	   1.5326264601531209e-01	   2.8761783737083069e-01	   1.2168322436723003e-01	   3.2110631549989382e-01	  -1.7932518349005810e-01	   2.1830944016626028e-02	   2.1319330020245597e-01	   3.2709950374056673e-01	   4.4983685415472896e-01	   3.0528311232378030e-01	   6.1267589741427542e-01	   6.0254796805545546e-02	  -3.4160982255933801e-02	  -1.2108810138050378e-02	   2.9872831319638832e-01	   1.3820087669599679e-01	   2.0592584868827629e-01	   2.0515709732011789e-01	   2.4572278385904994e-01	   1.6694576489316629e-01	  -6.5397681307929958e-02	   1.6581692551815264e-01	   3.1722657518698494e-01	  -5.2381404874470953e-02	  -4.3200307039617684e-02	  -1.2558091280237693e-01	  -2.0903301239968072e-01	  -2.2892307013616819e-01	  -1.9050486409080133e-01	   4.6518728073601794e-02	   1.1098405426770830e-01	   1.1284514557498880e-01	   2.6014703811778972e-01	  -4.1072626448313554e-02	
   8.2196482224816136e-01	   4.5123413275228386e-01	   6.3651169828702636e-01	   2.4609034792254719e-01	   6.3256677157532193e-01	   2.7904551069322014e-01	   4.3601777774356576e-01	   2.2749488647787788e-01	   3.4141468740719183e-01	  -6.3105002227739293e-02	   0.0000000000000000e+00	   4.8318496749976603e-01	   7.4799055479218834e-01	   4.0871896721870027e-01	   6.9071474948527545e-01	   1.2570631409253494e-01	   6.6377836333859053e-01	   1.9414766632876146e-01	   7.1807563385363260e-01	   4.4222521184847863e-01	   5.0462614150300866e-01	   2.9454004996139471e-01	   5.3888387505731294e-01	   1.5934690189496292e-01	   3.2375968233005065e-01	   1.9632666693700521e-01	   6.0395762129279995e-01	   5.1672296850915256e-01	   4.8820329868872647e-01	   6.8006963385496472e-02	   2.4339665483641362e-01	   8.6057077968225509e-02	   3.9152466353224646e-01	   2.7913099136863906e-01	   2.7579907467729203e-01	   1.3705758142002955e-01	   1.6541130636350523e-01	   1.2973434995304378e-01	   1.1314350430208457e-01	  -8.9345758157671318e-02	   3.9387748935571409e-01	   3.4502834957389303e-02	   3.6995513100744637e-01	   3.6147622067162011e-01	   3.0298141205033546e-01	   1.9626868508395057e-01	   4.9227579634324853e-01	   5.0660714668714923e-01	   4.0219567985832533e-01	   4.1916793986543610e-01	   5.3609246208945882e-01	   5.9293252595030688e-01	   4.9080760207198193e-01	   5.6448493270522004e-01	   4.4979066740239926e-01	   5.1300099272038013e-01	   4.1553285825290520e-01	   3.5910408852572318e-01	   5.1601665578004985e-01	   2.8306143890782653e-01	   2.9144076259395890e-01	   2.9979715790126771e-01	  -1.3586140266795742e-02	   1.1675361057306743e-01	   3.6746140785846287e-01	   2.6250458815375755e-01	   4.5413148421660310e-01	   4.0784261048263792e-01	   5.6630740536181368e-01	   4.5228582777131793e-01	   5.3309253099913589e-01	   1.6678250794072019e-01	   6.2279377585076623e-01	   2.2756875327153436e-01	   6.3767205531277937e-01	   3.3302895523095077e-01	   6.6525013041912495e-01	   5.0258328487715787e-01	   4.7069111200876790e-01	   3.6567390145948409e-01	   4.8925819662486392e-01	   6.0983509841930428e-01	   5.2438459992966635e-01	   2.9386635265571820e-01	   7.1541712663088419e-01	   5.3343842367583394e-01	   3.5390210884019913e-01	   2.8391300170683037e-01	   4.5847124275207340e-01	   5.8140677139943231e-01	   5.2920172273482036e-01	   5.1858494912779707e-01	   1.9586936413218192e-01	   4.8140260477013530e-01	   1.4721601123189609e-01	  -8.7973034087684573e-02	   3.0899080328257023e-01	   2.0536505451646678e-01	   4.6717354829631014e-01	   4.2337461255338266e-01	   1.2747181957798931e-01	   2.7647139141128119e-01	   1.2279515240022645e-01	   1.0192096647897350e-01	   2.4905375627213816e-01	   2.9657947483966407e-01	   1.0302035784059860e-01	  -7.7599062415769811e-03	   2.6586814166111666e-01	  -8.8961511080565173e-02	  -9.9323722451291188e-02	   1.5474812658239190e-01	   3.3107942302398302e-01	   2.8187385858583258e-01	   2.5066652662261124e-01	  -2.0335358777064644e-01	
   5.2824190461525689e-01	   3.4993837555742763e-01	   1.5273631241909816e-01	   4.7868583538807707e-01	   5.2510453640139898e-01	   5.9050930179623218e-01	   4.0890137397008808e-01	   6.5152424724704439e-01	   5.4614750448549154e-01	   3.1346122393554143e-01	   4.8318496749976603e-01	   0.0000000000000000e+00	   4.7590522614747954e-01	   8.6187364187837234e-01	   4.5203943086948306e-01	   4.5638723683868981e-01	   6.3160296414445583e-01	   3.2378267917540043e-01	   4.6544802638694871e-01	   6.7203309214249674e-01	   2.5069488998987244e-01	   8.6670228357268758e-02	   1.2927754508898590e-01	   2.4753793470277047e-01	  -7.4585168736215540e-02	   3.8746368838957532e-02	   2.2940826594724539e-01	   3.2572240418692888e-01	   5.3444823359848936e-01	   4.5528114800136171e-01	   5.3930922755382416e-02	   1.0148689497046182e-01	   3.0409235350893804e-01	   4.6370040899324755e-01	  -1.6139043169083794e-01	  -9.4013578921090149e-02	   1.1268976360124829e-01	   2.4620575737695605e-01	   1.0686255739730316e-01	   2.8565515853027684e-01	   2.8596491050545819e-01	   3.3088679591132553e-01	   3.9016093755627301e-01	   4.9087346944845933e-01	   2.4268407402343678e-01	   2.7291750036310103e-01	   5.2123762772189586e-01	   5.6000610217959568e-01	   4.7870558572854188e-01	   4.1241432906633846e-01	   4.3775560010645087e-01	   5.2824345913176396e-01	   4.5655553616198341e-01	   4.6463055068608605e-01	   4.5487912877709918e-01	   5.4087331852682308e-01	   2.8065211394265660e-01	   2.7078681696823048e-01	   4.3908108640386045e-01	   4.4487557033453695e-01	   4.5223527683573567e-01	   6.1387723588451659e-01	   3.4154625395217236e-01	   6.0358655403912964e-01	   1.4029768645285409e-01	   2.8998307675585472e-01	   2.4889085303974273e-01	   3.7180921113937948e-01	   4.0648016699920020e-01	   5.0413125557288874e-01	   1.5644663737529432e-01	   3.3986216515011436e-01	   4.9864466376331840e-01	   3.1994493929548662e-01	   4.7439532768437587e-01	   3.9030029450043513e-01	   3.6596323887976323e-01	   4.5774206967124864e-01	   5.0540060308495605e-01	   2.7654498433918945e-01	   6.2025908823123588e-01	   6.5021611717453076e-01	   2.9421137341574716e-01	   3.1746535951004651e-01	   3.7539461991121947e-01	   5.8538638951309907e-01	  -2.0698900441972451e-02	   6.1568448689093724e-02	   2.5133226298825273e-01	   5.7033330516062208e-01	   5.4212640747902807e-01	   3.7587186572710285e-01	   4.1368295597881388e-01	   1.2880356937355047e-01	   5.7587174629358695e-02	   3.1178902410442459e-02	   3.6831240775746599e-01	   2.7119411042174374e-01	   5.0489480922157814e-01	   3.7014672229424050e-01	   3.7013168287615505e-01	   4.8175743393837393e-02	   1.6962640749615798e-01	  -1.1572492501553205e-02	   1.7526080015825918e-01	  -1.1032607951414333e-01	   2.1965381373569026e-01	  -6.4808209412934983e-02	   6.2195808276505074e-02	  -2.6539050658475105e-01	  -1.7797592385546473e-01	   1.9268194568391919e-02	   1.8261875165835584e-01	   1.9273617767538734e-01	   1.9722309322207909e-01	  -4.1904763767435849e-01	
   8.3301083443173018e-01	   2.8455423244615108e-01	   5.5786325299534800e-01	   3.7826018494969854e-01	   6.7714221985441669e-01	   5.2629169470864579e-01	   6.3164417267229589e-01	   5.3398194011441091e-01	   5.8298297784889175e-01	   2.4794895105572901e-01	   7.4799055479218834e-01	   4.7590522614747954e-01	   0.0000000000000000e+00	   6.6049174648292019e-01	   6.2305891089265075e-01	   2.7658478896416117e-01	   5.1816445089930252e-01	   1.3071253132156355e-02	   6.3074314177016833e-01	   4.5458425034783900e-01	   5.3036872909873745e-01	   3.1244936854701816e-01	   5.7074329024729109e-01	   3.6403783329058492e-01	   2.9395063575726882e-01	   3.2505908551520835e-01	   5.0657536625811717e-01	   5.3987238939672444e-01	   5.9677630751928312e-01	   1.2357347972713745e-01	   2.6053544876128504e-01	   1.9428023742389647e-01	   5.9551778351654105e-01	   5.3675754619124072e-01	   2.0310341471322857e-01	   2.4056818138553968e-01	   2.3538626812414934e-01	   2.9188949407620096e-01	   2.7955035378996040e-01	   2.0910533066497655e-01	   4.2463814250548071e-01	   1.2409287214339948e-01	   4.8433182452126189e-01	   5.1570078274878850e-01	   5.1118447020902336e-01	   4.1597723498174344e-01	   6.3729799485398753e-01	   6.3008711471101853e-01	   5.9842820297280053e-01	   3.5340533197195212e-01	   5.3219575181065970e-01	   4.8407897264755617e-01	   5.3832893164074291e-01	   4.5619833091899264e-01	   6.0972757684622914e-01	   5.5301512899999106e-01	   3.1655025125693226e-01	   2.4404790234691523e-01	   6.5823211043488306e-01	   3.4446373017244880e-01	   7.1167919135127100e-01	   5.5388816071156799e-01	   2.3825785377215603e-01	   2.5381061159897111e-01	   5.2587475427132524e-01	   5.1327527567080089e-01	   5.9108821704802583e-01	   5.7419739149269877e-01	   4.8537200740295494e-01	   4.7443278348355744e-01	   4.8971282943405181e-01	   3.7499454771004070e-01	   5.8547597646620697e-01	   1.6328785697821213e-01	   6.0432514398613879e-01	   3.3382667466410643e-01	   6.1455613261808928e-01	   5.4207419735542284e-01	   4.1186438061748987e-01	   2.8618552288930937e-01	   4.7965539188879963e-01	   5.9215753965394169e-01	   4.4609257823635223e-01	   2.8172363316563809e-01	   5.7843769700002401e-01	   6.4516884768485172e-01	  -1.2801209738781093e-02	   3.4963721909039930e-02	   6.8869175162016949e-01	   6.9003720417058623e-01	   5.6396949142721997e-01	   5.6260640341739010e-01	   3.7973664516098882e-01	   4.9246054352404378e-01	  -8.7164844789824267e-02	  -3.2326992774974528e-01	   3.7842903795907534e-01	   1.4431292669770018e-01	   4.8252224633347018e-01	   4.2685519798044891e-01	   1.3895222995731674e-01	   4.6627016821508555e-01	   1.6987250511351897e-02	   1.5505439359057763e-01	   2.2766841432669965e-01	   1.1755306637181924e-01	   2.5516470003722784e-03	  -3.8165486469246064e-02	   9.9547122168459692e-02	  -2.6499564500933370e-01	  -1.2696763269122105e-01	   2.1491620390460225e-01	   2.4900690056719285e-01	   3.4008210590901600e-01	   3.3099901831893086e-01	  -3.0932831222741586e-01	
