   0.0000000000000000e+00	   8.5858079007508969e-01	   2.3102794301878293e-01	   1.3536283983014619e-01	   4.3284054005691762e-02	  -4.3635995881306462e-02	   4.1256735812634776e-01	   4.0105841257384583e-01	  -5.9805359739786478e-02	  -9.2542383552979349e-02	   5.8936092784882432e-01	   6.3962236304391451e-01	   5.4732633870581127e-01	   5.8183240312452922e-01	   2.7420914806508367e-01	   3.2938430457091605e-01	   7.4214409356311073e-01	   6.4353368220733920e-01	   5.4730526667215584e-01	   3.3141854270876192e-01	   3.6871244486539506e-01	   4.2734661994952100e-02	   9.8783114384971199e-02	  -6.6978900781201320e-02	  -1.4184383969552722e-01	  -1.9431074110084401e-01	   1.1291005548278391e-01	   2.7211174128906196e-02	   5.9374379865354943e-01	   5.1888383494974022e-01	   4.4346826301649800e-01	   3.3582501425573485e-01	   6.4607143535332290e-01	   4.8209055883254809e-01	   1.1318826443743067e-01	   1.9399731863837855e-01	   5.3131904528259033e-01	   5.8325110596265306e-01	   6.1663838490426293e-01	   5.9071391577897137e-01	   3.5508192306309189e-01	   6.0282063169420530e-01	   6.7433159452967861e-01	   6.6288379084881122e-01	   5.7945466555228453e-01	   5.5247455669061307e-01	   7.1288132191893994e-01	   6.8700475812113815e-01	   4.2749196984110555e-01	   4.8835624135365263e-01	   3.3769715049295790e-01	   2.9887786357666601e-01	   3.6537181820979042e-01	   2.7197322004774582e-01	   6.1837973546844394e-01	   6.2849046175485590e-01	   7.9546850706476468e-01	   7.2895396239564780e-01	   7.5661586565897088e-01	   2.7811545368367990e-01	   7.4578980320289390e-01	   1.8621126314465117e-01	   7.6117758901988730e-01	   6.1181233733942908e-01	   8.1450431807858804e-03	   1.3559041688041361e-02	   4.9044965319055311e-01	   3.4390918107753649e-01	   3.5182039248412245e-01	   1.8706461878819536e-01	   5.4555292658174093e-01	   4.6850415271403839e-01	   6.4826876852721682e-01	   5.6009686294750349e-01	   7.0585731214308800e-01	   6.0605061544850769e-01	   6.7577710956093073e-01	   5.8297665993843006e-01	   6.7006734860068329e-01	   7.5639246594770948e-01	   7.3439105013582817e-01	   7.9140770044542141e-01	   3.0702222936987472e-01	   2.1548815222372442e-01	   4.4515664370054553e-01	   3.7263068344937150e-01	   4.1959675376752326e-01	   3.4421224583791210e-01	   3.9600148136263458e-01	   3.9995849829067126e-01	   4.8629585332698633e-01	   3.5472164935522754e-01	  -8.1405090588327067e-02	  -7.2298365844253532e-02	  -3.1533270858328322e-01	  -8.1512835347511581e-02	   3.3576586456410362e-01	   1.0800845485093893e-01	   7.2417043301207618e-01	   7.0361008340862319e-01	   1.0757690913217396e-01	   2.2815982802209972e-01	   1.5122481154341122e-01	   3.1410892767280213e-01	  -2.6288995921844006e-02	   7.5653010454052552e-02	   2.8794022274857306e-02	   1.7192169806913737e-02	   2.5396494710537171e-01	   7.7950164344000636e-02	   5.0491770481415288e-01	   5.6252707172449701e-01	   5.2319040996730715e-01	   3.3055163187434489e-01	   2.1175581931064519e-01	  -7.0079277091422837e-03	
   8.5858079007508969e-01	   0.0000000000000000e+00	   6.8800453400440928e-02	   3.5305999407176880e-02	  -9.1635309716479013e-02	  -1.8672442518518778e-01	   2.0788356818754034e-01	   2.0357635228427809e-01	  -1.4685515583143671e-01	  -1.8602713393168668e-01	   4.4893935418052794e-01	   5.8855094380510886e-01	   4.1000437110442922e-01	   5.3521311976676689e-01	   5.2032099999617457e-02	   1.7381559766841037e-01	   7.9941881918885072e-01	   7.9344149989378698e-01	   4.2431905561364047e-01	   3.4180847945336507e-01	   2.2947504546544667e-01	   8.5838466009457409e-02	  -6.0552643027667621e-02	  -1.6208395244406959e-01	  -1.9144242856891344e-01	  -2.4970582338322417e-01	   7.8636029873015059e-02	  -5.1545708513170772e-02	   5.0813337839055106e-01	   4.6158852689007618e-01	   3.1037638063888651e-01	   1.9181605016726422e-01	   5.4893674465055486e-01	   3.8440854122796703e-01	  -3.2327882175989149e-02	   6.3890956585243158e-02	   4.5888335489620835e-01	   5.5767831828944670e-01	   5.2116069588177427e-01	   5.5398108351983077e-01	   3.9112517984384471e-01	   6.1735075847234244e-01	   5.1099458079926297e-01	   5.3806144993461869e-01	   3.1016624065244203e-01	   3.3425133104157739e-01	   5.4646637315748292e-01	   5.1580665046012875e-01	   2.5605524425876780e-01	   3.1505982733732241e-01	   1.9612395704113975e-01	   2.1327479816401157e-01	   3.9950593638947918e-01	   2.6538088538856985e-01	   4.7107637147510428e-01	   4.6833672804891335e-01	   8.3604452196724222e-01	   8.7892655115681750e-01	   6.6680581734616462e-01	   2.2216047795228200e-01	   6.3195547868974244e-01	  -1.9266120986783579e-03	   7.3065441635219996e-01	   6.0970248691763462e-01	  -2.3572336029528801e-01	  -1.0451198390182054e-01	   2.8789659091388708e-01	   1.7924180292215877e-01	   3.0185985508953250e-01	   1.7380212520107052e-01	   4.0651587904569808e-01	   4.6338204179051723e-01	   5.6689650530363411e-01	   5.6920952279006087e-01	   6.0431694325761565e-01	   6.1701077018327588e-01	   6.3474381532815172e-01	   6.3210035867092584e-01	   7.0036321823690617e-01	   7.9621987784776338e-01	   7.9139493439839526e-01	   8.3050892018111777e-01	   2.9956909523987996e-01	   1.7796944654943922e-01	   3.1843789138414791e-01	   3.4182115222712106e-01	   3.1912811696608567e-01	   2.9176411378971112e-01	   3.4658605613564097e-01	   4.0280532553949822e-01	   3.5928245706076289e-01	   2.4172470630685355e-01	  -1.2870275654359381e-01	  -1.8357647533734062e-01	  -2.7250436339798567e-01	  -1.0629844336826302e-01	   3.0677813471543758e-01	   8.5438833202008610e-03	   5.1381314510580944e-01	   4.8446729015434403e-01	   4.1650440490382593e-02	  -1.4556005409224571e-02	   9.6431351898382561e-02	   2.0930290610938881e-01	  -1.5229423253864047e-01	  -9.1481211813196767e-02	  -2.9301782290736773e-02	  -4.7444570354945752e-02	   3.2744070049883400e-01	   1.7207998817834805e-01	   4.2569180142425206e-01	   4.4437433028982354e-01	   3.3860306629092463e-01	   2.1530286273301708e-01	   1.4415514044142000e-01	  -1.6615166453557650e-01	
   2.3102794301878293e-01	   6.8800453400440928e-02	   0.0000000000000000e+00	   7.7916768214393839e-01	   4.6528324248926811e-01	   4.9643845257557401e-01	   8.4484099354495967e-01	   7.6288673287499043e-01	   3.9219408926604543e-01	   5.1361957482414466e-01	   5.1782868375830848e-01	   3.5952422187692235e-01	   4.1706526415239042e-01	   3.7964512990645027e-01	   7.8740163307764355e-01	   6.3528480615448524e-01	   1.3762216147445026e-02	   2.8797587206100171e-02	   5.4711880285961767e-01	   4.0905841057908521e-01	   3.7480008027027956e-01	   1.5879473331103969e-01	   8.9144825374142722e-01	   7.3322547142948036e-01	   4.9357643070749646e-01	   5.1411374114382102e-01	   4.3435221656626521e-01	   4.0402709471894382e-01	   1.4088331702803453e-01	   1.0085617543076178e-01	   5.7775605363564753e-01	   5.7588020244483218e-01	   6.1834662476487168e-01	   7.1214917868387551e-01	   5.8822054289131709e-01	   5.3685662136472134e-01	   9.9467387329454537e-02	   2.7658036035972000e-02	   3.0926734292202918e-01	   1.4439441329313440e-01	  -7.6876054747888473e-03	   5.9004397229228123e-02	   1.8353834602086858e-01	   2.8892158606244001e-01	   3.8089542143995780e-01	   4.9786815738954648e-01	   1.5997701145548338e-01	   3.3482849773838497e-01	   4.3506683532209112e-01	   4.0462578489609696e-01	   5.3594453362347239e-01	   4.0385116207673899e-01	   1.9805183021453265e-01	   2.5202769268040393e-01	   1.6822318848681636e-01	   2.8396900109670886e-01	  -1.4199572675600591e-01	  -5.2976650654441064e-02	   2.9585108279883499e-01	   4.5415681971544597e-01	   3.3541073334414701e-01	   5.8725623620637801e-01	   8.7580545315632738e-02	   1.7069442946409133e-01	   7.5302934553333190e-01	   6.2090035288106349e-01	   6.8152479604320693e-01	   6.3465888105710422e-01	   4.5999212099321085e-01	   3.8706370112037414e-01	   2.4450017247557557e-01	   2.0130050887625889e-01	   4.1204526059720930e-03	  -5.5711349309130881e-02	   8.0454672238235471e-03	  -6.7892991624037384e-03	   4.0965586691215923e-02	   5.9166837353854751e-02	   7.7941672132232520e-02	   1.2730372706900153e-01	   2.3195549832263529e-01	   3.0576104748849708e-01	   4.0975721228176432e-01	   4.2035384175307655e-01	   6.0729018387845835e-01	   4.7738413291157444e-01	   5.2911504780200702e-01	   4.9408529359425302e-01	   6.8081529436092636e-01	   6.7226670755336482e-01	   4.5216493760306042e-01	   6.0777564962950614e-01	   3.9117894832154082e-01	   6.1390268078808530e-01	  -2.9670574111282821e-01	  -1.0107583850937830e-01	   7.2409329006244985e-02	   2.0973746659508102e-02	   2.2221843850172024e-01	   3.2612379486837478e-01	   7.6448481434321189e-02	   3.0728863866090039e-01	  -3.6557744748459353e-02	   4.1649443574943289e-02	  -1.2515265162941158e-01	  -1.0888973322064086e-01	  -1.4185587479694620e-01	   2.3645944432204438e-02	  -1.1186898484643533e-01	  -8.5273170549447108e-02	   2.8607832213852058e-01	   2.9953070039717289e-01	   2.6145236170968861e-01	   1.7035318265834004e-01	   4.9491565795319950e-02	  -5.6456312357483322e-02	
   1.3536283983014619e-01	   3.5305999407176880e-02	   7.7916768214393839e-01	   0.0000000000000000e+00	   4.6712747370755003e-01	   6.0265074965651866e-01	   6.7761833783348813e-01	   8.4047367404804962e-01	   5.3869228907976296e-01	   7.1810265512840310e-01	   3.5090150497172751e-01	   3.7826181989626650e-01	   3.2417285228133796e-01	   4.7434057891830705e-01	   6.4222350018731389e-01	   7.6207463400384201e-01	  -4.5536298204159734e-02	  -4.9401397068122743e-02	   4.7086544301426281e-01	   5.6939927512917321e-01	   1.7871207026653313e-01	   1.6124116516685941e-01	   7.8809263929062956e-01	   8.7833326254332966e-01	   4.8416725370674851e-01	   6.0356066987503842e-01	   3.6821539379411600e-01	   3.5765562810078216e-01	   1.0946271233260446e-01	   1.4857903496326214e-01	   3.8868463774717216e-01	   5.1111087478458450e-01	   4.4252867337291724e-01	   6.1150151997973223e-01	   3.5036940218048823e-01	   4.1451960598717885e-01	  -2.4981437959334229e-03	   5.8828301858580762e-02	   1.3995713033323273e-01	   1.6053228835367891e-01	   1.1048309838437109e-01	   7.8587279688233841e-02	   8.2516946076593309e-02	   1.4319393026050611e-01	   2.8365781600066720e-01	   3.9616901122021808e-01	   1.0847125342785144e-01	   2.9417397730148265e-01	   3.6715578537296389e-01	   3.9989292855524911e-01	   4.0373578112170511e-01	   4.5005365556266802e-01	   3.0358384954562023e-01	   2.5732313227852988e-01	   1.8212802046790860e-01	   2.8283946579411706e-01	  -2.0236678482238779e-01	  -1.0013472309057009e-01	   2.4072360759995418e-01	   6.6574057991956992e-01	   1.3426976143069264e-01	   6.2519704772930662e-01	   2.6678778116116714e-02	   1.5813830676209692e-01	   5.1434391698913173e-01	   6.0561974111881223e-01	   5.7594921167316993e-01	   6.1788922447354500e-01	   6.2315469567854698e-01	   5.9847516101407305e-01	  -3.2881810071145684e-02	   1.4809508374421904e-01	  -1.5409822685666016e-01	  -1.6216376263309609e-01	  -1.6063003867838013e-01	  -9.6122621831771587e-02	  -7.6477628294780234e-02	   9.7354033347287455e-02	  -4.3456458942357605e-02	  -4.4509624447294470e-02	   2.3624373929706230e-01	   2.5228778199810475e-01	   5.4900074877201011e-01	   5.8714949010490813e-01	   5.6506660752470084e-01	   4.9467551855165987e-01	   3.1456374067950010e-01	   4.2152669716305291e-01	   7.4739969240320725e-01	   7.7066249929102337e-01	   6.7350051239543474e-01	   7.4768157296030313e-01	   6.0645622985080161e-01	   6.6382042850841827e-01	  -6.7816303049623897e-02	   7.6249981280904202e-03	   9.1560681916833003e-02	   7.0916941062512631e-02	   1.8489317552347537e-01	   2.7350061949620008e-01	   3.6004707245708686e-02	   6.0018894985800847e-02	  -1.3292332666793399e-01	  -6.6424837748329281e-03	  -2.5673699351770080e-01	  -2.8012993083908611e-01	  -9.4851668022196967e-02	   1.3769567592192633e-01	   1.3593232693287033e-01	   1.9720799481216744e-01	   3.0624813698639253e-01	   3.6680548846174382e-01	   2.6941278524196871e-01	   5.2527777272068865e-02	  -1.1135980783696839e-01	  -2.5778798182501345e-01	
   4.3284054005691762e-02	  -9.1635309716479013e-02	   4.6528324248926811e-01	   4.6712747370755003e-01	   0.0000000000000000e+00	   8.8335513623872386e-01	   4.7909029519653207e-01	   4.2294126898257328e-01	   9.2771470093407249e-01	   6.6598925999951253e-01	   1.5717535112347575e-01	   6.7539999725478125e-02	   3.8968508647131805e-01	   1.4818354299678796e-01	   3.9592650112717798e-01	   2.5406323338205272e-01	  -1.7479139150143000e-01	  -2.7162463193122821e-01	   2.7597994257551672e-01	   3.0100178795855115e-01	   2.6736782173770557e-01	   3.2903359739211024e-01	   4.7134433993316760e-01	   4.2081807824816464e-01	   5.2753514307387184e-01	   4.8666044259884877e-01	   7.0975599032330661e-01	   7.5669521369567838e-01	  -2.0026598035893300e-01	  -2.1373200295625172e-01	   1.2159573217950469e-03	  -8.7673560842997777e-03	   1.5189231540691567e-01	   2.5925603368579569e-01	   3.7965901673098512e-01	   4.4027789122570943e-01	  -8.5506053055526027e-02	  -1.3431679867234658e-01	   4.5115638180437498e-02	   1.0591668031565995e-02	   1.0660249624672238e-01	  -9.5608477053663043e-02	   1.2707903483882388e-01	   1.9428604708490954e-01	   3.1334136035644400e-01	   4.0793090692827755e-01	   1.0056848676693560e-01	   2.4369270668756396e-01	   5.1667317797073253e-01	   3.2031811983368719e-01	   4.3065742018270103e-01	   4.6901846618476228e-01	   1.5565174990917305e-01	   1.6604960304458105e-01	   1.0433621906364210e-02	   1.7046207670761832e-01	  -2.1765291956087868e-01	  -2.8236367603259749e-01	   1.5680107044480854e-01	   4.6318198355733720e-01	  -5.3675089184775870e-02	   3.6369136660837537e-01	  -1.8445631786204655e-01	  -1.1145941688599911e-01	   3.3315880291633754e-01	   5.0230554089883783e-01	   4.9975789572845913e-01	   5.8170192235204499e-01	   3.8636790998586013e-01	   3.9870841226735065e-01	  -1.1838950388815313e-01	  -1.4406638834764524e-01	  -2.9779249771085042e-01	  -3.3836793669209536e-01	  -2.6152212365365579e-01	  -2.8226449963401873e-01	  -2.1061942391528163e-01	  -1.5331106426961366e-01	  -1.8250656722071720e-01	  -1.8015025939295159e-01	  -5.9532047850523385e-02	  -1.0817222608349000e-01	   3.7717585830112470e-02	   4.0590086483933495e-02	   1.1132532102624262e-01	   2.7882801434590132e-01	   4.7177246611362578e-02	   1.1269835875206208e-01	   2.6713052347612720e-01	   3.4138394899499919e-01	   4.5220255961417383e-01	   4.9718617755863570e-01	   3.1054856310291301e-01	   4.7901957660991556e-01	   1.4715647631920153e-01	   8.5794998884837742e-02	   1.0099889362370433e-01	   6.7971514099807701e-02	   1.2098802590553701e-01	   2.6411179118683831e-01	   1.1065109519608843e-01	   3.1640498794776661e-01	   8.8732124230171849e-02	   2.6300808425832145e-01	  -4.0095986663664027e-02	  -1.8815722850562303e-01	  -9.8620408681937985e-02	  -1.4107547022572714e-01	   3.1992816627768234e-02	   1.4414219164565761e-01	   3.0767797498913740e-01	   4.0552234569494378e-01	   2.9783728033555068e-01	   1.9555841091016810e-01	  -5.8399683829251633e-02	  -2.0153092926300625e-01	
  -4.3635995881306462e-02	  -1.8672442518518778e-01	   4.9643845257557401e-01	   6.0265074965651866e-01	   8.8335513623872386e-01	   0.0000000000000000e+00	   4.1953763551649004e-01	   5.3838200421671289e-01	   8.9620460142915759e-01	   8.4933396248665582e-01	   2.3832429897398741e-02	   3.6501548207573967e-02	   2.2084110573912014e-01	   1.3377555766034860e-01	   3.9130833892322126e-01	   3.0351926168540960e-01	  -2.1944007459336731e-01	  -3.5998872772576551e-01	   1.6155923468066430e-01	   2.6349454035712960e-01	   2.0770250168011994e-01	   2.7296934923319593e-01	   5.2282490930632242e-01	   5.6260447093801313e-01	   6.9527088662886150e-01	   7.3045484113584402e-01	   6.6697164629333217e-01	   7.1390744445709575e-01	  -3.1227288171771012e-01	  -2.7531455298554658e-01	  -3.0988989687653193e-02	   3.5129061541694789e-02	   1.3065268967195259e-01	   3.0291792149028307e-01	   4.3850297720564435e-01	   5.0393376725141381e-01	  -1.3730224893159906e-01	  -2.1268223466634023e-01	  -6.9351316076221456e-02	  -6.7653268037824343e-02	   4.4052820972473247e-02	  -2.1003206566661675e-01	  -1.8419095105680208e-02	   3.1036781779292706e-02	   1.9129629633346393e-01	   3.1182502667734957e-01	  -8.3477473714206329e-03	   1.7353754884903644e-01	   3.9317246860700805e-01	   2.7281472853807975e-01	   3.9361206551320393e-01	   4.5847997965428211e-01	   1.7287536120890878e-01	   1.7737146139570609e-01	  -7.3186756894014895e-02	   8.1916852331188172e-02	  -2.7648860294509731e-01	  -3.1241168514697742e-01	   6.1698792280419135e-02	   5.9118926872389110e-01	  -1.3217758585231207e-01	   5.2634461750156514e-01	  -2.8600703293601770e-01	  -1.9473590753575337e-01	   3.8533233510642972e-01	   6.7388794220907644e-01	   4.9242815667125561e-01	   6.2680373079863039e-01	   5.0528371385404047e-01	   5.3564174698264044e-01	  -2.7799766720070918e-01	  -1.6792165546851637e-01	  -4.2051439692357317e-01	  -4.5297059459126565e-01	  -4.1291542998893471e-01	  -4.0561199697198902e-01	  -3.5897515616461007e-01	  -2.6909768826533542e-01	  -2.3058554419360963e-01	  -2.8140450684945828e-01	  -4.5422710279647810e-02	  -1.3925180719224137e-01	   1.4198975446365117e-01	   1.5236188557316629e-01	   1.9376588744558360e-01	   3.2419784200527685e-01	   1.0138312400699483e-01	   2.1084665426043386e-01	   3.7135948831688081e-01	   4.4787929570640139e-01	   4.9158046596127791e-01	   5.5542895950854598e-01	   5.3494294337604165e-01	   6.3260882104438410e-01	   1.9291542049719879e-01	   4.9768992568538006e-02	   1.3445749660254004e-02	   8.7337483659515706e-03	   2.9925512049938114e-03	   1.4748466592612353e-01	   1.2290615800968367e-01	   2.0374123457449428e-01	   3.1284088596708219e-02	   1.8153725768367907e-01	  -3.4929635232390538e-02	  -1.7143927049962943e-01	  -2.4971195412347165e-02	   9.2449210247487729e-02	  -4.3213051084482208e-02	   1.0863523459413663e-01	   2.8651588683443052e-01	   3.7898288418877274e-01	   2.0877137535337922e-01	   7.0492759415298631e-02	  -1.6113200511715595e-01	  -2.2093476338537674e-01	
   4.1256735812634776e-01	   2.0788356818754034e-01	   8.4484099354495967e-01	   6.7761833783348813e-01	   4.7909029519653207e-01	   4.1953763551649004e-01	   0.0000000000000000e+00	   7.7127179252801303e-01	   3.9530988915913795e-01	   3.7545929936179745e-01	   6.5367786216775237e-01	   4.0395376221779661e-01	   6.4976758244087907e-01	   5.3150776370201669e-01	   7.4319759849675715e-01	   6.3936798874430911e-01	   1.6201630319577517e-01	   1.1531600417006643e-01	   5.6322400899788660e-01	   4.0457371492279404e-01	   4.0066099905990771e-01	   1.4119411835423629e-01	   7.4759354497785035e-01	   5.7107462012154175e-01	   2.5579339762538417e-01	   2.8148929553253160e-01	   2.8645543914315041e-01	   2.8372667225213577e-01	   3.6444113356408570e-01	   3.0647118624913922e-01	   6.3672110716003294e-01	   5.9210489945811617e-01	   5.9565612005818092e-01	   5.9765478710004905e-01	   3.9228452856892293e-01	   3.8407924412414640e-01	   5.2164072993103869e-02	   1.6305710541596036e-02	   2.9778189877471833e-01	   1.3551728910346728e-01	  -3.4818398913869161e-02	   1.3129052273026851e-01	   3.3005139836158731e-01	   4.0007857982072714e-01	   5.5318382008953815e-01	   5.9559699642877151e-01	   3.0548715201500182e-01	   4.1330814004707567e-01	   5.4624839775028078e-01	   4.4786609540705757e-01	   4.9198240896407719e-01	   4.0996495931293309e-01	   1.8186536624787561e-01	   1.3133095161030187e-01	   2.2946213230994444e-01	   3.1501685026592097e-01	   3.6988719268296354e-02	   4.8749930730265303e-02	   4.9675442514263379e-01	   4.4125724087754536e-01	   5.6167233549110418e-01	   4.5652353876989099e-01	   3.3481925954707548e-01	   2.9037959286233889e-01	   6.3002942664371409e-01	   4.3340114170068356e-01	   8.0683849592646917e-01	   6.4263060373906045e-01	   4.4855235275549754e-01	   3.9857463919268371e-01	   3.7578442676967649e-01	   2.4993945743543033e-01	   1.0962626731383363e-01	   2.5242742639134598e-02	   1.0055433694949717e-01	   4.8561312045684736e-02	   1.6427033399455571e-01	   1.2364727327819536e-01	   1.5044158240554095e-01	   2.4076656011819386e-01	   2.9237464575233740e-01	   3.8971459381503526e-01	   3.5857511765732092e-01	   3.8319489950189756e-01	   5.1306250860036284e-01	   4.2775698846770260e-01	   3.0657228343797588e-01	   2.9952078442720270e-01	   5.9471034925641364e-01	   5.5186371858150685e-01	   5.5767384334173997e-01	   6.2274605712211306e-01	   2.3889772208187623e-01	   4.8529330368442403e-01	  -2.6027493209022118e-01	  -1.2974290267456404e-01	   7.8274658419230689e-02	  -5.3926613531603190e-02	   3.9281313955140712e-01	   4.7204691734305537e-01	   1.1294587786323904e-02	   3.9616186985813956e-01	  -6.1369331699655701e-02	   8.3953940903793142e-02	  -2.0410451238080426e-01	  -1.8439206559028967e-01	  -1.3801096344660910e-01	   1.4819443117067569e-02	  -5.1832854307122422e-02	  -6.4907901927943046e-02	   3.3226624936607646e-01	   4.0496608105726889e-01	   4.1855640120593440e-01	   2.1670084545433838e-01	   6.4136367535084823e-02	  -4.5987810631970667e-02	
   4.0105841257384583e-01	   2.0357635228427809e-01	   7.6288673287499043e-01	   8.4047367404804962e-01	   4.2294126898257328e-01	   5.3838200421671289e-01	   7.7127179252801303e-01	   0.0000000000000000e+00	   4.3250107357028411e-01	   6.5823302884945467e-01	   5.0534551006052564e-01	   6.1301012233108743e-01	   4.8219178466137247e-01	   6.5303712131873903e-01	   6.5455511257461652e-01	   7.1705612918943040e-01	   1.3240201881192129e-01	   4.6179913900432953e-02	   4.1690205807524722e-01	   3.9863984153263887e-01	   3.2241507612436904e-01	   1.7902037444611130e-01	   6.8590932880443600e-01	   6.9842068377085575e-01	   4.6411789381339935e-01	   5.3017695421362454e-01	   3.2990681733860938e-01	   2.8855305696364958e-01	   2.0719014850243628e-01	   2.1021327751388252e-01	   4.7832865454465034e-01	   5.8470747724196037e-01	   5.4559208535611936e-01	   6.7573867483067895e-01	   5.0835294950012799e-01	   6.0007329599747239e-01	   2.3441608660242841e-01	   2.7402716255412940e-01	   3.7861519188379322e-01	   3.4880904306934335e-01	   2.1662287321250839e-01	   2.4398482656946163e-01	   3.0307133631692995e-01	   3.6878285712102976e-01	   4.6710722252228776e-01	   5.9402576094112081e-01	   3.4150139811600455e-01	   4.6215252970519849e-01	   5.6411144244620115e-01	   5.0734052141240038e-01	   5.7401555730261600e-01	   5.3161832779001617e-01	   2.9006099008179997e-01	   2.3286186968103376e-01	   3.9123792239789335e-01	   4.5690463328699815e-01	   6.9058309780190619e-02	   7.3543875553715540e-02	   4.4453416646936267e-01	   7.2181138170499393e-01	   3.7489077983684549e-01	   7.0218386579207515e-01	   1.9006708596877020e-01	   2.6659672529039269e-01	   5.0829749159360571e-01	   6.9297429959685219e-01	   7.2031269132617892e-01	   7.6429125495336470e-01	   5.6641973833392634e-01	   5.2409050445473682e-01	   1.1962277271897080e-01	   2.6255290703944156e-01	   1.0996551893114312e-01	   4.1364969625575274e-02	   9.6256275173440001e-02	   9.0092249805329871e-02	   1.3169299873304757e-01	   2.7402601995410081e-01	   9.2498255537731389e-02	   1.4457090982599030e-01	   3.5401747937049549e-01	   4.0413036681958087e-01	   4.2700098593055663e-01	   4.2123183883360044e-01	   6.4035652195334869e-01	   5.9976139340539147e-01	   4.5807983433618943e-01	   4.6050898899545040e-01	   7.4798658948070706e-01	   7.2729280495279780e-01	   6.7505640386114230e-01	   6.8542516152765820e-01	   5.3474423682936523e-01	   5.4686801106442007e-01	  -1.6021721212850415e-01	   2.8121261731537339e-02	   2.8848859177593622e-01	   1.6370481393796299e-01	   4.0857949918582559e-01	   4.4969546257604387e-01	   1.1257465717441079e-01	   2.0332556353759554e-01	  -3.7402345442630811e-02	   5.9997626636994456e-02	  -1.2443081044099995e-01	  -9.0937004777901453e-02	   1.2071580847423925e-02	   1.6908134155361265e-01	   4.8672763078697369e-02	   1.0153683028810731e-01	   5.2101637527816613e-01	   4.7425601603044637e-01	   4.7007984111113699e-01	   2.3702129761521784e-01	   5.3080417754979924e-02	  -1.0074776340547965e-01	
  -5.9805359739786478e-02	  -1.4685515583143671e-01	   3.9219408926604543e-01	   5.3869228907976296e-01	   9.2771470093407249e-01	   8.9620460142915759e-01	   3.9530988915913795e-01	   4.3250107357028411e-01	   0.0000000000000000e+00	   7.8590921376988654e-01	   2.7096755968896609e-02	   1.8418738067199167e-02	   2.9719602178978699e-01	   1.8341454101428184e-01	   3.1062859873944237e-01	   2.5125536685399036e-01	  -2.0984389203757964e-01	  -2.9278289747022829e-01	   1.4036159306037310e-01	   2.8390223005102500e-01	   1.2094121565608888e-01	   2.6105280960730382e-01	   4.3855713430317123e-01	   4.8627886916017427e-01	   5.8647706027154312e-01	   5.8116795636874874e-01	   5.9706817842112581e-01	   6.3972560854521299e-01	  -2.7330938929795667e-01	  -2.1496448790253339e-01	  -5.3046739197499568e-02	  -2.1994703523461417e-02	   1.5285442205877853e-02	   1.5934962654427487e-01	   2.2896117123852522e-01	   3.3503198021103764e-01	  -1.6669597556209931e-01	  -2.1614807432713470e-01	  -1.2912736105223346e-01	  -1.1486083030028135e-01	   4.6950753233583532e-02	  -2.1821540845366333e-01	  -4.2172921869968530e-02	   4.5037116770259102e-02	   1.3710710544390195e-01	   2.4891733490632484e-01	  -5.5891346852152746e-02	   1.2249724196445863e-01	   3.8809478310305073e-01	   2.8173012412396109e-01	   3.4834890933855933e-01	   4.9886252727481911e-01	   2.4666244059213410e-01	   2.3258355354180824e-01	  -9.0679526620833423e-02	   6.7163837510539670e-02	  -2.7516948359957988e-01	  -3.0208689632691432e-01	   9.1798514822367561e-02	   5.4769376208719234e-01	  -1.6045190913759924e-01	   3.7372998764708809e-01	  -2.5474129802519430e-01	  -1.5057991348010916e-01	   2.2018835057067765e-01	   4.7986523210888882e-01	   3.7789578451592593e-01	   4.8407952456107850e-01	   4.3030042065614382e-01	   4.7628523424661229e-01	  -2.6173176384538782e-01	  -1.9430273829384331e-01	  -3.9937049029657423e-01	  -3.9617480004383199e-01	  -3.8742437626008108e-01	  -3.4725003427876067e-01	  -3.1889386349582616e-01	  -1.9701400221325399e-01	  -2.4875155290272261e-01	  -2.5129889092124602e-01	  -8.6275947918961912e-02	  -1.7969110537062946e-01	   8.1065189281455730e-02	   6.7743050031610866e-02	   2.4337902389564944e-02	   1.9825981616386695e-01	  -4.4070138443312729e-02	  -1.8874796622112444e-02	   2.5163799463866032e-01	   3.4659566330695513e-01	   4.6548808508029338e-01	   5.0411352002135279e-01	   4.3697009467958758e-01	   5.1659258460514912e-01	   2.4734563398907916e-01	   4.6143764319355608e-02	   5.9278049552095712e-03	  -1.1285509087559372e-02	  -4.1525382238796565e-02	   1.0924385426287715e-01	   7.1383300231330438e-02	   1.4069564327789053e-01	  -2.1971974071449338e-02	   1.0198015478389211e-01	  -1.3765806970529135e-01	  -3.3494703987686752e-01	  -1.0462032501791121e-01	  -5.4819406357886950e-02	   3.1934096535838633e-02	   1.9134095490882425e-01	   2.4913865572253505e-01	   3.3293019164424575e-01	   2.1259697435569827e-01	   7.8853582027219385e-03	  -2.5724307431027599e-01	  -3.2879981011451054e-01	
  -9.2542383552979349e-02	  -1.8602713393168668e-01	   5.1361957482414466e-01	   7.1810265512840310e-01	   6.6598925999951253e-01	   8.4933396248665582e-01	   3.7545929936179745e-01	   6.5823302884945467e-01	   7.8590921376988654e-01	   0.0000000000000000e+00	   3.2439503764779859e-02	   1.4029209829332479e-01	   1.4215744323696419e-01	   2.3515597747937875e-01	   3.9162232518536777e-01	   3.9680924934326245e-01	  -2.7356282025686296e-01	  -3.2945315007300130e-01	   7.8568367347060020e-02	   2.7258173071969016e-01	  -8.7630371071618311e-03	   1.1448113641126495e-01	   5.3121894269930436e-01	   6.5849079115034792e-01	   7.0024923873131484e-01	   7.5487852408973666e-01	   4.2704197795060639e-01	   4.3870264654208307e-01	  -3.5763829603515551e-01	  -2.9032173789173665e-01	  -6.6066191793303169e-02	   6.5879260930708422e-02	   5.1619497871152553e-02	   2.6498274627058316e-01	   4.2450880555681986e-01	   5.1234757868775549e-01	  -6.4194464916570229e-02	  -1.1990931154221499e-01	  -8.6518503830502538e-02	  -3.9369280006735903e-02	   3.9346830876836374e-02	  -1.9111320984485708e-01	  -1.5348636976398783e-01	  -6.9784553469292077e-02	   1.5766842866735870e-02	   1.7571020588377845e-01	  -1.3711849248665664e-01	   5.8563466247365074e-02	   3.3267752820271967e-01	   1.9902941018985951e-01	   3.7748320385536888e-01	   4.4197135397888171e-01	   2.3069308955046883e-01	   2.2812129429773970e-01	  -2.3153480000583523e-02	   7.3790542781522139e-02	  -2.9855886636880274e-01	  -2.9382576451030185e-01	   1.7353211498935706e-02	   6.5105965149445133e-01	  -2.2296747848052434e-01	   5.8266169938579737e-01	  -3.7241391655115547e-01	  -2.2959085625181386e-01	   3.4203277966697831e-01	   7.2333363407810303e-01	   3.9680381892876671e-01	   5.7943104694371961e-01	   5.1425630074258954e-01	   6.0934309513769369e-01	  -3.9508284060681953e-01	  -2.0263597036061032e-01	  -4.0593396341707255e-01	  -4.3663538342731251e-01	  -4.2321918359310495e-01	  -3.7358549030344801e-01	  -3.6058996606309823e-01	  -1.8585764773523367e-01	  -3.0478577834460169e-01	  -3.1542808091154872e-01	  -2.4485323378209686e-02	  -9.6346680080254057e-02	   2.6419679932511814e-01	   2.4184841538094159e-01	   2.9973575139318287e-01	   3.5572634286074423e-01	   2.1168051857871734e-01	   2.5533875697554448e-01	   5.0730141059577050e-01	   5.3787364516687974e-01	   5.0771384047441837e-01	   5.7223990668727909e-01	   7.3337716110274243e-01	   7.0405072169636540e-01	   2.2600305754092626e-01	   9.6512559406575160e-02	   9.4768373510462925e-02	   5.2207135124829884e-02	  -7.8952266436120910e-02	   2.8972513009039240e-02	   1.1988831073264233e-01	   2.6733986361175997e-02	  -6.9480521722378466e-02	   2.0294546412435336e-02	  -8.0267913577688671e-02	  -1.9825632440913585e-01	   1.6200043709884641e-02	   2.5797393035029226e-01	  -6.0925044952500236e-03	   2.1040041865153217e-01	   3.0522110590297519e-01	   2.7520952839096491e-01	   1.9793725915391783e-01	  -2.2822903338227479e-02	  -2.0751546487548006e-01	  -2.6853363491266641e-01	
   5.8936092784882432e-01	   4.4893935418052794e-01	   5.1782868375830848e-01	   3.5090150497172751e-01	   1.5717535112347575e-01	   2.3832429897398741e-02	   6.5367786216775237e-01	   5.0534551006052564e-01	   2.7096755968896609e-02	   3.2439503764779859e-02	   0.0000000000000000e+00	   6.7477140755927989e-01	   8.0805987990523098e-01	   6.3949188954150193e-01	   6.5641067409335430e-01	   6.1359609522556013e-01	   3.6896196670272086e-01	   2.9323946926213917e-01	   5.2747865552304429e-01	   2.6613689151881104e-01	   4.5786625548517945e-01	   1.5307498404695286e-01	   4.5567561081620134e-01	   2.7828793880778346e-01	  -1.0646408011951441e-01	  -6.0779931822161015e-02	   1.5586891135315281e-01	   1.0488632574190271e-01	   5.9029801962517880e-01	   4.7229005347728831e-01	   5.0522763061482379e-01	   4.4716237059716507e-01	   5.3241624587019432e-01	   4.1864086005773266e-01	   1.5857847830659560e-01	   9.3278352589497987e-02	   4.0327665684444508e-01	   4.3459335059405130e-01	   5.4072426507839733e-01	   3.7936514415828504e-01	   2.2841263421739896e-01	   4.8526996460456101e-01	   4.5841811412919681e-01	   4.7051118498654043e-01	   4.0059917186744598e-01	   3.8708934623756330e-01	   4.6116954904107865e-01	   4.9369878150255914e-01	   4.8650891932705720e-01	   4.3070740982178068e-01	   3.6272798083631463e-01	   3.3594902519308872e-01	   2.3592664577545130e-01	   1.7256518221532374e-01	   4.9913057380051457e-01	   5.1769761182253293e-01	   3.1616396890092124e-01	   3.6202419444560263e-01	   6.6084064963030464e-01	   2.9484190859587822e-01	   7.2129394462564056e-01	   4.1678504896431767e-01	   4.9776475864681058e-01	   4.1127627841962522e-01	   4.5156819818786476e-01	   1.8151324608402256e-01	   5.1053673112175035e-01	   2.9086294579643573e-01	   2.8591452893976421e-01	   1.1057137623626383e-01	   6.1265086973400673e-01	   4.8397547159999638e-01	   5.0014311937400213e-01	   4.0606770768414169e-01	   4.7102330785518048e-01	   3.9248596836300842e-01	   4.4884157218611964e-01	   3.7571216673920671e-01	   3.2121864209412909e-01	   4.0312337163406636e-01	   3.9610276956253776e-01	   5.5038965692176745e-01	   3.2181937094456875e-01	   3.0924313453772306e-01	   6.4066249046022183e-01	   4.6476529714929860e-01	   4.4866063061108080e-01	   4.6552367740799239e-01	   5.7978929032955484e-01	   5.1485249785270981e-01	   4.0474177758756291e-01	   3.6581527275767667e-01	   3.7473753794046334e-03	   1.5855736571079909e-01	  -3.2799017068716618e-01	  -3.7131432560570554e-02	   2.1379336718253281e-01	   1.5262401931900005e-01	   5.3527074818473919e-01	   5.4465644428422955e-01	   9.2923725662340095e-03	   4.3041242860828988e-01	   4.5113642648759555e-02	   1.8118499811567412e-01	   1.0802192945199110e-02	   1.1403829929289749e-01	   4.4903847723091014e-02	   2.0339297651858133e-02	   1.7521859691297265e-01	   1.4153870241782626e-02	   2.1954692966410860e-01	   3.5041490971595335e-01	   4.2566805152843967e-01	   2.7442862596900386e-01	   3.1828834163330733e-01	   1.7877563809767827e-01	
   6.3962236304391451e-01	   5.8855094380510886e-01	   3.5952422187692235e-01	   3.7826181989626650e-01	   6.7539999725478125e-02	   3.6501548207573967e-02	   4.0395376221779661e-01	   6.1301012233108743e-01	   1.8418738067199167e-02	   1.4029209829332479e-01	   6.7477140755927989e-01	   0.0000000000000000e+00	   5.8498560984717130e-01	   8.2836650886794660e-01	   4.4285231451236234e-01	   5.8939378168751688e-01	   4.0785846779715623e-01	   3.6248840139174499e-01	   3.2222595228915379e-01	   2.5769411794137947e-01	   4.1030066208307553e-01	   3.1526087953263354e-01	   2.7849595894685775e-01	   2.6994502678444232e-01	   7.8121338811701385e-02	   8.4568074880622929e-02	   1.5504483768575975e-01	   6.9875949614916513e-02	   4.7708482874458136e-01	   4.1395908897445860e-01	   4.5305121250893021e-01	   4.7035475281883909e-01	   5.6659398071186051e-01	   5.1256325853175233e-01	   2.3467902089030679e-01	   3.0739809610713015e-01	   6.1897849222395773e-01	   6.7925274708050487e-01	   6.6901963457646452e-01	   6.3062856608503470e-01	   4.8804221357685840e-01	   6.3428445030844272e-01	   4.5793882324000312e-01	   5.0571807621157872e-01	   3.8122082661159107e-01	   4.4712531888769919e-01	   5.1410180281229767e-01	   5.3656284940216814e-01	   5.4077226746820839e-01	   5.3752236321978319e-01	   5.4681925856422164e-01	   5.2465466598814425e-01	   5.1386798869358918e-01	   4.2779392048760811e-01	   6.8140154548753207e-01	   6.4893034732728316e-01	   5.0181112510051873e-01	   4.8817328740072868e-01	   6.9661866351233104e-01	   5.6120335811472521e-01	   5.2972121234997804e-01	   4.8417941974450529e-01	   4.3254497265242675e-01	   4.1580261574563637e-01	   1.0152254833908550e-01	   2.3893183129887441e-01	   4.0213699235754263e-01	   3.7317558892988667e-01	   3.4719035486614674e-01	   1.5462111254344468e-01	   4.3565382220265653e-01	   6.0260326473972514e-01	   5.5870250286890377e-01	   5.2981464925390143e-01	   5.3803428929458796e-01	   5.6505990627165370e-01	   5.2753261535055029e-01	   6.5222180841145039e-01	   3.2517709079028756e-01	   3.8513408066114030e-01	   4.8931772231436388e-01	   5.9738186579677677e-01	   2.8073450712240400e-01	   2.9018754996556928e-01	   5.4824683809640862e-01	   5.5408847545969908e-01	   5.0464521759007375e-01	   5.3581788069521663e-01	   6.0929723325003748e-01	   5.8499670545115490e-01	   4.2331398744725901e-01	   3.5677088714300298e-01	   5.7185764036559603e-02	  -4.3260406209323773e-03	  -3.0414309567302733e-01	  -1.4358115199071242e-02	   4.1143255183434901e-01	   2.6017103847767054e-01	   5.6284706197032730e-01	   4.9523394315915792e-01	   1.0736098096086116e-01	   1.7879794531921017e-01	   1.0865093604462303e-01	   1.9131696747498886e-01	   4.6391983194036715e-02	   9.6859145883849362e-02	   1.3741622303035370e-01	   1.7178663713541702e-02	   2.3266797069267744e-01	   9.4282551126066774e-02	   4.5808397953874797e-01	   4.1690501264138968e-01	   4.2923232462171840e-01	   2.8051196443741305e-01	   2.7579701911404086e-01	  -3.3815614047942782e-02	
   5.4732633870581127e-01	   4.1000437110442922e-01	   4.1706526415239042e-01	   3.2417285228133796e-01	   3.8968508647131805e-01	   2.2084110573912014e-01	   6.4976758244087907e-01	   4.8219178466137247e-01	   2.9719602178978699e-01	   1.4215744323696419e-01	   8.0805987990523098e-01	   5.8498560984717130e-01	   0.0000000000000000e+00	   7.1784981253916025e-01	   5.8151014685284574e-01	   5.1185199096998102e-01	   2.6650405978766417e-01	   1.2776488705277395e-01	   3.8661621848010796e-01	   2.5839440985448431e-01	   4.5808692566455095e-01	   2.6358940503269995e-01	   3.4992397619391319e-01	   2.0745924070185551e-01	   2.7995738677934662e-02	   2.4311754603207159e-02	   2.8281323083466203e-01	   2.6158241535394811e-01	   4.8643762878009494e-01	   3.6621966080627849e-01	   3.6335570080162416e-01	   2.9365459049882214e-01	   4.1483775242065296e-01	   3.2836089220173070e-01	   1.0726777916930166e-01	   1.0810756098454230e-01	   3.3014784755339632e-01	   3.1569141063258799e-01	   4.6021384981833302e-01	   2.9802435671529454e-01	   3.2206593108941539e-01	   4.0547791092687135e-01	   4.5321515416572422e-01	   4.6617854890234306e-01	   4.4695962574982745e-01	   4.4427353238636424e-01	   4.2646432031685877e-01	   4.6471905707980771e-01	   6.3202799952039901e-01	   5.1977131996172432e-01	   4.6125118549821442e-01	   4.8762054555551082e-01	   3.0470213373118987e-01	   1.9002019234489542e-01	   4.8161435323252072e-01	   4.7482252242914069e-01	   2.4083998492211078e-01	   2.4669719217104091e-01	   6.9222617975617939e-01	   3.9753783806104992e-01	   5.9330571658503073e-01	   3.0195945120362844e-01	   4.1990756706138149e-01	   2.9822205910100225e-01	   2.7304359841556436e-01	   1.6074618737810592e-01	   5.3774649692494592e-01	   3.4963336196332273e-01	   3.4625954722309132e-01	   1.6961206748514929e-01	   4.0701373592853801e-01	   3.0408823037936294e-01	   3.5571644909500183e-01	   2.8704746925343322e-01	   3.0217097216113875e-01	   2.6654816442933194e-01	   2.2706744196410136e-01	   1.8806588651511960e-01	   1.6100809721628676e-01	   2.4807485230311799e-01	   2.6003859842446320e-01	   3.5951178104270343e-01	   1.7816537279594069e-01	   2.0606551871376366e-01	   4.1614611747896507e-01	   4.3898844831999151e-01	   2.6802089310283372e-01	   3.1434042339520002e-01	   4.6185832880402822e-01	   4.3503166626932466e-01	   4.6255744704836810e-01	   3.7584666194000493e-01	   1.0618998331312907e-02	   1.5460543520343489e-01	  -1.0873874726446292e-01	   1.1387034808036926e-01	   2.0214274581298952e-01	   1.2031932610793253e-01	   4.9961228394089896e-01	   5.2576878869274879e-01	   5.5241212424589167e-02	   4.8014187658576213e-01	   1.0385853966914657e-01	   3.3149000411875013e-01	   2.6727500903094947e-02	   3.8693249747607614e-02	   9.8943459437412867e-02	   5.1919360467589645e-02	   1.1722870183913989e-01	   4.2543573173186758e-02	   2.6674015605589507e-01	   4.3826861346538348e-01	   4.8557690283593791e-01	   3.0782503153537022e-01	   2.2762556537574924e-01	   1.3336365153449237e-01	
